baseMean	baseMeanA	baseMeanB	foldChange	log2FoldChange	pvalue	padj	dispersion
AT1G02790.1	13946.943776785	27830.8933894577	62.994164112358	0.00226346180235163	-8.78725332445268	2.44747282855476e-10	2.77910539682393e-07	0.0677261734508423
AT1G02930.1	2366.00754947845	231.120200776648	4500.89489818024	19.4742600735704	4.28349660887546	0.000426394831148714	0.0430374516239435	0.488425947739508
AT1G03170.1	573.035316294996	1132.5205201175	13.5501124724888	0.0119645624355512	-6.38508855375109	4.80058777234568e-07	0.000153912491731723	0.0778647906293408
AT1G03390.1	209.508044751312	411.789405915098	7.22668358752506	0.0175494645654265	-5.83242917523279	5.95894740528796e-06	0.00122100176457825	0.209165006871716
AT1G04890.1	125.243632730347	250.487265460694	0	0	-Inf	1.60878060359538e-08	8.43124788638102e-06	0.10656818381956
AT1G05040.1	29.2571425015628	57.4483410993778	1.06594390374788	0.0185548247930074	-5.75206181156078	0.000340891636118898	0.0361477776946	0.337818302506196
AT1G06280.1	421.138831001734	841.744690051594	0.53297195187394	0.000633175306209857	-10.6251073879772	1.99248905971806e-10	2.57946121115281e-07	0.357598348244759
AT1G07340.1	658.339522560765	1315.23370840403	1.44533671750501	0.00109892006893502	-9.8296978304448	2.14057617768635e-10	2.57946121115281e-07	-0.00126097470256964
AT1G07795.1	93.6284901057403	186.724008259607	0.53297195187394	0.00285433007164744	-8.45263210850481	3.62433049653127e-07	0.000121049208418956	0.079907939363524
AT1G09380.1.DE	310.844649235752	621.15632651963	0.53297195187394	0.000858031914220706	-10.1866810702493	1.07692268939025e-09	9.46719262298811e-07	0.245763005214492
AT1G10640.1	2112.47249971561	4116.89289917839	108.052100252828	0.0262460313879898	-5.25175689765178	1.50301468436407e-05	0.00267713439073789	0.0585822905193654
AT1G11040.1	32.9017841021673	65.8035682043347	0	0	-Inf	1.78172113521795e-05	0.00311252976775382	0.0372058813956535
AT1G11510.1	35.7839737546311	71.5679475092622	0	0	-Inf	1.1719650842495e-05	0.00220264775696328	-0.00419433117193308
AT1G13340.1	214.145895811457	17.4224599760947	410.86933164682	23.5827393037822	4.55965940228255	0.000150149881068266	0.0178684915234603	0.00213285880080243
AT1G16630.1.DE	516.165727145514	1015.2945719572	17.0368823338265	0.0167802358097751	-5.89709319990862	2.924312007479e-06	0.000699064480945769	0.000983017946658719
AT1G16705.2	461.50717804401	917.689191600816	5.32516448720452	0.00580279743506111	-7.42903571671059	5.37673098232885e-08	2.2894792614129e-05	0.0141075700963274
AT1G18520.1	210.220040431219	419.983898479622	0.456182382815537	0.00108619017173505	-9.84650757028591	6.30794084680349e-09	4.09295247516878e-06	0.0277873073060043
AT1G19090.1	29.906345842435	59.8126916848699	0	0	-Inf	2.97596814045407e-05	0.00466829434632685	-0.0183610708250188
AT1G22130.1	216.267757692797	429.568052381525	2.96746300406843	0.00690801605849601	-7.17751284807701	2.48957071185135e-07	8.81114039472375e-05	0.201338617549415
AT1G22350.1.DE	444.710064379914	42.0669265554953	847.353202204333	20.1429786197119	4.33220513087092	0.000172462164039017	0.0201714115639111	0.0558752861795216
AT1G23250.1	263.392894351293	525.719844798839	1.06594390374788	0.00202758924604749	-8.94601886738528	7.26663731912995e-09	4.60035976411941e-06	0.109586636247018
AT1G23600.1	463.202631003888	925.94907962496	0.456182382815537	0.000492664653870929	-10.9871064100596	1.4516052768602e-10	2.0820603686839e-07	0.00111757207745514
AT1G23690.1	240.303987185396	480.607974370792	0	0	-Inf	6.66744711661528e-10	6.98851033930768e-07	0.0153958152600082
AT1G25510.1	1613.89349453253	3205.50173181309	22.2852572519727	0.00695219005212257	-7.16831676299496	5.11883218795994e-08	2.21426055216324e-05	0.00708140413963734
AT1G26610.1	255.793301257287	502.300265657077	9.2863368574973	0.0184876208364125	-5.75729661286156	4.42106325597293e-06	0.000979535088225806	0.431423233452826
AT1G26720.1	1042.98429113534	2085.51239988785	0.456182382815537	0.000218738753526504	-12.1585035369983	3.20776156407665e-12	1.41957993917932e-08	0.000191099135469728
AT1G27040.1	102.335800623181	203.75923648073	0.912364765631073	0.00447766089719008	-7.8030390107071	7.70529278232924e-07	0.000228244172721779	0.0743905801524113
AT1G27045.1	903.289393381424	1770.73430697532	35.8444797875312	0.0202427205743583	-5.62645299186846	3.58045845833348e-06	0.000824974711590499	0.17103359947882
AT1G27260.1	23.3322347963776	46.6644695927552	0	0	-Inf	0.000337350537694755	0.0360528504049312	0.793791890921452
AT1G28306.1	254.196487070719	507.936791758623	0.456182382815537	0.000898108564327665	-10.1208225295159	2.38591259818738e-09	1.83548093461486e-06	0.135855089867025
AT1G29010.1	36.8852309554366	73.7704619108732	0	0	-Inf	1.08343882895392e-05	0.00207928696948255	0.0808326126025855
AT1G29140.1	1966.28771333406	3924.9647952353	7.61063143281708	0.00193903176967498	-9.0104478434778	2.17700014151308e-10	2.57946121115281e-07	0.0449355122989859
AT1G32300.1	41.5481694523174	83.0963389046349	0	0	-Inf	5.19088975106185e-06	0.00111387501965305	0.103413973801392
AT1G33500.1	20.2558784447046	40.5117568894092	0	0	-Inf	0.0001940616649036	0.0222208760166088	0.361740999761407
AT1G35350.1	659.082391968556	77.4945302125535	1240.67025372456	16.0097783717331	4.00088143121032	0.000422531417725915	0.0428060453377942	0.00425017216197285
AT1G44740.1	67.2785172839148	131.056599611887	3.50043495594237	0.0267093375404871	-5.22651199586483	0.000111871401629135	0.0143807520622508	0.0541092114380527
AT1G47880.1	20.5870996531353	0	41.1741993062706	Inf	Inf	0.000225135533783263	0.0252485331961378	0.670274819670511
AT1G49290.1.DE	140.947700963715	278.01557415773	3.8798277696995	0.0139554331855463	-6.16302928250153	5.47207974336619e-06	0.00115600866020322	0.103207846782542
AT1G51055.1	22.9923053673306	45.9846107346611	0	0	-Inf	0.000105236282368133	0.0137181012568848	0.274006184707235
AT1G51420.1	119.0665694823	229.081725845813	9.05141311878721	0.0395117204803993	-4.66157552203421	0.000191102589315507	0.0219743787511654	0.091774073900416
AT1G51490.1	18.2805956865958	36.5611913731917	0	0	-Inf	0.000339343334869554	0.0361241584447855	-0.0368733693158013
AT1G51538.1	57.1173992647963	111.72351790834	2.51128062125289	0.0224776364750097	-5.47536584572163	9.7955472979261e-05	0.0129586531535477	0.071608001569966
AT1G52690.1	88.3363110614702	173.479345443232	3.19327667970876	0.0184072442258188	-5.76358253480538	3.07973899054615e-05	0.00479594554116364	0.0229382978271075
AT1G53140.1	437.559448300164	851.690905875549	23.4279907247789	0.0275076210901826	-5.18402481165447	2.0762588167954e-05	0.00351442268790734	0.0220579212769025
AT1G54385.1	588.984546160819	1129.44196047893	48.5271318427032	0.0429655825980872	-4.54067473222146	0.000105709719064502	0.0137181012568848	0.179267522276011
AT1G56030.1	35.702688448208	71.4053768964161	0	0	-Inf	0.00014857364849064	0.0177584608274865	0.819587716953533
AT1G57630.1	68.2035973045149	2.81734501456655	133.589849594463	47.4169293798814	5.56733033485085	7.2524979835406e-05	0.00993191331896726	0.0772466237515426
AT1G60340.1	23.4456670108874	46.8913340217749	0	0	-Inf	9.51252343863315e-05	0.0126456238414454	0.306915350089187
AT1G60410.1	62.3061807244328	124.612361448866	0	0	-Inf	6.3015722624202e-07	0.000190811608106084	0.0229956471631215
AT1G61810.3	39.5610443490533	77.7535415496599	1.36854714844661	0.017601090846422	-5.82819134557382	0.000190456852892578	0.0219743787511654	0.00757656202330661
AT1G62940.1	3638.99839166472	7275.48550270818	2.51128062125289	0.000345170177346668	-11.5004045582907	3.13017268208792e-13	4.265173296613e-09	0.225286581919634
AT1G63060.1	352.91054077844	704.375744839375	1.44533671750501	0.00205193993134248	-8.92879578667168	3.7243930953621e-09	2.55932592789251e-06	0.134370091072236
AT1G63206.1	18.2643386253112	36.5286772506224	0	0	-Inf	0.000327761952565474	0.0353050147482779	0.1325630117696
AT1G65342.1	19.6244235559819	39.2488471119638	0	0	-Inf	0.000229214157065847	0.0256005910178626	0.242128325162088
AT1G66140.1	396.976064931688	26.4900600617149	767.462069801661	28.9716998758657	4.85657243018724	4.73906443803342e-05	0.00690636278423993	0.06423217074801
AT1G66534.1	17.4385334301381	34.8770668602761	0	0	-Inf	0.000401796241584056	0.0411644781039425	0.242911212097701
AT1G67110.1	46.569255630883	92.6823288789505	0.456182382815537	0.0049219995692096	-7.66653975313566	1.3945759728851e-05	0.00254807900906248	-0.0194399295253572
AT1G68090.1	76.5874397109572	153.174879421914	0	0	-Inf	2.1539383810066e-07	7.82655050122559e-05	0.00415744990470444
AT1G68120.1	62.3367806654533	121.859677464955	2.81388386595162	0.0230911809754367	-5.43651422957582	0.000104613376372472	0.0137181012568848	0.0431316838530164
AT1G69940.1.DE	7382.4787127475	14750.4995032884	14.457922206585	0.000980164922778501	-9.99468786169283	7.97699808957817e-12	2.17681639908009e-08	0.000786074741062462
AT1G70830.1	10306.8511110967	19798.8134335417	814.888788651734	0.0411584659548945	-4.60266697820635	7.60666476853823e-05	0.0103132750384181	0.0125425457208244
AT1G70890.1	737.537896162861	66.1276077865796	1408.94818453914	21.306504676328	4.41322203386764	0.000140556520820602	0.0170926902548465	-0.000658071195863873
AT1G71770.1	1309.62438195118	2612.24789399047	7.00086991188474	0.00268001743938252	-8.54354189605784	1.2115226897764e-09	1.01262579247998e-06	0.173523773596006
AT1G72620.1	22.4917665167904	44.5273506507652	0.456182382815537	0.0102449927100636	-6.6089372319906	0.000465693458403283	0.0461493750123865	0.26974628464212
AT1G73550.1	31.4162410045902	61.4639348607338	1.36854714844661	0.0222658564172224	-5.48902308618534	0.000504639538186976	0.0496477859013411	0.277671973557404
AT1G74490.1	86.7324032547968	170.953525888341	2.51128062125289	0.0146898439690162	-6.08903711766012	1.33201711357383e-05	0.0024527115121023	0.00554093629943503
AT1G75530.1	19.0738867591998	38.1477735183995	0	0	-Inf	0.000260311865124492	0.0288374753998888	0.325435793211094
AT1G75880.1	3125.00307316286	6060.20109791965	189.805048406077	0.0313199257482121	-4.99677539741439	2.19302633144991e-05	0.00366652475979589	0.239392978084402
AT1G75930.1	5747.99740719048	11489.5269164209	6.4678979600108	0.000562938579374126	-10.7947348570064	1.08753418919733e-12	9.87916057466851e-09	-0.000158426081659125
AT1G77730.1	30.1728318183719	59.8126916848699	0.53297195187394	0.00891068328243718	-6.81024822099708	0.000120949119115047	0.0150846014692955	-0.0180178542646902
AT1G77980.1	177.69694775711	354.860923562346	0.53297195187394	0.00150191784016	-9.37897838980971	1.49443288710248e-08	7.98554608614055e-06	-0.00408174919953453
AT1G80160.1	238.480519531378	453.149100492685	23.811938570071	0.0525476902506956	-4.25022883828187	0.000355563948353607	0.037412466102442	0.342296272534538
AT1G80370.1	234.601012934521	460.530005564012	8.67202030503008	0.0188305217906691	-5.73078321242583	7.69617421764821e-06	0.00153092072831642	0.0140469568143254
AT1G80470.1	255.315436179308	505.38249744047	5.24837491814611	0.0103849558398376	-6.58936110838107	9.28143751047145e-07	0.000260760551582853	0.0796734469786628
AT1G80540.1	95.2588808090483	190.061579235281	0.456182382815537	0.0024001820075946	-8.70264047403746	3.9471610037659e-07	0.000129600038162203	0.356201181398072
AT2G02850.1	1331.40934391818	2599.68916471202	63.1295231243353	0.0242834889575456	-5.36388047245895	8.97238883616261e-06	0.00175910460836765	0.172800173848671
AT2G03090.1	1655.6252941862	3280.44233492198	30.8082534504208	0.00939149367829189	-6.73442965384485	1.70091549993643e-07	6.43796516725939e-05	0.000429795521086196
AT2G03200.1	676.38076110521	1327.89274979967	24.8687724107491	0.018727997735134	-5.73865952468414	4.05970492863566e-06	0.000914339493513875	0.0282522367060045
AT2G03850.1	2519.03911182073	5031.23093286768	6.84729077376793	0.00136095736115717	-9.5211624167994	5.66674606712951e-11	9.21649973820744e-08	0.00652968767361244
AT2G04675.1	34.0189311497749	68.0378622995499	0	0	-Inf	1.44771127237462e-05	0.00261278328442073	0.199931919866166
AT2G06200.1	156.695571930984	308.291793050404	5.09935081156419	0.0165406635094256	-5.9178390820758	5.88542647758274e-06	0.00121507304823549	0.148667702635471
AT2G12480.2	897.988936729424	1791.3347050301	4.64316842874865	0.00259201611832259	-8.5917095950847	1.22620912783794e-09	1.01262579247998e-06	0.0448899345524757
AT2G16535.1	164.73486690365	329.4697338073	0	0	-Inf	3.75653299265009e-09	2.55932592789251e-06	0.399059622885186
AT2G16570.1	192.08273762276	373.966773622391	10.1987016231284	0.0272716785086003	-5.19645269225308	2.6937981579865e-05	0.00434386907700876	0.020517271993358
AT2G16580.1	115.519401674829	227.235765149016	3.8030382006411	0.016736089929097	-5.90089368093134	1.23570535186399e-05	0.0023065371403423	0.118500191081606
AT2G17000.1	33.0965016231003	66.1930032462005	0	0	-Inf	2.43267697940014e-05	0.00401789776015834	0.601216943821179
AT2G17040.1	1368.11348629337	56.1211375057588	2680.10583508099	47.7557290211014	5.57760191148167	5.02063519808639e-06	0.00108589166998611	0.327848078399756
AT2G18690.1	337.888893603304	14.5079398083029	661.269847398305	45.5798587625694	5.51032454904616	9.39786650853872e-06	0.00181638764603331	0.00309982620817667
AT2G19330.1	231.963714595946	449.162348709073	14.7650804828186	0.0328724803520477	-4.92697587249268	4.70465020140284e-05	0.00689307135960378	-0.00208042851559125
AT2G19500.1	188.571805028816	377.143610057632	0	0	-Inf	2.424677588659e-09	1.83548093461486e-06	0.305508894748755
AT2G19920.1	188.588943202776	373.67745144961	3.50043495594237	0.00936753058650743	-6.73811550146659	8.95656576908977e-07	0.000254254510770036	0.0927548189354268
AT2G22805.1	94.6247303000075	189.249460600015	0	0	-Inf	6.63814489361703e-08	2.78311884062848e-05	0.250144891192238
AT2G23800.1	3018.08652578795	6031.45764860963	4.71540296627217	0.000781801554614111	-10.3209099261171	7.9877308053724e-12	2.17681639908009e-08	0.0578592844705364
AT2G25060.1	1295.56490943885	2549.21960910159	41.9102097761105	0.0164404077335968	-5.92661011046658	1.97154159453372e-06	0.00049748566235401	0.0123394319518516
AT2G25880.1	480.613231883845	942.360296871066	18.8661668966236	0.0200201207110117	-5.6424055168669	4.98887870682783e-06	0.00108589166998611	0.341577132178531
AT2G27740.1	302.871016966879	571.668269266106	34.0737646676531	0.0596040859699913	-4.06844495629217	0.000477465655011807	0.0471445435883397	0.0765914118202254
AT2G28056.1	119.388622894313	8.48454916626889	230.292696622356	27.1425967496195	4.76248684580575	0.000201248388968275	0.0229473686031943	0.50125579496401
AT2G28180.1	132.073672657875	262.245826215429	1.90151910032055	0.00725090319934586	-7.10762357090582	1.81846475986509e-06	0.000467516996564562	0.504470857760331
AT2G28550.3	2185.08191363897	90.4476675692528	4279.71615970868	47.3170428240379	5.56428800718703	4.66411571600247e-06	0.0010250522701008	0.000269346619320742
AT2G28610.1	35.9458099385123	71.8916198770247	0	0	-Inf	1.10990962885346e-05	0.00210050397260517	0.0919236013198627
AT2G29780.1	39.4917849950268	78.9835699900537	0	0	-Inf	6.71574567688975e-06	0.00135568519397481	0.143505190181693
AT2G30370.1	247.973436878604	488.41303189345	7.53384186375868	0.0154251450551021	-6.01857213350911	3.14121409975418e-06	0.000744385796926094	0.0502297270339616
AT2G31035.1	39.5415993340275	78.6270162852395	0.456182382815537	0.00580185290461257	-7.42927056556122	2.80842623463046e-05	0.00447574454655843	0.55746826882201
AT2G31220.1	539.954391106382	1064.61528480961	15.2934974031577	0.0143652806993962	-6.12127000618585	1.32424999872305e-06	0.000350373407429133	-0.00104182549389709
AT2G31770.1	49.6630958062287	98.4138268468263	0.912364765631073	0.00927069696264428	-6.75310648122086	2.64242802652443e-05	0.0042863957487407	0.0819143504711825
AT2G33190.1.DE	31.3959364416588	62.7918728833177	0	0	-Inf	2.2617617008663e-05	0.00375838596780539	0.047525138583891
AT2G33400.1	342.941250677624	650.358844938554	35.523656416693	0.0546216241897183	-4.19438397608138	0.000299531758200007	0.0327824878492634	0.229010501432305
AT2G33670.1	158.827604096444	317.199025810072	0.456182382815537	0.00143815820887383	-9.44156189219313	2.66824347307845e-08	1.32209038415152e-05	-0.0024434392338176
AT2G33690.1	145.856432094348	291.712864188697	0	0	-Inf	7.93398315402951e-09	4.60035976411941e-06	-0.00629686419299713
AT2G34370.1	22.7009635148961	45.4019270297922	0	0	-Inf	0.000118676918877957	0.0150754320941319	-0.0192893615355826
AT2G36890.1	168.961932012623	324.387416647362	13.5364473778842	0.0417292616273075	-4.58279679651696	0.000188941473851777	0.0219107789166325	0.0169460231935323
AT2G37210.2	81.4962394161656	160.557987780137	2.43449105219449	0.0151626903516517	-6.0433304327943	1.73867298648146e-05	0.00305692362758663	0.0913531456701481
AT2G38530.1	1316.1254167891	2485.80262359981	146.448209978392	0.0589138528489898	-4.08524928429804	0.000389051857320915	0.0402723967101463	0.0464648237028685
AT2G39350.1	644.673337132006	1241.28027983566	48.0663944283528	0.0387232401973845	-4.69065651347636	0.000345279014316131	0.0364710996052063	0.541216070979826
AT2G39590.1	40.9782346503139	79.5987678174918	2.35770148313609	0.0296198238714191	-5.0772931278308	0.000453410407091227	0.0453184838592612	0.218247313731262
AT2G40990.1	91.4847335398905	181.447340793218	1.52212628656342	0.0083888045970212	-6.8973190431056	3.30888088686437e-06	0.000770714717340408	0.298453858053302
AT2G42180.1	35.2082138668691	69.8834557818642	0.53297195187394	0.00762658265695346	-7.0347475301275	7.06253984198486e-05	0.00972062301887734	0.606306688961171
AT2G42410.1	113.342797783358	226.685595566716	0	0	-Inf	2.74553033780195e-08	1.33609272796034e-05	0.0450100467645531
AT2G43010.1	2374.60546887483	233.165652782649	4516.04528496701	19.368398522988	4.27563276444752	0.000152715523017795	0.0180947975360042	0.0278466227413728
AT2G43470.1	32.3512473053852	64.7024946107704	0	0	-Inf	1.93251484209574e-05	0.00329155590479957	0.0581507469738343
AT2G43610.1	333.668204688368	660.565908172027	6.77050120470953	0.0102495468218235	-6.60829606661585	6.22665583017061e-07	0.000190661600768325	0.0777030589438262
AT2G44010.1	17.7623894051417	35.5247788102834	0	0	-Inf	0.000373060851693543	0.0388040241616505	0.146643343099489
AT2G46720.1	1261.95132711366	2382.19588547034	141.70676875698	0.0594857751292779	-4.0713114726817	0.000323156113020958	0.0349531734912633	0.254802517328791
AT2G47030.1	3817.28668982553	7598.66122035753	35.9121592935199	0.00472611664766785	-7.72512904702719	7.86001233371046e-09	4.60035976411941e-06	0.212161921341176
AT2G48150.1	124.683980859772	237.728478410445	11.6394833090985	0.0489612493502045	-4.35221581784817	0.000364602829504203	0.0380695644047837	0.0331946957109191
AT3G01270.1	8391.58112082436	16734.7750238495	48.3872177991911	0.00289141728707031	-8.43400745220704	8.05664965885605e-10	7.61414757930596e-07	0.0108285466027661
AT3G01620.1	165.312019865952	315.935748818145	14.6882909137602	0.0464913862033857	-4.42689274737804	0.000216268633160372	0.0243543503755638	-0.00451309523409274
AT3G03450.1	2948.36643118972	5668.77053705101	227.96232532843	0.0402137154500206	-4.63616855312197	5.74134158669206e-05	0.00817792292166985	0.162505706468238
AT3G05820.1	416.31125964213	808.657001576073	23.9655177081878	0.0296361963866991	-5.07649589078722	2.82667893702437e-05	0.00447864269719699	0.0601870166202833
AT3G07195.1	168.937554037946	8.58172431949412	329.293383756398	38.3714707554028	5.26196215852134	2.98063707713515e-05	0.00466829434632685	-0.00580316343343575
AT3G07620.1	110.357287687232	219.26923865696	1.44533671750501	0.00659160731508809	-7.24515398592882	1.07524893660523e-06	0.000295986707276423	0.16776735752075
AT3G08770.2.DE	19562.1851339566	39040.9923656491	83.3779022640101	0.00213565017720634	-8.87110893395761	1.80641172206338e-10	2.46141661248356e-07	0.257490162979618
AT3G10890.1	140.98251901525	281.9650380305	0	0	-Inf	9.256521514946e-09	5.14813723112874e-06	-0.0020374043054771
AT3G11740.1	46.2996842872107	92.0663966225474	0.53297195187394	0.00578899545790861	-7.43247126004473	1.30534398444479e-05	0.00241994790912173	0.267859729217469
AT3G12850.1	37.1601321393452	74.3202642786903	0	0	-Inf	9.12008877027824e-06	0.00177529042262588	0.212151460970894
AT3G13175.1	327.055589062961	627.404011089306	26.7071670366159	0.0425677339713633	-4.55409589728936	0.000119883159967857	0.0150846014692955	0.0255430867665491
AT3G15550.1	633.982897952979	1226.88660629489	41.0791896110727	0.033482466431946	-4.90045038416617	3.73248018854119e-05	0.00558887637901783	0.0685655440203113
AT3G15720.1.DE	105.786366632086	206.477937484142	5.09479578002931	0.0246747707871724	-5.34081950674434	5.1551674344789e-05	0.00747279909172441	0.0996919799089344
AT3G16530.1	833.309126790537	17.4871210067507	1649.13113257432	94.305468117805	6.55926952005843	3.64231435870923e-07	0.000121049208418956	0.0162263627556743
AT3G16660.1.DE	777.544816953391	4.56613055813811	1550.52350334864	339.570558398769	8.40756756888537	2.74979172272784e-09	1.98327156901192e-06	-0.00122120549907435
AT3G17060.1.DE	604.4445415691	1200.37064197129	8.51844116691327	0.00709650908566376	-7.13867477600706	9.95069071398861e-08	3.87394604768025e-05	0.0245779798615438
AT3G17320.1	34.6019820691263	69.2039641382526	0	0	-Inf	1.40250936209956e-05	0.00254807900906248	-0.0137801314102621
AT3G18660.2	330.297680218359	626.142202955308	34.4531574814102	0.0550244933479901	-4.18378223357806	0.000390133301463328	0.0402723967101463	0.0990009289301982
AT3G19390.1	1402.2318546394	2796.4014504947	8.06225878409774	0.00288308346524119	-8.43817168121583	1.68465177595649e-09	1.35029794701077e-06	-0.000660902047790591
AT3G20150.1	698.654552471122	1353.18566275804	44.1234421841995	0.0326070866685564	-4.93867064278784	3.34554800017733e-05	0.00512207157869846	0.00733784487265115
AT3G20865.1	2202.71954783222	4386.41934962969	19.0197460347404	0.00433605283004828	-7.84940195020638	5.44081650624998e-09	3.61641783971523e-06	0.205451038812366
AT3G21970.1	569.578394161739	1138.70060594066	0.456182382815537	0.000400616615496302	-11.2854901216614	4.69808216093064e-11	8.53547566997879e-08	0.44349638355808
AT3G23380.1	40.1174618077954	78.7895868980857	1.44533671750501	0.0183442606365554	-5.76852743168436	0.000171521476633334	0.0201478589707398	-0.0198253180188269
AT3G23890.1	2199.38534451046	4337.99431234819	60.7763766727341	0.0140102481231321	-6.15737368348191	9.90026415195709e-07	0.00027530816190728	0.319223202143252
AT3G24640.1	49.8514844294837	97.3452673758314	2.35770148313609	0.0242199908294818	-5.36765787099614	0.000188733224935168	0.0219107789166325	0.0335417312070737
AT3G25260.1	121.66255342905	240.967405374964	2.35770148313609	0.00978431700946157	-6.6753131370755	2.60078687878944e-06	0.000644333127461543	-0.00779854877235575
AT3G26050.1.DE	246.350722105875	478.695149356445	14.0062948553044	0.0292593206221838	-5.09495991812421	2.62582459715622e-05	0.00428496837854499	0.0530177062255494
AT3G27660.1	164.852828450504	314.642528205025	15.0631286959825	0.0478737848373986	-4.38462032166785	0.000310247792718482	0.0338194913886563	0.267231452842887
AT3G28490.1	48.5855703055384	95.7258038935718	1.44533671750501	0.0150987159022654	-6.04943033162892	6.31780351100438e-05	0.00882937339907136	0.204721840148958
AT3G28790.1	15644.3812394858	31258.4735323785	30.2889465931515	0.000968983548149825	-10.0112402084438	6.15489731159754e-12	2.0966657691957e-08	0.0650621846456774
AT3G28820.1	1649.128229986	3296.81112325449	1.44533671750501	0.000438404465245262	-11.155449887012	2.8648625879096e-12	1.41957993917932e-08	0.16810019438286
AT3G28917.1	702.616335570696	1404.77648875858	0.456182382815537	0.000324736629966431	-11.5884422511918	2.07006258442025e-11	4.70111212921838e-08	0.0124608755648574
AT3G42850.1	862.967555408239	1714.82404442772	11.1110663887594	0.0064794206874254	-7.2699194543824	4.44560157186126e-08	1.9540570005865e-05	0.13350921841256
AT3G44860.1.DE	2831.36319383806	263.021391368818	5399.70499630729	20.5295279148441	4.35962854733417	0.000141834123208402	0.0171029359543158	0.0647562806715644
AT3G47340.1	3975.41937517931	7852.52461431456	98.3141360440505	0.0125200672233273	-6.31961388129808	0.000139460129831968	0.0170429033999138	0.740932570387407
AT3G49270.3	83.0804490578327	166.160898115665	0	0	-Inf	1.42750292854782e-07	5.47919856461761e-05	-0.00931208369578748
AT3G50330.1	44.1549070991489	88.3098141982979	0	0	-Inf	3.60237746511336e-06	0.000824974711590499	0.372426510555988
AT3G50580.1	175.278554635828	350.557109271656	0	0	-Inf	1.9368077081726e-08	9.7744229005777e-06	0.531024351521133
AT3G52910.1	366.970638180221	702.821309602253	31.1199667581893	0.0442786328943284	-4.49724551027089	0.000120237323164278	0.0150846014692955	0.125453757853438
AT3G54240.1	126.381326436428	251.850288107225	0.912364765631073	0.00362264729767804	-8.10873993337282	2.86323251867936e-07	0.000100036939229551	0.388594888678526
AT3G54560.1	1718.83478721113	3379.34590892786	58.3236654944001	0.0172588622373091	-5.85651882946965	2.22512389748917e-06	0.000556321802333714	0.451833254019629
AT3G56600.1	252.474645657873	498.711762062911	6.23752925283559	0.0125072832191368	-6.32108774255197	1.77075930520777e-06	0.000459587929385924	0.115017868873465
AT3G60020.1	32.318733182816	64.637466365632	0	0	-Inf	1.84310039563238e-05	0.00316919913934107	0.375229965124509
AT3G62230.1	1591.73498623356	3162.24610408735	21.2238683797597	0.00671164345884617	-7.21911820681893	4.36317012114668e-08	1.94926413346704e-05	0.0219243452261189
AT4G01575.1	139.159098787488	271.245093125568	7.07310444940826	0.0260764328228194	-5.26110966302839	4.06672268000113e-05	0.0060231699171408	0.116731632245963
AT4G02800.1	854.394862900965	1684.52615988058	24.2635659213516	0.0144037928880082	-6.11740742948211	1.12296273706554e-06	0.0003060298051051	0.320356932290988
AT4G03100.1	460.739391697155	890.679640006958	30.799143387351	0.0345793728787945	-4.85394448484477	5.37580803656564e-05	0.00775140320700989	0.0702199385441793
AT4G03220.1	64.7040075664056	127.429706463432	1.97830866937895	0.0155247055359627	-6.00929028531191	3.11017538784447e-05	0.00481582384486009	0.0315482652808659
AT4G04080.1	62.6857317003971	124.83849144892	0.53297195187394	0.00426929183209502	-7.87178750171436	2.72537588011756e-06	0.00066314235254432	0.307633896454064
AT4G09644.1	64.0544154462806	128.108830892561	0	0	-Inf	6.87838651377414e-06	0.00137830727406892	0.675174950874229
AT4G09960.3	566.14370652114	1132.28741304228	0	0	-Inf	8.72081686960602e-10	7.92199004435011e-07	0.577544088631123
AT4G10115.1	109.553701236539	219.107402473079	0	0	-Inf	3.17334349421353e-08	1.51719222639135e-05	0.144500334171769
AT4G10240.1	40.5767851345477	81.1535702690954	0	0	-Inf	6.13263662889302e-06	0.00124721353291487	-0.0144565394215927
AT4G10290.1	172.867930488964	342.845187542917	2.89067343501003	0.00843142485308525	-6.89000782730532	7.42698765057482e-07	0.000222417876322489	0.132495308691685
AT4G10640.1	67.2636705922595	130.570723845761	3.95661733875791	0.0303024845250282	-5.04442010350261	0.00016209635208801	0.0191231592515258	0.0987511286949527
AT4G10850.1	736.404788634927	1472.80957726985	0	0	-Inf	2.90755552005298e-12	1.41957993917932e-08	0.0317106972642112
AT4G11030.1	356.101076771961	702.694558042319	9.50759550160275	0.0135301965737298	-6.20767339008444	1.60777840934804e-06	0.000421299780880316	-0.000997379029020177
AT4G11320.1.DE	4239.2570055713	8365.48880902712	113.025202115485	0.0135108903610654	-6.20973343908092	8.11075940529078e-07	0.000235142995013813	0.294143622950909
AT4G11521.1	128.681809049247	3.56223211779911	253.801385980694	71.2478517928536	6.15477461074307	5.51524372045492e-06	0.00115616478361414	0.0258125479411196
AT4G12310.1	710.165578749782	41.2573784216067	1379.07377907796	33.4261126576023	5.06290367910691	1.84904837500085e-05	0.00316919913934107	0.0479459607675473
AT4G12530.1	37.0013003019638	73.0902358382966	0.912364765631073	0.0124827174952557	-6.32392414578701	0.000122519477685575	0.0151768218449422	-0.00743050435090886
AT4G12870.1	946.935540142611	1890.90361728115	2.96746300406843	0.0015693359391502	-9.31563006946996	8.10253485248323e-10	7.61414757930596e-07	0.482974407580312
AT4G12930.1	24.5467406044517	49.0934812089033	0	0	-Inf	7.68820389475902e-05	0.010372224383167	0.184922540841499
AT4G14080.1	6042.01402708833	12074.4391140745	9.58894010219603	0.00079415201083906	-10.2982971954893	3.64635974396567e-12	1.41957993917932e-08	0.000135447447536285
AT4G14390.1	103.309133825208	3.91841860813078	202.699849042284	51.7300138942988	5.69292967392629	2.47209454322869e-05	0.00405840484891978	0.0107816889976868
AT4G14400.1.DE	30196.0961075427	964.432276374561	59427.7599387109	61.6194225291882	5.94531325700854	1.17555589034411e-06	0.00031719058538275	0.361042498544609
AT4G14785.1	58.7760955147204	117.552191029441	0	0	-Inf	8.01579291892005e-07	0.00023488858992087	0.315126557997444
AT4G15210.1.DE	8634.72977027916	16274.1652701793	995.294270378976	0.0611579306130524	-4.03131659839314	0.000406031657506386	0.0414426019863821	0.117481663291632
AT4G15250.1	69.3979472302206	138.795894460441	0	0	-Inf	3.37504567307535e-07	0.000114970930853312	0.244302356726079
AT4G15500.1	125.283967706234	6.12056579525923	244.447369617208	39.9386883164541	5.31971504683746	3.50304343476982e-05	0.00530360776024151	0.0114981311443107
AT4G16260.1.DE	327.004334328783	3.011695321017	650.996973336549	216.156318600222	7.75593119894386	3.44549742715063e-05	0.0052456254684195	0.816524929479459
AT4G16550.1	63.0024802510527	126.004960502105	0	0	-Inf	6.01587266428801e-07	0.000186300638462701	0.00108176780421065
AT4G19370.1.DE	236.157679510448	26.1338735713832	446.181485449512	17.0729181891384	4.09363776703015	0.000453983050549622	0.0453184838592612	0.33292682473413
AT4G19380.1	253.053525476514	489.905743815774	16.2013071372539	0.0330702534962445	-4.91832208538954	0.000213063563149342	0.0240929801781986	0.537893469335032
AT4G20160.1.DE	135.296625842257	268.461363877018	2.13188780749576	0.00794113453313294	-6.97643914777282	8.6574331670745e-07	0.000248349861756963	-0.00595879106161611
AT4G21600.1	30.0108120272495	59.488652102625	0.53297195187394	0.00895922050737508	-6.80241106789978	0.000118935046977776	0.0150754320941319	0.130814022713057
AT4G21690.1	42.9405848983161	85.8811697966322	0	0	-Inf	4.25341326600237e-06	0.000950114904304071	0.23973212777296
AT4G22070.1	91.4844473466435	182.968894693287	0	0	-Inf	9.30104193895082e-08	3.67350717275779e-05	0.101274246149729
AT4G22690.1.DE	5616.24488134544	578.801179434801	10653.6885832561	18.4064735211138	4.20214134346886	0.000206845983251714	0.0234873613982321	0.451658663430025
AT4G23320.1	321.516452697802	6.31491610170968	636.717989293893	100.827624474933	6.6557471483843	4.79015887095809e-07	0.000153912491731723	0.263394804316726
AT4G23560.1	472.370836292016	943.829307818402	0.912364765631073	0.000966662889225112	-10.0146995227708	4.54831295724096e-10	4.95802498842922e-07	0.197792306803815
AT4G27580.1	294.858457361461	587.282423670728	2.43449105219449	0.00414534975689897	-7.91429045284311	3.99938705178969e-08	1.81652159892288e-05	0.202906904958522
AT4G28130.1	22.9599748520026	45.9199497040051	0	0	-Inf	0.000108888284988731	0.0140636186848952	0.0931190143766016
AT4G28397.1	605.009119141899	1209.56205590098	0.456182382815537	0.00037714673719302	-11.3725864347487	3.87762693574436e-11	7.54807780377895e-08	0.0488953581124027
AT4G29700.1.DE	1989.80565887003	3845.21777816978	134.393539570292	0.0349508265392083	-4.83852961600758	4.33228476753908e-05	0.00638180672891757	0.00835846881824343
AT4G29880.1	227.134363156584	437.827940405669	16.4407859074988	0.0375507919669669	-4.73501285447814	7.52160762483877e-05	0.0102489425496053	0.000415099586536855
AT4G32280.1.DE	376.863445356447	11.9170920082736	741.80979870462	62.2475515158909	5.9599451853154	2.87339564791803e-06	0.000692971488469576	0.384476067780648
AT4G32510.1	667.02577058521	1328.41921840698	5.63232276343813	0.00423986847329137	-7.88176477361735	1.08683197221387e-08	5.92366898135448e-06	0.12159766572409
AT4G33270.1	1172.93580767897	2318.4870072944	27.3846080635368	0.0118114132092954	-6.40367459946246	5.04661387706583e-07	0.000159918978346277	0.0324810637101778
AT4G34940.1	49.1575688849007	97.2491938660535	1.06594390374788	0.0109609536220533	-6.51148286903491	3.3353127867131e-05	0.00512207157869846	0.452371574988183
AT4G37780.1	41.0464038393892	82.0928076787784	0	0	-Inf	5.88361592688699e-06	0.00121507304823549	-0.0241368626963551
AT4G38660.1.DE	1751.47748719815	3381.42955124004	121.525423156259	0.0359390669877161	-4.79830323417304	5.50241903410421e-05	0.0078922065009162	0.147650065992195
AT4G39590.1	48.1942325606201	95.8554931693662	0.53297195187394	0.00556016076128508	-7.49065768837593	1.09803988917827e-05	0.00209257224195008	0.0977721292194731
AT4G39610.1	181.811485689406	357.615810833151	6.00716054566038	0.016797804693437	-5.89558349039216	8.41986870220135e-06	0.00166274102806081	0.231232316151523
AT4G40100.1	42.129728980804	83.1935140578601	1.06594390374788	0.012812824603208	-6.28626763510737	6.03065604328122e-05	0.00847151744801546	0.0846845185283324
AT5G01910.1	189.228515627727	373.285445906367	5.17158534908771	0.0138542378380992	-6.17352884362081	3.27012239293221e-06	0.000768253236656799	0.190655284295652
AT5G02140.1	62.2678075046739	121.568152005279	2.96746300406843	0.0244098717889498	-5.35639147228499	0.000104736119608583	0.0137181012568848	0.0681989741802571
AT5G08020.1	416.142927824362	815.253528346432	17.0323273022917	0.0208920620519584	-5.58090129596629	3.59823514318488e-05	0.00541763006199306	0.53767001881227
AT5G08480.2	171.569660956369	325.488123026444	17.6511988862938	0.0542299323310785	-4.20476681963695	0.000394128505630563	0.0405312831526192	0.0435381288964295
AT5G10400.1	2503.84686274045	4838.55353524757	169.140190233331	0.0349567673481734	-4.83828441301383	3.8606725733546e-05	0.0057492376485825	0.279881245012103
AT5G11440.1	304.432073789733	607.418810861962	1.44533671750501	0.00237947309444368	-8.71514214314209	7.46074176217891e-09	4.60035976411941e-06	0.180917392208575
AT5G13150.1	248.390135280104	496.247298608334	0.53297195187394	0.00107400474192725	-9.86278392156238	2.76546013585986e-09	1.98327156901192e-06	0.0388363450715801
AT5G13670.1	145.823917971779	291.647835943558	0	0	-Inf	7.82468686834826e-09	4.60035976411941e-06	-0.00413831289016518
AT5G15480.1	36.1811921615094	71.3732299883293	0.989154334689476	0.0138588982851304	-6.17304361496579	0.000121221478121816	0.0150846014692955	0.373966439022389
AT5G15960.1	5465.93201665751	10816.774622898	115.089410416992	0.0106399009343654	-6.55437147146994	2.38948750242896e-07	8.56819913370973e-05	0.00811232676212091
AT5G17165.1	171.263428314574	326.397784029417	16.1290725997304	0.0494153863442795	-4.33889586969769	0.000329496022466415	0.0353520693080895	0.23653086617563
AT5G17200.1	54.501490416258	109.002980832516	0	0	-Inf	1.20133714269501e-06	0.000320969017771808	0.27918816479084
AT5G17340.1.DE	438.995143887819	877.990287775638	0	0	-Inf	3.63364042475701e-11	7.54807780377895e-08	0.0406568020291342
AT5G17480.1	339.7028849099	679.405769819799	0	0	-Inf	1.04489922977859e-10	1.58197743388478e-07	0.413276230690171
AT5G21050.1	59.6602103099368	116.809139998621	2.51128062125289	0.0214990078797134	-5.5395861048457	9.4764440428228e-05	0.0126456238414454	0.447550391058693
AT5G22500.1	1605.45781862781	3156.54858909998	54.3670481556422	0.0172235739831091	-5.85947164908964	2.68468218623645e-06	0.000659125756210052	0.0409469800049222
AT5G22880.1	5663.52118165144	10885.9172622177	441.125101085158	0.0405225476603789	-4.62513131026913	6.68362867545066e-05	0.00929297187058068	0.296279048034762
AT5G22940.1	879.651331375171	1682.19872999145	77.1039327588955	0.0458352104208803	-4.44739989312883	0.000144478023768101	0.0173450004569528	0.126856434879041
AT5G23010.1.DE	5930.61148216923	266.746194099463	11594.476770239	43.4663250187393	5.44182621899738	5.34013827659019e-06	0.00113694881495028	0.0797649817335486
AT5G24880.1	131.559288498867	249.419440418664	13.6991365790707	0.0549240931503815	-4.18641704521262	0.000456104091871456	0.0453640463929961	-0.00285342757888052
AT5G25250.1	703.69547400612	75.3566768415986	1332.03427117064	17.6763934796462	4.14375204609922	0.000323212964912606	0.0349531734912633	0.0367166169243964
AT5G26730.1	2298.06523595396	4595.21810714228	0.912364765631073	0.000198546563918913	-12.2982349860003	2.44924278285937e-13	4.265173296613e-09	0.418817803573767
AT5G29560.1	59.749257416602	119.042332450388	0.456182382815537	0.00383210218940941	-8.02764825120061	3.70296414652888e-06	0.000840943157676709	0.0332222182059347
AT5G35600.1	43.2970575818948	85.0719888772261	1.52212628656342	0.0178922146602228	-5.80452421761283	0.000118278832271794	0.0150754320941319	-0.0110660543617287
AT5G37650.1	34.8522109837786	69.1714500156833	0.53297195187394	0.0077050857218274	-7.01997327733574	5.76163658065687e-05	0.00817792292166985	0.0493172635128921
AT5G38250.1	146.33171240249	0.550536796782112	292.112888008199	530.596482770268	9.05147130200415	5.93340338063284e-05	0.00837808854554437	0.9171922441636
AT5G39400.1	440.534698421854	875.821021925561	5.24837491814611	0.00599251991760503	-7.38262148563002	7.21920460111629e-08	2.93638453417345e-05	0.0597003491121258
AT5G39670.1.DE	294.742958719498	29.3720661069375	560.113851332059	19.069610196736	4.25320344860706	0.000273194889633433	0.0301421341388272	0.00648487110609954
AT5G39870.1	387.922891383223	775.845782766447	0	0	-Inf	5.74932098743309e-11	9.21649973820744e-08	0.185104446237689
AT5G39880.1	1674.2248042351	3330.57259590827	17.8770125619341	0.00536754928683934	-7.54152075115331	1.66436564681225e-08	8.55797973715614e-06	0.000774638659921193
AT5G43185.1	44.2759975597305	88.0190231675871	0.53297195187394	0.00605519048830123	-7.36761193874664	1.79701136456408e-05	0.00311924545905098	-0.0223599652206269
AT5G44568.1.DE	240.516841029484	17.8758216196516	463.157860439316	25.909738321071	4.695422539784	0.000141121947282418	0.0170926902548465	0.495576852295636
AT5G44630.1.DE	1892.46248065683	3781.88070874054	3.04425257312683	0.000804957323506019	-10.2788000817859	1.03068917321436e-11	2.55348557713069e-08	0.252596049477914
AT5G45116.1	79.842623736761	159.685247473522	0	0	-Inf	1.96126695597584e-07	7.22276311949374e-05	0.261749573948884
AT5G46350.1	62.8858048701352	3.82124345490555	121.950366285365	31.9137913416142	4.99610810509752	0.000238696302193409	0.0265508229688767	0.0718646964667903
AT5G46970.1.DE	76.5868888892335	153.173777778467	0	0	-Inf	2.91558683380381e-07	0.000100576673917496	0.526981802213952
AT5G53660.1	155.666749591285	296.116791348471	15.2167078340993	0.0513875210007669	-4.28243813339279	0.000357869530333171	0.0375102324639984	-0.00399217267671657
AT5G53950.1	105.479634864505	206.316101300261	4.64316842874865	0.0225051190841923	-5.47360299111573	2.79802062170791e-05	0.00447574454655843	0.0790139366387369
AT5G54585.1	755.770816689697	41.4838756361439	1470.05775774325	35.4368470930046	5.14717834421949	1.55155358877876e-05	0.00274564535074018	0.0525305463218525
AT5G56400.1	23.526585102828	47.0531702056561	0	0	-Inf	9.16254895239689e-05	0.0123003834507744	0.49987778987542
AT5G56430.1	21.7617261052131	43.5234522104262	0	0	-Inf	0.000137740402781417	0.0169085651198161	0.294434305390227
AT5G56570.1	30.8603489225378	60.6547539413277	1.06594390374788	0.0175739547930404	-5.83041730188448	0.000289861300821801	0.0318520168144989	-0.0310887906077875
AT5G56970.1	280.606443522529	558.168634471932	3.04425257312683	0.00545400150620595	-7.51846918598655	8.4846807579808e-08	3.40036058847784e-05	0.1241631712245
AT5G57720.1	132.328578005034	263.668001675378	0.989154334689476	0.00375151451220577	-8.05831114554858	1.95123720184507e-07	7.22276311949374e-05	0.0135868285068867
AT5G57810.1	350.661950813293	699.422382526265	1.90151910032055	0.00271869924072546	-8.52286772429374	8.22220743318012e-09	4.66815827018801e-06	0.0417124092234961
AT5G58782.1	22.3610340858491	44.7220681716981	0	0	-Inf	0.000134781171987514	0.0166201651538631	0.00201846838539268
AT5G59040.1	95.256736010454	190.513472020908	0	0	-Inf	7.00250981059787e-08	2.89139995997596e-05	-0.00829669374978671
AT5G59845.1	865.877926032486	1721.25910222868	10.4967498362922	0.00609829735842854	-7.35737778549991	3.96797032051385e-08	1.81652159892288e-05	0.00618583521670193
AT5G60615.1	259.983657506621	517.912216774804	2.05509823843736	0.0039680435638979	-7.97735641995684	3.4705884078341e-08	1.63069784983267e-05	0.0239882852887229
AT5G61000.1	636.494651993222	1226.52638044525	46.4629235411961	0.0378817156173432	-4.72235451956545	6.77059899332361e-05	0.00936610983584036	0.279680638549819
AT5G61160.1.DE	52.4925316039152	0.550536796782112	104.434526411048	189.695815105308	7.56754404146341	2.18660644340081e-05	0.00366652475979589	0.607477389076197
AT5G62310.1	231.570846210886	457.129976844577	6.01171557719526	0.0131509983630744	-6.24868386335347	1.94330156806027e-06	0.000494942563857742	0.02982810720787
AT5G62850.1	567.471206212556	1067.66169754009	67.2807148850239	0.0630168854423081	-3.98811773767213	0.000409293751342373	0.041619676535755	0.0225594713015845
AT5G64770.1.DE	2181.8037161849	120.985835514893	4242.6215968549	35.067093422954	5.132045950968	1.48389485421127e-05	0.00266046727414247	0.0884150260897329
AT5G65350.1.DE	118.763462425682	225.810651973207	11.7162728781569	0.0518853861665795	-4.26852793777819	0.000434456679712259	0.0436893484705479	0.174218388603825
AT5G65690.1	1027.53351950745	2050.80781843145	4.25922058345664	0.00207685017834303	-8.911387139138	7.55446888384872e-10	7.61414757930596e-07	0.164361227213529
AT5G66940.1	63.8766894155973	127.753378831195	0	0	-Inf	5.39808213567832e-07	0.000169090269381041	0.0919594550616547
