logFC	logCPM	pvalue	padj	dispersion
AT1G02050.1	-5.426182900529	6.45813410480475	4.95655724024802e-09	2.14422239723364e-06	0.274018360706664
AT1G02520.1	-5.79307742481446	3.65283867460382	1.66423876144872e-08	5.81502092365685e-06	0.312036065809892
AT1G02730.1	-5.3932054829656	6.01383295234467	1.31955780621022e-08	4.79509712672711e-06	0.286927543187935
AT1G02970.1	-5.20984846829342	1.61343826116145	0.000285705770421802	0.029719943004106	0.62185998485748
AT1G04150.1	-6.9252545942638	0.86874500935668	0.000222731987553038	0.0240886412252798	0.789725509660605
AT1G04645.1	-9.5271356334763	0.368844544933214	0.000111641317383948	0.0135229887288094	0.844888873668997
AT1G04700.1	-4.03547839633233	3.51771722460044	3.19605976349587e-05	0.00483918959968425	0.334761100862426
AT1G06170.1	-7.43385270647126	3.40483453860521	6.22052887574441e-10	3.13952396258404e-07	0.35202739653813
AT1G06750.2	-5.28975843737152	1.19161703993445	0.000518624442654586	0.0489086178550453	0.668820955233636
AT1G08930.1.DE	4.84342511104486	6.29426655406064	1.63524018986803e-07	4.54763634027175e-05	0.287626105016957
AT1G09155.1	-9.7921849661104	0.623245500601128	4.49772842861436e-05	0.00648577198907174	0.793484229080917
AT1G09380.1.DE	-9.9751168694919	3.09324739879625	9.28563327226495e-11	5.38448189792147e-08	0.410437483502355
AT1G10780.1	-5.41658292046989	2.97355996552792	2.06032757671885e-06	0.000438688810749185	0.397318700190041
AT1G11120.1	-5.60435612421034	3.13560219164513	9.01444937407453e-07	0.000211792933828472	0.388904854002064
AT1G11770.1	-9.02748420718617	3.54440102773836	9.18191309895299e-11	5.38448189792147e-08	0.396684550280198
AT1G12080.2	-6.91928286730298	7.12452931937861	9.83663509681078e-10	4.62220091256002e-07	0.353544380325658
AT1G13150.1	-4.50858574511232	4.55983252815229	1.64899885758759e-06	0.000365380608656034	0.303859620452081
AT1G13245.1	3.37612558214924	5.231291449787	2.02637456137664e-05	0.00328731025569993	0.242208687382692
AT1G13340.1	4.52897242658292	2.54401584005289	0.000106688646380452	0.0129807695020216	0.453928580913213
AT1G14900.1	-4.73749603288197	5.63226823488567	3.51060043988923e-08	1.13902267129454e-05	0.250937848772561
AT1G15125.1.DE	8.43961691682737	7.59584996079429	1.85705847594839e-10	9.92397484382304e-08	0.422162364100333
AT1G16360.1	-5.07021565569319	1.93519418664795	0.000188648651805054	0.0210714358864547	0.561895472406925
AT1G16630.1.DE	-5.898853241929	3.82560231851034	1.42138956486346e-08	5.09717778957747e-06	0.320101079635153
AT1G16705.2	-7.40970076153926	3.66559350521985	5.15898048246322e-11	3.19551941066029e-08	0.313945752176265
AT1G16760.1	-11.4622154938056	2.2600320501391	2.02538873504607e-08	6.81480797345006e-06	0.539069124356268
AT1G17540.1	-6.8258886640094	3.00375755525086	1.18806277148498e-07	3.44462369936718e-05	0.432680705316742
AT1G18520.1	-9.45469042767641	2.53892392080943	1.21765060976045e-08	4.60909986574235e-06	0.492464593398038
AT1G19500.1	-7.61525416980404	2.12385846478392	1.00681920133371e-06	0.00023452863686452	0.54636576625155
AT1G21000.1	3.30088825770277	6.64027708685536	8.12596831101294e-05	0.0106473625167474	0.273114478539488
AT1G21130.1	9.26958247779351	7.32936281524192	5.26439011029568e-15	5.9781536694166e-12	0.316681563926616
AT1G22350.1.DE	4.31741368213718	3.59091131877019	1.31037044722369e-05	0.00223205226053965	0.339078104060988
AT1G23580.1	-9.69872520685313	3.67033586174196	5.28857078866856e-13	4.00374189651036e-10	0.336898027190516
AT1G23810.1	-9.39695163972794	0.24436280594475	0.000166533061829458	0.0188327471663903	0.868536631284403
AT1G23840.1	3.77538484595813	2.96914149308484	0.000390815741503411	0.0390508937509524	0.409478961685967
AT1G24145.1	5.89913283405643	3.40747551076873	6.14054556374289e-07	0.000150769755670494	0.406029995610777
AT1G24600.1	-4.37227137092323	3.02296010378704	3.59224096597025e-05	0.00532081170035616	0.380908977639423
AT1G26330.2	-4.76685099215186	2.09957991070924	0.000296014435068201	0.0305590053535937	0.551058761905577
AT1G26770.2.DE	-3.32576997613503	4.59514783388661	0.000164286360950619	0.0187341442734233	0.299916403049453
AT1G30020.1	-9.11196309593626	2.19849442076953	1.34322667887911e-07	3.85350525328119e-05	0.546583592431917
AT1G30050.1	-10.0906351576601	0.913157162248872	1.7736282301139e-05	0.00294746730387344	0.754912011781834
AT1G30740.1	-7.03850372066553	0.234829477320344	0.000509412672874514	0.0482067117587569	0.856522171558787
AT1G32300.1	-9.40812466023128	0.254596289190183	0.00014367480514935	0.016592004828561	0.851596395951254
AT1G36150.1	-9.1345082480518	2.26554501093648	1.66202573185272e-07	4.57543932281959e-05	0.562503509034593
AT1G44160.1	-6.01803540247701	1.67957107948019	5.37959973620107e-05	0.00740482884901131	0.595699843135835
AT1G48020.1	-6.7579840791848	3.02082083233067	3.78244773933163e-08	1.21278624338523e-05	0.392289009367952
AT1G49290.1.DE	-6.13017071434098	1.96401713710973	2.30194491766308e-05	0.00360558659689595	0.562017108159315
AT1G50820.1	-7.50075367800035	1.97938875236613	2.31655273250311e-06	0.000485656370551075	0.569152237584529
AT1G51790.1	5.12225709449128	2.39198644403359	4.89261547472606e-05	0.00690354564177583	0.493359886726563
AT1G51800.1.DE	3.74235034008396	3.49043642884413	8.3495610426121e-05	0.0107847837277417	0.331381474778283
AT1G52430.1	-5.48816482544891	1.34302839173457	0.000276253380493697	0.0288613230892588	0.639397898221744
AT1G52800.1	6.08455433913756	2.47865520404685	2.93655603082278e-05	0.00452163265898553	0.582680862530703
AT1G54940.1	-10.9212469179304	1.72603726416423	5.81588068875524e-07	0.000144096374810305	0.633404718331707
AT1G55450.2	3.51073678579761	5.4836418218172	4.40721086891937e-05	0.00638904920327279	0.280822064628999
AT1G55570.1	-10.5521154842905	6.67957573176172	1.11704896828371e-19	3.04440525816041e-15	0.266328475458462
AT1G56360.1	-8.89465811237055	3.7577947620124	3.34244097541112e-13	2.67926136305455e-10	0.309128560216375
AT1G58225.1	6.4438301080439	3.09814992234985	4.39808882926635e-08	1.37776451669914e-05	0.377768804143845
AT1G59870.1	4.60263433179845	9.93939482922228	3.902946408888e-05	0.00571886566816309	0.426048766878625
AT1G61563.1	-8.32524175418	6.35814364182542	2.8396825651345e-15	3.68536707762741e-12	0.268404663828602
AT1G62180.1.DE	3.06887663843067	8.54213080020849	0.000236212045789509	0.0253453665194775	0.276835541373002
AT1G63100.1	-6.23217844584668	3.88355475567561	6.88384037530301e-09	2.71901718244215e-06	0.331208061730324
AT1G63350.1	4.05770670772608	2.98624189548669	0.000190264913578439	0.0210910416267927	0.414083207418076
AT1G65900.1	-3.91675221875045	4.67699312819173	2.56237651120481e-06	0.000529053101790726	0.253610419744511
AT1G66100.1	8.51212455975567	5.94743051754969	1.85364713065722e-08	6.31491236236648e-06	0.535510933916591
AT1G66850.1	-10.4065682489746	8.02900038863207	1.18195208997504e-18	5.1439874423353e-15	0.287821776564406
AT1G67000.1	5.45935322194229	2.94594115128823	5.5331408188242e-06	0.00106950510550521	0.436386692117609
AT1G67830.1	-3.30527727558628	4.98279290065996	0.0001256722901671	0.0149566488917648	0.287250837896204
AT1G68110.1	-6.01481423489457	3.87205548424906	2.95851563648342e-09	1.34385641927865e-06	0.29885523544088
AT1G69490.1	3.33651804001544	5.96390042578955	5.30921868942375e-05	0.00734504802850533	0.264202403668402
AT1G69720.1.DE	3.20048317157685	4.1727686535074	0.000136430971840947	0.015826705794827	0.273457141116383
AT1G69940.1.DE	-10.0079388975387	7.65888264773865	6.84188992556812e-19	3.72937736062867e-15	0.269518762226098
AT1G70170.1	-6.15893914550461	1.07036591473042	0.000191732042830301	0.0211178649645214	0.694985284143918
AT1G70440.1	-9.98183931877582	0.807792248341128	2.9857093057184e-05	0.00457148996730614	0.785449671141155
AT1G70810.1	2.87617467557474	4.91095715796464	0.000472123240299079	0.0456285347202521	0.271920942798879
AT1G70890.1	4.38948937212828	4.31876231419017	3.42159300098081e-07	8.88115196654581e-05	0.25813901779545
AT1G71030.1	3.1756255687165	6.06876057109931	0.000276392651584962	0.0288613230892588	0.299024465548856
AT1G71680.1	-11.0180743041316	4.9347816329158	6.53025569880664e-18	1.97750654239196e-14	0.278533711961966
AT1G72460.1	-11.1784856664472	1.97973779166646	1.43053458961285e-07	4.06122809430298e-05	0.591702862747975
AT1G72730.1	-3.19782648999598	4.25564904435923	8.76838439218162e-05	0.0110635901955795	0.259411981928452
AT1G74810.1	5.50977103137265	3.00347908038378	5.65395498747905e-06	0.00108516119175179	0.444404909752048
AT1G75940.1	-10.0845056244734	9.22517572925451	3.01555274748611e-19	3.2507148019847e-15	0.271029832247702
AT1G76740.1	-5.21387371530804	3.44780043345913	8.4312615696622e-07	0.000201566318262784	0.352636464240685
AT1G78980.1	-7.99383872985157	1.15044661964218	2.58639781521101e-05	0.00400509579862277	0.714467287596628
AT2G01520.1	-7.63455043573353	4.23714638497368	2.58484180159625e-13	2.13476601396073e-10	0.267147217232644
AT2G01830.2	-3.1439529414858	4.11518480243755	0.000273953352045854	0.0288275083268637	0.291522942178662
AT2G02850.1	-5.38194534701581	5.19213888029071	1.27829357338193e-08	4.70792068229068e-06	0.284478715017597
AT2G02950.1	4.0942052174356	3.06222339786669	8.98773783664629e-05	0.0112363214220164	0.382430345370507
AT2G05850.1	-6.29500041881603	1.7007773021957	6.82106909818578e-05	0.00915770528088449	0.644607951587741
AT2G07690.1	-4.39059485798803	4.52126511606914	1.17011909871565e-06	0.000265753549303304	0.284398151263282
AT2G10970.1	-10.383947595673	1.19921947709497	5.98117678031327e-06	0.00113993700678782	0.712083549204295
AT2G15020.1	4.6605734903079	6.79622757553014	1.49326271589115e-07	4.19560639782446e-05	0.269851715440153
AT2G16270.1	-4.03555085804187	4.02230463356699	3.76052595983955e-06	0.000753598341981375	0.273287082149564
AT2G16535.1	-11.3959602443363	2.19474538059211	4.70895415736758e-08	1.45838450687382e-05	0.565705075299324
AT2G19070.1	-10.8855592270088	6.07422827230188	1.83233618416901e-18	6.24231129541777e-15	0.287945822557552
AT2G20590.1	-4.63872953378104	3.09179014618718	1.96797346180123e-05	0.0032116855525707	0.392308691874179
AT2G21260.1	-4.94004144149836	1.63759677530819	0.000478461621248281	0.0459154683996502	0.614166446961123
AT2G21490.1	-9.12165191061023	5.29091552505268	5.24438393774523e-15	5.9781536694166e-12	0.297579366638468
AT2G23600.1	2.80023142647452	6.65255795214109	0.000431590067666028	0.0423113514538486	0.257534386983342
AT2G24320.1	-7.13267413986281	0.323657885698165	0.000392600898501539	0.0390508937509524	0.841111364638498
AT2G25270.1	-4.08641648917251	4.18281985290597	8.73894894906241e-06	0.00154656697829706	0.301788415183324
AT2G28405.1	-12.0993663522376	2.89175742209856	1.55059596456794e-10	8.62447804455807e-08	0.446359204160469
AT2G28680.1	-9.57710585823922	4.7497215718532	3.94666270855415e-17	8.96352878824456e-14	0.260022060566926
AT2G29550.1.DE	-3.51325007401842	7.25006941411901	8.4742972019714e-05	0.0108209022134395	0.304298400301941
AT2G30432.1	-4.78237593700082	3.50040503038668	2.60126957704725e-06	0.000533045120698089	0.342137185635638
AT2G31425.1	-11.3744216569631	4.45473893047524	4.49130374426312e-17	9.41584555739594e-14	0.287752953789728
AT2G31880.1.DE	3.42161315935308	7.01649386820726	6.96871373275274e-05	0.00931006490551192	0.284711884912917
AT2G33100.1.DE	-5.14420722152229	2.91455883145561	3.31868339496999e-05	0.00496963721134682	0.481106295208168
AT2G33190.1.DE	-9.00400059754457	-0.12948911591121	0.000371734629933935	0.0376626602387341	0.895924784520554
AT2G33400.1	-4.21181047024704	3.2413205346377	4.82840951408632e-05	0.00685382671338065	0.373706522093926
AT2G34790.1	-2.98599475597538	4.37016532190994	0.000214905947471142	0.023334847379994	0.258593602198756
AT2G35120.1	-3.04214280605928	5.25968448365965	0.000197312110905693	0.021510177082495	0.265207292381833
AT2G35310.1	-9.30343100855349	4.49574812744475	3.46139150956474e-15	4.28803473643988e-12	0.287490179686929
AT2G35765.1	-6.21755755182582	2.87235566044798	5.05323302379187e-07	0.000126349369569196	0.425102427469052
AT2G37010.1	-11.6162669545152	2.41254451809813	6.22067738260474e-09	2.49321090272808e-06	0.511555485519733
AT2G38810.1	-4.88936996838387	3.64488905491827	8.32591803193437e-06	0.0014961580157149	0.392386510754096
AT2G39030.1.DE	4.02383692985784	2.68606702799037	0.000496775510791303	0.0472712462335056	0.46400164185607
AT2G39250.1	5.35061841771623	2.81497466625585	6.21089140558213e-06	0.00116436358312366	0.424485790219031
AT2G40250.1	-9.87041605078381	0.699828918710252	4.27882544442657e-05	0.00623610206750811	0.801662779366823
AT2G42800.1	-6.57492776090898	5.26249240165644	2.45817731816147e-12	1.70730026749103e-09	0.248504311760915
AT2G44450.1	-6.33276123316402	1.94391480357176	3.26507917612579e-05	0.00491637944011781	0.603479115252994
AT2G45480.1	-5.54994771136845	1.82454909653856	0.000102227063557512	0.0125499837396236	0.598024177090887
AT3G04110.1	4.2566848526429	4.4052202906272	7.8306486073643e-07	0.000188864156765581	0.261670984899885
AT3G04140.1	3.03039675501071	5.12259618277195	0.000112281902367558	0.0135404025094046	0.244813785585143
AT3G05930.1	-6.38300490461495	3.42999494449572	2.40202718542912e-08	7.9835181599616e-06	0.360175637173128
AT3G07620.1	-7.13754049753798	1.62317945036091	1.42252532677786e-05	0.00237849725496955	0.626000027247838
AT3G08770.2.DE	-8.89288725426367	9.06835335209233	6.88601009833484e-16	1.10394893658834e-12	0.285408893631964
AT3G13175.1	-4.56819827428426	3.16807083419203	1.12016091005761e-05	0.00193220667358926	0.363225081496644
AT3G13450.1.DE	-2.81049032086842	5.02079772469861	0.000391557070771981	0.0390508937509524	0.254291996645612
AT3G14380.1	-9.40091605062059	2.52707917905893	1.63476437043385e-08	5.78621664309143e-06	0.501005066132493
AT3G16360.2	5.85328576470772	3.64354300273002	1.78267908555304e-08	6.15001718957754e-06	0.319365023305742
AT3G16660.1.DE	8.36214067943915	4.39391899431515	9.69572828404349e-15	1.01633607174354e-11	0.266787087312238
AT3G16920.1	-3.25932020442311	4.14353946028814	0.000249026481454234	0.0265115926779441	0.305444032053542
AT3G17060.1.DE	-7.12163605920229	4.05102136975246	2.74618241336497e-11	1.78201084509164e-08	0.298008307461542
AT3G17760.1	-8.37050053380034	4.96872546314258	2.63404279314111e-15	3.58941011421339e-12	0.260214533159101
AT3G18220.1	-7.7451435856548	2.22023742770415	4.76439945354914e-07	0.000121354152062643	0.524391794421692
AT3G18730.1	-4.40236335865919	2.94364845774575	5.93497078496527e-05	0.00809656388623147	0.406717005186839
AT3G18950.1	3.96553414027197	4.38152465830673	3.68863029801349e-06	0.000744666149200441	0.266658515606468
AT3G19030.1	5.71021847818034	2.19378285348596	3.72882746381335e-05	0.00549326830804156	0.554375869675234
AT3G21180.1	-8.5406561452508	5.58607797895885	4.21824283619363e-16	7.18524939110132e-13	0.256892856339937
AT3G22060.1.DE	3.36769923989779	4.01928639306354	0.000117950906127038	0.0140992719104662	0.291892348179982
AT3G23270.1	-9.88974967952268	3.00872113593706	1.62309558132917e-10	8.84716939470902e-08	0.4163352850831
AT3G25510.1	5.19189294461166	2.7584981900894	1.03086777094827e-05	0.00181259807931768	0.431169842536059
AT3G25717.1	3.59779013780268	4.49344117000414	1.21877210633685e-05	0.00208908270352858	0.254724394957904
AT3G25760.1.DE	2.74447342759289	5.1594479775981	0.000446582940399599	0.0436242704575293	0.249156791217377
AT3G26050.1.DE	-5.11631369830961	2.76563370710147	5.10796781903697e-05	0.00713910538154019	0.495808599865511
AT3G26500.1	5.8696862649285	2.21928204862007	2.09940639575386e-05	0.00336571893587504	0.540069420029075
AT3G26830.1.DE	4.39096318258363	2.24689457567196	0.00045156297948761	0.0439532051534119	0.524140791447915
AT3G27060.1.DE	-3.47471735388648	5.74318162232038	7.54039635333573e-05	0.00997601758319476	0.293896431179045
AT3G28770.1	-7.42190897250765	5.79836613064031	2.18447397586704e-13	1.86048917932126e-10	0.267240218893455
AT3G28820.1	-11.0416148272449	5.50089301319023	4.77099112348235e-19	3.2507148019847e-15	0.271003240912489
AT3G28830.1	-9.06247091007621	9.125423545163	7.35861567315367e-17	1.43251222540093e-13	0.274229976583457
AT3G36659.1	-6.41352498932652	1.62793464536765	4.72474548759275e-05	0.00674179128370958	0.636224535029365
AT3G43120.1	-7.26697112903204	3.09775322998414	5.15593259280864e-09	2.19562167006885e-06	0.381044186007657
AT3G44860.1.DE	4.33933555708628	6.25625510838051	3.1662106061441e-07	8.29729844806262e-05	0.254787460626637
AT3G45320.1	-9.19166762041065	0.0487157188770913	0.000270639062219682	0.0285891356656404	0.889601511631829
AT3G45780.1	3.20820820962784	8.71946918111855	0.000186319281907105	0.0209353747977279	0.288992838122753
AT3G46900.1.DE	4.17180539737911	3.23122361172814	8.18774741324955e-05	0.0106769793301772	0.389488351716114
AT3G47440.1	-6.41857752555046	2.45210457678065	2.29437763539461e-06	0.000484736186628253	0.492569826841226
AT3G49300.1	-7.46237223040719	0.580186199457294	0.00019577765687637	0.0214286114879863	0.809184498288664
AT3G50330.1	-9.4981637125603	0.341174665606339	0.000126879445469311	0.0150346626383505	0.854188382762153
AT3G50740.1.DE	6.61797289970159	6.16788584151039	1.52568635152516e-10	8.62447804455807e-08	0.302682789859954
AT3G50870.1	-5.31167225057682	1.81895037198295	0.000186662364271222	0.0209353747977279	0.604797124206686
AT3G51330.1	4.72698660573649	3.38109933084958	6.51815670114629e-06	0.00120030974819622	0.362370355452985
AT3G52160.1	-9.07696231288104	5.44225019770512	1.52581674616372e-16	2.77230730666307e-13	0.264598790442333
AT3G52710.1	2.7516161743557	4.83110190434623	0.000429193055087486	0.0422282582070554	0.248304653224717
AT3G52780.1	-7.58160074263451	0.752480070649242	0.000105632687784444	0.0129099249904809	0.775029682542454
AT3G53280.1	4.43276438987503	4.72684362416747	1.26265862269109e-06	0.000284400810767132	0.289803679329388
AT3G53650.1	-3.99161503865233	3.11289858363386	0.000151152512081393	0.0173819011150476	0.393434461718921
AT3G54820.1.DE	-3.2249552620589	5.35925274724367	5.94156005447382e-05	0.00809656388623147	0.252547844034383
AT3G55110.1	-3.45797798385719	6.16948893455805	2.13068311425571e-05	0.00339588523952778	0.254065586520646
AT3G55180.1	-7.69950714172701	1.62651113019208	1.11790132621054e-05	0.00193220667358926	0.657684870456451
AT3G56230.1	-6.34233398641759	1.74759790524414	4.91409647943242e-05	0.00690354564177583	0.627740895203758
AT3G61160.2	-4.69673505847477	5.56538170020324	3.8922835428305e-08	1.23349181018956e-05	0.249179842223163
AT3G62060.1	-3.68512294378897	3.00600809203343	0.000337059033753244	0.0345346124282365	0.385674452678187
AT4G02410.1.DE	3.90952286010051	5.49579108191305	4.60749860735276e-05	0.00660909300235748	0.335752031932541
AT4G03210.1	-5.30567926170181	8.50533753324108	1.69054855146746e-06	0.000371566211465276	0.392698683926459
AT4G03620.1	-6.72049134653002	2.09264506602672	2.09050709247742e-05	0.00336571893587504	0.649171585547892
AT4G04490.1	3.41277037813415	4.02890525706378	0.000136218067811961	0.015826705794827	0.304189716917291
AT4G08550.1	-9.35539259156982	0.203819104991283	0.000157153506957349	0.0179960574731747	0.852387619060792
AT4G09960.3	-13.1775172174516	3.9645876694702	2.07305414084976e-15	3.13883430859552e-12	0.324659827453588
AT4G10120.1.DE	2.99630067569843	8.59611322680714	0.000386050303143631	0.0388244094534189	0.284658569224598
AT4G11030.1	-6.19929380117327	3.29246151762802	6.29072224734365e-08	1.9159988409041e-05	0.370627847556981
AT4G11080.1	-4.05396250282836	3.87302003052333	5.09162170541991e-06	0.000998324157982118	0.282193704799287
AT4G11320.1.DE	-6.22233658362784	6.85399417305709	8.41874312333807e-10	4.09722187649028e-07	0.303362740459083
AT4G11760.1	-10.5219678041208	5.71115610179915	1.03516075636675e-17	2.56475193218358e-14	0.287820638847609
AT4G13230.1	-10.9533434692767	5.41285616423038	4.00563014178198e-19	3.2507148019847e-15	0.266523020042956
AT4G13370.1	-4.30082778099499	3.36597968258686	1.38827379900996e-05	0.00233555642705045	0.338952964241159
AT4G13770.1.DE	3.45269812718126	8.02543971918737	3.46246183721437e-05	0.00515660846510604	0.267399368640815
AT4G14400.1.DE	5.93197222670962	9.66901964179117	1.15695881228782e-08	4.44109231973129e-06	0.328133224230473
AT4G15210.1.DE	-4.04825700900913	7.88074858652173	6.23750947149244e-06	0.00116436358312366	0.291660347628529
AT4G15910.1	-3.50959596299988	4.78025791569215	6.19844276557203e-05	0.00840459498173632	0.29115278516588
AT4G16260.1.DE	7.68472618008349	3.15073867763523	5.39671552617258e-09	2.26280130692781e-06	0.410352418629593
AT4G17030.1	3.7118595065721	4.53409365728066	6.50703675485204e-06	0.00120030974819622	0.252412557962105
AT4G18640.1	-3.49777699701147	4.56933609619694	9.21836700969083e-05	0.01147202623206	0.303412814174895
AT4G19370.1.DE	4.07307854262691	2.6831948217729	0.000418755458144632	0.0413505842618616	0.461751992378548
AT4G20160.1.DE	-6.9609422461098	1.90846396815246	2.19420406254917e-05	0.00345669581044596	0.658609775661588
AT4G21270.1	-5.67290012311544	4.14828755064085	2.52765236871193e-08	8.2998358622741e-06	0.315544806813798
AT4G21690.1	-9.45698089555054	0.301561819644867	0.000133695242082424	0.0157057333091137	0.852644441416104
AT4G22690.1.DE	4.18788690595827	7.24315985258604	8.67836452037571e-06	0.00154588331136157	0.316941151521227
AT4G23140.2	6.65987249200654	5.74351923843788	7.76730795190305e-11	4.70422690935924e-08	0.294228709408423
AT4G23160.1	6.59121848580841	3.13082894300819	9.19648325810359e-08	2.72435820343864e-05	0.408278671432782
AT4G23320.1	6.63451906635155	3.1244868124415	1.16549320598288e-07	3.41552170278036e-05	0.414470590902274
AT4G26660.1	-5.94081910101753	4.17984549520048	9.67769969844307e-09	3.76794325116239e-06	0.31895904370996
AT4G26760.1.DE	-3.74639252089315	5.43260701350304	4.68930054163751e-06	0.000932862751545902	0.250118535492389
AT4G28090.1	-8.62937834832919	3.09613772641749	4.29578550108756e-10	2.2090063782385e-07	0.396236339302387
AT4G28240.1	2.87148081809342	6.55901496530329	0.000308018572794686	0.0316782572941373	0.256182974400023
AT4G28580.1	-7.65849952556819	1.62729392802348	6.2043698538891e-06	0.00116436358312366	0.619752802857461
AT4G29110.1	4.28329905717205	4.52963416595559	1.27487806259963e-06	0.00028479939932861	0.275024663899145
AT4G29360.1	-4.50111600431349	5.04417269062797	2.46742731120613e-07	6.59286901368744e-05	0.263644761564687
AT4G29700.1.DE	-4.8550614489761	5.76683291942826	2.07830514431729e-07	5.66421284032235e-05	0.292973296871319
AT4G30040.1	-10.7878310086489	1.59479769497888	1.05130266526336e-06	0.000240774813773844	0.650691063858418
AT4G30250.1	-4.71693329856029	3.28077203807034	5.02056178513879e-06	0.00099152457168241	0.353828414296588
AT4G30500.1	-4.15689916539561	4.08275927532422	1.9003291187849e-06	0.000407807636246959	0.270099044175683
AT4G31020.2	-5.99342648311647	1.4081945376235	0.000165936030464866	0.0188327471663903	0.66662794835476
AT4G31690.1	-9.41069789436215	0.256438985050651	0.000136467155712348	0.015826705794827	0.845246398073575
AT4G31840.1	-6.53503130643047	5.8481868935461	3.4468953034494e-10	1.80657085769635e-07	0.308354722380981
AT4G32280.1.DE	5.90826565215444	3.35424048698722	2.21886743391646e-07	5.98742703405537e-05	0.381364253632477
AT4G32717.1	-10.3681156795158	1.18392722324427	7.46790436522519e-06	0.00135686843713232	0.726394489920988
AT4G34400.1	-6.38958486330124	4.09089417428154	8.16316591129113e-10	4.04507134084234e-07	0.303159806639319
AT4G34950.1.DE	3.61487087845998	5.70769910068307	5.17179361573617e-05	0.00719143179608538	0.300249906372677
AT4G35190.1	-4.16907826000499	4.14438123003553	5.27415301121529e-06	0.00102672690119758	0.296375848226829
AT4G37490.1	-6.60702874482178	3.75289822942064	3.32318106455934e-09	1.48475371694263e-06	0.340302703568123
AT4G37900.1	-7.4860439235777	8.06364048154922	7.66037338580976e-13	5.64258962856376e-10	0.288191097882828
AT4G38550.1	4.51785324473732	6.52762456119413	8.83246978258366e-05	0.0110930936154164	0.453136604664636
AT4G38660.1.DE	-4.81147793791191	5.58057500801371	1.7493633623266e-06	0.000381417192614794	0.339502283704073
AT4G39000.1	-10.0781853148931	0.900566358537229	1.86409436029667e-05	0.00307903198154699	0.757578270620827
AT4G39010.1	-3.97713808377191	4.13787614566954	1.38762949514782e-05	0.00233555642705045	0.302405634047324
AT5G01370.1	-3.59352177937351	3.23776273669396	0.000355332736107208	0.0362705557672878	0.374176973361487
AT5G05810.1	-4.93078452777417	2.26359145849821	0.000113222171887554	0.0135936434917331	0.513000599807869
AT5G06530.2	2.97296502589338	7.59140343817365	0.000288034979359405	0.0298483092298906	0.269464091922015
AT5G06940.1	-5.4503216490108	3.24863131488876	4.26265237670415e-07	0.000109598422523297	0.355204912268623
AT5G07430.1	-7.96387055906238	6.78124558167083	1.19306692352256e-14	1.20429059013644e-11	0.267837233258861
AT5G07475.1	-8.36325016926845	2.28341291862699	2.60006206066473e-07	6.87981469916084e-05	0.539764111578241
AT5G08000.1	-7.03041289825961	5.79363300263734	2.92534384313644e-12	1.94456880733757e-09	0.275775378534162
AT5G08480.2	-4.21773407481103	2.24814503753163	0.000497792898987895	0.0472712462335056	0.498953472408279
AT5G09970.1	-4.74796875996902	2.22552476539388	0.000224981652349546	0.0242357705657491	0.532985237652671
AT5G10160.1	-2.96215563292287	4.93916004228159	0.000190371917523703	0.0210910416267927	0.251667387311239
AT5G11400.2	-7.69716621821066	0.808260502351346	8.70165563550383e-05	0.0110304615204661	0.765837301745064
AT5G11920.1	7.91528297186945	3.37901520464507	5.75744105191513e-09	2.37747421861962e-06	0.430617758541536
AT5G12970.1	-7.40707987459182	2.28609154650537	5.00322356233625e-07	0.000126257273118437	0.506177827895178
AT5G13600.1	-8.0652490885779	1.21991889096603	1.96743399480035e-05	0.0032116855525707	0.704046296282904
AT5G15100.1	-6.40766771262592	0.914130744977234	0.000192163737844034	0.0211178649645214	0.716809620647779
AT5G15140.1	-8.12586988036737	4.89704380143662	6.25569020217095e-15	6.81970323079868e-12	0.26082279978299
AT5G17340.1.DE	-12.8026431891501	3.59111135197479	2.61681377211272e-14	2.45926353604001e-11	0.336613863922699
AT5G18330.1	-9.02377948291709	-0.110433921976405	0.000380191819741421	0.0383768439082693	0.901806004468024
AT5G19340.1	-6.75191644854444	3.4873578546682	2.27370923986166e-09	1.05029951903711e-06	0.339455624183691
AT5G19580.1	-5.36871173848108	7.45294285767149	8.81361211294404e-07	0.000208874943066241	0.378840359446243
AT5G19640.1	-10.8828430137986	1.68837361830844	6.48470101133716e-07	0.000157798251216949	0.634703059100357
AT5G20810.2	-4.91466325692385	3.34947051125762	7.4644396912687e-06	0.00135686843713232	0.389458473630831
AT5G23010.1.DE	5.42403222586098	7.32252566382239	3.58301807836005e-09	1.57502539851008e-06	0.269616261027609
AT5G24770.1	-5.61503582962869	8.81785552036795	1.85324984548498e-06	0.000400860883244823	0.429189123155966
AT5G25950.1	-10.0191446681723	0.843299919636527	2.16651365018597e-05	0.00343291645477724	0.761298154072813
AT5G28470.1	-10.6050324022216	3.71664909667548	7.95530343585497e-14	6.99399483357391e-11	0.332565573455778
AT5G35670.1	-2.87851520742641	4.58688634825697	0.00025844560023639	0.0274073011239011	0.249289601003088
AT5G38390.1	-8.93143137642099	-0.197734900978546	0.000458322468840179	0.0444523863550542	0.909215792967122
AT5G38450.1	-9.43224245721004	0.276968738967355	0.00012908937148546	0.0152303105214923	0.843460687320754
AT5G39080.1	4.38989102128022	4.36637282388329	1.03716267067907e-06	0.000239549418870233	0.280548682520535
AT5G39320.1	-3.61415838392732	5.87908374259092	0.000100730309339372	0.0124786538669784	0.324575622664246
AT5G39670.1.DE	4.22680825823985	3.00165881122538	6.34847374930532e-05	0.00856541106750333	0.3842329651573
AT5G42340.1	-9.21685524256263	2.302609403408	6.32714081167422e-08	1.9159988409041e-05	0.527504808542235
AT5G44190.1	2.83730803596525	6.80442585522616	0.000371319524338425	0.0376626602387341	0.257766667292613
AT5G44420.1	9.71228736430158	7.44396059507155	4.32802860577654e-13	3.37017404633811e-10	0.387854306690834
AT5G44568.1.DE	4.6653435191883	2.71121827159747	7.27653333933086e-05	0.00967388486000601	0.454057738220531
AT5G44630.1.DE	-10.2695346519831	5.69997080550826	8.86295992344252e-18	2.41551109753503e-14	0.279987046567887
AT5G46970.1.DE	-10.2925759847012	1.11023482854618	1.08579563258806e-05	0.00189694065195866	0.744816040117361
AT5G47150.1	-8.02110428240439	1.17738384007617	2.4572722355099e-05	0.00382688557180496	0.714464499290641
AT5G47220.1.DE	3.71591157938824	4.31292132821969	8.34431710533004e-06	0.0014961580157149	0.258243225499726
AT5G47530.1	-7.08185741915517	2.45004386796389	2.53576634776415e-06	0.00052755554230507	0.57309499772366
AT5G47600.1	-8.77454477599601	3.65987343749744	2.50576101488373e-12	1.70730026749103e-09	0.329954153379952
AT5G48210.1	-10.6108454617924	5.09133373649739	1.32119733236762e-18	5.1439874423353e-15	0.263036549519854
AT5G50030.1	-8.0927793792922	4.93754579144703	2.53365019518092e-14	2.45926353604001e-11	0.271864975991975
AT5G51600.1	-5.64651594431475	4.4085629114305	9.18249439011459e-10	4.39052108961725e-07	0.261011888849184
AT5G51810.1	-11.280440447758	2.08054604891997	8.76827606429427e-08	2.62605050391512e-05	0.580314698937687
AT5G52750.1	4.21121649868192	3.90736686149724	3.54706704036416e-06	0.000721431082970782	0.289555528922405
AT5G54095.1	-8.16322962356569	4.58851853263648	5.85991579045699e-14	5.32353816510382e-11	0.278762311206153
AT5G55830.1	-5.1960127782538	2.37052417103615	7.65325080838868e-05	0.0100764105087838	0.52651170502807
AT5G57790.1	-3.30442311981106	4.04396383020322	0.000101272524585942	0.0124890560410192	0.278039759003161
AT5G58770.1.DE	3.12325551129931	5.34093586216644	8.49663562660914e-05	0.0108209022134395	0.249384417880556
AT5G59370.1	-6.95305620156519	4.3791417334878	2.11640859360485e-12	1.51791052131859e-09	0.262319032309551
AT5G59540.1	6.15141844037466	5.74709611389017	3.01119609676352e-11	1.90853810281844e-08	0.25374994605129
AT5G60250.1	-4.33623452070538	2.27785976287503	0.00040276367029476	0.0399160766189577	0.505001846357175
AT5G61160.1.DE	7.34003171967434	0.557808708450378	0.000248763153483149	0.0265115926779441	0.832411501348062
AT5G61610.1	-5.10966254513737	2.87680460385697	8.42626877421645e-05	0.0108209022134395	0.528436432045299
AT5G61620.1	-9.91332444922601	0.740891455397971	3.10953945328764e-05	0.0047344909642403	0.777575768782416
AT5G62320.1	-8.67736485738166	2.63024626292633	1.23455012181401e-08	4.60909986574235e-06	0.466347506267606
AT5G64770.1.DE	5.11101358245054	5.88089273206385	5.98376607317143e-09	2.43405314265991e-06	0.253297122924871
AT5G64910.1	-4.59368146151624	2.7219363712431	8.32824722520911e-05	0.0107847837277417	0.451326298577313
AT5G65690.1	-8.86278812434708	4.8127307425626	2.36587701239754e-15	3.39366379452013e-12	0.273425842008423
AT5G66170.2.DE	-2.96099889652028	3.968674605981	0.000483405597339506	0.0462271443855821	0.285528230785155
AT5G67260.1.DE	-2.76450051244552	5.97322672389191	0.000475453116190465	0.0457879831401234	0.25535892044477
