logFC	logCPM	pvalue	padj	dispersion
AT1G02205.3	-4.21250827106011	8.85133684350607	1.04657561562038e-05	0.00121197308714419	0.325736103998924
AT1G02640.1	-3.43636466347016	4.88127160133085	9.67845407996662e-05	0.00782953317064289	0.296557504063279
AT1G02790.1	-8.79986852108722	8.5958553091205	7.0499028601218e-16	6.65369831938295e-13	0.281517188739041
AT1G02800.1	-8.14687561304813	4.39614898024569	1.23570687085025e-11	5.1833784209265e-09	0.343347057748292
AT1G02930.1	4.26570950569307	6.01988385340262	5.9747978320919e-06	0.000741975551832676	0.314506173145712
AT1G03170.1	-6.40563581017351	3.99513280966244	1.14979383643926e-08	2.71293855707843e-06	0.3524779323311
AT1G03390.1	-5.81650583699644	2.55154526279726	3.90072990438898e-06	0.000518522377994693	0.461015411846913
AT1G04890.1	-10.9934153739569	1.81890163110291	3.4896118267358e-07	5.93422638211396e-05	0.61447799953858
AT1G06280.1	-10.4155257108335	3.5518513002093	3.51146278885087e-13	1.74427293690392e-10	0.342270347756108
AT1G07340.1	-9.70881115836159	4.19586834357587	6.08072331883834e-16	6.04103859823118e-13	0.27426431306425
AT1G07795.1	-8.23221271819756	1.40672693372025	1.93920050327966e-05	0.00206804229942976	0.728046830801978
AT1G08930.1.DE	4.84598141886295	6.31706511085406	2.57192735105608e-07	4.49515747023468e-05	0.296898387268655
AT1G09380.1.DE	-9.97865765584861	3.11937834091429	3.5948965458664e-11	1.41369306666196e-08	0.391556525485173
AT1G10640.1	-5.26190314770679	5.87539888691008	4.13777756613718e-06	0.000546186638730108	0.416550507700523
AT1G10900.1	2.6938041486601	5.40010360166967	0.00067678838501125	0.038829962174688	0.256902412487934
AT1G11040.1	-9.06731182998757	-0.0481646687924781	0.00034728315544087	0.0227404092985794	0.898226658154514
AT1G11510.1	-9.18845472938128	0.0664439186819544	0.000267395049315164	0.0184884576955056	0.887908949426144
AT1G12000.1.DE	-2.72461842403587	6.28018191258932	0.000766105294174461	0.0431671747248869	0.268073396107889
AT1G12220.1	2.84729212512864	4.11023988517721	0.000861108828239921	0.0473886012882121	0.291981456516146
AT1G13340.1	4.53261266035417	2.56799288043467	7.94218808555053e-05	0.00653149629516017	0.438231553669152
AT1G15125.1.DE	8.4300332608231	7.61786363268401	3.95819935083654e-10	1.22483558928509e-07	0.436485195487596
AT1G16630.1.DE	-5.89314726818303	3.84561340206129	1.22535145874124e-08	2.85552273274071e-06	0.317092848316629
AT1G16705.2	-7.40386941253328	3.68468398054163	1.98663809799978e-11	8.15212624735734e-09	0.300311967246947
AT1G17190.1	-3.57595285018661	3.81869798909835	4.68558143984585e-05	0.00417193562540237	0.288195962464491
AT1G18520.1	-9.44828400602676	2.5574182836465	7.1445592223993e-09	1.78622277330262e-06	0.475565756641417
AT1G19090.1	-8.93016964222607	-0.177789379682107	0.000445199175774599	0.0273732235893203	0.904723879203781
AT1G21110.1	7.75484254063656	1.71658603070532	5.18485745505718e-05	0.00453098932044719	0.790268795613129
AT1G21240.1	7.69303484245146	4.18137476142992	1.47779965795381e-10	5.16573080435852e-08	0.350495215630188
AT1G22130.1	-7.13817813185322	2.597102441188	1.60777382490672e-07	3.00478601177617e-05	0.454093610842018
AT1G22350.1.DE	4.31167975762934	3.61510849702058	9.22930761771466e-06	0.00108882756619989	0.327844782053818
AT1G23250.1	-8.87580686791748	2.88148865823075	1.49799104554085e-09	4.09798246023609e-07	0.428333503510116
AT1G23600.1	-10.5842122474159	3.69060375817911	2.04757371662804e-14	1.24677424113132e-11	0.313235769187642
AT1G23690.1	-11.9345868426329	2.74962399582481	1.94528879039939e-10	6.5570127156391e-08	0.439331064647012
AT1G24030.1	-3.80757384670396	2.97819253042176	0.000184797029172029	0.0135728744072032	0.373341385954015
AT1G25510.1	-7.16784222127381	5.48657637566342	1.3344625496258e-12	6.14373538700893e-10	0.272710820295237
AT1G26610.1	-5.76900546104451	2.83639820858893	4.50929846476341e-06	0.000588602772495466	0.455616054221953
AT1G26720.1	-11.7528375757889	4.85797170184166	2.58138469598458e-20	4.87262175214049e-16	0.246456689804612
AT1G26770.2.DE	-3.31885099775339	4.61478576192864	0.000119068079087457	0.00936470442022852	0.286790962358629
AT1G26820.1	-3.76287264098523	4.07044097328626	3.64875125712331e-05	0.00346099641856581	0.306353977596751
AT1G27040.1	-7.58085565704506	1.53378393536912	2.69044807524211e-05	0.0026870316332418	0.704739445963321
AT1G27045.1	-5.64276971916684	4.64933940925618	6.45481861077602e-10	1.81852471786579e-07	0.255938083608416
AT1G28290.1	-8.41904289188096	7.99532102575044	6.29461278935174e-11	2.32974727474124e-08	0.401315291125378
AT1G28306.1	-9.72052722660133	2.82860754055195	5.34578564499498e-10	1.60169920372897e-07	0.428407895526558
AT1G29010.1	-9.23317934360797	0.108098755552148	0.000243575653010718	0.0172541602376191	0.885366305773408
AT1G29140.1	-9.01946821632809	5.77084556538643	1.62206568719316e-16	2.18700799367557e-13	0.267463742183121
AT1G32300.1	-9.40309046571251	0.271366469078293	0.000166581717098256	0.0124284446322004	0.868574191783377
AT1G33720.1.DE	3.24278238861623	3.56262134670587	0.00044697977967291	0.0273934750685255	0.327430305687929
AT1G35350.1	3.9812895015133	4.18117493156625	2.92392901629857e-06	0.00039994263849023	0.262206830124015
AT1G49290.1.DE	-6.12980039609444	1.98827184771957	1.96081373092951e-05	0.00207934381938345	0.552905398714764
AT1G49450.1	-3.09752314794202	4.90986253613116	5.91716575920404e-05	0.00505395569550839	0.235390752410074
AT1G51420.1	-4.65030090319917	1.74662645502747	0.000714436960796096	0.0407423325437677	0.602714327917481
AT1G51800.1.DE	3.74522311963854	3.51371052280338	6.23680018872166e-05	0.00530296578208604	0.320329094890664
AT1G53140.1	-5.18695053536758	3.60775174018674	2.18452320706119e-07	3.92714857680828e-05	0.317452866569897
AT1G54385.1	-4.54790836067099	4.03380607455962	1.55152590868107e-06	0.000230603173639874	0.305895760305676
AT1G56030.1	-9.18346149660009	0.0631427368056902	0.000336856063644485	0.0223105089731694	0.921282140792546
AT1G56650.1	3.94903322409961	2.42446903054784	0.000796921811429476	0.0444797152254398	0.484231123678417
AT1G59870.1	4.58923991787045	9.96225338810792	4.96554036133423e-05	0.00437988504021238	0.435443041165302
AT1G60410.1	-9.98729384573826	0.834231246123928	2.91578817601346e-05	0.00286658425054323	0.783192307050872
AT1G62180.1.DE	3.07710883100677	8.56517280367842	0.000283109515490334	0.019362229037665	0.285030237866962
AT1G62940.1	-11.463409105406	6.65741804365657	2.297121012934e-19	1.08401140600355e-15	0.292491199409484
AT1G63060.1	-8.80844640340095	3.29883966767154	3.8634025468522e-11	1.48827727498739e-08	0.362693018578953
AT1G64450.1.DE	-3.08762440220361	3.59107951261181	0.000520113253895106	0.0307763566787587	0.309007215984401
AT1G65860.1	4.28362187071495	4.28148093209327	1.6667349643606e-06	0.000238343099903566	0.280794487285028
AT1G66140.1	4.83420616023076	3.45169498207084	1.52081905148316e-06	0.000227833177903143	0.329909109295649
AT1G67110.1	-7.27942069284069	0.429212436503486	0.00032438891306205	0.0217133514998555	0.834545269892629
AT1G67750.1	-4.67588651431871	5.7768543795661	1.05184981774012e-06	0.000164088571567459	0.312078661715378
AT1G68090.1	-10.2849189665693	1.12385186129696	1.29610222853006e-05	0.00147380877504418	0.758141351687278
AT1G68540.1	-3.35318526171087	5.79758623018695	4.21972657237527e-05	0.00382940186443056	0.25956682806937
AT1G69720.1.DE	3.19864744865068	4.19678010925026	0.000122033505666265	0.00940205899165888	0.269815069964366
AT1G69940.1.DE	-10.0040984975776	7.67904767231514	4.53064954560511e-18	9.50228231364913e-15	0.282817136873774
AT1G70830.1	-4.61659296517873	8.1595559287844	1.61657878040122e-06	0.000236546829913593	0.31831525039762
AT1G70890.1	4.39334690165446	4.34281526611315	1.79833555445911e-07	3.29566814815244e-05	0.246687215076883
AT1G71770.1	-8.5460661442422	5.18727496068393	2.68044427572217e-16	3.16225413428323e-13	0.250456818468077
AT1G71830.1	-3.60307050269918	4.10774497902541	2.12845827391083e-05	0.00219545237040114	0.268872274404625
AT1G72910.1	3.76439885507654	5.54204717253554	5.54365533693359e-06	0.000697613587599722	0.255677202103591
AT1G74490.1	-6.04832461246672	1.29884922549945	0.000212300635814176	0.0151794954607136	0.700511081101099
AT1G75780.1	-3.12867037517707	4.09615250808402	0.00062444668403935	0.0362678634090054	0.326169761052118
AT1G75880.1	-5.01746181563098	6.4404653622265	1.15015000361286e-07	2.26148244460378e-05	0.295776786065346
AT1G75930.1	-10.7908921381314	7.31823080153725	1.53365646768358e-19	9.64976649466509e-16	0.279799054288495
AT1G77980.1	-9.16515438664614	2.31772312134562	4.85277188258717e-08	1.01778802284128e-05	0.516837631030004
AT1G78770.1	-3.43571407979201	3.09856236320602	0.000449061889892888	0.0274320137010296	0.358555680655466
AT1G80160.1	-4.25999049213499	2.73919157897423	0.000138150825758452	0.0105196793725669	0.425793747392247
AT1G80370.1	-5.72111754413343	2.7149574398098	1.9094802242143e-06	0.000271002621896761	0.424511345567547
AT1G80470.1	-6.55956675871368	2.83664342278474	1.69458018360633e-07	3.13597015154442e-05	0.414247780343859
AT1G80540.1	-8.31393964592957	1.43304499915886	2.0069098064171e-05	0.00211633684390665	0.735402755459823
AT2G02850.1	-5.371919575723	5.20804320235732	7.19182722880904e-09	1.78622277330262e-06	0.273780892254546
AT2G03090.1	-6.74130131182304	5.52370676239409	1.25821598017366e-12	5.9375212104395e-10	0.251236804634458
AT2G03200.1	-5.73778964071359	4.23393682016113	1.67188240477244e-08	3.80222316535959e-06	0.312847331489482
AT2G03850.1	-9.50937536916959	6.12837063330918	1.53838889762352e-17	2.4198857359618e-14	0.266714417891918
AT2G04675.1	-9.11491255028854	-0.00269212767286104	0.000328435428658578	0.0219065270366054	0.90182542513217
AT2G06200.1	-5.91478042763972	2.13717553374366	2.09873527821245e-05	0.00218871420505736	0.540953020622333
AT2G12480.2	-8.60168514475093	4.64183035629701	2.25960439622094e-15	1.70609170332266e-12	0.264288178453477
AT2G16535.1	-11.3877558615107	2.20816761516752	3.43800700029593e-08	7.37452501563478e-06	0.552106293467294
AT2G16570.1	-5.20666782495798	2.42805566726685	3.88029861177014e-05	0.00362596616810758	0.492398118930519
AT2G16580.1	-5.85612766718499	1.70391847889156	9.70603285616888e-05	0.00782953317064289	0.614280398783796
AT2G17000.1	-9.07806488181351	-0.0400859556659501	0.000398899041082432	0.0251427061854128	0.921450877876764
AT2G17040.1	5.55590540381895	5.23050467001894	5.73153666204698e-10	1.66657407369654e-07	0.250904100475804
AT2G18690.1	5.4821070263596	3.22073101419615	2.89481206649124e-07	4.96749750609897e-05	0.348701387977566
AT2G19130.1	3.39809989222316	5.12197412535859	0.000137396784274838	0.0105196793725669	0.304072464444977
AT2G19330.1	-4.9409444061507	2.69796169909422	2.98044245223421e-05	0.00288517356584926	0.440853798009421
AT2G19500.1	-11.5861733814963	2.4041479877947	8.47713161733899e-09	2.05146585139604e-06	0.519169737166024
AT2G19920.1	-6.71557212140399	2.4034563325764	1.09680526360704e-06	0.000169699148818414	0.486029867802452
AT2G21050.1.DE	-2.7242329779807	4.5939259845662	0.000864178855042229	0.0474193025226079	0.271991088457867
AT2G21790.1	-3.58321402765573	5.92106746615561	1.63194350648567e-05	0.00180143658645751	0.26192722100678
AT2G22805.1	-10.5887299439406	1.42131675428195	5.32770640420061e-06	0.000679498554633045	0.73209717377043
AT2G23800.1	-10.275581140336	6.39002660584816	1.30208733108968e-17	2.3106132142569e-14	0.29368056971873
AT2G25060.1	-5.9341904200881	5.17055158457441	1.79844692779243e-10	6.17226985618363e-08	0.260539764195167
AT2G25450.1	2.853864781408	6.49738984618243	0.000889973026041686	0.0486931328682982	0.297388219135532
AT2G25510.1	3.80177436555264	10.1787527668216	1.67000844826488e-05	0.0018221433219334	0.289987593632879
AT2G25880.1	-5.64420274610309	3.74133596411859	2.26403189011654e-08	4.91216850090112e-06	0.307994130649701
AT2G26010.1.Hnull	-5.32533061849496	5.09830242311689	0.000558303155015372	0.032830312629502	0.731821358740158
AT2G26650.1	3.41921251115434	3.45696354147535	0.000485184278601194	0.0293403747501288	0.361910935657192
AT2G27740.1	-4.07362241478813	3.07908493923732	0.000119672997805277	0.00936993254547958	0.395116108086241
AT2G28056.1	4.72373827069205	1.73346206657472	0.000621721150155606	0.0362210136738803	0.602672230951482
AT2G28180.1	-7.01453001368973	1.89679148978052	9.8914662899884e-06	0.00115969762540261	0.601742294402666
AT2G28550.3	5.54522091930701	5.90683396172166	5.73889143834897e-10	1.66657407369654e-07	0.251871195665207
AT2G28610.1	-9.19452931422615	0.072565633824776	0.000267393366953444	0.0184884576955056	0.890034716465506
AT2G28740.1	-3.00615413572095	5.69905838508709	0.000208109145478879	0.0149363811028872	0.261956118365808
AT2G29550.1.DE	-3.50502838229816	7.26823941462089	0.000115351663848063	0.00914864708737834	0.314610361006896
AT2G29780.1	-9.329860463388	0.201508460784447	0.000197651885729875	0.0144049304827688	0.876562182931604
AT2G30370.1	-6.02156733358746	2.794577029974	5.89525615529381e-07	9.67642219020225e-05	0.41055705646276
AT2G31035.1	-7.04179750971921	0.203025248837857	0.000708718009807429	0.040538670160985	0.890689904164164
AT2G31220.1	-6.12802033468704	3.9104393673553	4.89669741585432e-10	1.49080742615591e-07	0.278333014360026
AT2G31770.1	-6.53417673901521	0.518001524493325	0.00064794003629693	0.0374021899851402	0.841962071846996
AT2G31880.1.DE	3.41654059657125	7.04062168807088	0.000100167882998348	0.00804582535947584	0.29647869193903
AT2G32290.1	3.09477484396671	5.28334469476929	0.000153718728253577	0.011514264740137	0.264209865557462
AT2G33100.1.DE	-5.15512036339661	2.94962056103384	2.04552886864652e-05	0.00214507794025399	0.458982006061532
AT2G33190.1.DE	-8.99981970849132	-0.111854261082756	0.00040362189498325	0.0253115179059928	0.905719053887227
AT2G33400.1	-4.2013764007299	3.25665230396738	4.08012437438101e-05	0.00377531508288314	0.365692263721016
AT2G33670.1	-9.04616301315141	2.15789938341999	1.52282541838697e-07	2.87448525974724e-05	0.545156222345706
AT2G33690.1	-11.2141624367928	2.03645110490854	8.16199612610876e-08	1.6400285639429e-05	0.570203075667185
AT2G34430.1	4.42143797696583	7.64391891913004	0.000341927680183809	0.0225672268921314	0.521988078608016
AT2G36890.1	-4.57518113122123	2.24508343948231	0.000486519246492388	0.0293403747501288	0.562088491226354
AT2G37210.2	-5.9837772798387	1.21072952580408	0.000271895231709523	0.01873100143704	0.707928366587196
AT2G38400.2	-2.67349079573839	6.04256322007038	0.000798825146292864	0.0444797152254398	0.261090268301423
AT2G38530.1	-4.0946540037799	5.19178423552011	0.000199623926498771	0.0144926970638107	0.43045214140147
AT2G39030.1.DE	4.02856625010602	2.71131416838614	0.000348165834249282	0.0227404092985794	0.441124927798683
AT2G39350.1	-4.70041560627189	4.16744974959163	2.70185635915859e-06	0.000375001769378512	0.337457234865996
AT2G40520.1	3.20467567235304	4.67763399300047	3.63862908844076e-05	0.00346099641856581	0.235562331790695
AT2G40990.1	-6.8239925084708	1.37564776109997	7.95848775104281e-05	0.00653149629516017	0.71420586503433
AT2G42410.1	-10.8497559805414	1.67744434853882	7.7330962030447e-07	0.000123703325363281	0.640444648762484
AT2G43010.1	4.25496772358039	6.02687828685997	3.31424924213251e-06	0.00045007027837765	0.296910261240701
AT2G43470.1	-9.04293644335945	-0.0711247702760014	0.000367490809331145	0.0236749369178658	0.901719204842225
AT2G43550.1	-3.20201400316521	5.88604239310845	0.000423682557790445	0.0263073419764883	0.321888648841547
AT2G43610.1	-6.59290778516894	3.22022396350746	1.30891976443326e-08	3.01306944798077e-06	0.358338762086379
AT2G46430.1	3.74006277449114	5.87629102827661	5.85753658947375e-05	0.00502576639376848	0.321596962239736
AT2G46720.1	-4.09208783023979	5.13311381128721	2.00353471401548e-06	0.000282229263147435	0.267080747747693
AT2G47030.1	-7.73908004860475	6.72940276090706	1.37609588932295e-13	7.87126848692729e-11	0.28061770687301
AT2G47750.1	-3.70947584231837	3.3177045680432	0.000516079830873225	0.0306337197722107	0.417205216919319
AT2G48150.1	-4.35096499999033	1.81214855290391	0.000904641946838623	0.0492104362781725	0.56996828257192
AT3G01270.1	-8.44698362802858	7.86425678091381	3.25583025296595e-15	2.36373276365328e-12	0.279089859428478
AT3G01620.1	-4.4391228237681	2.21390883019021	0.000360211732623826	0.023285468030847	0.513408971805104
AT3G02030.1	-4.63978472153741	5.16953385180773	7.62644953543032e-07	0.000123040052504942	0.300145487958036
AT3G03450.1	-4.65777396744482	6.35609232744269	1.65893616613672e-06	0.000238343099903566	0.322119241740338
AT3G03670.1	-6.57328511123842	0.645142120733861	0.000751027578982815	0.042571761504143	0.893952880254273
AT3G05820.1	-5.08610277821496	3.53741353023854	2.41322522218449e-07	4.25719993401444e-05	0.3100790242464
AT3G07195.1	5.22806006940178	2.22950204200255	4.13274598225024e-05	0.00380535186151002	0.496984795434108
AT3G07620.1	-7.1287697741654	1.6390808859827	1.52094054746966e-05	0.00169877359609688	0.629485011131931
AT3G08770.2.DE	-8.88281601789889	9.08309548216901	1.40368991116971e-15	1.2617167030114e-12	0.291248520164946
AT3G10890.1	-11.1648787716038	1.98784148932401	1.1876966846234e-07	2.3112332596857e-05	0.581553622823668
AT3G11050.1	-3.8479774988166	2.80834493786044	0.000253185479509448	0.0177662792238674	0.393914306344938
AT3G11210.1	-2.65729383205592	5.00491899357081	0.000652215006943722	0.0375341782654564	0.24947868283333
AT3G11740.1	-7.20939986118039	0.420561687147395	0.000377013420084206	0.0241849454102788	0.850926271608215
AT3G12850.1	-9.24204995368644	0.117993040232781	0.00024405916420027	0.0172541602376191	0.887670047525934
AT3G13062.2	2.72950343816527	6.43747100283373	0.000779985800174621	0.0436884628014722	0.269676558914935
AT3G13175.1	-4.5666491886396	3.19062410493324	7.81045342052179e-06	0.00093904534245713	0.350869983541044
AT3G13450.1.DE	-2.81225175162099	5.04635632118976	0.000274151095058401	0.0188177311648086	0.242275944691463
AT3G13510.1	-3.25114227325608	6.98058525549644	0.000117780380648497	0.00930218604653152	0.278614284217055
AT3G14210.1	3.3591352677445	10.0196970329399	9.58170475859749e-05	0.00779587323376234	0.287029300275107
AT3G15550.1	-4.90956496302556	4.14026886578537	7.18567064357039e-08	1.47431216378298e-05	0.274060677882437
AT3G15720.1.DE	-5.30208885282311	1.57918361027498	0.000642099421700329	0.0371787382945258	0.713318018097822
AT3G16530.1	6.52753553192528	4.51832850365881	4.29706259491324e-12	1.88631054747866e-09	0.24966740997918
AT3G16660.1.DE	8.36467298203688	4.41819806782169	1.68531524281332e-15	1.38313089231931e-12	0.251741523772133
AT3G17060.1.DE	-7.11862694550509	4.07339741705059	2.72074069607725e-11	1.09269577402456e-08	0.297883775566091
AT3G17220.1	-4.59013790018839	2.06119008619486	0.000476517132325231	0.0290152819024873	0.554898633619226
AT3G17320.1	-9.14015275386067	0.0205446377803841	0.00029468840814201	0.0200813660364209	0.890712172711364
AT3G18660.2	-4.19045952034943	3.20518982125045	8.19958424372926e-05	0.00670023169630448	0.394227015051451
AT3G19390.1	-8.41557306549803	5.28438251594383	1.98983312867233e-15	1.56500375570079e-12	0.264127838433388
AT3G20150.1	-4.94921124152502	4.28053762198314	1.73763523251179e-08	3.90471460105864e-06	0.25404177414033
AT3G20865.1	-7.85344011947692	5.93367922039035	1.86192042571187e-14	1.17152033185791e-11	0.264623802202546
AT3G21090.1	-4.14354337750845	2.46286652787904	0.000399598000403891	0.0251427061854128	0.472844503730517
AT3G21970.1	-10.8803475227186	3.98547595548037	6.38449832400175e-15	4.46347371717989e-12	0.314805366107359
AT3G22060.1.DE	3.36322059205734	4.04399134080389	0.000120214677748106	0.00936993254547958	0.29189960052187
AT3G22800.1	-7.54938105979814	2.05092136125679	3.5210241435648e-06	0.000474734655242351	0.597775696416532
AT3G23890.1	-6.16973681050517	5.93469611506906	3.56949003117549e-10	1.14199481065201e-07	0.285848144887735
AT3G24660.1	-2.90119213833719	3.90145211051524	0.000505879739414029	0.0303142411466007	0.277777771093678
AT3G25260.1	-6.59464455864262	1.77833422524049	2.33430043562282e-05	0.00238174351474683	0.606832135327196
AT3G25760.1.DE	2.74895871621493	5.18379623680721	0.000347961208837359	0.0227404092985794	0.240981685449068
AT3G26050.1.DE	-5.11208627761443	2.78354115761283	2.96338009298513e-05	0.00288517356584926	0.466364569928937
AT3G26830.1.DE	4.39241447825887	2.26986005207347	0.000384987228860129	0.0245507396350128	0.512059594245393
AT3G27060.1.DE	-3.46621266854871	5.76110347874951	6.73578692602169e-05	0.00565087617847046	0.289048963475989
AT3G27660.1	-4.38953726943058	2.21147210024862	0.000389190706965335	0.0247352315982413	0.509925188889285
AT3G28490.1	-5.93565332261415	0.487293313889668	0.000897914774865105	0.0489856626888836	0.799097111190083
AT3G28790.1	-10.0287875564256	8.76326345672517	1.68529583881222e-17	2.44704955795534e-14	0.296719368851401
AT3G28820.1	-11.0328199331636	5.516737476101	1.09035128608321e-19	9.64976649466509e-16	0.260524629362806
AT3G28917.1	-11.1841374428704	4.28984123761663	1.34651119711941e-17	2.3106132142569e-14	0.269528282557738
AT3G42850.1	-7.28341967873759	4.58635085879636	3.17408884309081e-13	1.619300027086e-10	0.25869284164186
AT3G44860.1.DE	4.34054466562141	6.28006522320546	5.09144763381373e-07	8.50497040140425e-05	0.263963667155284
AT3G46320.1	-4.08544752614385	5.07423560139846	7.0480505324846e-06	0.000852814114430637	0.297300998914227
AT3G46900.1.DE	4.17454402740929	3.25388906271632	6.42173543349771e-05	0.00541145884119209	0.381479910637954
AT3G47340.1	-6.33137696988301	6.78918034266342	2.80851902079555e-06	0.000386960620704649	0.52319495115662
AT3G49270.3	-10.4024426656802	1.23859405655626	8.70945627488966e-06	0.00103396035625671	0.743557062977952
AT3G50330.1	-9.49008835635286	0.355079385392806	0.000138211511146249	0.0105196793725669	0.863172757188672
AT3G50410.1	-4.01423154263321	2.53250830446814	0.000407617833165517	0.0254774643007692	0.447348508160898
AT3G50580.1	-11.4812539412331	2.30023269710843	2.07582297865338e-08	4.55619006337921e-06	0.541754896252715
AT3G50740.1.DE	6.61977932092994	6.19052719152277	2.63574342079375e-10	8.57798151912118e-08	0.310632592870237
AT3G52910.1	-4.50875458826777	3.35423004597558	6.39563983518893e-06	0.000783922711227443	0.338152545165997
AT3G54240.1	-7.88520278130339	1.83400417040345	5.47655032396912e-06	0.000693794388692893	0.63741156799022
AT3G54560.1	-5.86079440166529	5.57533023421356	2.82849308767849e-07	4.89822344247882e-05	0.392988345434737
AT3G54820.1.DE	-3.21968397133974	5.37948717084303	4.92268487930152e-05	0.00436246947331903	0.246555807086727
AT3G55110.1	-3.45731116910278	6.19333120678502	2.98055120438973e-05	0.00288517356584926	0.26309603656871
AT3G55240.1	3.7896561040329	6.20259626734497	6.34305884808089e-06	0.000782559338669117	0.26216339409366
AT3G55290.1	-2.88358195610238	4.95194214594953	0.000143784336319687	0.0108629363821441	0.232063920949513
AT3G56070.1	-2.86039674533782	5.46029896227763	0.000350243504033451	0.0227972289039152	0.258459247005465
AT3G56600.1	-6.30056094829586	2.82074544565755	2.36997902080794e-07	4.22035132045006e-05	0.412576065031108
AT3G57540.1	4.45783103257479	3.27235405341137	0.000296614307217269	0.0201398980684646	0.509095585567471
AT3G60020.1	-9.04076853595154	-0.0724836903261076	0.000399280978598698	0.0251427061854128	0.914215089919046
AT3G62230.1	-7.22309275921919	5.46742425471878	1.0998223040565e-13	6.48757681605329e-11	0.250525851474529
AT3G63110.1	6.36606757363931	3.16089436330458	1.41534040179933e-07	2.72611892085349e-05	0.404831367507757
AT4G00820.1	-2.61318640821057	5.28384112862569	0.000605798608241467	0.0354026456011329	0.239590837239626
AT4G01575.1	-5.23916003569052	1.96830042516745	0.000169767157534104	0.0125667641788774	0.585945488681231
AT4G02410.1.DE	3.89964261032528	5.51924852253822	4.15789106226534e-05	0.00380991998501556	0.330622120212931
AT4G02800.1	-6.11752884364714	4.56891536643257	3.66461967757544e-10	1.15288935056523e-07	0.278380360220479
AT4G03100.1	-4.8553488248964	3.68152395590503	5.29096500043282e-06	0.000679403097606598	0.372499826283938
AT4G03220.1	-5.94275478380052	0.886800056911611	0.000430772456651429	0.0265727480122626	0.736609097795107
AT4G04080.1	-7.64941756354192	0.842082750810281	0.000113634787703708	0.009077570874441	0.795449753992609
AT4G09644.1	-10.0255031923316	0.871999504945653	3.47994234445519e-05	0.00333438536517442	0.806971314474115
AT4G09960.3	-13.16787941426	3.97649258666916	1.67062924766836e-15	1.38313089231931e-12	0.321652211122038
AT4G10115.1	-10.8002765789361	1.62888269183197	1.17191400858618e-06	0.000179845925415226	0.658780475066417
AT4G10120.1.DE	2.9923331497204	8.6207433461637	0.000509612973313683	0.0303452822847605	0.295810424505598
AT4G10240.1	-9.36961057805667	0.238948137923224	0.000175642686695172	0.0129509037267893	0.868373040272922
AT4G10290.1	-6.83400525335261	2.27744712415074	1.58328469476105e-06	0.000233485014830544	0.505406516756348
AT4G10850.1	-13.548988166392	4.35647737720231	7.89747076841861e-19	2.48454430374449e-15	0.266682413530188
AT4G11030.1	-6.19382510129281	3.3125749023864	4.33887540987944e-08	9.20231598167238e-06	0.361504012057744
AT4G11320.1.DE	-6.22354953555884	6.88074873670622	1.79819937388335e-09	4.84897305448887e-07	0.315326498281735
AT4G11521.1	6.09934180762377	1.84249933808388	2.87701050789697e-05	0.0028432696516787	0.576389143205792
AT4G12310.1	5.04445369107304	4.28891047412081	9.22304558978047e-08	1.83257061634417e-05	0.289157793182225
AT4G12870.1	-9.27612351469478	4.71671953810257	2.26145247565879e-16	2.84581179536902e-13	0.265069700670897
AT4G12930.1	-8.6452984543203	-0.44318495250638	0.000816121583288566	0.0451762786104251	0.934271803504726
AT4G13770.1.DE	3.45310605202428	8.04991562672595	5.68654981111705e-05	0.00490133854952718	0.28251256070019
AT4G14080.1	-10.307878582863	7.39010209599004	3.13963590033955e-18	7.40797090685118e-15	0.288588752202577
AT4G14365.1	2.93185880038951	4.83377736467579	0.000120988431969726	0.00936993254547958	0.233183194317567
AT4G14390.1	5.62659816839197	1.53006650345074	0.000214114154331081	0.0152513916118999	0.647903307593633
AT4G14400.1.DE	5.92298780095263	9.69250940888748	2.01239086010082e-08	4.46892822061918e-06	0.338261239899418
AT4G14785.1	-9.9022656528661	0.752213832609199	4.21460934102034e-05	0.00382940186443056	0.805412748784122
AT4G15210.1.DE	-4.04744672970459	7.90541343270042	1.05831349810018e-05	0.00121809302378896	0.306273380917846
AT4G15250.1	-10.1418238412282	0.984735713224333	2.17490882852298e-05	0.00223117277430434	0.781499501108895
AT4G15500.1	5.28151538042716	1.80454226159306	0.000143872329706295	0.0108629363821441	0.578074180093257
AT4G16260.1.DE	7.68964123340544	3.17634408847577	2.80899805696014e-09	7.46797849622249e-07	0.395322855528072
AT4G16550.1	-10.0034853762287	0.849877649704985	2.76305936410201e-05	0.00274502676614682	0.780928014341816
AT4G16780.1	3.15301092865866	6.22995884109246	0.000113974586630775	0.009077570874441	0.26341253724416
AT4G16990.2	3.76199854622337	8.12744156364362	2.64184733938477e-05	0.00266671178493192	0.298686058305144
AT4G18220.1	2.80748281183868	4.12102874572612	0.000776890490279766	0.0436445979003597	0.28022157718591
AT4G19370.1.DE	4.06977514010266	2.70674868723991	0.000298704864708263	0.0202091506316601	0.440294868526483
AT4G19380.1	-4.91979722120378	2.82485882315672	2.46103007578564e-05	0.00249754858658762	0.437893051084044
AT4G20160.1.DE	-6.95984016332089	1.92935266855508	1.88815178379691e-05	0.00202504278812219	0.647785570826882
AT4G21690.1	-9.4502005258976	0.316690705838427	0.000150807280298683	0.0113411881391153	0.866031438137278
AT4G22070.1	-10.5424388143948	1.37535328401246	5.84270124128011e-06	0.000730376348545717	0.732561519881576
AT4G22690.1.DE	4.17989547208087	7.26677583780726	1.34816675680924e-05	0.001523832077936	0.329554523460107
AT4G23320.1	6.62929170889117	3.14805426043589	6.30720709992763e-08	1.30829495844213e-05	0.397577417438605
AT4G23560.1	-9.77699598761292	3.71995417773552	1.90587087480082e-13	1.02786338950687e-10	0.324817863758534
AT4G26760.1.DE	-3.74632455001539	5.45699289303205	3.65178886139909e-06	0.000488873521615385	0.244535131836675
AT4G27370.1	-3.75000992692325	3.68321426657767	4.41717556032645e-05	0.00398940697974747	0.309296756583335
AT4G27435.1	-2.85946816517997	3.78507057932337	0.000763917293396904	0.0431671747248869	0.28782866364076
AT4G27580.1	-7.85425856535737	3.04350488160295	1.33081712642747e-09	3.69419177624189e-07	0.382107322751033
AT4G28050.1	-2.68540196141817	4.525493625956	0.000726891280162765	0.0413277102540734	0.257929817680313
AT4G28397.1	-10.9680561835101	4.07362734735891	5.28055249834741e-16	5.53753938660032e-13	0.292780680268934
AT4G29050.1	4.26825289496629	3.44829651207951	1.77287633098178e-05	0.00191227506420641	0.343133295892375
AT4G29700.1.DE	-4.85083969489571	5.78851571923259	1.94192192149829e-07	3.5245882875194e-05	0.291024934960932
AT4G29880.1	-4.75135849213412	2.66770254351344	7.36751442874468e-05	0.00609952641916599	0.462851526407168
AT4G30610.1	-3.35115166868261	4.94588614053932	0.000258509500073089	0.0180726863828875	0.322685365182668
AT4G32280.1.DE	5.92120941292059	3.37921118871007	1.46379514357582e-07	2.79096940708456e-05	0.370564777728389
AT4G32510.1	-7.89177887451105	4.21571027807178	5.83094502185951e-13	2.82217739058e-10	0.287559011885595
AT4G33150.1	-3.63671602670485	6.69615020277215	3.0047279118795e-05	0.00289373694207334	0.286479980344626
AT4G33270.1	-6.40943451143331	5.0276004720692	5.15719888167433e-12	2.21243832023829e-09	0.246855250032743
AT4G34940.1	-6.42626415912453	0.504630909103397	0.000807448492186868	0.0448276404074098	0.870107103289073
AT4G34950.1.DE	3.60921109321061	5.73114266850048	4.51962259389363e-05	0.00406249505153982	0.294870927352697
AT4G37780.1	-9.38644618809025	0.254858574215141	0.000167774106225469	0.012468126098866	0.866003287473398
AT4G38660.1.DE	-4.81020897513878	5.60562952197066	1.33081871470297e-06	0.000200964272469866	0.331735431190758
AT4G39110.1	-4.74116661571533	4.77082485967764	3.99773118960894e-07	6.73760481563021e-05	0.294654925750032
AT4G39590.1	-7.26838649756729	0.476276525262947	0.00030045165032478	0.0202547333983234	0.834152073883252
AT4G39610.1	-5.86261755868485	2.35162918702833	4.06396914945626e-05	0.00377531508288314	0.580908113853005
AT5G01910.1	-6.13655360949946	2.40625411154253	6.56381312771556e-06	0.000799345397411348	0.516819929882865
AT5G02050.1	-2.81319543874344	5.10516525763792	0.000377969850393741	0.0241849454102788	0.253601117108146
AT5G05270.1	-3.62708626206839	6.7892105238461	0.000204142690255442	0.0147639747941062	0.357440626069148
AT5G08020.1	-5.5709947261348	3.53407752440937	8.37873698004312e-06	0.00100099391921072	0.474300925587686
AT5G08480.2	-4.21120758729892	2.2663671568739	0.0004261211249018	0.0263720077168734	0.486755269931474
AT5G10400.1	-4.84847700324437	6.1177397004168	1.27693007767588e-06	0.000194381710856531	0.335318872155557
AT5G11440.1	-8.59496351111188	3.08675856269047	2.29911697722254e-10	7.61370737930748e-08	0.381101825294688
AT5G13150.1	-9.65129175728002	2.79598979705482	6.38865266260977e-10	1.81852471786579e-07	0.430068037570241
AT5G13520.1	-3.43135450687781	4.80584933244733	2.12229898352361e-05	0.00219545237040114	0.249435984083805
AT5G13670.1	-11.2136236506616	2.03594652780419	8.16712677530368e-08	1.6400285639429e-05	0.570230288778974
AT5G15830.1	4.76020130972574	2.10420801547996	0.000302978275955196	0.0203523769997519	0.549360416709176
AT5G15960.1	-6.56707704380974	7.24519793929911	5.75932418483762e-11	2.1742600662599e-08	0.287782273755878
AT5G17165.1	-4.34582980985638	2.26577077216268	0.000352732556961473	0.0228803427670267	0.496682019075866
AT5G17200.1	-9.79355582922997	0.647019008377035	5.54799223458811e-05	0.00480384868899473	0.815201393730832
AT5G17340.1.DE	-12.8039847823167	3.6139595147755	8.85080953567469e-15	5.96671002840698e-12	0.322924754836844
AT5G17480.1	-12.4315007967391	3.24333868718861	3.46889858596333e-12	1.55902213592009e-09	0.389895794993329
AT5G20940.1	-4.00188237532723	2.76249941441974	0.0002049338317224	0.0147646221663817	0.406339699427594
AT5G22500.1	-5.86579025170679	5.47985600631715	6.22645922358428e-07	0.000101319520952049	0.416734756310042
AT5G22880.1	-4.63696706191963	7.29451524824108	2.4853441048938e-06	0.000347506335733151	0.331603694196613
AT5G22940.1	-4.45410350687841	4.6112001459262	3.75556331440788e-05	0.00352686632451558	0.4006783550538
AT5G23010.1.DE	5.42372414170481	7.3472450524769	7.79417850515034e-09	1.910687187834e-06	0.281520574245229
AT5G24660.1	3.2224461228744	4.56405111416846	5.10560298394642e-05	0.00448248194999873	0.247068252211435
AT5G25250.1	4.12360462055477	4.27486295584854	1.03395754634163e-06	0.000162641522039538	0.254256356556126
AT5G25830.1	-3.21790423041984	3.07382142422057	0.00083141314430315	0.0458881710873282	0.354783774046397
AT5G26730.1	-12.0554599111567	5.99419252831527	5.60976521779901e-19	2.11779856502348e-15	0.298696551894658
AT5G29560.1	-7.63844698917099	0.775593099031835	0.000121120128263245	0.00936993254547958	0.789416046188798
AT5G35735.1	3.42197239849511	5.19096071436558	6.78852071266493e-05	0.00566991668018864	0.282410472735955
AT5G38250.1	8.82470709205271	2.02136489735297	9.57670729390641e-07	0.000151907501579645	0.615875989109608
AT5G39400.1	-7.35012645633211	3.61902739354071	7.72090682777471e-11	2.80268917848222e-08	0.315438178757523
AT5G39670.1.DE	4.23065390094475	3.02588440298808	3.75083101015552e-05	0.00352686632451558	0.362413850557992
AT5G39870.1	-12.6236087272332	3.43442451576151	2.15130835623198e-13	1.12800268145097e-10	0.356003468515278
AT5G39880.1	-7.54342756519605	5.53988275125851	1.61667377098048e-14	1.05228738279405e-11	0.248431665844114
AT5G42650.1	3.68709581421145	7.45817518322784	1.57187185550452e-05	0.00174533253791196	0.274230378880792
AT5G43185.1	-7.145992136742	0.35920801821683	0.00040978569381507	0.0255284315394497	0.848566851875857
AT5G44568.1.DE	4.67072872394271	2.73636921820584	4.55737882541414e-05	0.00407701813784443	0.430736615277089
AT5G44630.1.DE	-10.2609425237293	5.71476548022348	2.80515788576053e-18	7.40797090685118e-15	0.270987257686403
AT5G45116.1	-10.3467098718193	1.18364508940529	1.21774331474752e-05	0.00139309835207116	0.762581930846434
AT5G45820.1	3.11013232702484	4.98438478558353	6.32077008933097e-05	0.00535026261014401	0.238780790304855
AT5G46700.1	-3.81487359278935	4.80173016766471	1.68473782312363e-05	0.00182765006605067	0.289926820255021
AT5G46970.1.DE	-10.2832613762436	1.12276497017505	1.66270292370071e-05	0.0018221433219334	0.779721304361459
AT5G47220.1.DE	3.71999892570691	4.3369299563797	4.74743691791122e-06	0.000613785063441727	0.24605752483243
AT5G51030.1	-3.68757533723235	3.13371260532583	0.000251762006082614	0.0177323120403561	0.369402701268552
AT5G53660.1	-4.28805583641791	2.12818036155707	0.000482492069119115	0.0292846311790753	0.509433403888259
AT5G53950.1	-5.47097939011127	1.57495724173926	0.00033591981865518	0.0223105089731694	0.671483574913
AT5G54585.1	5.12820851118181	4.37842119275678	1.07469096428454e-08	2.56783122048543e-06	0.259773154030293
AT5G56970.1	-7.49971139627532	2.97218335711213	5.50294749622535e-09	1.42292653340753e-06	0.39436226511376
AT5G57130.1	-2.92597899518154	4.53024888279681	0.000187251435559124	0.0136998375876512	0.245803111282205
AT5G57410.3	-2.950708679082	3.65253163625349	0.000581310995210881	0.0340771004521757	0.291141266403583
AT5G57720.1	-7.90966617712641	1.89749342219462	1.63458175116069e-06	0.000237341270268531	0.577565535871321
AT5G57810.1	-8.42118259123662	3.29013669570459	9.36728361193367e-11	3.33616689545019e-08	0.362465216862212
AT5G58770.1.DE	3.12431731605451	5.36553317220176	7.15837819834009e-05	0.00595249105162412	0.244387980435977
AT5G59040.1	-10.5996307557317	1.43168488630097	4.52147711442268e-06	0.000588602772495466	0.721525865370024
AT5G59080.1	3.51517784179214	3.85645642808527	5.40712178399742e-05	0.00470344842372052	0.285714796224838
AT5G59845.1	-7.34450788797295	4.58978635650043	1.88937308886948e-13	1.02786338950687e-10	0.256764074878835
AT5G60615.1	-7.94223866243816	2.86135882277207	5.23646890125087e-09	1.3728275969446e-06	0.414985580677813
AT5G60760.1	-3.39299644521324	3.79003465321514	0.000508354331078495	0.0303452822847605	0.360096688214653
AT5G61000.1	-4.72604839447215	4.1451710106465	1.0029507332184e-05	0.00116862333581669	0.382667691273897
AT5G61160.1.DE	7.33866293070207	0.58318178346253	0.000263911792564595	0.0183822841197391	0.841121171425188
AT5G62310.1	-6.2454848660405	2.69654001400193	5.68287586459947e-07	9.40964603685786e-05	0.427426023687301
AT5G62850.1	-4.00805049880391	3.98152627643242	1.46750401820095e-05	0.00164884558616436	0.306218121403363
AT5G64770.1.DE	5.11407834466161	5.90554465685673	6.84161790285134e-09	1.745167291003e-06	0.255403352966671
AT5G65690.1	-8.86210815092916	4.83786698456898	3.74532605313347e-16	4.15863379876161e-13	0.257995805893158
AT5G66170.2.DE	-2.95932306249115	3.9906138086322	0.000490638851578232	0.029494582682773	0.285149446656728
AT5G66940.1	-10.0228299354119	0.868867278525006	2.68285393468573e-05	0.0026870316332418	0.781856734273747
AT5G67260.1.DE	-2.75861704807829	5.99297624579513	0.000556284981356897	0.0328138603377899	0.26049468146518
