logFC	AveExpr	t	pvalue	padj	dispersion
AT1G01100.1	-2.73093094481898	7.13066845141372	-10.768256588043	0.000172779154597768	0.0193782842773974	0.253609386300414
AT1G02050.1	-5.50150138680764	4.66403125074634	-15.174378807865	3.58519644236032e-05	0.0148747909595681	0.362552000082939
AT1G02520.1	-5.74819031279231	1.72691564760584	-15.2474888819252	3.50647798595802e-05	0.0148747909595681	0.376992589226044
AT1G02730.1	-5.4824304994625	4.19347031751126	-12.8141537291229	7.80788242683334e-05	0.0152018647603951	0.427841792392617
AT1G02970.1	-5.19221707384636	-0.0764147222280344	-10.2048376663096	0.000220456254421601	0.0220084789670561	0.508799575615788
AT1G03470.1	-3.2339937957252	2.30752365583063	-7.52047144862983	0.000861293280482779	0.0432296262730712	0.4300254070261
AT1G03680.1	1.5422891325599	7.75034745952849	7.1839386395238	0.00105243011048511	0.0486976744162331	0.214685732987015
AT1G03850.1	-2.89822988624583	0.564281074031274	-7.31806090703347	0.000970709624304747	0.0462235366544838	0.396037956374524
AT1G03920.1	-3.58970237232685	1.6818611982376	-10.0396190587352	0.000237348325310825	0.0224484707164789	0.357553643352987
AT1G04030.1	-2.48564314470403	2.46289551474636	-8.54919995781507	0.000488377297010616	0.0326231246390375	0.290745702167351
AT1G04150.1	-6.68085998928597	-1.65895609546579	-7.66594445696466	0.00079171448198567	0.0410997837943571	0.871498616614196
AT1G04645.1	-7.49762145364681	-2.48735262803559	-10.9736286294911	0.000158560625828814	0.0188401251193626	0.683239947950974
AT1G04700.1	-4.02121493256229	2.37482960362194	-12.8495062100435	7.70981726700975e-05	0.0152018647603951	0.312947039896304
AT1G04820.1	-2.76131988720576	7.76570671113188	-7.89922056682373	0.000693674582302957	0.038980220754814	0.349568652229202
AT1G05080.1	-5.96602738465665	-3.25390290831787	-8.33831916290621	0.00054580124887519	0.0345133810599639	0.715495205700098
AT1G06170.1	-7.31876002831022	0.690355888726568	-13.7286537878531	5.68829982582214e-05	0.0148747909595681	0.533101070316577
AT1G06750.2	-5.20964836736523	-0.487640796946919	-10.0629909952588	0.000234866400346657	0.0224484707164789	0.517703769169602
AT1G07090.1	2.07811364545931	3.84784031085453	7.96575263790505	0.000668428172636707	0.0383522977200859	0.260881016511937
AT1G08930.1.DE	4.70678603367246	4.73989869056583	11.2900079330455	0.000139315823128953	0.0188401251193626	0.416898381434778
AT1G09080.1.DE	2.51652647271915	1.65882530099987	7.55525411501024	0.000844011552627609	0.0427898562149519	0.333082969071748
AT1G09155.1	-7.79998923299363	-2.33280796983026	-12.1446928058802	9.98376463018666e-05	0.0160843097749382	0.642254963354611
AT1G09160.2	-1.602138124333	4.79199236566099	-7.63136770011428	0.000807622551026574	0.0415300849163741	0.209941151742565
AT1G09380.1.DE	-9.42924928649293	-0.699193820974718	-14.772597125589	4.05802232099555e-05	0.0148747909595681	0.638293267346987
AT1G09575.1	-3.21951143577433	1.23338404016573	-9.27278616276894	0.000339530463203111	0.026777957250499	0.34720000863397
AT1G10030.1	-2.13806368106352	3.13484029672994	-8.71915978617974	0.000447318096990504	0.0311000189167837	0.245214416697862
AT1G10060.2	-2.61604046399115	5.80775744023905	-10.804721760752	0.000170145672030961	0.0192412869109204	0.242120113957388
AT1G10780.1	-5.38273979210474	1.22067620390164	-13.9432137881239	5.29642429813133e-05	0.0148747909595681	0.386047282491607
AT1G11120.1	-5.63372772789621	1.2492502169073	-12.0386199993123	0.000103925177014434	0.016278027438801	0.467971223297857
AT1G11770.1	-9.0356024291295	-0.225074843876411	-13.6179484346052	5.90417728372384e-05	0.0148747909595681	0.663506876422643
AT1G12000.1.DE	-2.72345732202015	5.67207698139849	-9.35401873095016	0.000326482359449285	0.0264207323030599	0.29115371695899
AT1G12080.2	-7.17536650423887	4.41609392001657	-11.0582803944297	0.000153113053572659	0.0188401251193626	0.648868200869028
AT1G12280.1	2.01923330888532	4.24904303160739	8.83042538496022	0.000422677996949292	0.0301718180436677	0.228667727867836
AT1G13150.1	-4.6812453546052	3.10841691469876	-8.86305265093833	0.000415764199084665	0.030093304985237	0.528175284404927
AT1G13245.1	3.37451668510159	4.40972718667304	14.8187861574032	3.99998200305996e-05	0.0148747909595681	0.227718832653222
AT1G13340.1	4.49675339206981	1.22114768407259	11.9017795456235	0.000109500957751262	0.0168399469150911	0.377821936193008
AT1G13580.2	-1.93765069700884	3.48656072453589	-8.1599306588615	0.00060080541354151	0.036306764391708	0.237459211115305
AT1G14150.1	1.86721098571917	5.56145702646727	7.9950980688633	0.000657643818817554	0.0379733572840119	0.233544475581979
AT1G14580.1	2.27586201580346	4.16746743524291	9.51039328210382	0.000303022335747097	0.0257276346992255	0.239302618545341
AT1G14900.1	-4.73955563127831	4.2080086722448	-18.4216701658034	1.46016230563369e-05	0.0140380422091884	0.257281537918123
AT1G15125.1.DE	8.17225250208751	3.97842148009659	18.7016734983421	1.36135206454998e-05	0.0140380422091884	0.436979744235829
AT1G15385.1	-5.3516155548512	-3.55753280270916	-7.48117388591735	0.000881331050776658	0.0438144459980916	0.71534436125394
AT1G15870.1	-4.03779997134957	-0.668354973147194	-7.33920561658835	0.000958530267231522	0.0457509350317476	0.550168530804367
AT1G15910.1	-1.67674152862471	4.90415918131352	-7.94835758625483	0.000674920977642816	0.0384817914742203	0.210954465803641
AT1G16320.1	1.68541846728181	5.6438513436652	8.10329842772295	0.000619643030932908	0.0367355366584353	0.207991657016564
AT1G16360.1	-5.02498487314397	0.351549512580924	-10.3522950074558	0.000206590002143149	0.0214543875527468	0.485398152730863
AT1G16630.1.DE	-5.972709138628	1.76181274388298	-12.4994091377957	8.75083125171739e-05	0.0153346463219978	0.477839318065661
AT1G16705.2	-7.33190224288467	0.976818812223484	-16.5190179217626	2.42088494838136e-05	0.0140380422091884	0.443846134050464
AT1G16760.1	-9.46691009146628	-1.49932117716598	-15.2391587223207	3.51534092424072e-05	0.0148747909595681	0.621222618910069
AT1G17540.1	-6.7344171275062	0.496341915629712	-14.5702011981488	4.32467616627267e-05	0.0148747909595681	0.462204813504004
AT1G18080.1.DE	-1.63296957439512	7.987563098524	-7.50167537526909	0.000870808500928608	0.0434670602276708	0.217680650348929
AT1G18520.1	-8.90496705839339	-0.960967093469056	-14.1223182973983	4.99406661983644e-05	0.0148747909595681	0.630559860701761
AT1G19500.1	-7.36598950414992	-0.591776625149934	-12.3445647835548	9.2650197857953e-05	0.0155869660025966	0.596699003432082
AT1G19520.1	-1.80120335338725	4.89867403941567	-7.82681479947376	0.000722461460411899	0.0396049730205532	0.230132359016385
AT1G20030.2	-2.32831742444956	2.83513531349045	-7.75551277588428	0.000752220861044679	0.0398852672118904	0.300214504408973
AT1G20750.1	-5.23211301146513	-3.61770156475557	-7.30138512367104	0.000980445740828487	0.0465523836594766	0.716591841526432
AT1G21000.1	3.24791593882515	5.80830781156219	13.6999681643949	5.7433086422994e-05	0.0148747909595681	0.237074707024956
AT1G21130.1	9.05465779473513	3.58204153328378	16.6443291646202	2.33761685136991e-05	0.0140380422091884	0.544008575243875
AT1G21250.1.DE	2.60505030806563	7.33037652555278	10.1122896896833	0.000229732991310366	0.0223612248041883	0.257612310169806
AT1G22190.1	2.19319675662831	3.83807724917597	9.37076826078648	0.000323867464283982	0.0263483100644646	0.234046632633751
AT1G22350.1.DE	4.39102191764132	2.28600130113162	11.2338310199098	0.000142518003251483	0.0188401251193626	0.390874841348341
AT1G23340.1	-2.56087990488482	2.03643870692681	-7.21624521588255	0.00103201586398118	0.0479975432712341	0.354877062554424
AT1G23580.1	-9.58714737651292	-0.208659363140931	-12.8247937769347	7.77821007020078e-05	0.0152018647603951	0.747547878216597
AT1G23810.1	-7.33364110034673	-2.57131819125727	-10.3994264558674	0.000202381240552553	0.0211329437931773	0.705196688631713
AT1G23840.1	3.74178068857288	1.92211023481902	11.0758017355953	0.000152013864398218	0.0188401251193626	0.337833845160626
AT1G24145.1	6.16151415216137	1.22349822139238	9.32764441033977	0.000330651545607007	0.0264207323030599	0.660564863014213
AT1G24600.1	-4.35229042159257	1.76949201125416	-12.6660698362286	8.23538909625819e-05	0.0153242289140791	0.343618066051063
AT1G24625.1	3.50219050373883	1.77678090535467	9.01532608940298	0.000385240089897829	0.0287652970139053	0.388470751807354
AT1G25340.1	-5.55989866892724	-2.2216808471347	-7.55389039352186	0.00084468124472166	0.0427898562149519	0.736031154714047
AT1G25440.1	2.32261596491485	7.64630698710214	10.6944298758855	0.000178262921711731	0.01948670388238	0.217179970495859
AT1G26330.2	-4.76203323537984	0.596438056009479	-8.58986023000786	0.0004781560543411	0.0322312306395212	0.554378430832219
AT1G26770.2.DE	-3.44360903736854	3.66793545126306	-8.48660819879915	0.000504629788126251	0.0333006785607575	0.405769767697748
AT1G26795.1	-5.41376854747548	-3.52892782504993	-7.47563797397424	0.000884198477249225	0.0438144459980916	0.724188165120225
AT1G26800.1	2.46973494387876	3.10412639570322	8.74157986487136	0.000442217040357043	0.0309490299528992	0.282527298503965
AT1G27200.1	1.78743702225118	4.20941768984176	8.32175801753086	0.00055064554206381	0.0347391055634423	0.214790795224484
AT1G27770.1.DE	1.44463817621131	5.92473309018515	7.15287486339645	0.00107251642902551	0.0488802052786978	0.201966091089331
AT1G27940.1	-2.70400704568908	2.42653975827189	-7.79910491150845	0.000733855998216019	0.0396049730205532	0.346707356340215
AT1G28360.1	-3.69429521464302	0.261269047648273	-7.77914350000256	0.00074219798649692	0.0397298135562693	0.474897424715434
AT1G28380.1	1.94875707929689	5.68755238424094	9.00573525870567	0.000387081327227139	0.0288238100881105	0.216390669203058
AT1G29640.1	-2.93245811760423	2.11126565024633	-9.89468824424518	0.000253464386037583	0.0230595281380796	0.296366903657603
AT1G30020.1	-8.56061156654648	-1.13168296331397	-13.4411461657597	6.26986039407039e-05	0.0148747909595681	0.63689595076006
AT1G30050.1	-8.09665068690801	-2.18553771251474	-12.4562975865579	8.8904516588402e-05	0.0153354664246855	0.650004596521961
AT1G30330.2	-1.74377349445111	6.82133586508882	-8.46932398326732	0.000509231751907293	0.033412835273019	0.205892878569323
AT1G30740.1	-6.52037229080685	-2.15528826105138	-7.81328573732281	0.000727998011481237	0.0396049730205532	0.834523721519627
AT1G32300.1	-7.40745009763772	-2.53098295175117	-11.0816053556401	0.000151651878069722	0.0188401251193626	0.668445578046833
AT1G32760.1	-3.00896778460268	1.82388584136625	-9.24926676145402	0.000343424830588412	0.0268186255955776	0.325319602321607
AT1G33720.1.DE	3.33378355569707	2.7019800443791	7.86953482787052	0.000705307445972846	0.0392294880255999	0.42363159050904
AT1G33740.1	-6.65592000753437	-2.90542435638959	-9.91875826317695	0.000250698633753586	0.0230595281380796	0.671043676126704
AT1G36150.1	-8.53437609199913	-1.15541056853275	-13.9645692044815	5.25923309513213e-05	0.0148747909595681	0.611144960294248
AT1G44160.1	-5.87949290352145	-0.303757455475435	-12.1423926491929	9.99242020773932e-05	0.0160843097749382	0.48421205551381
AT1G44170.1	-1.4946593099315	5.98675222179271	-7.15780657341022	0.00106929706981756	0.0488802052786978	0.208815269678263
AT1G44740.1	-5.08868564550951	-0.704639167344195	-9.29068989794202	0.000336601523539572	0.0266678427981032	0.547718813286052
AT1G48020.1	-6.67867785496501	0.650045330107661	-14.9937813421641	3.78899489955977e-05	0.0148747909595681	0.445429855388372
AT1G48610.1	-2.15275295134676	4.20071210613554	-10.0434193456317	0.000236942620171444	0.0224484707164789	0.214344624799828
AT1G49290.1.DE	-5.99635459549291	-0.095071745575302	-11.7030754942875	0.000118254921010517	0.017518304344886	0.512374255674917
AT1G49740.1	-1.4965312271514	5.82742188169006	-7.51550991676852	0.000863792825310832	0.0432753854062894	0.199125707200832
AT1G50820.1	-7.21924079574732	-0.66211496306462	-13.2492520798459	6.69820634118347e-05	0.0148747909595681	0.544879118628053
AT1G51790.1	5.00879749608099	0.760606450238714	10.9565852523362	0.000159685510478197	0.0188401251193626	0.457149502397472
AT1G51800.1.DE	3.69128376071387	2.48843407890556	10.6343219677517	0.000182883207608286	0.0197007863247282	0.347110400823635
AT1G52087.1	-6.03138338614353	-3.21876530849067	-8.66669331567649	0.000459534408245033	0.0315616546087453	0.695926712352201
AT1G52400.1	-3.83050455189639	9.71845009448255	-7.67678658381648	0.000786803779466313	0.041079598094971	0.498972390345137
AT1G52430.1	-5.3733516384188	-0.407170831705509	-11.038577481462	0.000154360573553462	0.0188401251193626	0.486779356075792
AT1G52590.1	1.80959065706134	4.08504269273867	8.05994037884226	0.000634545733323579	0.0371113935965683	0.224516630645508
AT1G52800.1	6.04586823477031	0.134461859966706	12.4318487206796	8.97082663351503e-05	0.0153767867339509	0.486320930266259
AT1G53760.1	-2.00320369068376	3.33034130822943	-8.52695412387358	0.000494080566411764	0.0328431018463078	0.234926054671179
AT1G54940.1	-8.92278972516485	-1.77142246143768	-14.2365809972508	4.81204931591735e-05	0.0148747909595681	0.626750884000022
AT1G55020.1.DE	-2.3552458344873	4.94013906352092	-8.90658436037591	0.000406750196485126	0.0297999189650689	0.264438727484067
AT1G55210.1	-1.78670990877948	6.55890999816089	-7.39230018686992	0.000928745418389375	0.0448000489075824	0.241698776241934
AT1G55450.2	3.4596975491556	4.52899279196589	13.7966256237033	5.56047492612572e-05	0.0148747909595681	0.250764037781215
AT1G55570.1	-10.4432675422172	2.44820063651876	-23.2282848051011	4.96262618535549e-06	0.0140380422091884	0.44959271120715
AT1G56360.1	-8.65671985474427	0.417532003369414	-17.1441929744055	2.0380956173434e-05	0.0140380422091884	0.504935978477836
AT1G56500.1	1.71826615936671	6.59993359783152	8.28342458933563	0.000562057934408027	0.0350533797353693	0.207434273208555
AT1G56650.1	3.87399221052913	1.28579936301067	9.72057068871979	0.00027460437612739	0.0239107593194118	0.398535470250188
AT1G58225.1	6.35710999587327	0.881652727313518	14.4041046734042	4.55946007138346e-05	0.0148747909595681	0.441340169348469
AT1G59870.1	4.64505598774187	8.18452265328783	20.3304343387184	9.23293595060309e-06	0.0140380422091884	0.22847795134881
AT1G60340.1	-6.55376004257282	-2.96092859737439	-9.23041907781397	0.000346584486316464	0.0269111498292561	0.710017604544661
AT1G61190.1	2.23789054689866	6.52286891371135	10.779941185824	0.000171929986991835	0.0193627267168408	0.207597658310193
AT1G61563.1	-8.27582449513421	3.17467924909113	-19.4001360862397	1.14805233333639e-05	0.0140380422091884	0.426585899106356
AT1G61790.1.DE	-1.64720114078523	6.06412555318169	-7.59109019398022	0.000826639185734993	0.0422246632780621	0.21699138051231
AT1G62180.1.DE	3.10710534019595	7.82198768775242	9.74365309275125	0.000271683030512215	0.0238042999449777	0.318885053749242
AT1G62870.1	-2.83392829474818	3.23093735367646	-10.8799596010438	0.000164863363767759	0.0190556152812374	0.260472317790252
AT1G63100.1	-6.38036160086798	1.59664906621429	-10.9955071823963	0.000157130586096536	0.0188401251193626	0.580269877053316
AT1G63350.1	4.00000565763953	1.80120333880213	11.181541973871	0.000145578661036019	0.0188401251193626	0.357732919751741
AT1G63910.1	-5.17892801760656	-0.718582556833273	-8.79026527230552	0.000431378762392645	0.0305441899592752	0.589166294437463
AT1G64450.1.DE	-3.06958706538166	2.83443878307248	-10.9782630382219	0.000158256402919252	0.0188401251193626	0.279605895276382
AT1G64860.1	1.7558257627035	6.96069024586551	8.42092952754303	0.000522387634775736	0.033499182583948	0.208507357407585
AT1G65290.1	-1.81682951422462	6.37988826887635	-7.29067083829224	0.000986762965912901	0.0466721563376853	0.249199223846758
AT1G65900.1	-3.91762602494274	3.60892485002382	-15.3430567624036	3.40670608554156e-05	0.0148747909595681	0.255335431890106
AT1G66100.1	7.81140682997084	1.98422444482178	9.25623811751397	0.000342264928228991	0.0268186255955776	0.843907290499655
AT1G66170.1	-5.20153838491068	-1.68854155655395	-9.19730956848501	0.00035222013143778	0.0271558998035311	0.565549995482808
AT1G66850.1	-10.4668019408476	3.78077102877876	-21.5825271221502	6.99009421894847e-06	0.0140380422091884	0.484966467624892
AT1G66880.1	2.63645751526201	5.62931457310177	12.8320851549108	7.75795491380847e-05	0.0152018647603951	0.205458230944878
AT1G67000.1	5.41535851677843	1.08202857962575	13.2806842579879	6.62567691579068e-05	0.0148747909595681	0.407762010720289
AT1G67260.1	2.79391030392611	2.46701282141333	9.43719519752584	0.000313742087592603	0.0259112935007539	0.296053037523118
AT1G67320.3	-2.74445224574501	3.00927710933995	-8.4703738249936	0.000508950794830467	0.033412835273019	0.324006035913897
AT1G67830.1	-3.37161076767548	4.0886291635559	-12.2379835356202	9.64021285084637e-05	0.0158273711468052	0.27550378359817
AT1G68110.1	-6.02060439632699	1.80530199066858	-13.0623835777745	7.14976743121529e-05	0.0148747909595681	0.460911621564305
AT1G69490.1	3.40076028506846	5.12155613999341	10.2319807231313	0.000217821551084707	0.0219870687157874	0.332365783037531
AT1G69720.1.DE	3.21235772753538	3.39560340781799	12.1955343629186	9.79473665943059e-05	0.0159847756237198	0.263404425910421
AT1G69940.1.DE	-9.9897632847605	3.661771760099	-24.2713451371724	4.04303037422849e-06	0.0140380422091884	0.411586717930225
AT1G70170.1	-5.91151492259273	-0.970074279844844	-10.4286300774565	0.000199825223866252	0.0210034204520444	0.566854407404054
AT1G70410.2	1.90849170750315	6.73291815114843	7.84207234426709	0.000716278024178149	0.0395170875930188	0.2433657359586
AT1G70440.1	-7.92961255844589	-2.27182572125349	-11.5418068012515	0.000125986399036318	0.0183869939281824	0.68703390162328
AT1G70760.1	1.82650241559165	6.94282826989399	8.23546109226975	0.000576739958072485	0.0354019613002422	0.221785082234935
AT1G70890.1	4.38048767536639	3.05724938666719	15.3561474347976	3.39330840205617e-05	0.0148747909595681	0.285259547941045
AT1G71030.1	3.37944674097741	5.21109245572525	7.54122014942676	0.000850933847701132	0.0428958480019402	0.448129967566892
AT1G71110.1	-2.11938982905631	3.68496012683887	-8.15393361069715	0.000602767357661666	0.0363447379772368	0.259922379828538
AT1G71680.1	-10.8594589056153	0.417491674225067	-16.6669617685357	2.3229494068531e-05	0.0140380422091884	0.651555997813355
AT1G71690.1	-6.8578740395277	-2.80448287009667	-10.2185101079302	0.000219124337139713	0.0220084789670561	0.67112269470728
AT1G71760.2	-4.49739762902277	-0.944497011551849	-8.38842926968711	0.000531452149143307	0.0337626966730809	0.536142999414064
AT1G71790.1	-2.98150959578284	3.12931689551403	-9.9195623077411	0.000250606874493194	0.0230595281380796	0.300568664552478
AT1G72100.1	-5.84701933451176	-3.30925439910547	-8.45664027671076	0.000512640912706959	0.033412835273019	0.691411617757256
AT1G72460.1	-9.19560142409607	-1.63508266172926	-14.7196484968157	4.12581425313748e-05	0.0148747909595681	0.624716101480641
AT1G72720.1	-3.69505523690577	0.0849276624857965	-8.69269726124039	0.0004534301951805	0.0312855355429097	0.425075799358796
AT1G72730.1	-3.19422148243746	3.49949698156494	-12.9541474373713	7.42814547598273e-05	0.0152018647603951	0.246579058782554
AT1G72900.1	2.91317046627747	3.38446889167054	11.1224879630351	0.000149131168958662	0.0188401251193626	0.261917160617231
AT1G73010.1.DE	-2.64225310754817	3.06488818216422	-9.42248539156184	0.000315951061264315	0.0259448118841709	0.280419973897163
AT1G73500.1	2.25371360496298	4.21422227335758	10.0560270151511	0.000235602639373225	0.0224484707164789	0.224115707084654
AT1G73590.1	-2.09884733126702	4.02717346838353	-9.42181707881391	0.000316051865617698	0.0259448118841709	0.222764601956297
AT1G74810.1	5.4835155503647	1.07295068038968	13.3009002567882	6.57952982425685e-05	0.0148747909595681	0.41226649659042
AT1G74820.1	-5.26106098241721	-3.60598861999407	-7.16839632142327	0.00106242320541749	0.0488802052786978	0.733924401849009
AT1G75110.1	-3.06156476755581	2.52163139097573	-10.8191416861099	0.000169117646022119	0.0192412869109204	0.282976677483241
AT1G75840.1	-1.48629126189494	5.65737425040603	-7.16889795996147	0.00106209890297969	0.0488802052786978	0.207324929186596
AT1G75940.1	-10.06664146229	5.18576550540256	-29.0041076428478	1.75894619204267e-06	0.0140380422091884	0.347076406771383
AT1G76740.1	-5.25895693282002	1.732857111676	-11.4561815921217	0.000130339072506153	0.018501359802514	0.459049718314218
AT1G78980.1	-7.47780368978141	-1.66733587075601	-10.7559747042469	0.000173677186240234	0.0193991722696366	0.6952232499049
AT2G01420.2.DE	2.27152097202228	5.32868797238862	9.13099485674769	0.000363842866923063	0.0275449263753365	0.248770370333048
AT2G01520.1	-7.55119687532404	1.43870687480323	-17.2391870889636	1.98654849413153e-05	0.0140380422091884	0.438025113153871
AT2G01830.2	-3.22427572824484	3.32817837065458	-8.7081512242864	0.000449848661540458	0.0311963751186352	0.370259501150206
AT2G02850.1	-5.44130325842998	3.36515224608282	-16.5504137041985	2.39969037639007e-05	0.0140380422091884	0.328771434701334
AT2G02930.1	6.27442353767752	-1.57281107264129	9.32469820518265	0.000331121241277311	0.0264207323030599	0.672882210192091
AT2G02950.1	4.08091673491001	1.91726594805745	12.4904181108012	8.77972970483913e-05	0.0153346463219978	0.326723789284604
AT2G04795.1	2.48192346323113	1.96517251501278	8.14433980656879	0.000605922003218693	0.0363740050126041	0.304742130384754
AT2G04810.1	-5.12677540786561	-3.66939754695196	-7.1553115736345	0.00107092432722448	0.0488802052786978	0.716499254449866
AT2G05850.1	-6.20699138192785	-0.558800505802695	-8.2853945062683	0.000561464581646199	0.0350533797353693	0.749148562235867
AT2G06270.1	-5.20034357235478	-3.63544774256754	-7.12586433180327	0.00109035571275857	0.0491182720587141	0.729784252156648
AT2G07690.1	-4.43053672176887	3.17462527921202	-9.18383943647927	0.00035454442271476	0.0272190244976565	0.482427502398426
AT2G10970.1	-8.37529198180438	-2.04670848219805	-12.7878314479287	7.88187794395962e-05	0.0152018647603951	0.654942318868377
AT2G15020.1	4.63794734613635	5.38083059465546	19.6014703669331	1.09423922558307e-05	0.0140380422091884	0.236612216293753
AT2G15580.1	1.96793433475747	5.20743438704768	8.00795418809101	0.000652985064656703	0.037945532947023	0.245747451663008
AT2G15620.1	2.62787918713442	7.15209583679445	9.4464834824198	0.000312356835610009	0.0259112935007539	0.278185971745464
AT2G16270.1	-4.02899943288761	2.91295750438656	-13.5978163089583	5.94449202081396e-05	0.0148747909595681	0.296297533467436
AT2G16535.1	-9.33502539133015	-1.56748082153785	-13.8563700789371	5.45097861050878e-05	0.0148747909595681	0.673699196698001
AT2G17560.1	-2.14900818466351	5.66886108268903	-7.16213190715523	0.00106648306064031	0.0488802052786978	0.300051466870719
AT2G18390.1.DE	-1.68472671313053	3.62242053909954	-7.38866261135014	0.000930750313405945	0.0448174364691972	0.228015109330141
AT2G19070.1	-10.8199615482001	1.58321944901044	-19.5770554005986	1.1005997163953e-05	0.0140380422091884	0.55268585222828
AT2G19650.1	2.25836374014206	4.38917553319888	7.84858634333007	0.000713657436400307	0.0394523727619756	0.287741465959826
AT2G19660.1	-4.45280134747307	-1.78577318851742	-7.15519818121228	0.00107099835298215	0.0488802052786978	0.622316983359733
AT2G20590.1	-4.66288529915666	1.66396052752876	-9.34450510407358	0.000327978916148181	0.0264207323030599	0.498997565652134
AT2G21050.1.DE	-2.80862536244188	3.92182055079747	-7.28840399491304	0.000988105753535055	0.0466721563376853	0.385355334913127
AT2G21260.1	-4.91122924093285	0.0857218892573696	-10.4416461833455	0.000198698545173582	0.0209896517448093	0.470350091805092
AT2G21490.1	-9.16732086060682	1.59087898969462	-17.8677547539693	1.6824979379322e-05	0.0140380422091884	0.513065070952484
AT2G22340.1	-5.85950255231026	-1.72121159133673	-9.91307260984417	0.000251348648468936	0.0230595281380796	0.591088432711719
AT2G22670.4	-2.30435239795569	7.94574557452624	-9.9952989433977	0.000242142119400476	0.0226004839799335	0.230543619656099
AT2G23600.1	2.79076361533613	6.05199475617093	11.8141727613624	0.000113260587957652	0.0171489114677658	0.236221669659611
AT2G23840.1	2.04539559015791	5.03907345812059	9.82921747642694	0.000261175260388522	0.023337936218455	0.208093431146814
AT2G24320.1	-6.6303218478665	-2.09191405085562	-8.56085389860827	0.000485421100180254	0.0325853858726912	0.774493050155241
AT2G25270.1	-4.1635467793214	2.95890918392789	-10.5493524786856	0.000189663336323405	0.0202709198751297	0.394673207453597
AT2G26180.1	-2.58330629704308	2.38789933660946	-9.10718324395022	0.000368128448780007	0.0277921682632973	0.283655904119326
AT2G26530.1	2.46119695578178	3.61833685267254	10.0260603021885	0.000238802644770155	0.0224484707164789	0.245479967365102
AT2G26650.1	3.29614808570501	2.48268779560995	8.29251436653319	0.000559326292232435	0.0350533797353693	0.39748476035297
AT2G26940.1	-6.22920636463128	-3.11817537852767	-9.17027496108189	0.00035690366320804	0.027323181003011	0.679282397863496
AT2G27290.1	1.44552252883222	6.07845978777352	7.18974326809574	0.00104872684228449	0.0486088458496962	0.201053427769345
AT2G28405.1	-10.0750082296845	-1.19603276302579	-15.5286795028671	3.22254674985991e-05	0.0148747909595681	0.64880006235072
AT2G28680.1	-9.40680264105333	1.03827099192021	-18.4641251489078	1.44463519252204e-05	0.0140380422091884	0.509463760952129
AT2G29550.1.DE	-3.69340367756027	6.26876806619979	-11.1090976704625	0.000149951173725745	0.0188401251193626	0.332466577135289
AT2G29730.1	-2.51383833373746	2.96588814951228	-7.60680643926397	0.00081915572968984	0.042043823459448	0.330472236122876
AT2G29810.1	-5.24743234988849	-3.60914552207601	-7.37711813339807	0.000937147616114317	0.0449616280940767	0.711311958816553
AT2G30050.1	-1.53649935855317	4.98140681819877	-7.63929235172667	0.000803942986571683	0.0414570699630742	0.201131111078094
AT2G30432.1	-4.73697503116356	2.00619708356034	-13.4987376013237	6.14781313868699e-05	0.0148747909595681	0.350919854216518
AT2G30950.1	1.87946329839122	9.25182547610582	7.13252531182934	0.00108592364806814	0.0490298193969904	0.263506011717073
AT2G31035.1	-6.4290038088901	-2.21942051404844	-10.6111611889107	0.000184701940057678	0.0198183727335904	0.605871845167032
AT2G31425.1	-10.812812856483	-0.0176556212575141	-18.1748951359338	1.55452424505397e-05	0.0140380422091884	0.594931237600642
AT2G31620.1	-5.59953905035692	-3.4361760959166	-7.78510063785582	0.000739696615089561	0.0397298135562693	0.719263540811356
AT2G31880.1.DE	3.49098892533534	6.1154931295573	14.437463242572	4.51109338702913e-05	0.0148747909595681	0.241800714341657
AT2G32140.1	3.27561665058796	1.46988111841131	8.2435456829247	0.000574233218873834	0.0353276572171275	0.397355310030357
AT2G32390.3.DE	2.12687910245373	3.32347825145269	7.76478807485232	0.000748267547984755	0.0397529897714942	0.273913348561568
AT2G32510.1	-4.4185407715433	-0.0894266048453569	-9.83154182508009	0.000260896712871415	0.023337936218455	0.449425008829406
AT2G33100.1.DE	-4.85712531277477	1.1084889012317	-7.13151696244597	0.00108659319423872	0.0490298193969904	0.681078841760039
AT2G33190.1.DE	-7.0141781558077	-2.72725693718682	-10.4453183389295	0.000198382067734389	0.0209896517448093	0.671514062875999
AT2G33200.1	-6.10786317447093	-3.18219070994934	-8.65146411218724	0.000463155197941985	0.0315616546087453	0.705991852392573
AT2G33400.1	-4.20762762565466	1.99726778841239	-13.1443977833839	6.94719345076083e-05	0.0148747909595681	0.3201080562986
AT2G33770.1.DE	2.20691466712312	7.87254519541989	8.25421879510904	0.000570943875987506	0.0352275769838791	0.267368084358365
AT2G34555.1	-5.65379097556995	-1.50732741357992	-7.43937631020917	0.000903259754066384	0.0440789839171361	0.759981850603681
AT2G34790.1	-2.97104044180157	3.69853675371603	-11.5396880348039	0.000126091968566492	0.0183869939281824	0.257462804266532
AT2G35120.1	-3.0498378653062	4.51812594369585	-14.0018387243845	5.19507998145094e-05	0.0148747909595681	0.217816954282928
AT2G35150.1	-3.24250148170988	1.33467465970162	-8.28952996055691	0.000560221398823199	0.0350533797353693	0.391156253386898
AT2G35310.1	-9.26250321184139	0.799860902936648	-12.6560129088555	8.26543498337722e-05	0.0153242289140791	0.731865815762586
AT2G35765.1	-6.20587133203845	0.732537732779995	-12.7142527867608	8.09325510331962e-05	0.0153242289140791	0.488103503691586
AT2G36160.1.DE	-2.34823834154516	6.73439213620397	-9.29278510558017	0.000336260751129356	0.0266678427981032	0.252694785779032
AT2G36180.1	-6.09901408413852	-3.19286230972473	-8.10929406798115	0.000617615471693104	0.0367355366584353	0.752101728339085
AT2G37010.1	-9.62853304039721	-1.41848932221726	-15.5477394297809	3.20432674230103e-05	0.0148747909595681	0.61928829486004
AT2G37390.1	-4.68850426622227	0.259110766776066	-9.47204692414201	0.000308582147205519	0.0258750697582885	0.494983217858896
AT2G37750.1	-3.40264502002732	1.40168111980412	-9.83602018147039	0.000260361039235133	0.023337936218455	0.345937173495984
AT2G38760.1	-2.72649144848848	2.09276557072237	-7.47003891586576	0.000887109987585602	0.0438789393859492	0.36499026031814
AT2G38810.1	-5.06008865160688	1.91651990796281	-10.813536036122	0.00016951639213159	0.0192412869109204	0.467940240334332
AT2G38905.1	-6.15508208628034	-0.789264028576439	-7.87170757752235	0.000704448120165701	0.0392294880255999	0.781924636511671
AT2G39030.1.DE	3.95773379385694	1.51636822206949	8.88634737825771	0.000410911082770923	0.0300240499995676	0.445372392659368
AT2G39250.1	5.3122927187094	1.10326956446485	13.2507959137392	6.69462163299773e-05	0.0148747909595681	0.400903670488299
AT2G39460.1	-2.28928693657315	7.61445317652291	-7.93645492965934	0.000679407335481857	0.0385761823358803	0.288452080540123
AT2G40000.1.DE	2.64637093598359	6.08120583881518	12.4748518481705	8.83003485178888e-05	0.0153346463219978	0.212136462075235
AT2G40250.1	-7.8176427556471	-2.3280044050654	-11.3396264009736	0.000136559421050025	0.0188401251193626	0.689409199140446
AT2G40640.1	-1.94989458800226	3.30197940679467	-7.46681683660691	0.000888790675405177	0.0438824294700955	0.261141344520825
AT2G40880.1	1.78787742486827	5.83784753538747	7.65821568668003	0.00079523749735565	0.0411421757204076	0.233458745224156
AT2G41120.1	2.2831735392384	3.78929606525705	9.96642874565712	0.000245327581096469	0.0228196515194647	0.229086425790512
AT2G41340.1	-4.3815838611022	-0.0377915136513392	-8.25301447750235	0.000571313899863307	0.0352275769838791	0.530907085289426
AT2G41820.1	-2.30413781643186	5.13764997621638	-8.46567937764769	0.00051020856296736	0.033412835273019	0.272173999704688
AT2G42350.1	5.46796550905653	-1.50494903956283	8.42406707591885	0.000521522419879662	0.033499182583948	0.649088553044328
AT2G42610.1	2.49132413660053	3.07758132823585	9.77604821052746	0.000267645899482867	0.0235545048225177	0.254839591924037
AT2G42690.1.DE	2.04030652350457	7.01204268350042	9.80486843300864	0.000264114856495785	0.0234468609085867	0.208091167917743
AT2G42730.1	-2.6721698760977	2.73670463797645	-7.85831044871925	0.000709766782160162	0.0393971158472364	0.340043816483887
AT2G42800.1	-6.57957955867727	2.95495021132355	-18.2708242978325	1.51699038964091e-05	0.0140380422091884	0.360113996578568
AT2G43850.1	2.10905300425926	4.18688703817072	7.71293602196128	0.000770692428612563	0.0403156457762127	0.273443601535665
AT2G44010.1	-6.18321475044237	-3.14473228498816	-8.76116538593659	0.000437818030375251	0.0307533314429048	0.705752542962795
AT2G44450.1	-6.35942060165735	-0.340692615089148	-9.79226371561538	0.000265652237072334	0.0235067729518487	0.649433142973489
AT2G44690.1	-3.82033509894818	0.482401860480066	-8.50758854501441	0.000499110664687561	0.0330164127558126	0.449050289483847
AT2G44740.1.DE	-3.01287128833004	2.89784374219797	-8.29512152752913	0.000558545736993445	0.0350533797353693	0.363210023907568
AT2G45135.1	-4.38602624007895	-0.663293636532633	-7.50655978065859	0.000868323785826873	0.0434225623099552	0.58429245463148
AT2G45180.1	2.60926645523103	7.15220809367224	8.2688782797684	0.000566462769656734	0.0351671442465254	0.315552650184145
AT2G45480.1	-5.49311789893315	-0.0255946621401414	-11.9680164969587	0.000106758095516401	0.01653173372275	0.458983148989562
AT2G46100.1	2.26987985049746	5.54933824261088	11.1358401325206	0.000148318877793219	0.0188401251193626	0.203835527763065
AT2G46290.1	-2.97848993588643	2.47639789128421	-10.1701760203964	0.000223876814002248	0.0220272154830949	0.292865131332341
AT2G46780.1	-2.79425258267298	3.24703867930711	-11.2140401078226	0.000143667218845906	0.0188401251193626	0.249174477334335
AT2G46980.2	-2.32704459480556	2.93966739062564	-8.52123385087012	0.000495560010838373	0.0328612957065426	0.273087751789365
AT2G47470.1	-1.76801913834992	7.51437422941212	-7.22586485949983	0.00102602910163742	0.047800678865002	0.244679242239842
AT3G01060.1	2.50122203600643	7.04538188428226	11.7546563674919	0.000115903759035409	0.0173562694986321	0.212785636415854
AT3G01860.1	1.65135069276158	4.39448518784606	7.66935849221844	0.000790164217011944	0.0410997837943571	0.215317968828435
AT3G02940.1	-5.58842285942189	-2.61178091110762	-7.13525046728313	0.00108411660749971	0.0490298193969904	0.783213271215381
AT3G03305.1	-1.80095529934509	5.10452530157655	-7.8921143164817	0.000696438204089288	0.0390549934449577	0.228196808500862
AT3G04110.1	4.25836458068147	3.19010579431718	15.0382596743607	3.73752973367426e-05	0.0148747909595681	0.283168709205209
AT3G04140.1	3.02801707547353	4.43578276275267	12.8601280049253	7.68064425065676e-05	0.0152018647603951	0.235457771051255
AT3G05930.1	-6.2338329781321	1.17868101504777	-12.0943792342498	0.000101751817889292	0.0162172166359928	0.515432239835729
AT3G05936.1	2.92674903615806	0.819889688897427	7.91732309650581	0.000686693728219494	0.0388281138358798	0.369663963499195
AT3G06070.1	2.14896531183416	3.69231374765055	8.87312510864243	0.000413657339733591	0.0300635123655981	0.24218810007999
AT3G06320.1	-2.71605469531602	2.7761667309268	-9.27019768714633	0.000339956454416696	0.026777957250499	0.292987785911188
AT3G07290.1	-2.98926429458504	0.837887323884992	-7.94394850789386	0.000676578694335593	0.038495773977917	0.376294520491242
AT3G07620.1	-6.84113110522784	-0.861988004251353	-12.8047405038361	7.83424752715739e-05	0.0152018647603951	0.534265501372586
AT3G08770.2.DE	-8.86921449625215	5.58321824980979	-29.2447829048157	1.69226573381507e-06	0.0140380422091884	0.30327510124179
AT3G09780.1	-4.18996228304332	-0.00293469930567952	-8.43133826836574	0.000519523912873318	0.033499182583948	0.496951035491483
AT3G09800.1	-2.32754448087679	3.42868233645627	-9.89153774834695	0.000253829105504655	0.0230595281380796	0.235306636853887
AT3G10320.1	-2.39047040309951	1.93067391501469	-7.55040564952808	0.000846395416522534	0.042797144122273	0.316601585935839
AT3G11670.1	1.58046226116724	6.87114315098648	7.65753154859645	0.000795550253344639	0.0411421757204076	0.206393176591865
AT3G11940.1	-1.84253335118473	7.57426984623925	-8.4039921495671	0.000527088196529068	0.0336422990824431	0.219245010989169
AT3G12420.1	-6.07566394749341	-2.36738885037194	-7.87425899755621	0.000703440632249906	0.0392294880255999	0.771585484980746
AT3G13000.2	-2.08943207762494	4.26943558349822	-8.62030898065517	0.000470669815438444	0.0318303601735964	0.242384824292707
AT3G13175.1	-4.54848124834269	1.82284460671399	-13.1657067104929	6.89569995723318e-05	0.0148747909595681	0.345479460264568
AT3G13450.1.DE	-2.78242081836521	4.40157741721494	-11.5208196064144	0.000127036828656747	0.0184162857883563	0.241512402191946
AT3G13674.1	-2.83041541660312	1.46315006901333	-8.81723200397651	0.000425512901027028	0.0302791869571556	0.32100952037177
AT3G14380.1	-8.86846883225633	-0.976578241077704	-13.5352927641733	6.07183390125132e-05	0.0148747909595681	0.655210713707674
AT3G14530.1	-5.55574567967756	-3.45532249438042	-7.9072621748985	0.000690563049465078	0.0389660566255098	0.702613060853629
AT3G14560.1	-2.27606552672753	4.15654354220788	-9.77382875319194	0.000267920176670599	0.0235545048225177	0.232873481232645
AT3G14600.1.DE	-2.23734157472755	6.35035945101428	-9.02511681115983	0.000383371330633802	0.0287251143170816	0.247901675018877
AT3G14870.1	-2.60101152417991	2.66307638780022	-8.18543166535153	0.000592547840881192	0.0359810760759098	0.317761069973847
AT3G15140.1	-2.89649418762392	2.14959510677816	-7.58474535346543	0.000829683547745211	0.0422657858135476	0.381884170481811
AT3G15354.1	1.76287723355824	6.54815892287979	7.80100944408204	0.000733065973437071	0.0396049730205532	0.225980656246428
AT3G15630.1	-2.8934915198979	2.7785612364897	-8.73866955391937	0.000442875235988504	0.0309490299528992	0.331113506700816
AT3G15720.1.DE	-5.49075819200181	-0.381494207729888	-8.63564240517398	0.000466953230245938	0.0317365170501815	0.635825099556237
AT3G16360.2	5.77819454764355	1.67767298800727	13.389383910902	6.38206029276178e-05	0.0148747909595681	0.431550442208081
AT3G16420.1	3.48096050580017	0.372577546096392	7.668906841702	0.000790369096113249	0.0410997837943571	0.45390569707685
AT3G16660.1.DE	8.26411526270319	1.25406340328215	17.6585851492245	1.7769852106949e-05	0.0140380422091884	0.467994190523588
AT3G17060.1.DE	-7.17234564436023	1.40727974515913	-13.0713117245543	7.12737208559902e-05	0.0148747909595681	0.548708943333288
AT3G17760.1	-8.27987115821768	1.7922278615413	-19.0197227382901	1.25875318440347e-05	0.0140380422091884	0.435330802249227
AT3G18220.1	-7.4617325103162	-0.540518183204173	-13.6016479998676	5.93679346398746e-05	0.0148747909595681	0.548590325994972
AT3G18730.1	-4.4123874411006	1.63630486306078	-10.9570979320241	0.000159651532860724	0.0188401251193626	0.402696723938607
AT3G18950.1	3.97633562882646	3.28272130207958	14.2344044928273	4.81544075952223e-05	0.0148747909595681	0.27934681994109
AT3G19030.1	5.57132602122068	0.231371384465533	8.66076026320174	0.000460940950728989	0.0315616546087453	0.643283713196912
AT3G19180.1	-1.58261738667338	4.56546777252776	-7.13166367677695	0.00108649574490359	0.0490298193969904	0.221914192592523
AT3G19800.1.DE	1.87744292381671	5.87720275749325	9.32205294622872	0.000331543643048597	0.0264207323030599	0.20139801121557
AT3G20370.1	-4.94763930228617	-2.29208875331248	-8.16556685508621	0.000598968506172511	0.0362761948160569	0.605914983012399
AT3G20557.1	-5.94935718177201	-3.26451761626258	-8.12338980465707	0.000612879965301039	0.0366303302068301	0.732373716494719
AT3G21180.1	-8.48764978844114	2.3314399325427	-20.8225133489528	8.26024743172357e-06	0.0140380422091884	0.407618890486532
AT3G21300.1	-2.66707966220648	2.38413798855599	-7.5400878227281	0.00085149533165956	0.0428958480019402	0.353719973150326
AT3G22060.1.DE	3.43982349153276	3.1491008050944	9.21545364120777	0.000349118249189662	0.0270308771687928	0.373266865143921
AT3G23110.1	2.14181797298995	4.45176255732862	8.14669559645162	0.000605145537713368	0.0363740050126041	0.262906346215126
AT3G23270.1	-9.36611061157222	-0.725828333352151	-13.9120880834144	5.35120172526243e-05	0.0148747909595681	0.673235430613631
AT3G24900.1	4.43374521237386	0.609340193931934	7.56971871577729	0.000836947342166751	0.0425562739989042	0.585721263741646
AT3G25040.1	-1.61177278708108	5.68679840293641	-7.80873476172034	0.00072987185250103	0.0396049730205532	0.206406394411325
AT3G25100.1	-3.6976182656926	1.21964539146546	-7.73766618028121	0.000759898113836551	0.0399812030781879	0.477872549621702
AT3G25510.1	5.13084098319581	1.12308383841373	12.5906307340481	8.46403047303041e-05	0.0153346463219978	0.407512625187298
AT3G25717.1	3.5944105623122	3.57281152944276	13.2469978696811	6.70344467458453e-05	0.0148747909595681	0.271337747440789
AT3G25760.1.DE	2.72451055213135	4.567703078583	10.7149096992845	0.000176720933100187	0.01948670388238	0.254272843037891
AT3G26010.1	-6.84717478545993	-2.80916812383649	-10.3389067667076	0.0002078047335336	0.0214543875527468	0.662272611598408
AT3G26050.1.DE	-5.33870674452935	0.972501168055336	-7.47589823837374	0.000884063418417152	0.0438144459980916	0.714122447136292
AT3G26450.1.DE	1.9037428056405	5.77446659990486	8.70229359087144	0.00045120218230182	0.0312108230366848	0.218763339315223
AT3G26500.1	5.68643391167383	0.213025087301659	11.5383214148363	0.000126160118315481	0.0183869939281824	0.492830257299127
AT3G26830.1.DE	4.2653961726189	0.920466343410894	9.13204776964011	0.000363654754467472	0.0275449263753365	0.467079923387983
AT3G27060.1.DE	-3.58610510187882	4.77806980697887	-11.2168996283783	0.000143500483684525	0.0188401251193626	0.319705553289085
AT3G28420.1	-3.26567973035237	0.19244298132068	-8.10215147934857	0.000620031806812954	0.0367355366584353	0.403063277535133
AT3G28490.1	-5.6451560079809	-1.46254382592731	-10.1916281833751	0.000221752346623881	0.0220128229098456	0.55390129098209
AT3G28770.1	-7.35879857272312	3.05379551202953	-19.9308626234693	1.01262780767104e-05	0.0140380422091884	0.369216260818429
AT3G28820.1	-10.7483537678353	1.09248338582138	-20.5995121757613	8.68485232018319e-06	0.0140380422091884	0.521777102104511
AT3G28830.1	-9.0532628183735	5.58322911858167	-26.2052419613964	2.82647376967273e-06	0.0140380422091884	0.345475261465247
AT3G36659.1	-6.1675304520997	-0.59411227890704	-11.7027189343337	0.000118271372989617	0.017518304344886	0.527016882718192
AT3G43120.1	-7.143812182473	0.504732726664992	-15.013715812556	3.7658237771779e-05	0.0148747909595681	0.475819062493419
AT3G43920.2.DE	-2.35689496760248	4.78736022435366	-8.20003323366477	0.000587880992063345	0.0359240102190458	0.28742505066033
AT3G44757.1	-5.57559323967274	-3.44781174240085	-7.76878445215564	0.000746571896276155	0.0397403719943561	0.717691844072936
AT3G44860.1.DE	4.33019303388407	5.00820855448356	18.6222637076138	1.3885298332819e-05	0.0140380422091884	0.232527747532307
AT3G45320.1	-7.14146516959995	-2.667043690266	-10.1604294698664	0.000224850139025758	0.0220434017590216	0.70287040432493
AT3G45400.1	-1.76374604627416	3.10746676772682	-7.27952936896064	0.000993383820736736	0.0466787631902741	0.242288471806246
AT3G45780.1	3.27187203863913	7.91635653514835	13.4102385350659	6.33656636210215e-05	0.0148747909595681	0.243983134981801
AT3G46040.1	-2.08406166348474	5.91975351338095	-7.60018794830388	0.000822297255595001	0.04212573196238	0.274211858661973
AT3G46900.1.DE	4.03063584112679	1.97279396080464	8.26418330186802	0.00056789331746564	0.035175828350474	0.487723431813971
AT3G47440.1	-6.37858802037401	0.219072263102216	-11.4895569944261	0.000128621217712041	0.0184496982501261	0.555163965283293
AT3G48580.1.DE	-3.22467538798331	0.233341998916479	-7.43924460916102	0.000903329876010725	0.0440789839171361	0.433468121751542
AT3G49250.1	-2.47797366516752	3.50601409256161	-9.91307826180223	0.000251348001299304	0.0230595281380796	0.249970150514783
AT3G49300.1	-6.85061509136977	-1.98355832483284	-8.83571267207475	0.000421548276657598	0.0301718180436677	0.775332488235061
AT3G50330.1	-7.4488528731015	-2.51280672714182	-10.7154740710575	0.000176678667979524	0.01948670388238	0.695149166868953
AT3G50620.1	-2.14435690842796	2.678923856296	-8.18472293945886	0.000592775488298359	0.0359810760759098	0.261995051547797
AT3G50740.1.DE	6.43890610408949	3.73001535626248	13.3090452063418	6.5610471244074e-05	0.0148747909595681	0.483799251130451
AT3G50870.1	-5.30855638002596	0.053088831168463	-11.1225948606009	0.000149124644475772	0.0188401251193626	0.477276790763121
AT3G51010.1	-1.69447109772001	4.69272444459433	-7.74550835062257	0.000756513051260283	0.0399812030781879	0.218768222951281
AT3G51070.1	-2.84335907439568	3.50722000746293	-11.0126630955068	0.000156020099570682	0.0188401251193626	0.258189962748953
AT3G51330.1	4.68116788615436	1.8988369652865	13.1974111473365	6.81993601980246e-05	0.0148747909595681	0.354703497064203
AT3G51670.1.DE	-1.8509618902188	5.83892880027092	-9.25164126018729	0.00034302922842498	0.0268186255955776	0.200068489272717
AT3G52160.1	-8.994727242648	1.90323715555052	-17.4634916000722	1.87095993716118e-05	0.0140380422091884	0.515058926853482
AT3G52430.1	2.5607013292945	4.71281871679243	11.8198329024656	0.000113013023569372	0.0171489114677658	0.216644461087122
AT3G52440.1	-4.95015757464025	-2.93975142481684	-7.38548386009649	0.000932506567069955	0.0448228112503078	0.670255012184886
AT3G52710.1	2.74186023731908	4.24837670928748	10.8906065768969	0.000164131929177342	0.0190556152812374	0.251763776237735
AT3G52780.1	-7.07524117987989	-1.86738251436969	-9.67925534581493	0.000279928326531637	0.0242195765437881	0.73096957638782
AT3G52930.1.DE	-1.68181445151668	8.16274788941638	-7.42000979300398	0.00091364151242389	0.0443067362626347	0.226659330436786
AT3G53280.1	4.44047785606101	3.34139552198193	15.5652740679367	3.18767472459534e-05	0.0148747909595681	0.28528105812207
AT3G53320.1	-2.12791201010793	3.0217630905701	-7.93193025818359	0.000681122157246935	0.0385931460989771	0.268271648998994
AT3G53350.1	-2.3525203733041	3.8712101468545	-9.54284708536606	0.000298410857992685	0.0254152797616645	0.246521855821381
AT3G53650.1	-3.93971600469482	1.96769311105813	-10.6689890717773	0.000180201089652331	0.0194888908626374	0.369267976393054
AT3G53740.2	-2.28326860058603	6.68350350241116	-8.54349045363536	0.000489833490810962	0.0326403959867041	0.26725243189269
AT3G54820.1.DE	-3.24611423080634	4.57746719218361	-12.7741956278445	7.92054302478943e-05	0.0152018647603951	0.254114961550349
AT3G55110.1	-3.4452511792447	5.30664618513147	-13.7972189092038	5.55937458939235e-05	0.0148747909595681	0.249706205425678
AT3G55180.1	-7.51931921675136	-1.23773979159033	-10.6879937808867	0.000178750861179827	0.01948670388238	0.703529527702208
AT3G56230.1	-6.30542332547299	-0.511643894409759	-11.4317323124604	0.00013161507795742	0.0185856856717696	0.551571988665287
AT3G56290.1	2.42973616828641	5.73933738851174	11.8903162895151	0.00010998424271249	0.0168399469150911	0.204345797800935
AT3G56400.1.DE	1.9560747174233	5.97532966532194	7.85012201989426	0.000713041308292277	0.0394523727619756	0.249177619464525
AT3G57060.2	-2.41649076669011	3.80352753321846	-10.187947227009	0.00022211515007733	0.0220128229098456	0.237191135058476
AT3G57400.1	2.10639656182425	4.78535941714894	8.7323709738614	0.00044430375840823	0.0309694491858258	0.24121702663908
AT3G59210.1	2.43101657661666	4.33124831736473	10.2412618800048	0.000216929368868394	0.0219870687157874	0.237374710763234
AT3G60520.1	1.73691258233826	3.83804910846144	7.29287212956876	0.000985461099158577	0.0466721563376853	0.238165780433198
AT3G61160.2	-4.6914712764387	4.16117433148264	-18.1386144525743	1.56901197639393e-05	0.0140380422091884	0.258645514998135
AT3G61640.1	-2.14832342310919	3.46931766297785	-9.33956325837689	0.000328759558488426	0.0264207323030599	0.23002397046589
AT3G61650.1	-2.26514649849552	3.94105699487823	-8.45651721213349	0.000512674124391605	0.033412835273019	0.267858084087556
AT3G62060.1	-3.68337852580618	2.04524343870524	-10.699436129434	0.000177884492661311	0.01948670388238	0.344259125550857
AT3G63450.3	-1.70383443180558	3.7772585344944	-7.39807921513022	0.000925570860657841	0.044726078433278	0.230307676122334
AT4G00955.1	2.46066438338269	2.9062777696347	9.23885914791234	0.000345165274373231	0.0268775268221944	0.266338553709709
AT4G01950.1	3.16603449796253	1.29471474176586	8.00349360719927	0.000654596974083417	0.0379582679397222	0.395581561421455
AT4G02410.1.DE	3.94713989587989	4.23519520236434	15.3103844161411	3.44042475121228e-05	0.0148747909595681	0.257808020268817
AT4G03210.1	-5.56700838585793	6.50699240932075	-17.4085196702882	1.89851808738953e-05	0.0140380422091884	0.319786431660779
AT4G03620.1	-7.04458083594581	-0.672481953795033	-8.84305284633611	0.000419985932892524	0.0301718180436677	0.796623175091004
AT4G03975.1	-5.87929712714652	-3.2997176156584	-7.99585040644957	0.000657370093104058	0.0379733572840119	0.735293537058196
AT4G04490.1	3.41654376386267	3.10927827050731	12.3503245278468	9.24525085504158e-05	0.0155869660025966	0.27663595042861
AT4G04610.1	2.16273278787001	6.78051496532581	10.0837537693185	0.000232687729175351	0.0224484707164789	0.214476953458591
AT4G08550.1	-7.37629475163811	-2.54508362779904	-11.2882557006057	0.00013941438380452	0.0188401251193626	0.653448588274124
AT4G08840.1	-5.38628881747762	-3.5422876397903	-7.45505496513667	0.000894958320557109	0.04402742611636	0.722501556684214
AT4G08850.1.DE	2.59734663194197	6.5769472300981	12.6290040805922	8.34678356317501e-05	0.0153346463219978	0.205665198567279
AT4G09900.1	2.15271460761238	4.06223791926584	9.47590357273669	0.000308017453030053	0.0258750697582885	0.227177766329957
AT4G09960.3	-11.0751424496022	-0.695755844726047	-16.1162320724243	2.71396062718583e-05	0.0147932565866645	0.687204205041965
AT4G10120.1.DE	3.08476689182506	7.88684227379023	10.2385666771376	0.000217187999864928	0.0219870687157874	0.301288939077113
AT4G11030.1	-6.22695994956579	1.11991805480398	-12.9838544194508	7.35045667086154e-05	0.0151764656142167	0.479592557679738
AT4G11080.1	-4.05478110969205	2.75715560186249	-13.2327378691036	6.73669698007199e-05	0.0148747909595681	0.306420421064891
AT4G11320.1.DE	-6.26697350121947	4.61615262437271	-11.2266100863909	0.000142936018043922	0.0188401251193626	0.558224918563475
AT4G11760.1	-10.4771933057048	1.40486235628296	-14.083995352779	5.05697013658143e-05	0.0148747909595681	0.743907750838431
AT4G11850.1	1.7540141962231	5.00023521897683	7.28514812635958	0.000990038230064711	0.0466758487055283	0.240765756001119
AT4G12910.1	1.50500639199935	4.71573244438209	7.27084180495945	0.00099858336262914	0.0467672896481821	0.206992041963117
AT4G13230.1	-10.6666773067818	1.05395610772262	-20.4560503801116	8.97201066424646e-06	0.0140380422091884	0.521443636898374
AT4G13370.1	-4.28760772055063	2.14081076588453	-13.2518642767262	6.69214230219387e-05	0.0148747909595681	0.323547512336118
AT4G13510.1.DE	2.25893675715138	4.5008320225518	8.0310383400425	0.000644718900660531	0.0376256293760216	0.281275802891937
AT4G13770.1.DE	3.46168652525132	7.16272094746942	13.1384306750488	6.96169626514511e-05	0.0148747909595681	0.263477930573962
AT4G14120.1	-5.28080034391628	-0.34421237673935	-8.43177036475988	0.00051940543983062	0.033499182583948	0.626297932162277
AT4G14400.1.DE	6.08983947418203	7.53575095988741	21.0996039645361	7.76712284776746e-06	0.0140380422091884	0.288623401861843
AT4G15210.1.DE	-4.15368031619272	6.70337665932541	-9.40634300619293	0.000318396742783456	0.0260588132967577	0.441582909900056
AT4G15910.1	-3.65892999914419	3.79337108524346	-7.42150905107771	0.000912832722548071	0.0443067362626347	0.493016982659727
AT4G16260.1.DE	7.43584214587235	0.291317743008294	12.4777983490541	8.82048606083797e-05	0.0153346463219978	0.595925814623863
AT4G17030.1	3.71305184416855	3.56433450792407	13.0926485834877	7.07419304382914e-05	0.0148747909595681	0.283598220825342
AT4G17200.1	-5.8982303530166	-3.28911854227783	-8.11586230437671	0.00061540340866259	0.0367006663012915	0.726753378976848
AT4G17680.1	-2.81608344464892	2.58226359212045	-10.0160917669098	0.000239878725120777	0.0224661676097651	0.281155914920072
AT4G19370.1.DE	4.04683424385887	1.496886880685	11.1302776718711	0.00014865662498074	0.0188401251193626	0.363587896291771
AT4G19510.1	1.64370440889957	6.08788387660761	7.82453692880724	0.000723390097692615	0.0396049730205532	0.210070503066835
AT4G20160.1.DE	-7.24029843837628	-0.884222051976542	-7.77016989791119	0.000745985131312016	0.0397403719943561	0.931806966064236
AT4G20270.1	-1.94439370353412	5.32052004431195	-9.4657565803329	0.000309505861202101	0.0258750697582885	0.205413448680268
AT4G20900.1	-6.50950588401082	-2.17659751228372	-10.7337905791357	0.000175313558568303	0.01948670388238	0.606449868387032
AT4G21270.1	-5.79139841621594	2.14797731078657	-12.0679255996018	0.000102776005696964	0.016278027438801	0.479900076315271
AT4G21320.1.DE	-2.64818308547049	1.35360662549197	-7.71598852399504	0.000769350161075635	0.0403156457762127	0.34320723485205
AT4G21370.1	-4.52846307468016	0.108115351618696	-9.54619531228503	0.000297939919192529	0.0254152797616645	0.474373603989902
AT4G21620.1	-1.96922297755943	5.5592349406212	-9.57817835171668	0.000293486190280313	0.0251530585845901	0.205594728480546
AT4G21690.1	-7.43200133983678	-2.52000894913678	-10.8947602999925	0.000163847634730845	0.0190556152812374	0.682162905396082
AT4G22120.1	-1.77162602591346	5.23239267694262	-7.42830728842498	0.0009091760882999	0.0442476519830812	0.238496599174628
AT4G22690.1.DE	4.25933690032394	5.9382415676092	17.858176925693	1.68668959835635e-05	0.0140380422091884	0.238509054874237
AT4G23140.2	6.71032757034888	3.29898437651876	18.9633246744712	1.27624525573793e-05	0.0140380422091884	0.353858180753633
AT4G23160.1	6.390311384095	0.760335786928369	10.8677487038905	0.000165707082323816	0.0190556152812374	0.588006914606643
AT4G23180.1	2.94477903271864	5.36893888873286	8.4134209145924	0.000524465230610195	0.0335534633686626	0.350009712174409
AT4G23215.1	4.20643079286378	-1.17759098224296	7.28250697738657	0.000991609172983815	0.0466758487055283	0.577607519762833
AT4G23320.1	6.66253146822049	0.693525837963202	13.4783547640719	6.19067731641296e-05	0.0148747909595681	0.494313407299551
AT4G23810.1.DE	2.68700839661511	3.2776332919757	8.97590822726586	0.000392875505656797	0.0290962745412238	0.299357828598655
AT4G24510.1	-1.74925908081948	6.00202230433713	-8.06497969031533	0.000632791736514901	0.0370883999719938	0.216895658512326
AT4G24610.2	-2.36987798350519	4.10194143308676	-10.3380775180248	0.000207880254936921	0.0214543875527468	0.229237784237275
AT4G25740.1	-1.82935734997573	6.13302346100037	-7.80976593437142	0.000729446766082945	0.0396049730205532	0.234239715421505
AT4G26660.1	-6.02076777132355	2.04133015480275	-15.0171196014936	3.76188447707395e-05	0.0148747909595681	0.400926937461744
AT4G26760.1.DE	-3.72569093440987	4.44476916971288	-13.643151172531	5.85417321538298e-05	0.0148747909595681	0.273081408194841
AT4G26850.1.DE	1.89360879960628	9.43261093693886	7.37434170531134	0.000938694004018847	0.0449616280940767	0.256783435766533
AT4G26950.1	2.22277310293143	2.03945496476138	7.31614240677303	0.000971823824136612	0.0462235366544838	0.303817637676608
AT4G27030.1	2.14051302358923	4.52524720625252	7.49494647084369	0.000874245485951478	0.0435588418174069	0.285594170941194
AT4G27310.1.DE	1.63217704583463	6.19730218108318	7.77615177663485	0.000743458021343558	0.0397298135562693	0.209895214589157
AT4G28090.1	-8.31904672049034	-0.114534445546701	-14.2702254308999	4.75998975617788e-05	0.0148747909595681	0.582965333012662
AT4G28240.1	2.86927098273424	5.93411552974391	13.9586914788271	5.26943779382344e-05	0.0148747909595681	0.205554438042164
AT4G28580.1	-7.24911305881725	-1.02463285951055	-12.8882594330255	7.60402232480163e-05	0.0152018647603951	0.56245865444342
AT4G29110.1	4.21570897414057	3.25685508751247	13.2867156251122	6.61186829512591e-05	0.0148747909595681	0.317287514317893
AT4G29170.1	-2.862274850651	1.21765285337611	-7.96649569222821	0.000668152496122058	0.0383522977200859	0.359289072790602
AT4G29360.1	-4.53133167657786	3.69031049693849	-13.2065549544269	6.79827219845052e-05	0.0148747909595681	0.343112317497981
AT4G29700.1.DE	-4.95864867326672	4.18650638215966	-11.0894514853756	0.000151164146541087	0.0188401251193626	0.447150039819917
AT4G30040.1	-8.79342907206548	-1.83607143235911	-14.0166734729773	5.16980787704054e-05	0.0148747909595681	0.62735492048226
AT4G30090.1	-2.9202791315948	1.43268568192408	-8.55261032637162	0.000487509972670098	0.0326231246390375	0.341448870012262
AT4G30250.1	-4.70828839913214	1.85259967318487	-12.6902911388444	8.16356562277456e-05	0.0153242289140791	0.371015002541612
AT4G30500.1	-4.15544161071128	2.92112175387539	-14.3588126942587	4.62613640733898e-05	0.0148747909595681	0.289400084755811
AT4G30810.1	-1.83911626234979	6.54336555332172	-7.25626379480404	0.00100738176601706	0.0470929376518505	0.253452233044052
AT4G31020.2	-5.96169298623282	-0.674502970192793	-9.63108676908765	0.000286293147323836	0.0246918779657083	0.61900522019672
AT4G31390.1	1.62663734525475	6.17676977371206	7.33966028315061	0.000958270395382287	0.0457509350317476	0.221622974702107
AT4G31690.1	-7.43102605386699	-2.51728483354108	-11.4609222136967	0.000130093390291174	0.018501359802514	0.648379416185751
AT4G31840.1	-6.63963097921269	3.42019715347766	-17.208379811189	2.00309091522286e-05	0.0140380422091884	0.385837077752989
AT4G32280.1.DE	5.91379272902335	1.27374402429688	14.8633805351323	3.94489511319908e-05	0.0148747909595681	0.397876695348345
AT4G32717.1	-8.30830612646531	-2.08223658255706	-12.1317001546544	0.000100327755989561	0.0160843097749382	0.684842686560942
AT4G32785.1	-4.66047899040618	-1.96344201354037	-8.00893450393508	0.000652631448892671	0.037945532947023	0.581909989164766
AT4G33010.1.DE	2.82494054423975	11.0183721559591	7.27064798635264	0.000998699734910177	0.0467672896481821	0.388540409265075
AT4G34400.1	-6.49174114115507	1.79586916853116	-11.9784526367064	0.000106333534734982	0.01653173372275	0.541951564032735
AT4G34940.1	-6.26105514697117	-1.87223026721109	-8.78267071424641	0.000433048256799174	0.0305441899592752	0.712887383653708
AT4G34950.1.DE	3.58250282223954	4.67100690668266	15.0953960980867	3.67265255999229e-05	0.0148747909595681	0.237324201296952
AT4G35090.1.DE	2.84801492461793	9.85761128827911	8.22820819456718	0.000579000006729742	0.0354608228840728	0.346128204011462
AT4G35190.1	-4.20279357299724	2.90658163597981	-13.5843461386517	5.97165192916372e-05	0.0148747909595681	0.309385047325831
AT4G36040.1	2.57841426484923	7.58767509842077	9.44157289803314	0.000313088279538778	0.0259112935007539	0.273091601653191
AT4G36220.1	2.18233302102279	5.89889630061544	10.8192028197174	0.000169113303649077	0.0192412869109204	0.201709225475062
AT4G37310.1	2.23729047753772	5.16603711384105	7.73768253557421	0.000759891035220118	0.0399812030781879	0.289142190475212
AT4G37409.1	-5.46473313072253	-3.50046555579088	-7.74156869283774	0.000758211334388317	0.0399812030781879	0.705894806020171
AT4G37490.1	-6.6918463488326	1.30925464239818	-14.2368658521209	4.81160566684529e-05	0.0148747909595681	0.470036482631863
AT4G37900.1	-7.47977439686847	5.25758788893237	-26.2712196898769	2.79346551253059e-06	0.0140380422091884	0.284713632833372
AT4G38550.1	4.87311213935952	4.70353465208162	10.9031373705166	0.000163276084594582	0.0190556152812374	0.446945862806152
AT4G38660.1.DE	-4.99824236705139	3.90128202734278	-7.43781202715513	0.000904093050916528	0.0440789839171361	0.672004394411021
AT4G39000.1	-8.08144380665767	-2.19211844307641	-12.663806355737	8.24213991076764e-05	0.0153242289140791	0.63815282543361
AT4G39010.1	-3.85244531668503	2.97352933544406	-8.77962542559109	0.000433719876503981	0.0305441899592752	0.438793812940563
AT4G39880.1	-1.65510443419193	4.4669933759671	-7.52598797905404	0.000858524303221425	0.043170150110695	0.219918559370322
AT4G40010.1	-2.77537899873839	1.77623525393566	-8.19399727995922	0.00058980479108811	0.0359609390969023	0.338708801567018
AT5G01220.1.DE	1.9902330316403	5.73614328526586	9.73710211364375	0.000272508313745984	0.0238042999449777	0.20439685323332
AT5G01370.1	-3.60295946833239	2.25947342342363	-7.80161307530263	0.000732815792271292	0.0396049730205532	0.461822373598376
AT5G01740.1.Hnull	-2.33968515202017	-0.115899343146149	-7.46369682843547	0.000890421757855771	0.0438834621855356	0.313475373638752
AT5G03490.1	2.43568506824014	3.62767404522048	9.83104514218699	0.000260956204765679	0.023337936218455	0.247754438415518
AT5G04140.2	2.98636086091476	10.1264522941918	10.3301010864236	0.000208608376806264	0.0214543875527468	0.289093091725849
AT5G04840.1	-2.90567725637114	1.89947043088528	-8.91173155167621	0.000405699985333787	0.0297999189650689	0.326050806122476
AT5G05810.1	-4.93531595046068	0.717320495657795	-11.1585953656303	0.000146946803004265	0.0188401251193626	0.442288279908598
AT5G05870.1	2.72262399382813	2.62300634826187	9.88349145638013	0.000254763462559892	0.0230675196299246	0.275471882162713
AT5G06320.1	1.82496918715776	5.37065762846593	8.43335006744897	0.000518972589915749	0.033499182583948	0.216399078961726
AT5G06530.2	3.01005186144789	6.91206088816331	12.5476600987723	8.59769321803103e-05	0.0153346463219978	0.239889496348597
AT5G06940.1	-5.42346486945644	1.48815701193626	-13.6384806364714	5.86340115608314e-05	0.0148747909595681	0.397659021852716
AT5G07430.1	-7.96508643395998	3.77809404987781	-21.0744717144675	7.81035184406618e-06	0.0140380422091884	0.377949518349824
AT5G07475.1	-8.19014714471406	-0.902931328597558	-11.2932386486668	0.00013913432005002	0.0188401251193626	0.725225721293059
AT5G07800.1	-3.05919486887771	1.99603291112826	-8.62423552652411	0.000469714705975743	0.0318303601735964	0.354720700689244
AT5G08000.1	-7.07962085740597	3.20664745639386	-16.6947298061291	2.30510565324875e-05	0.0140380422091884	0.424063218729473
AT5G08040.1	-2.09488942076614	4.67302127370412	-8.39630365806476	0.000529238708356424	0.0337006349475373	0.249501388477533
AT5G08480.2	-4.18851968439352	1.05765052840738	-10.9733000213069	0.000158582223873614	0.0188401251193626	0.38170100847153
AT5G09220.1	2.25498383661684	6.52110230848172	11.1025163108047	0.000150356200744672	0.0188401251193626	0.203105654023886
AT5G09970.1	-4.60478333208122	0.72682069685828	-8.33893709187038	0.000545621491318046	0.0345133810599639	0.552202670598202
AT5G10160.1	-2.98123798951991	4.2701917544884	-12.0480673571312	0.000103553028109335	0.016278027438801	0.247445328877194
AT5G10180.1.DE	2.57841101795815	5.84580546924992	7.95798327258017	0.00067131883084659	0.038437234067002	0.324003070833569
AT5G10200.1.DE	-2.47887637034954	4.07347268296181	-11.2216849530292	0.000143221979024638	0.0188401251193626	0.220900549313709
AT5G10380.1	3.60964066540682	5.89607103274798	8.65118303303059	0.00046322234693983	0.0315616546087453	0.417242433968286
AT5G10410.1	2.40328874332532	2.016294172817	7.7274868560059	0.000764319132413587	0.0401363268493254	0.311005219175164
AT5G11400.2	-7.13948670259439	-1.84008257294366	-10.9615604609901	0.000159356148641089	0.0188401251193626	0.651320286742233
AT5G11670.1.DE	2.41255426557861	7.76716557644067	10.2821092599129	0.000213054724347042	0.0218292987118583	0.234636124222535
AT5G11920.1	7.46186967970669	0.283209645850626	11.2842726704607	0.000139638736864753	0.0188401251193626	0.66126279447677
AT5G12970.1	-7.1728350197754	-0.324453479201406	-13.9853623130895	5.22332400291832e-05	0.0148747909595681	0.512881601434238
AT5G13600.1	-7.55834461015932	-1.62723847058353	-10.212288994255	0.000219729168837907	0.0220084789670561	0.74012247542263
AT5G14780.1.DE	2.3398416452451	7.30633510209602	7.19917712195518	0.00104274139614754	0.0484137547029045	0.325015151816357
AT5G15070.2	-2.74828336732128	2.97487485388178	-9.19437003775088	0.000352725784488516	0.0271558998035311	0.298909371282338
AT5G15100.1	-6.12645902352243	-1.21106720254879	-11.1620738047176	0.000146738414507113	0.0188401251193626	0.548863869806446
AT5G15140.1	-8.09505184202504	1.8216727583666	-16.889423080642	2.1845457665207e-05	0.0140380422091884	0.479297120059909
AT5G15520.1	-2.7071006726354	3.43194333244109	-8.82940243762773	0.000422896987329605	0.0301718180436677	0.306600666552326
AT5G15630.1	-3.2607569313155	2.59120709285209	-8.99990582924809	0.00038820562615004	0.0288287633108807	0.362310116703513
AT5G16970.1	2.12864759800163	4.97858381754529	8.06623344006282	0.000632356257109129	0.0370883999719938	0.263896106382095
AT5G17340.1.DE	-10.8121585582318	-0.826676522892416	-17.5668903096174	1.82042444527517e-05	0.0140380422091884	0.615485061252555
AT5G18330.1	-7.00234401364793	-2.73517956954488	-10.1371300956504	0.000227197633646172	0.0221937071949561	0.690761975783704
AT5G18470.1.DE	2.62775677952549	2.79157228971585	9.48374514919728	0.000306873112234354	0.0258750697582885	0.277080071025306
AT5G19340.1	-6.70882172033499	1.09108009221035	-13.1117258595571	7.02705103882002e-05	0.0148747909595681	0.511665801450918
AT5G19580.1	-5.0276426495924	5.44647046500728	-11.3842548512298	0.000134136243007927	0.0188401251193626	0.441631245548695
AT5G19640.1	-8.90042707420583	-1.78269397135945	-14.1844003789108	4.89415909762836e-05	0.0148747909595681	0.627479966473512
AT5G20230.1.DE	-2.66416693241128	5.00263625780709	-9.02366387073242	0.000383647964020609	0.0287251143170816	0.295242261965486
AT5G20790.1.DE	-2.76254350502924	0.716574293996152	-7.24088438754601	0.00101676463939518	0.0474501771953359	0.38152017863739
AT5G20810.2	-5.0427620745714	1.7138295308479	-7.97597327863006	0.000664648206584474	0.0382966643176602	0.632244103435304
AT5G22110.1	-2.85994995548215	1.64538765714042	-8.83517886618553	0.000421662168639571	0.0301718180436677	0.323700289354401
AT5G23010.1.DE	5.43946778431067	5.5569553058659	16.6275324443686	2.34857472218035e-05	0.0140380422091884	0.32713620030571
AT5G23360.1	-3.39803754902226	0.889860417886977	-7.90162287445543	0.000692743301019166	0.038980220754814	0.430042992814491
AT5G23535.1	-2.43496828509716	3.81419320337403	-7.88514530228314	0.000699161291387241	0.0391271906272441	0.308804491452062
AT5G23740.1	-2.23866365013932	6.48602095567883	-9.89577723677515	0.000253338464816163	0.0230595281380796	0.226224135464558
AT5G23780.1	-4.01524718427097	0.161248542167202	-8.91658296551892	0.00040471310660602	0.0297999189650689	0.450312322534117
AT5G24200.1	4.5716371745897	0.09787887008095	10.1771918433489	0.000223179330009553	0.0220272154830949	0.449204185688748
AT5G24770.1	-6.31111927625684	6.5768968197565	-7.17212102277034	0.00106001806066968	0.0488802052786978	0.879951587015897
AT5G24880.1	-4.24784907902306	0.634488331365255	-8.42349627681005	0.000521679696113515	0.033499182583948	0.504285743049169
AT5G25950.1	-8.03418592459859	-2.21566230005577	-12.6151253733646	8.38896115937875e-05	0.0153346463219978	0.636869288795325
AT5G27850.1.DE	-2.38988802442527	7.74368825708853	-7.78215628535208	0.000740931667916976	0.0397298135562693	0.30709843606246
AT5G28470.1	-10.0580793736271	-0.385372913889148	-15.7865737891648	2.98624927159978e-05	0.0148747909595681	0.637128708734156
AT5G35670.1	-2.87107712754878	3.95732941390902	-12.239145468811	9.63602471731761e-05	0.0158273711468052	0.234581502022763
AT5G37040.1	-5.5381876549904	-3.46511356123941	-7.80592385234656	0.000731032119862237	0.0396049730205532	0.709485226828795
AT5G37320.1	-6.01385331045574	-1.71860448913413	-8.78484257602837	0.000432570029655423	0.0305441899592752	0.684571551329336
AT5G38035.1	-5.15766483835889	-2.83177323518093	-7.58965424470545	0.000827327004861128	0.0422246632780621	0.679565191254514
AT5G38390.1	-6.93594213965769	-2.76683706965958	-10.2399843299537	0.000217051915968408	0.0219870687157874	0.677339136093097
AT5G38450.1	-7.4492411913268	-2.5081338432358	-11.4968711571463	0.000128248409538434	0.0184496982501261	0.647936389779968
AT5G38510.1	2.25834404517577	5.44905306355787	10.872470213061	0.000165380231159241	0.0190556152812374	0.207712139092627
AT5G38820.1	-3.32569797732021	1.32800266549124	-9.15201063805215	0.000360110243382927	0.0274146496456936	0.363384409049161
AT5G39080.1	4.46642270107114	3.04880462583797	11.0872774097551	0.000151299101836078	0.0188401251193626	0.402842152857237
AT5G39320.1	-3.80866325224208	4.77820263551212	-10.0386020344716	0.000237457041104308	0.0224484707164789	0.379401757253002
AT5G39670.1.DE	4.21137859090521	1.81260411416258	12.3843611571319	9.12946244428235e-05	0.0155508980910294	0.340056183558566
AT5G40942.1	-4.06302196366282	-0.0590380338071284	-9.05950793360667	0.000376892909927934	0.0283752468706517	0.448481528294804
AT5G41090.1	-4.21361663283929	-0.32802863726303	-8.45277507976606	0.000513685256453913	0.033412835273019	0.498489146236209
AT5G42340.1	-8.66457627155268	-1.07654672592542	-13.1588878316731	6.91212761156226e-05	0.0148747909595681	0.658458099376547
AT5G44010.1	-3.48598599630355	0.296515073065509	-7.44690145159318	0.000899263930866877	0.0440789839171361	0.468112277161633
AT5G44190.1	2.8348039166135	6.19495531861026	13.7242320343028	5.69673753704259e-05	0.0148747909595681	0.206554647977978
AT5G44290.1	1.55373826932208	5.92305298274555	7.78303570405153	0.000740562523737092	0.0397298135562693	0.199631394278876
AT5G44390.1	3.40231791034497	1.07777507446451	7.80186467310453	0.000732711545208838	0.0396049730205532	0.43609035184548
AT5G44420.1	9.33722379827845	3.30223119311642	12.4737186524352	8.83371054727252e-05	0.0153346463219978	0.748551739737659
AT5G44568.1.DE	4.59608728103234	1.27410454810446	10.6737106535057	0.000179839470866975	0.0194888908626374	0.430598826428071
AT5G44630.1.DE	-10.1401460862188	1.57966691710339	-16.1892090521143	2.65780442179128e-05	0.0147828166758162	0.626352161713203
AT5G44870.1	2.78457442774066	4.81965267766356	10.025471030917	0.000238866093335983	0.0224484707164789	0.277749984928734
AT5G44880.1	-5.95292392405384	-3.25727371565877	-8.58661372813405	0.000478962662691939	0.0322312306395212	0.693279575922821
AT5G45775.2	-2.54811178373005	6.57217455603664	-8.8606168665031	0.000416275628510838	0.030093304985237	0.28757724457797
AT5G45860.1	-5.75943576651365	-3.35350885576795	-8.27320382602124	0.000565148614605053	0.0351656628822971	0.696155429943454
AT5G46290.3.DE	-1.73657750737995	6.69871927943938	-7.81982015406185	0.000725317577246898	0.0396049730205532	0.222073842258114
AT5G46350.1	4.84153531745917	-0.737526542357206	9.47655364401766	0.000307922391497222	0.0258750697582885	0.510896207559118
AT5G46970.1.DE	-8.21039020715456	-2.13219834769201	-11.7602930420002	0.000115650261448265	0.0173562694986321	0.69814503582796
AT5G47150.1	-7.50526131902331	-1.65991722824202	-9.44100728542252	0.000313172661284282	0.0259112935007539	0.79496404272581
AT5G47220.1.DE	3.71068602577518	3.34806596204576	14.1461140353302	4.95548387281959e-05	0.0148747909595681	0.262311332745351
AT5G47530.1	-7.42044774332156	-0.478121461959689	-8.07412276680642	0.000629624202894741	0.0370621555630524	0.919040737630075
AT5G47600.1	-8.64405698400891	0.301075930929473	-13.3283733655833	6.51743766119271e-05	0.0148747909595681	0.648545531169596
AT5G47800.1	-1.77141508273851	3.89413393087262	-7.94878486613582	0.000674760588912464	0.0384817914742203	0.222853569768289
AT5G47850.1	5.8829316025336	-1.66644914932543	10.0783834118986	0.000233248906950038	0.0224484707164789	0.583717781126303
AT5G47860.1	1.64722057884184	5.43509574439637	8.08752705923995	0.00062501473605757	0.0369208820817303	0.203674196917821
AT5G48210.1	-10.3533407036378	0.901179519495477	-17.5511871851122	1.82799190012288e-05	0.0140380422091884	0.58989403932858
AT5G49152.1	-5.14276237791985	-2.423272895634	-7.1540073077875	0.0010717761585696	0.0488802052786978	0.718864568718247
AT5G49660.1	2.61155743039813	5.1799228993204	12.2452037564271	9.61422345388998e-05	0.0158273711468052	0.21327186401675
AT5G50030.1	-8.13469248585423	1.82975262019568	-16.2174210854627	2.63647243606383e-05	0.0147828166758162	0.501602100789391
AT5G51600.1	-5.63625750654013	2.54992835685552	-16.9382565407743	2.15551256200679e-05	0.0140380422091884	0.332753107911217
AT5G51810.1	-9.25603263376787	-1.60618000039761	-14.1517204661326	4.94644602731281e-05	0.0148747909595681	0.654057056590336
AT5G52750.1	4.21943257956649	2.69543690515102	13.7340152377746	5.67808920730774e-05	0.0148747909595681	0.307224981661676
AT5G53680.1	-6.26841876371811	-3.09956349241124	-9.1607634857213	0.000358569242266645	0.0273737986799304	0.684268158815428
AT5G54095.1	-8.22924953649712	1.4367991189875	-13.8485624881249	5.46513896730184e-05	0.0148747909595681	0.594231317766999
AT5G54330.1	-6.579929020923	-2.94423964566775	-9.68250573770178	0.000279504999145064	0.0242195765437881	0.679568822283476
AT5G55400.1.DE	-2.2192380870761	4.30008872974177	-9.3428585459846	0.00032823876790768	0.0264207323030599	0.23753309291297
AT5G55830.1	-5.27028351997058	0.604422438780985	-10.9711413423153	0.000158724193067753	0.0188401251193626	0.480376959473055
AT5G57040.1	2.14320971451188	6.35620638521838	10.4917267697479	0.000194434331188342	0.0206996611804964	0.204276165548998
AT5G57790.1	-3.26635824131848	3.22813968699402	-11.0845395695933	0.000151469259466563	0.0188401251193626	0.294676943576317
AT5G58350.1	1.81546294636754	4.9185688283366	8.08503245206511	0.000625869506192097	0.0369208820817303	0.22454615453075
AT5G58420.1	-2.18253354214152	6.77974597208508	-8.1344664393389	0.000609189290047208	0.0364897690350475	0.268306908439209
AT5G58770.1.DE	3.12930451116822	4.60819427282914	10.9936021762703	0.000157254482453757	0.0188401251193626	0.284647785229379
AT5G59020.1	-2.22675112412343	2.50458339624256	-7.63769830553154	0.00080468151502408	0.0414570699630742	0.291547405389229
AT5G59370.1	-6.91186038361413	1.90129775312853	-17.1227416171737	2.049958965217e-05	0.0140380422091884	0.403665519117668
AT5G59540.1	6.1473301705735	3.64815346424537	20.3525531758275	9.18633161936266e-06	0.0140380422091884	0.302042211484042
AT5G59620.1	-3.84278954246882	-1.56555127105781	-7.14125488759324	0.00108014778088975	0.0490298193969904	0.538111242765615
AT5G60250.1	-4.2568965916025	1.01025116297229	-9.61312215964241	0.000288711438455065	0.0248218976140516	0.442821439373121
AT5G60330.1	-5.03779817390759	-1.39989017795303	-8.87358685987777	0.000413561063150166	0.0300635123655981	0.567729628780237
AT5G60650.1	-4.06969211133418	-0.147992843046278	-8.66259697101409	0.000460504972144761	0.0315616546087453	0.469800468029596
AT5G61160.1.DE	6.76623357292197	-2.01126439323997	7.41014979278065	0.000918982026895139	0.0444865651172293	0.913103481324222
AT5G61260.1	-4.28294818101872	0.762734877141432	-10.4223659121339	0.000200370195843969	0.0210034204520444	0.410938189766723
AT5G61620.1	-7.93047230372957	-2.26804731021922	-12.3054073722694	9.4007795430566e-05	0.0157183340899672	0.644470521276779
AT5G62300.1	-1.97470951870019	6.93993791335968	-7.4471015281781	0.000899157980223495	0.0440789839171361	0.265164844500689
AT5G62320.1	-8.26604344556537	-0.516550762286158	-14.9117215525034	3.88621253562178e-05	0.0148747909595681	0.554331933872362
AT5G62570.2	1.43252193228033	5.24628821797585	7.14651036118247	0.00107668825782713	0.0489884169930226	0.200450549972098
AT5G64770.1.DE	5.10498994911674	4.27590458534282	17.7500160642057	1.73491374224163e-05	0.0140380422091884	0.287604807266139
AT5G64910.1	-4.63308129971263	1.3125340103955	-11.0253653328429	0.000155203989450658	0.0188401251193626	0.420220206754636
AT5G65158.1	-6.66127569735516	-2.90730679156161	-9.3869167111576	0.000321370233738055	0.0262234261984939	0.709634047294501
AT5G65350.1.DE	-4.22294787880576	0.492868069344667	-10.0908696696734	0.000231946653224519	0.0224484707164789	0.418491965216555
AT5G65690.1	-8.83202079758188	1.33085664315451	-14.2538464084252	4.78524827100906e-05	0.0148747909595681	0.61962368223369
AT5G66170.2.DE	-3.00193514964856	3.28076817876335	-9.81844404376459	0.000262471023507295	0.0233770760610059	0.305744488257791
AT5G67260.1.DE	-2.78482922030985	5.37512519369958	-12.5462169974003	8.6022261344889e-05	0.0153346463219978	0.221965650752486
AT5G67510.1	-2.4934395277081	5.17672949294794	-8.94570211364329	0.000398849946732913	0.029458689561677	0.278730444635005
