baseMean	baseMeanA	baseMeanB	foldChange	log2FoldChange	pvalue	padj	dispersion
AT1G01400.1	28.8469395751955	55.6146642955629	2.07921485482798	0.0373860901825828	-4.74135458696959	0.00102332209806878	0.0487316456826106	0.313981458057264
AT1G02310.1	35.362289867091	69.7175442176253	1.00703551655678	0.014444506441783	-6.11333528086403	0.000104545696649168	0.00709976830246754	0.152704433021947
AT1G02813.1	1120.30636019793	2238.66379318446	1.94892721139915	0.000870576107646265	-10.1657419526389	3.97351939666652e-12	7.24981858986463e-09	0.386135327576586
AT1G02970.1	107.982664441421	210.118547248644	5.84678163419744	0.027826109169119	-5.16741699417893	3.32659984004131e-05	0.00277568245189788	-0.000900673146487285
AT1G03120.1	59.1059262099941	111.568405829798	6.64344659019071	0.0595459488802375	-4.06985282995064	0.00086734088676366	0.0422373405497292	0.0908678044624803
AT1G03390.1	206.121075220677	404.852243621463	7.38990681988983	0.0182533428832851	-5.77569548909742	2.52222001115848e-06	0.000304088622314473	0.22137592863011
AT1G04450.1	120.813176825324	241.626353650648	0	0	-Inf	6.17763928561607e-09	1.94332910308897e-06	-0.00519570779406213
AT1G05440.1	240.328221627292	478.236570195764	2.41987305882033	0.00505999166443873	-7.62664927635966	2.46565164264809e-08	6.13454128690845e-06	0.10726016683183
AT1G06160.1	264.02682651644	3.0421032627702	525.011549770109	172.581764792568	7.4311362253626	2.74588755840787e-08	6.5347348433484e-06	0.0523629310212089
AT1G06170.1	378.46227014843	752.490596204925	4.43394409193389	0.00589235814280715	-7.40693916332617	1.88922674565803e-08	4.92422453096846e-06	0.170125109727975
AT1G06420.1	470.085605445943	934.730231283395	5.44097960849068	0.00582090899212723	-7.42453982293146	1.10795735131025e-08	3.22580604155947e-06	0.126682528647044
AT1G07370.1	584.449033515516	1141.93880518002	26.959261851016	0.0236083244817713	-5.40456053480774	3.46628085433441e-06	0.000392004852981092	0.231161513280293
AT1G07620.1	746.585689926058	24.1742416886545	1468.99713816346	60.7670410961801	5.92521713994139	6.77367529901108e-07	9.65530966579871e-05	0.19546815565493
AT1G09200.1	3009.96510249843	5712.35652611988	307.573678876973	0.0538435718202435	-4.21508207261198	0.000101816722414385	0.00694892782802217	0.392954663721052
AT1G09380.1.DE	304.544436066961	608.552782464787	0.5360896691356	0.000880925508161028	-10.1486923508128	2.29196898818869e-10	1.65070019128285e-07	0.232319045951864
AT1G09450.1	247.962047389325	489.541223475316	6.38287130333304	0.0130384756119622	-6.26108098244641	5.99441085493207e-07	8.58926891506706e-05	0.0110412780439549
AT1G09600.1	192.705558617551	375.2606791524	10.1504380827025	0.0270490319039801	-5.20827922944982	1.58705009972974e-05	0.00148240229110592	0.161957103725989
AT1G10640.1	2074.18953892476	4037.07030458382	111.308773265702	0.0275716707582026	-5.18066949690828	6.21495534026392e-06	0.000661832286974098	0.0521860734792473
AT1G11510.1	35.1408968611314	70.2817937222627	0	0	-Inf	7.65697263391827e-06	0.000790777460547454	-5.48031608177852e-05
AT1G11610.2	17.0612930067604	34.1225860135207	0	0	-Inf	0.000352329481476516	0.0203001121032616	0.40329406048483
AT1G11620.1	21.7161714164123	43.4323428328246	0	0	-Inf	0.000103599506453671	0.00705301316573149	0.222343741390816
AT1G11765.1	274.061971829744	545.704070600668	2.41987305882033	0.00443440536581801	-7.8170436262015	1.32353477426265e-08	3.73427831979589e-06	-0.00126889637039518
AT1G13100.1	198.492448117459	9.7579430880441	387.226953146873	39.683255953944	5.31045849651683	9.29121716776071e-06	0.000940686883747466	0.0290281221594539
AT1G13130.1	296.882237465052	583.14309099998	10.6213839301237	0.0182140268727355	-5.77880627201393	2.17430455532997e-06	0.000265653424420851	0.209270473312578
AT1G13150.1	845.64708206616	1616.91337520593	74.3807889263862	0.0460017154084787	-4.44216852936243	4.51756946008506e-05	0.00356050067633316	0.0054234830357685
AT1G13260.1	2349.48488395715	198.275303024577	4500.69446488972	22.699218693575	4.5045707357382	3.9118040531234e-05	0.00316010467888169	0.00030546825867933
AT1G13470.1	1885.1705620675	52.8768672423206	3717.46425689268	70.3041698717991	6.13553835566393	2.04459005661702e-07	3.41197199204236e-05	0.124687725848033
AT1G13635.1	67.79830197701	128.402128599273	7.19447535474657	0.0560308106511194	-4.15763582421198	0.00071417961614896	0.0361287758498424	0.0979669718271064
AT1G13890.1	137.022220500895	274.04444100179	0	0	-Inf	2.98261447878238e-09	1.13372490354606e-06	0.00550198979395954
AT1G13970.1	1128.51699755187	2141.58050799913	115.453487104617	0.0539104118072522	-4.21329225980112	9.76411391569835e-05	0.00674808761729375	0.00074194150357778
AT1G14370.1	864.918215790384	41.0753482532265	1688.76108332754	41.1137374397036	5.36154862078191	0.000534584954358899	0.0285752363884655	0.724138015152176
AT1G14760.1	19.247669835427	38.4953396708539	0	0	-Inf	0.000206403839989009	0.0130871981745056	-0.0493267814791302
AT1G14900.1	1780.7767339348	3426.48042100756	135.073046862038	0.0394203469057965	-4.6649157173743	2.38342802715519e-05	0.00213168817801252	0.00230302983643916
AT1G16070.2	117.019607830458	228.127290205004	5.91192545591186	0.025915029502166	-5.27006715365951	2.16371006462459e-05	0.00194790845554756	0.0240847882742317
AT1G16420.1	69.2398144509806	0	138.479628901961	Inf	Inf	1.41416870537171e-07	2.63285504276278e-05	0.0271271415641622
AT1G16630.1.DE	507.078885845456	996.682570610034	17.4752010808779	0.0175333667871627	-5.83375313829992	1.07580231220516e-06	0.000145037229952861	0.00264355586730653
AT1G17560.1	378.389501312192	724.198268795155	32.5807338292296	0.0449886933359203	-4.47429372428394	6.06733413709403e-05	0.00452454497722042	0.238448016606239
AT1G19500.1	154.406889831762	307.270654477831	1.54312518569238	0.00502203891977493	-7.63751107541773	6.77786859930988e-08	1.37404968759935e-05	0.0223135238413754
AT1G19850.1	2518.66298872304	4882.12299513297	155.202982313107	0.0317900598710499	-4.97528045623103	1.05036030520629e-05	0.00102665217260306	0.170884361347782
AT1G20130.1	11171.4364619392	22334.6212082808	8.25171559759751	0.0003694584976681	-11.4023000681449	0.000228226122747236	0.0141314310573447	1.67738621991792
AT1G20680.1	65.92041985427	131.369893861119	0.470945847421183	0.003584884128163	-8.12385779625826	9.6953503279974e-07	0.000133337863204338	0.23050556161016
AT1G20930.1	534.882457213111	1044.71931415573	25.0456002704907	0.0239735208597448	-5.38241438450591	3.21920267850237e-06	0.000371743202131869	0.27592487234531
AT1G21740.1	338.449623557467	648.62216973421	28.2770773807246	0.0435956072736642	-4.51967341449199	5.92822281772824e-05	0.00446952071833571	0.0060358896278386
AT1G22100.1	50.0158130392251	100.03162607845	0	0	-Inf	9.40125303500289e-07	0.000129946208617151	0.296850408098072
AT1G22130.1	212.665876017257	422.310645484844	3.02110654967035	0.00715375419012204	-7.12708373786719	8.16849733333659e-08	1.60369219303549e-05	0.213684939887059
AT1G22240.1	75.3543005938344	149.636421849398	1.0721793382712	0.00716522972829637	-7.12477132440902	1.40558654176444e-06	0.000183181392738139	0.214119990670276
AT1G22350.1.DE	451.649889310314	41.15664045998	862.143138160648	20.9478501773968	4.38873028642276	6.69500134031003e-05	0.00490884381519305	0.0448997645236012
AT1G22460.1	231.887192028247	461.890600666809	1.88378338968473	0.00407841897402806	-7.93777429432377	1.60025528006728e-08	4.37957865048815e-06	0.024321926142905
AT1G22470.1	31.1106975453842	62.2213950907683	0	0	-Inf	1.53822447742155e-05	0.00144667104804374	-0.0213378357562295
AT1G23240.1	3380.58775524455	6758.75563743029	2.41987305882033	0.000358035293570752	-11.4476105704125	3.53239725315639e-14	3.93080099111662e-10	0.00362530338823224
AT1G23380.2	345.906019874692	663.955703489787	27.8563362595976	0.0419551125371514	-4.57500956546059	4.52738320434061e-05	0.00356050067633316	0.0193135471269022
AT1G23510.1	194.455116925449	388.374144181762	0.5360896691356	0.00138034335489827	-9.50075710838695	2.50123191993928e-09	1.00667228213086e-06	0.0485909451938441
AT1G23620.1	236.267901911657	472.535803823313	0	0	-Inf	1.49829454150436e-10	1.24258560642095e-07	0.0190046810433172
AT1G23640.1	164.858688311715	329.717376623429	0	0	-Inf	1.15461375265203e-09	5.44818434182427e-07	0.129998593207468
AT1G23670.2	497.414834376971	993.75748941567	1.0721793382712	0.0010789144732903	-9.85620377928973	3.79862369964253e-09	1.28667646189855e-06	0.519264062666552
AT1G24260.2	4338.37194415664	8662.64539108149	14.098497231795	0.0016275048319893	-9.26312245796755	7.84499204553313e-12	1.13000917001132e-08	0.0601104286954357
AT1G24600.1	290.390706640273	552.779850282099	28.0015629984467	0.0506559039446837	-4.30312576486806	0.000118570337683157	0.00795351225909959	-0.00211121060493645
AT1G25240.1	208.248895849573	412.404505811205	4.09328588794155	0.00992541504824251	-6.65465685237915	2.83412196960023e-07	4.58960059550408e-05	0.159246516241291
AT1G25340.1	29.7518873153193	58.4315952923673	1.0721793382712	0.0183493079883659	-5.76813053436718	0.000267819775766594	0.0160738851385529	0.4146497570129
AT1G25560.1	998.934499305931	152.543757521976	1845.32524108989	12.0970223302913	3.59658006817313	0.000751762893958245	0.0375442461347614	0.0763899468350611
AT1G26420.1	36.2116696803125	1.34455880622053	71.0787805544045	52.8640177176054	5.72421417028296	0.000183976650842172	0.0117917400005821	0.115416516684954
AT1G26480.1	1177.25832809102	2348.00349723527	6.51315894676188	0.00277391364809762	-8.49386140738283	1.98201358682062e-10	1.50677077344741e-07	0.143249512569581
AT1G26515.1	23.2302688419687	46.4605376839373	0	0	-Inf	7.78342536497992e-05	0.00560570487865186	-0.0418376723547977
AT1G26760.1	157.391789369723	307.393671919557	7.38990681988983	0.0240405300920564	-5.3783874820472	1.04023063716863e-05	0.0010247720218861	0.103211079069137
AT1G26780.2	313.706266511981	626.470641329119	0.941891694842365	0.00150348896293695	-9.37747000748816	5.91875606155398e-10	3.30580644678794e-07	-0.00315541712605173
AT1G27045.1	888.486989450096	1740.60535175614	36.3686271440527	0.0208942406774514	-5.58075085948389	1.31319721999919e-06	0.000174463987946301	0.182183807762545
AT1G29980.1	823.828610644359	1575.43156591894	72.225655369777	0.0458449969723999	-4.44709188751236	5.68507678801155e-05	0.00430994962698893	0.0137427030426576
AT1G30600.1	591.899456805067	1104.7194410896	79.0794725205313	0.0715833084665676	-3.80423296541124	0.000449526927538218	0.0245893719903636	0.0988514400431362
AT1G30795.1	220.064733310318	440.129466620637	0	0	-Inf	2.36685316732959e-10	1.66092403803785e-07	0.222636636177117
AT1G32250.1	69.0939442553163	138.187888510633	0	0	-Inf	1.40887050348426e-07	2.63285504276278e-05	0.386996204621248
AT1G32300.1	40.8314716329659	81.6629432659317	0	0	-Inf	3.14212197974375e-06	0.000367493992912936	0.113194406262876
AT1G34245.1	50.0688918708264	96.7108751662757	3.42690857537711	0.0354345730972365	-4.81869852169495	0.000281358306545062	0.0167395959424462	0.167055342575566
AT1G35540.1	16.5179061196091	33.0358122392183	0	0	-Inf	0.000441907895007504	0.0243342761983207	-0.0467383228813849
AT1G35730.1	18.8470838758923	37.6941677517846	0	0	-Inf	0.000224603281583113	0.0140341155487823	0.00254443392813423
AT1G37130.1	27769.4556747009	2182.5870324284	53356.3243169734	24.4463673265793	4.6115481948584	2.10361311305978e-05	0.00190634714166292	0.0312147508188637
AT1G43140.1	18.3511257918532	36.1661619145708	0.5360896691356	0.0148229627020394	-6.07602235830126	0.00104120513852807	0.049471705262563	-0.0531241027057508
AT1G44224.1	1140.56259819342	2279.58207120115	1.54312518569238	0.000676933375282814	-10.5286985307994	2.12110941579402e-12	4.46542480703467e-09	0.355052269088738
AT1G44970.1	3856.30508030397	7699.92450091841	12.6856596895314	0.00164750442527304	-9.24550194427799	8.35488732360052e-12	1.14328278136149e-08	0.119517847545106
AT1G47520.1	192.51055767011	367.611058081056	17.4100572591635	0.0473599933311165	-4.40018731195748	0.000128723930925053	0.00857157309381226	0.019523163111716
AT1G47760.1	24.0012259664043	48.0024519328087	0	0	-Inf	5.98595817807036e-05	0.00448832064157342	0.335857047885382
AT1G48940.1	195.400340409824	390.800680819648	0	0	-Inf	4.02096464587874e-10	2.44546134285354e-07	0.0207116181223072
AT1G49290.1.DE	138.249068881692	272.535139518871	3.96299824451271	0.0145412376969404	-6.10370611836845	2.42740535471311e-06	0.000293952344016763	0.0939359312222774
AT1G49910.1	98.2764177420633	189.829305976801	6.72352950732539	0.0354188173039365	-4.8193401509834	8.8743904234604e-05	0.00624355570974972	0.113593241200514
AT1G50810.1	119.496052129364	234.297584879936	4.69451937879156	0.0200365675181724	-5.64122080941796	8.02964544635196e-06	0.000826147881863761	0.190651492521317
AT1G51210.1	56.8406312435692	113.210316639717	0.470945847421183	0.00415991988539287	-7.90922854044461	2.66020245380232e-06	0.000319317634893254	0.196022416241447
AT1G51260.1	102.87637389857	205.752747797139	0	0	-Inf	1.49791573245607e-08	4.18315895569976e-06	0.0518146399528496
AT1G51270.3	490.045541833748	39.0178639405189	941.073219726976	24.1190348390574	4.59210027157953	3.85140514973316e-05	0.00313494354048473	0.0873176250514042
AT1G51410.1	187.809939145153	375.148932442886	0.470945847421183	0.00125535702408771	-9.63768655902801	2.76408707736456e-09	1.08067907333305e-06	0.046058623496924
AT1G51800.1.DE	420.037152070275	55.682048090659	784.392256049892	14.0869864336308	3.81629111020698	0.000443912138821687	0.024395557058779	0.216819194105902
AT1G55200.1	293.386398095123	572.609155136736	14.1636410535094	0.0247352682478979	-5.33728664452061	5.67005695582197e-06	0.000613352248090655	0.00355105375745247
AT1G56650.1	196.29662722366	22.734482264023	369.858772183297	16.2686252489943	4.02402043869094	0.000336247846973448	0.0194966760084096	0.376382142301836
AT1G57750.1	6052.37274411544	12055.6111184802	49.1343697507188	0.0040756432227148	-7.93875651955396	4.86004441189094e-10	2.77103532217982e-07	0.00076489753639392
AT1G58430.1	3123.09993069373	6241.09953998297	5.10032140449833	0.00081721519931282	-10.256996342672	5.23867674886393e-13	1.79215131578635e-09	0.292503557004698
AT1G59780.1	38.41134733569	75.8156591548232	1.00703551655678	0.0132826849727748	-6.23430938605866	6.47252464221041e-05	0.00477466453929958	0.00537120559802659
AT1G60060.1	998.845628585821	1873.36033022777	124.330926943872	0.0663678657745227	-3.91337130828196	0.00027314289532513	0.0163217789503453	0.00104329965935979
AT1G60240.1	102.166925494997	204.333850989994	0	0	-Inf	1.52920753611569e-08	4.2274092776176e-06	0.113683528761943
AT1G60570.1	15.1327012100118	30.2654024200237	0	0	-Inf	0.000657530043598187	0.0339533627041419	0.0706246271170213
AT1G60810.1	2147.56339345084	3998.15171897001	296.975067931662	0.0742780886784776	-3.75091949740875	0.000360669697527755	0.0206502265312544	0.136799411648373
AT1G61070.1	1302.65105943399	2604.76602919885	0.5360896691356	0.000205811064458824	-12.2463918355547	9.87110574541926e-14	4.5025403673439e-10	0.12341122579444
AT1G61130.1	35.6330348300693	70.7299799910029	0.5360896691356	0.00757938386528304	-7.0437037094358	3.26847370723866e-05	0.00273552258164244	0.004117426083377
AT1G61290.1	127.738804821473	252.050701067569	3.42690857537711	0.0135961080880248	-6.2006624534211	2.11363718596134e-06	0.000260571048081596	0.0783842581813718
AT1G62360.1	769.948033458538	1532.50616009719	7.38990681988983	0.00482210578482842	-7.69612098428711	3.4457483773151e-09	1.22471742325142e-06	0.0752773018404875
AT1G63180.1	809.110287234059	1506.70559485721	111.514979610912	0.0740124547167958	-3.75608812381386	0.000438122193087292	0.0242232892533596	0.0213769427439329
AT1G65190.1	2642.27040842679	403.35469228701	4881.18612456658	12.1014735117878	3.59711081996741	0.000631182236266865	0.0327783594727734	0.0723770335478232
AT1G66050.1	32.3429461830018	62.7369651546045	1.94892721139915	0.0310650540171389	-5.00856362687803	0.000672484095403931	0.0344883536955982	0.142533599857125
AT1G66170.1	35.4862557894144	69.4945302148509	1.47798136397796	0.0212675927070606	-5.55519944684442	0.000193269262899728	0.0123583952968219	0.294261378951515
AT1G66235.1	55.872449327481	111.744898654962	0	0	-Inf	5.14396411061434e-07	7.44867776610017e-05	0.0784131736030055
AT1G66534.1	17.1495394193426	34.2990788386853	0	0	-Inf	0.000348132630078482	0.0201431158984945	0.256803152326845
AT1G67760.1	41.7533948276679	80.420539283951	3.08625037138476	0.0383763948720581	-4.7036370005055	0.00044932926156052	0.0245893719903636	0.295338926388906
AT1G68120.1	61.3004577871435	119.710096668045	2.89081890624151	0.0241484969664482	-5.37192279311669	6.54342581343118e-05	0.00481399133499958	0.0497478643020095
AT1G68320.1	73.321221582547	137.839698802941	8.80274436215337	0.0638621851222848	-3.96889427245784	0.0010238488843723	0.0487316456826106	0.0470673748729925
AT1G68480.1	64.4171240965823	128.834248193165	0	0	-Inf	4.65922534206832e-05	0.00364324797604931	0.821070705684299
AT1G68825.1	34.2682323829294	67.1236272235953	1.41283754226355	0.0210482895621425	-5.57015318880967	0.000266618798054101	0.0160369742091091	0.124209341129613
AT1G68875.1	5589.43672735698	11172.7009539712	6.17250074276953	0.000552462718567223	-10.8218352680824	7.16874696470443e-14	3.93080099111662e-10	0.119075268465778
AT1G69560.1	109.480404565365	217.953773614172	1.00703551655678	0.00462040872180293	-7.75776380643273	1.96623116635204e-07	3.30133831660874e-05	0.0367478326056126
AT1G69600.1	208.409320845662	416.282552022188	0.5360896691356	0.00128780239895096	-9.60087304208197	1.73190691656931e-09	7.4060669519795e-07	0.0843455850642696
AT1G69940.1.DE	7246.82616182695	14478.9525929313	14.699730722645	0.00101524821138108	-9.94395179907324	7.60894120453376e-13	2.0824150288568e-09	0.00186951723075825
AT1G70830.1	10137.8123586593	19439.9311939987	835.693523319914	0.0429885021186649	-4.53990534750706	3.67803908696799e-05	0.00303194499193192	0.0158044609257096
AT1G71160.1	764.574365998494	1527.6056068113	1.54312518569238	0.00101015941471535	-9.95120129993151	1.41144712102199e-11	1.75584021855136e-08	0.0100281342145997
AT1G72250.2	741.800075353602	1417.20095043617	66.3992002710332	0.0468523537544888	-4.4157346623891	6.03670765810401e-05	0.00451400587942597	0.00923694233160596
AT1G72260.1	3253.63536124573	6495.23650101907	12.0342214723872	0.00185277648789219	-9.07609543419757	1.91112793480097e-11	2.13033963737991e-08	0.167721669440475
AT1G72460.1	139.565060082805	279.130120165611	0	0	-Inf	2.7377089006307e-09	1.08067907333305e-06	-0.00685630000587225
AT1G73050.1	131.305184001721	260.661440792044	1.94892721139915	0.00747685275381411	-7.06335316320626	3.34298884982025e-07	5.28849241860581e-05	0.139674698625707
AT1G74220.1	27.9262408254709	54.4396441086782	1.41283754226355	0.0259523655122192	-5.26799014609671	0.000674080185478614	0.0344883536955982	0.0553720026710109
AT1G74550.1	2306.18059031115	4596.86478494365	15.4963956786382	0.00337107929069273	-8.21257372350909	2.84866469448598e-10	1.90151842338274e-07	0.245667532416563
AT1G75050.1	287.739934668625	557.403434765522	18.0764345717279	0.0324297150758175	-4.9465398412974	2.11254129869869e-05	0.00190811981065299	0.0118348974835015
AT1G75160.1	187.860068076676	375.720136153352	0	0	-Inf	4.80762413171222e-10	2.77103532217982e-07	0.129138148728311
AT1G75530.1	18.7623145662244	37.5246291324488	0	0	-Inf	0.000219058399703252	0.0137820466277669	0.340848102339362
AT1G75870.1	251.430592870558	499.970366834875	2.89081890624151	0.0057819804892482	-7.43422054407825	3.6879970338291e-08	8.21371535901659e-06	-0.00361905089073036
AT1G75880.1	3064.81439805954	5937.12901083781	192.499785281261	0.032423042337444	-4.94683672078191	9.36085954416101e-06	0.000941867661781612	0.226203111043918
AT1G75910.1	12904.2670358098	25793.6389094317	14.8951621877882	0.000577474246270139	-10.7579557717339	4.55461783735426e-14	3.93080099111662e-10	0.00417362907107845
AT1G76360.1	912.597449752101	59.1306123871969	1766.064287117	29.8671739699317	4.90048883128242	1.15377209766566e-05	0.00111973172939411	0.28828580660118
AT1G76965.1	174.973094153002	349.946188306004	0	0	-Inf	8.25833975117171e-10	4.26441966622769e-07	0.12438918451285
AT1G77730.1	29.6335976141968	58.7311055592579	0.5360896691356	0.00912786612870247	-6.77550665176395	8.93691892260902e-05	0.00625538611442362	-0.0149206275799061
AT1G78950.1	447.936080768788	879.889880916096	15.9822806214797	0.0181639554768374	-5.78277778420378	1.39049847823198e-06	0.000182957511308907	0.409408757142032
AT1G79780.1	644.971756227541	1274.7076920633	15.2358203917806	0.0119524032738197	-6.38655545921526	1.54046901098066e-07	2.79202356904097e-05	0.0369178425219842
AT1G80160.1	234.03777854219	443.761477948168	24.3140791362119	0.05479087380147	-4.18992057793599	0.000210566550378479	0.0133038064174725	0.326365095044205
AT1G80370.1	230.322700924556	451.777513665244	8.86788818386779	0.0196288835004716	-5.67087807576547	3.28050056080842e-06	0.000377229997261365	0.0103496597688368
AT1G80990.1	26.1945570008997	52.3891140017994	0	0	-Inf	3.74032069272169e-05	0.0030740269284807	0.282888800529114
AT2G01430.1	29.7378209057247	58.5337501166071	0.941891694842365	0.0160914291834367	-5.95756372298684	0.000253804397728416	0.015367519373963	0.0835459917922657
AT2G01610.1	828.121082681736	1596.30591931291	59.9362460505655	0.0375468419464132	-4.73516462157844	2.02767390297257e-05	0.00185596586543656	0.0167724917246703
AT2G02720.1	362.845885915292	715.491129021587	10.2006428089967	0.0142568403649473	-6.13220190609285	0.000225821304961802	0.0140780808068214	0.758673042771545
AT2G02950.1	313.149622259495	32.7710730014714	593.528171517518	18.1113438516605	4.17882169231828	0.000165182422950162	0.0108151017973685	0.0750653145117468
AT2G03090.1	1625.41669878454	3219.32484307812	31.5085544909584	0.00978731753606818	-6.67487077801967	4.52830232986881e-08	9.75831324124801e-06	-0.000280223564108651
AT2G03520.1	16.3855365007357	32.7710730014714	0	0	-Inf	0.000450134294328126	0.0245893719903636	0.0277996309368228
AT2G04020.1	67.9853058432798	134.086828296875	1.88378338968473	0.0140489816457881	-6.15339063070343	0.000222744272293843	0.0139498060506588	0.685134301764545
AT2G04070.1	83.7820730593729	0	167.564146118746	Inf	Inf	5.20715308370063e-08	1.11335441870874e-05	0.315578806443056
AT2G05300.1	117.37980702885	218.727128709927	16.0324853477738	0.0732990253304881	-3.77006217504756	0.000865755765825268	0.0422373405497292	0.165795791795512
AT2G12480.2	882.113164331256	1759.53180928372	4.69451937879156	0.00266805030407642	-8.54999841695615	2.14651632459921e-10	1.58772591274679e-07	0.0511807952464773
AT2G12505.1	33.1045781229617	0	66.2091562459233	Inf	Inf	0.000302383400614466	0.0177588603176324	0.867250061719747
AT2G13820.1	195.852012378232	376.047463243557	15.6565615129076	0.0416345356457496	-4.58607545624996	6.70822707864002e-05	0.00490884381519305	0.336260826744434
AT2G14900.1	371.102292828964	722.16428477938	20.0403008785473	0.0277503350704606	-5.17135099843546	9.72191403127617e-06	0.000974612978783759	0.0313681237581836
AT2G15080.1	2764.43418435434	51.5392626419289	5477.32910606675	106.274882978453	6.73165686017032	2.87055351019608e-08	6.65773800568188e-06	0.130185284427021
AT2G15340.1	79.9016374305821	157.383401802344	2.41987305882033	0.0153756560800447	-6.02320821813699	9.86168365599966e-06	0.000977878834410865	-0.00971784894554937
AT2G16270.1	582.445390755543	1094.65887063897	70.2319108721171	0.0641587189908046	-3.96221085290806	0.000233603610977379	0.014334671805446	0.0507254242629408
AT2G16440.1	830.316675583991	1597.32578870837	63.3075624596151	0.0396334692065587	-4.65713693460504	3.24209633841266e-05	0.00272176971133981	0.0071088266164959
AT2G16450.1	39.8503297858176	79.7006595716352	0	0	-Inf	3.53136763132293e-06	0.000396092087434615	0.244651728505164
AT2G16520.1	27.759731838576	55.5194636771519	0	0	-Inf	2.75897838684997e-05	0.00242011924651634	0.170306078187037
AT2G17180.1	24.3031342046136	48.6062684092272	0	0	-Inf	6.18160528074299e-05	0.00459723297074386	-0.0268221317973759
AT2G17442.1	205.701068108985	380.654981052131	30.7471551658391	0.0807743407976795	-3.62995911812252	0.000873656515614021	0.0424693277430276	-0.00303859816714036
AT2G17620.1	128.042636213589	254.672434884914	1.41283754226355	0.00554766574129628	-7.49390341983794	1.79502520223741e-07	3.12906049266454e-05	0.192364004714301
AT2G17630.1	493.216569312388	920.179165092593	66.2539735321841	0.0720011667787733	-3.7958359041599	0.000368301898100661	0.0209556888715569	0.163202004260356
AT2G18150.1	42.2538455430256	84.5076910860511	0	0	-Inf	2.73994203906502e-06	0.00032698921826187	-0.023533094595376
AT2G18420.1	197.245018960585	386.418814693295	8.07122322787452	0.0208872418240834	-5.58123419375237	5.82350547949691e-06	0.000625010580246554	0.0261763160111578
AT2G18480.1	154.536546637669	304.233347157698	4.83974611764066	0.0159080066759809	-5.97410311707501	2.87501200859236e-06	0.000339152278668774	0.0543594242025515
AT2G18660.1	415.392446997641	66.1598708910189	764.625023104263	11.5572326972007	3.5307240903072	0.000948081312970543	0.0457620623869097	-0.00203730650338985
AT2G19030.1	34.115631807692	68.2312636153839	0	0	-Inf	8.79266266659575e-06	0.000894563538510753	0.10382260861943
AT2G19610.2	27.3521916732125	54.7043833464251	0	0	-Inf	3.10539983298068e-05	0.00263122546839057	0.00188736744952231
AT2G20430.1	97.6697049052164	194.868463963012	0.470945847421183	0.00241673710483279	-8.69272374088518	1.01839008479723e-07	1.93550693338408e-05	0.29917684438132
AT2G20470.1	501.134862472498	996.29265566737	5.97706927762628	0.00599931078847763	-7.3809875138006	1.22911928963727e-08	3.54089860197818e-06	0.0125793647879634
AT2G22340.1	41.7320982478645	82.4571609791723	1.00703551655678	0.0122128327558009	-6.35545831879059	3.9288447834484e-05	0.00316248894215929	-0.00118776656775787
AT2G22950.1	536.907339093712	1065.48287967269	8.33179851473219	0.00781973945681009	-6.99866374498495	3.3708018207694e-08	7.68767535256808e-06	-0.00181912985297418
AT2G22960.1	93.0505198125938	182.203185202389	3.8978544227983	0.0213928994625895	-5.54672415996861	1.77117261879701e-05	0.00164316787224531	0.0419210556801041
AT2G23680.1	243.888491588854	20.235765888404	467.541217289305	23.1046959066287	4.53011419642878	7.87948915458153e-05	0.00565999630400492	0.269452660521305
AT2G23945.1	79.0808808786544	155.676744876774	2.48501688053475	0.0159626724113596	-5.96915398734585	0.000577415738969126	0.0305071697762684	0.7625786018837
AT2G24440.1	322.521670686252	597.226787151493	47.8165542210102	0.0800643160181645	-3.64269680075214	0.000701155563985184	0.0357863190489725	0.0802576180767944
AT2G25600.1	287.010220519223	570.057442793933	3.96299824451271	0.00695192790587821	-7.16837116372544	5.36384683465392e-08	1.12921353977545e-05	0.265189885208245
AT2G25890.1	226.70599542654	453.411990853081	0	0	-Inf	1.62999657161541e-10	1.31205135799914e-07	0.316054253178658
AT2G26410.1	377.39163125101	749.81322874095	4.97003376106949	0.00662836233153012	-7.23713181674151	2.92305748873833e-08	6.72254095393198e-06	0.337370155411174
AT2G26490.1	399.708100031604	797.93821869923	1.47798136397796	0.00185225037395416	-9.07650515968822	4.15622361671832e-10	2.47277234657276e-07	0.0022848205753574
AT2G26760.1	468.031662019756	914.074095949566	21.9892280899465	0.0240562862325766	-5.37744225080978	4.39662140938272e-06	0.000483239898522033	0.158210689396164
AT2G26940.1	17.6790178948364	35.3580357896727	0	0	-Inf	0.000324543529545508	0.0189383951313464	-0.0409514456450686
AT2G27180.1	463.528025049747	873.923416473389	53.1326336261054	0.0607978143445516	-4.03983672944393	0.000182780953461554	0.0117426036017273	0.00115843223233309
AT2G27670.1	57.4376241651573	114.875248330315	0	0	-Inf	4.41430750696043e-07	6.63795427749962e-05	0.0517643884161637
AT2G28140.1	160.125911621246	309.369864025511	10.8819592169814	0.0351745935282307	-4.82932243776122	4.19474578767533e-05	0.0033372617068924	0.121801007207545
AT2G28610.1	35.3243438921247	70.6486877842494	0	0	-Inf	7.21892081743846e-06	0.000752340403919714	0.10135185913321
AT2G28680.1	963.313859517696	1924.07755833314	2.55016070224916	0.0013253939225082	-9.55936307548699	1.9460132612722e-11	2.13033963737991e-08	0.00430440563025057
AT2G29040.1	90.8971114466217	181.258133224108	0.5360896691356	0.00295760338915539	-8.40135568282073	1.7608236288226e-07	3.08911673548826e-05	0.0249768004303713
AT2G29165.1	71.715786271045	3.57853594409266	139.853036597997	39.0810763907129	5.28839829817518	4.75370952868621e-05	0.00369600915855353	0.269401390349861
AT2G29460.1	287.575170840346	28.0383794879803	547.111962192711	19.5129665902143	4.2863612249427	0.000159781272109416	0.0104865560074112	0.188312267052659
AT2G29550.1.DE	5481.67937013098	10032.2980712269	931.060669035044	0.0928063203888816	-3.42963312921505	0.00105162679009391	0.0497939826838929	0.0715365920731182
AT2G29830.1	22.2526040977348	44.5052081954696	0	0	-Inf	9.17260358020617e-05	0.00637146738028128	0.16426542926111
AT2G30432.1	404.241688162155	778.728317579607	29.7550587447026	0.0382098070315271	-4.70991321800869	3.11950088204395e-05	0.00263501543641293	0.423404016170668
AT2G31210.1	283.9124416005	567.35393735358	0.470945847421183	0.00083007416784293	-10.2344721312842	2.9305976664909e-10	1.90963326039341e-07	0.0214707461352708
AT2G31430.1	41.2906946788597	81.038264172027	1.54312518569238	0.0190419328629332	-5.71467626206175	8.97932378815193e-05	0.00626903401617709	0.139015231777075
AT2G31865.2	528.149944721414	86.7416682239232	969.558221218905	11.1775371752823	3.4825304390239	0.000978969109209567	0.0470042571593815	0.0131340891528122
AT2G31880.1.DE	4860.41662937237	793.596398960913	8927.23685978382	11.2490894256484	3.49173631995021	0.000756658049341993	0.0376513045352576	0.110327832352274
AT2G32280.1	132.174117024564	250.460107377897	13.8881266712314	0.0554504540328927	-4.17265691643335	0.00026851706950871	0.0160804708059395	0.00809074103940188
AT2G32360.1	23.8212560383254	47.6425120766508	0	0	-Inf	6.28086899335273e-05	0.00465839627669586	0.270429959617661
AT2G32530.1	304.554380775725	566.878413677779	42.2303478736704	0.0744963061826424	-3.7466872968724	0.000613914976721563	0.032125478170011	0.36227883691429
AT2G33000.1	72.6236666629941	139.205120226647	6.04221309934069	0.043405106719516	-4.52599140043434	0.00025457560434563	0.0153801879464265	-0.0136696375490439
AT2G33190.1.DE	30.8459583076373	61.6919166152746	0	0	-Inf	1.56852717429354e-05	0.00147011820911183	0.0551615879566378
AT2G33460.1	181.973030512749	351.991922470246	11.9541385552526	0.0339614002257766	-4.879960247458	3.36718705444887e-05	0.00280100836796829	-0.00489398291437797
AT2G33880.1	688.100933234916	1372.84010171617	3.3617647536627	0.00244876642914218	-8.67372911287879	3.5102494723171e-10	2.23415133856684e-07	0.13212985436442
AT2G34190.1	552.135590240688	1072.22653632128	32.044644160094	0.0298860763790052	-5.06438268587056	9.808189564342e-06	0.000977878834410865	0.000326271796052323
AT2G34555.1	52.4425358455876	102.530342454069	2.35472923710591	0.022966169630817	-5.44434593016057	8.67909075054772e-05	0.00616959365353221	0.160061655998186
AT2G35300.1	39.2047880744266	78.4095761488532	0	0	-Inf	4.35725658894516e-06	0.000480844348089722	0.0215233172006716
AT2G37290.2	203.654605418073	377.598969377703	29.7102414584418	0.0786819982782403	-3.66782259172235	0.000702179674411657	0.0357863190489725	0.00249556665730722
AT2G37390.1	113.741002607417	218.824487591529	8.65751762330428	0.0395637513817234	-4.65967696278749	8.90586240932199e-05	0.00624963185688011	0.0470161202823134
AT2G37540.1	878.686574767876	106.807895492991	1650.56525404276	15.4535883927333	3.94986997219489	0.000246818803658628	0.0149776874025041	-0.000440440057660442
AT2G38720.1	115.623323821825	216.061031978163	15.1856156654864	0.0702839171249593	-3.83066159064142	0.000802688218532875	0.0395107395050499	0.0896533775332098
AT2G40010.1	275.603242947486	517.974313848598	33.2321720463738	0.0641579537013248	-3.96222806157338	0.000292910179058157	0.0173514410832547	0.0660974770855823
AT2G40085.1	66.1100179238764	129.800162788932	2.41987305882033	0.0186430664401806	-5.74521701357042	2.77709784546872e-05	0.00242823047395489	-0.0104012333531997
AT2G40250.1	56.2428204923821	112.485640984764	0	0	-Inf	4.67769756556049e-07	6.88275413840105e-05	0.399135640606491
AT2G40550.1	584.764146412905	1093.50519248582	76.023100339987	0.0695223953780837	-3.84637839904147	0.000406636620314784	0.0227119000505612	0.016225713287409
AT2G40990.1	89.6346218216587	177.726118457625	1.54312518569238	0.00868260219198062	-6.84765679880755	1.55227424907673e-06	0.000201339533880246	0.283504009801884
AT2G41340.1	85.9995011293245	163.732347565631	8.26665469301777	0.0504888301910173	-4.30789193875072	0.000370992481403441	0.0210649838818451	-0.00914015230138727
AT2G41450.1	89.7452312610847	173.578537066258	5.91192545591186	0.0340590810121599	-4.87581668127284	8.76440295593022e-05	0.00619804082940305	-0.010070822735705
AT2G41550.1	678.970276760352	1286.5713194886	71.3692340321027	0.0554724273353702	-4.17208533418558	0.000121614600317102	0.00813777110385926	0.0283174278117292
AT2G41650.1	1678.00515970063	3111.80690035626	244.203419045003	0.0784764051448838	-3.67159723382453	0.000458529335966081	0.0249975135839212	0.18869044142161
AT2G41730.1	27.2615273009374	0.984618950062639	53.5384356518122	54.3747768092481	5.76486566895491	0.000407826540015138	0.0227319689351004	0.586279121205252
AT2G41990.1	324.858078041382	639.435430356632	10.2807257261313	0.0160778168335112	-5.95878466990578	9.99319738336917e-07	0.000136746912994024	0.0288879370881305
AT2G42110.1	166.044664389164	328.792707846379	3.29662093194828	0.0100264417466599	-6.64004648664037	7.22981314786922e-06	0.000752340403919714	0.550967677180257
AT2G42140.1	80.7075235820985	158.864886461948	2.55016070224916	0.0160523874031786	-5.96106831058378	8.61858004393896e-06	0.000880124248666125	0.257545386536079
AT2G42480.1	135.529934173422	270.588922499424	0.470945847421183	0.00174044762465169	-9.16632588501715	1.67098468100818e-08	4.48348124998352e-06	0.0939900545835115
AT2G42840.1	7534.2220183525	14995.1665285324	73.2775081725946	0.00488674187333393	-7.67691138386229	1.34917145671216e-05	0.00128208765372564	0.758702992419271
AT2G43100.1	1555.61250470771	158.869682404585	2952.35532701083	18.5835036762535	4.21595062350909	8.72709450770357e-05	0.0061876456602806	0.278032676619304
AT2G43610.1	327.290006026774	647.661051081079	6.91896097246864	0.0106829968560244	-6.54853977282094	2.06277995252646e-07	3.42146434792388e-05	0.0698079112273519
AT2G44560.1	148.358944681181	295.710853845806	1.00703551655678	0.00340547363568159	-8.19792882142355	3.7332484848341e-08	8.2396406881403e-06	0.115655328805808
AT2G45580.1	362.282822290925	721.008448363044	3.55719621880595	0.00493364013539938	-7.66313179679235	1.01009903239052e-08	3.10611127173749e-06	0.313715626225734
AT2G47030.1	3741.02743302319	7445.46092924634	36.5939368000365	0.00491493235244748	-7.66861272475141	1.50392467090133e-09	6.71166332086437e-07	0.199682041917071
AT2G47550.1	176.837292909829	349.841875218573	3.83271060108388	0.0109555512720977	-6.51219410868608	5.38682438191601e-05	0.00412540890289806	0.654730863767276
AT2G48150.1	122.697260081712	233.505525429886	11.8889947335381	0.0509152608344079	-4.29575804957881	0.000227270120875788	0.0141041466397473	0.0386616203355001
AT3G02230.1	6515.1032799891	11972.5283195746	1057.67824040363	0.0883420955183188	-3.50075513554891	0.00083609429595566	0.0409862983402061	0.0104843125374663
AT3G02500.1	91.0194675898985	171.562777988522	10.4761571912746	0.0610631123726351	-4.03355506452529	0.000574357524986378	0.0304632107438511	0.105271168440393
AT3G03510.1	40.291561848729	80.5831236974581	0	0	-Inf	3.44730475641604e-06	0.00039147650030537	0.0477582788813698
AT3G04110.1	795.762856919127	75.3605186802543	1516.165195158	20.1188264320593	4.33047424744492	7.53407302105478e-05	0.00546929735915722	0.0325294419319108
AT3G05480.3	104.906879675269	197.128099661007	12.6856596895314	0.0643523663614999	-3.9578629896546	0.000593215157431408	0.0311017479474766	-0.00868478404578088
AT3G05600.1	1662.12286519065	3309.46591674153	14.7798136397797	0.00446592109168229	-7.80682652424159	1.28593794094573e-09	5.96500840132247e-07	0.00338366860760155
AT3G05740.1	91.5784382487734	174.419275957108	8.73760054043895	0.0500953836236979	-4.3191785270739	0.000365105214284191	0.0208170823011036	0.227025835179306
AT3G05790.1	158.895372640185	297.58489112752	20.2058541528501	0.0678994624904916	-3.88045603600238	0.000557189980522082	0.0296676563948022	0.120205279452061
AT3G05960.1	742.617795064736	1483.69246494378	1.54312518569238	0.0010400573044299	-9.90912126539258	1.62399891739623e-11	1.93241749440435e-08	0.022078113152319
AT3G06160.2	495.075412676904	975.856896656869	14.2939286969382	0.0146475664064136	-6.09319519919146	4.04697979277939e-07	6.15320794271035e-05	0.012041564687764
AT3G06490.1	161.308189325278	309.184258731326	13.4321199192305	0.043443737965013	-4.52470794962553	0.000100077784046795	0.0068644831924629	0.00499306202350847
AT3G06840.1	298.452517844984	575.1913219823	21.7137137076686	0.0377504195175197	-4.72736351268847	3.76864835643223e-05	0.00308803497661189	0.0754685124961563
AT3G07195.1	172.005699571028	8.41338428182357	335.598014860233	39.8885874719006	5.31790413073746	1.04211246423135e-05	0.0010247720218861	-0.0047638162046547
AT3G07840.1	133.00485046521	266.00970093042	0	0	-Inf	3.80812603821187e-09	1.28667646189855e-06	0.0679807842445615
AT3G07960.1	309.779575006476	593.541779856778	26.0173701561736	0.0438341007139407	-4.51180253936457	7.56824162479918e-05	0.00547956711078053	0.0329775030279507
AT3G08770.2.DE	19236.8680233877	38388.5641564292	85.1718903461661	0.00221867871898256	-8.81608351486887	2.32055750184041e-11	2.44265452732186e-08	0.271309967834964
AT3G09080.1	56.9856177813159	112.899056224361	1.0721793382712	0.00949679628978026	-6.7183433771514	7.06823022591825e-06	0.000744012787780502	0.0130846527405952
AT3G09940.1	125.585925589605	4.83484833773091	246.337002841479	50.950306117997	5.67101890925862	6.99937943747792e-06	0.000739610102103845	0.218656913853657
AT3G10000.1	79.4417954081214	158.883590816243	0	0	-Inf	7.20558214138816e-08	1.45001744151111e-05	0.0133238700752606
AT3G11430.1	656.960641025692	1306.12557320579	7.79570884559659	0.00596857530816322	-7.38839768167091	1.07583340800759e-08	3.16595792584426e-06	0.38074881589178
AT3G12440.1	14.8168845601451	29.6337691202902	0	0	-Inf	0.000748156526839652	0.0375010033453253	-0.0534298736496803
AT3G13960.1	442.075068973989	881.665121067444	2.48501688053475	0.00281854960705047	-8.47083132523125	9.4263159354666e-10	4.69053480948818e-07	0.327971754394803
AT3G14380.1	205.040969624282	409.545849579428	0.5360896691356	0.00130898572085671	-9.57733492501192	1.92891454304693e-09	7.99856563850127e-07	0.14616702821306
AT3G14520.1	57.3457291435672	114.155368617999	0.5360896691356	0.00469614066885922	-7.73430866087637	2.25579085828609e-06	0.000274384374264772	0.0282287410186804
AT3G14540.1	45.8938902079812	91.7877804159625	0	0	-Inf	1.57078822370213e-06	0.000202779868425849	0.209171678096814
AT3G15170.1	35.3619468549042	68.6446788549804	2.07921485482798	0.0302895270181183	-5.0450371396686	0.0004330444462118	0.02399101296341	0.128853420799542
AT3G15720.1.DE	104.073296957269	202.901045771191	5.24554814334743	0.0258527407949526	-5.2735389528833	2.82128312787625e-05	0.00245900881030946	0.108615950373794
AT3G16490.1	154.653137076402	308.364382457962	0.941891694842365	0.00305447628981849	-8.35485924303065	2.62803461136139e-08	6.42216553128756e-06	0.0646403906040136
AT3G16580.1	36.0045259816611	71.538106115901	0.470945847421183	0.00658314670307583	-7.24700693660313	3.0541913185496e-05	0.00261532778923677	0.0248775736118837
AT3G16660.1.DE	792.351227379797	4.47490848157302	1580.22754627802	353.130695920409	8.46405842273109	3.64140334241884e-10	2.26495287898452e-07	-0.000125164830092586
AT3G17060.1.DE	593.093117303838	1177.44863406724	8.73760054043895	0.00742079126650038	-7.07421125746657	2.65165414000108e-08	6.42216553128756e-06	0.0201227315541169
AT3G17540.1	14.9086080756418	29.8172161512835	0	0	-Inf	0.00070824205672021	0.0360281944392541	0.0521297385929994
AT3G17675.1	285.984543097336	571.027194499829	0.941891694842365	0.00164946906892479	-9.24378256012524	5.24688078164043e-06	0.000572098140366276	0.788664031486928
AT3G18010.1	121.267841015694	233.798081490948	8.73760054043895	0.0373724218980695	-4.74188213001334	7.7474877941714e-05	0.00559454474804441	0.130673595178773
AT3G18485.1	76.7759610673204	7.42181112593218	146.130111008709	19.689279143486	4.29933838768318	0.000298740603909141	0.0176205449305719	0.0191230946678713
AT3G18570.1	80.8707134640161	157.648141040091	4.09328588794155	0.0259646949271708	-5.26730491523072	3.86026005971702e-05	0.00313494354048473	-0.0119122122779482
AT3G19030.1	171.522509568501	5.99596011295812	337.049059024044	56.2126919916684	5.8128240012436	0.000999216174377003	0.0478086508048074	0.877658266777416
AT3G19050.1	1301.03395234108	2547.49794276298	54.5699619191761	0.0214210033316024	-5.54483013416708	1.97935429083229e-06	0.000248490679961001	0.183831967281416
AT3G19184.1	21.2689336282695	42.0669214091179	0.470945847421183	0.0111951583725617	-6.48098125232175	0.000523515209061172	0.0281484562703068	0.0389744987273656
AT3G19600.1	15.4043946535875	30.8087893071749	0	0	-Inf	0.000583045973705948	0.0307452836385056	0.393294237193631
AT3G19610.1	22.0283394572713	43.5205892454069	0.5360896691356	0.0123180701003992	-6.34307994629711	0.00039958848731999	0.0223638808199867	0.172395963895993
AT3G19660.1	107.710824441334	6.44414638169829	208.977502500969	32.4290433709694	5.01921456103956	4.32997776867467e-05	0.00342493732870197	0.0308484334172047
AT3G20450.1	329.075817353614	639.48890574007	18.6627289671577	0.0291838197655041	-5.09868746498044	1.04469231988535e-05	0.0010247720218861	0.00536804125913291
AT3G20520.1	550.815575231863	1100.15316909975	1.47798136397796	0.00134343235604856	-9.53986060346742	7.41161241395736e-11	6.76136695150617e-08	0.0817813727239391
AT3G20975.1	66.0379325808886	132.075865161777	0	0	-Inf	1.91874539501433e-07	3.25138970790832e-05	0.125830630805839
AT3G21320.1	425.29522789077	832.318589744669	18.2718660368712	0.0219529712083884	-5.50943997632322	2.91679169101883e-06	0.000342604098711602	0.00303709460930309
AT3G21930.1	23.4171929758764	46.8343859517527	0	0	-Inf	6.95273928849672e-05	0.00507420183593542	0.195711846003497
AT3G21945.1	33.9763079829898	67.9526159659796	0	0	-Inf	9.31475246622199e-06	0.000940686883747466	-0.0105500925485427
AT3G22060.1.DE	608.121033886261	102.542092602535	1113.69997516999	10.8609054770007	3.4410724809691	0.000960866870204964	0.0462975431404392	0.00360307117670965
AT3G22160.1	212.854574272904	30.8018351013462	394.907313444461	12.820902136029	3.68042587489271	0.000799637774575722	0.0394315074136727	0.0503284720622066
AT3G22235.1	8477.8143175844	788.761550623182	16166.8670845456	20.4965202370381	4.35730709423293	5.53268768822049e-05	0.00420607212920051	0.208118678392047
AT3G23130.1	59.7122474064062	119.424494812812	0	0	-Inf	3.6571855215568e-07	5.68692348602082e-05	-0.0149491314327145
AT3G23670.1	665.928589043173	1305.70952028674	26.1476577996024	0.0200256315768152	-5.64200844609851	1.83962194201932e-06	0.000233086913468448	0.13268149971067
AT3G23830.1	987.341496191411	1867.89241034154	106.79058204128	0.0571716986749538	-4.1285550337776	0.000125414571089894	0.00837157556484932	0.342313803237548
AT3G23860.1	24.710674369977	49.421348739954	0	0	-Inf	5.42476562542049e-05	0.00413551492023699	-0.00915337596354339
AT3G24230.1	167.91785224419	313.891293684694	21.9444108036857	0.0699108616428496	-3.83833957364568	0.000525713172262274	0.028211211957792	0.014315842822221
AT3G24600.1	53.2535200968331	105.029058829688	1.47798136397796	0.0140721185207859	-6.15101665086941	2.3228072702002e-05	0.00208428161871604	0.0714166684521758
AT3G25130.1	469.178663103744	894.619118779	43.7382074284889	0.0488903115419487	-4.3543075911664	9.09420222900648e-05	0.00633308210186894	0.0071574176518728
AT3G25510.1	252.864455137271	12.711799938232	493.017110336309	38.7842093749061	5.27739748715976	8.57424204507941e-06	0.000878875866253682	0.0949744305990781
AT3G25610.1	850.120701391122	104.16529905816	1596.07610372408	15.3225317659091	3.93758279060621	0.000246520325580136	0.0149776874025041	0.363985180841804
AT3G26050.1.DE	242.196128658727	470.243555359365	14.1487019580891	0.0300880294835227	-5.05466656457371	1.24025672454699e-05	0.0011951882407536	0.0596185002956912
AT3G26140.1	843.494007496076	1685.91583565388	1.0721793382712	0.000635962552576271	-10.6187705618434	3.36634731485274e-12	6.58072809377783e-09	-3.5506746520348e-05
AT3G26830.1.DE	176.175141067449	15.2174705196798	337.132811615218	22.1543265800467	4.46951656910943	0.000866783747559726	0.0422373405497292	0.578313597446279
AT3G27200.1	772.94585216299	1483.44595064407	62.4457536819074	0.0420950649767827	-4.57020508120628	4.04223214365872e-05	0.00323474562253438	0.121795340685009
AT3G27503.1	80.3218615626256	160.643723125251	0	0	-Inf	6.09355566647885e-08	1.27304146168086e-05	0.156118635399314
AT3G27730.1	64.3356068440849	125.780394781928	2.89081890624151	0.02298306434205	-5.44328502380353	5.27287793399347e-05	0.00405359896903184	-0.0132869170736553
AT3G28315.1	79.7437036463306	159.487407292661	0	0	-Inf	7.34168495638581e-08	1.46662214515596e-05	0.132935197431429
AT3G28490.1	47.7974697681118	94.1169581722456	1.47798136397796	0.015703666933998	-5.9927547102893	4.04225008369906e-05	0.00323474562253438	0.217028217212702
AT3G28750.1	7446.97180255797	14840.6209274647	53.3226776512153	0.00359302201112987	-8.12058651123388	2.70061460625571e-10	1.84776051360016e-07	0.036896135004312
AT3G28810.1	615.448007207437	1220.69537160588	10.2006428089967	0.00835641966560197	-6.90289933722123	3.48249570591661e-08	7.87677210574594e-06	0.0581408564800218
AT3G28840.1	4841.98269667933	9600.70716459302	83.2582287656409	0.00867209335086206	-6.84940399797712	1.75371433879464e-08	4.61496673308958e-06	0.108303698018928
AT3G28980.1	15058.068077503	30085.1284245533	31.0077304526967	0.00103066638157976	-9.92220686517629	5.95628761237806e-13	1.8112408819507e-09	0.0639033668761208
AT3G29035.1	166.108330184835	17.9809261330456	314.235734236623	17.4760594594244	4.1273080143236	0.000238263222511683	0.0145641618871932	0.162501227990997
AT3G29156.1	29.8509080488315	59.7018160976631	0	0	-Inf	2.03551595830184e-05	0.00185693335822682	0.0187742292646276
AT3G29370.1	248.501469671594	490.344553657577	6.65838568561097	0.0135789938645076	-6.20247960271492	7.45705733871756e-07	0.000104124870023481	0.150993669509489
AT3G42660.1	576.842788590153	1066.22410141875	87.4614757615576	0.0820291678317708	-3.6077191970692	0.000777143030252314	0.0384608507268451	0.104425277163422
AT3G42850.1	846.047172792281	1680.8215234373	11.2728221472679	0.00670673357645661	-7.22017399222014	1.07014227658048e-08	3.16595792584426e-06	0.123418454845931
AT3G43110.1.DE	40.0658350329889	76.8350491340296	3.29662093194828	0.0429051711309212	-4.54270465124947	0.000837158022952908	0.0409862983402061	0.23042660334445
AT3G43960.1	634.896850472577	1253.78154213283	16.0121588123202	0.0127710915133442	-6.29097435591709	2.60967771155574e-07	4.26040993422708e-05	0.0682291585404976
AT3G44860.1.DE	2875.63624724528	257.970164916411	5493.30232957415	21.294331968017	4.41239756619162	5.23080706999441e-05	0.00403258388427062	0.0530715763127572
AT3G45320.1	35.1072049635833	70.2144099271667	0	0	-Inf	7.15062865649283e-06	0.000749802318279294	0.401149182132101
AT3G45860.1	7456.57871010354	31.3986973719359	14881.7587228352	473.961022858752	8.88862461083812	3.14390233617913e-09	1.17363779839817e-06	0.516983539915751
AT3G48010.1	58.2736318707889	110.439906820523	6.10735692105511	0.0553002723099021	-4.17656960517047	0.000804984941590341	0.0395526532880511	0.133834001891682
AT3G50170.1	46.704808235021	89.6420496906726	3.76756677936946	0.0420290119689385	-4.57247064820911	0.000575630444958078	0.030471671213951	0.253602088830459
AT3G50410.1	203.560027713819	382.415113361139	24.7049420664984	0.0646024207813353	-3.95226796318691	0.000350727506414707	0.0202504438724846	0.0658954546845159
AT3G50740.1.DE	2697.44311718624	51.8318187029907	5343.05441566949	103.084447919656	6.68768288327995	0.000962833059230295	0.0463107472144371	1.06406694320979
AT3G51230.1	145.942308373962	283.342447672628	8.5421690752957	0.0301478622262954	-5.05180048499158	2.95343104620883e-05	0.00255789559723555	0.26134814123704
AT3G51380.1	57.7649250626512	112.573887397346	2.95596272795593	0.0262579786156128	-5.25110033041662	8.42466803343407e-05	0.00603576740154512	0.35698202180994
AT3G52270.1	52.4820484541171	101.877846536849	3.08625037138476	0.0302936357245092	-5.04484145459456	0.000152999384527831	0.0100655941244175	-0.0168464864626839
AT3G52910.1	361.214487854001	690.73992884732	31.6890468606814	0.0458769582258881	-4.44608645007538	6.36205090465389e-05	0.00470585430158291	0.134722256725167
AT3G53280.1	992.703680208765	84.0177795823384	1901.38958083519	22.6308001745251	4.5002156908669	5.19135145432986e-05	0.00401347193791242	0.420905022120224
AT3G53480.1	132.313747274574	255.694462543567	8.93303200558221	0.03493635300788	-4.8391271760266	5.79201337677922e-05	0.00437889011314071	0.148340455487139
AT3G54410.1	26.7899697807682	53.1089937141152	0.470945847421183	0.00886753475232982	-6.81725120549366	0.000141226844052911	0.00931348498322911	0.399874177228548
AT3G54560.1	1692.51465252746	3324.973546241	60.0557588139276	0.0180620260518532	-5.7908964580292	3.90783893380838e-06	0.000434755024148242	0.468165993587344
AT3G55780.1	70.6192499641197	140.231464411683	1.00703551655678	0.00718123796810958	-7.12155171408185	2.02841319016342e-06	0.000253486813645628	0.189591574323768
AT3G56220.1	345.268701919353	680.517253399433	10.0201504392737	0.0147243150547901	-6.08565566539919	1.69729800759226e-05	0.00157998815890425	0.559830478934858
AT3G57500.1	43.8893802685883	86.8368688423343	0.941891694842365	0.0108466796120035	-6.5266027176512	3.04069421783764e-05	0.00261532778923677	-0.0217018252993375
AT3G58240.1	127.105170102258	254.210340204517	0	0	-Inf	4.36061210805959e-09	1.42072895444494e-06	0.123564937588583
AT3G58360.1	37.3342278956267	74.6684557912535	0	0	-Inf	5.42859508462123e-06	0.000589562659825054	-0.000801771001033437
AT3G58480.1	224.975576902042	449.009262109241	0.941891694842365	0.00209771105927256	-8.89696831125699	3.40870486433515e-09	1.22471742325142e-06	0.0386516763387429
AT3G58990.1	1786.25273281857	236.819322136232	3335.6861435009	14.0853631089359	3.81612485055681	0.000314148468212311	0.0183709728163131	0.397751461685286
AT3G59160.1	24.3099169043489	48.0837441395622	0.5360896691356	0.0111490833072318	-6.48693109509806	0.000245623306701632	0.0149715337590429	0.0785703094510412
AT3G59510.1	1172.40462665906	2318.90184426992	25.9074090481984	0.0111722749767164	-6.48393320239196	7.60595989694515e-08	1.50840514825793e-05	0.0659576959061562
AT3G59830.1	118.567739342148	233.918940669483	3.2165380148136	0.0137506522798358	-6.18435613342366	2.05378164822429e-06	0.000255490437039102	-0.00766277740435231
AT3G60010.1	33.7588260422616	66.445472746252	1.0721793382712	0.0161362286090692	-5.95355276126933	0.000116880410860329	0.00785941789785131	0.196723577842645
AT3G61910.1	41.4227212855462	80.2301380471289	2.61530452396358	0.0325975323939652	-4.93909343199722	0.000299400564824716	0.0176214938884362	0.104996296568878
AT3G61920.1	19.8500368211242	39.2291277948272	0.470945847421183	0.0120050042887592	-6.38022027080694	0.000646090852057913	0.0334257361798128	0.487916836003098
AT3G62710.1	1052.50606570463	2087.16100649351	17.8511249157442	0.00855282599675171	-6.86938309532296	2.86574890261723e-08	6.65773800568188e-06	0.371381907783799
AT4G01380.1	41.457740265304	0.984618950062639	81.9308615805454	83.2107299735935	6.37869766990729	4.20729309497982e-05	0.00333754195430167	0.38023876627141
AT4G02110.1	306.912975563804	586.280394881161	27.5455562464457	0.0469835875239001	-4.41169931241154	9.79058117064334e-05	0.00674933565436189	0.187000362325582
AT4G02520.1	7622.19839931115	254.433354207291	14989.963444415	58.9150879652454	5.88056524583829	4.56945494494308e-07	6.75982934774066e-05	0.00928738482805086
AT4G03100.1	453.361397035542	875.054073745856	31.6687203252278	0.0361905867024458	-4.78824169367389	2.61459389768379e-05	0.00230826470296162	0.077642197150127
AT4G03290.1	753.565822681705	1489.39586899568	17.7357763677356	0.0119080338121893	-6.39192096662925	1.47096387976726e-07	2.7200905041534e-05	0.0141476120906429
AT4G04080.1	61.6580532116331	122.780016754131	0.5360896691356	0.00436626157340514	-7.83938572296589	1.40172484665229e-06	0.000183181392738139	0.322515435348417
AT4G04540.1	35.2143571930039	2.14573072528985	68.2829836607179	31.822717946817	4.99198515497298	0.000392007278108937	0.0220296821094156	-0.022965907127522
AT4G04690.1	14.5962685286894	29.1925370573788	0	0	-Inf	0.000773938317027799	0.0383716374282913	0.140115420952227
AT4G04980.1	109.868531603963	219.20097353879	0.5360896691356	0.00244565368702951	-8.67556415691195	2.67692130304527e-05	0.00235569074667984	0.77516251532908
AT4G05590.2	597.878133547639	96.2348720742205	1099.52139502106	11.4253946757788	3.51417209710324	0.000899043467510176	0.0435487108297673	-0.000892540111037679
AT4G08670.1	1411.72061363833	2820.42012072699	3.02110654967035	0.00107115479976495	-9.86661729596975	4.48123768180989e-12	7.66515705473581e-09	0.269401696249654
AT4G09644.1	63.0573380389814	126.114676077963	0	0	-Inf	9.85701479823855e-06	0.000977878834410865	0.694923315494588
AT4G10010.1	172.43417914448	343.455520746696	1.41283754226355	0.00411359683254455	-7.92538388024769	3.95302565907961e-08	8.58622271727705e-06	0.0222435246610889
AT4G10507.1	18.8039091501986	37.1368724529759	0.470945847421183	0.0126813545760352	-6.30114733264501	0.00099124956135499	0.0475105393960829	0.298772420883568
AT4G10603.1	74.0095837896768	147.077275884511	0.941891694842365	0.00640405996900542	-7.28679746703564	0.000101573323932294	0.00694892782802217	0.745448692841179
AT4G10630.1	122.820593519312	233.491617018229	12.1495700203958	0.0520342878924312	-4.26439359208427	0.000230850713680549	0.0142020752876083	0.00844420383918545
AT4G10850.1	723.244104347853	1446.48820869571	0	0	-Inf	3.57948347284515e-13	1.39947576692609e-09	0.0371085632661572
AT4G10950.1	68.051293687305	136.10258737461	0	0	-Inf	1.61912878582823e-07	2.8962298438266e-05	0.104128324808839
AT4G11080.1	525.086834952928	987.672324057621	62.5013458482349	0.0632814591700442	-3.98207332332186	0.000226832925446876	0.0141041466397473	0.0101865335246467
AT4G11310.1	83.8725806834032	167.745161366806	0	0	-Inf	5.2612142256753e-08	1.11619310797118e-05	0.0143003618672144
AT4G11320.1.DE	4155.05827125341	8194.25308916115	115.863453345678	0.0141395990683928	-6.14411497699955	2.47536275136262e-07	4.08106793851158e-05	0.279639644816159
AT4G12320.1	3202.9022104725	49.1961764739882	6356.60824447101	129.209395934092	7.01356717447096	1.04676120218239e-08	3.16595792584426e-06	0.403177674893065
AT4G12735.1	24.5695276598255	0.896372537480353	48.2426827821706	53.8199027357283	5.75006787860428	0.000638778729529864	0.0331100308139646	0.448613683716165
AT4G13210.2	374.708381492945	735.238182836961	14.1785801489296	0.0192843359878573	-5.69642671886731	1.81001303617016e-06	0.000230402031506534	0.134629681835875
AT4G13240.1	133.802545281365	267.605090562729	0	0	-Inf	3.74713909246582e-09	1.28667646189855e-06	0.126067772359976
AT4G13770.1.DE	9811.12387774671	1564.88252221336	18057.3652332801	11.5391187370026	3.52846114189467	0.000674191363166656	0.0344883536955982	0.0284993032815556
AT4G13790.1	97.4378543978019	192.455835736783	2.41987305882033	0.0125736538440431	-6.31345223876829	3.48606526826799e-06	0.000392619894082133	0.00363222497017358
AT4G13900.1	2190.95073463809	305.31100846298	4076.5904608132	13.3522550704473	3.73901151501765	0.000377917257061409	0.0213695030811088	0.108314504765085
AT4G14250.1	31.4933969802231	62.0449022656037	0.941891694842365	0.015180807132394	-6.0416076918444	0.000175084145676203	0.011353498330949	-0.00364066854229971
AT4G14400.1.DE	30632.8886535248	943.015082166427	60322.7622248832	63.9679718444177	5.99927783707866	2.61527648695611e-07	4.26040993422708e-05	0.333951345273012
AT4G14695.1	859.574048131772	1707.79519119914	11.3529050644025	0.00664769705577576	-7.23292964655028	1.05376600431478e-08	3.16595792584426e-06	0.0567643661213025
AT4G14770.1	603.228078472083	1116.46484701581	89.9913099283531	0.0806038006202255	-3.63300832364332	0.000725250196136025	0.0366211206048907	0.00649810661537283
AT4G14780.1	509.979466808424	1014.79346839063	5.16546522621275	0.00509016404530538	-7.61807213257824	5.36126602689022e-09	1.72620151322272e-06	0.00952205474349203
AT4G15210.1.DE	8485.67039677997	15951.961004201	1019.37978935896	0.0639031018876299	-3.96797022778417	0.000230923834514238	0.0142020752876083	0.108412157721852
AT4G15650.1	41.0857795619696	82.1715591239392	0	0	-Inf	3.30452325234365e-06	0.000378402478536155	0.00377283165085011
AT4G16050.1	28.2961645198984	56.5923290397968	0	0	-Inf	2.497704723402e-05	0.00221938905422292	0.130900591069703
AT4G16260.1.DE	335.156753147765	2.95385685018792	667.359649445342	225.928229867634	7.81972073737822	4.70475766713171e-05	0.00366837059356298	0.854332869716425
AT4G16590.1	5771.26220765062	11401.8066289349	140.717786366379	0.0123417096032196	-6.34031393586676	1.34481432656958e-07	2.53826748203837e-05	0.0451873694588786
AT4G16807.1	69.4235895844784	133.536487203895	5.31069196506184	0.0397695946348583	-4.65219033271735	0.000210970914395756	0.0133038064174725	0.438966529991734
AT4G17030.1	871.45556357653	117.529594913612	1625.38153223945	13.8295510457103	3.78968241734536	0.000360196166464974	0.0206502265312544	0.0582856180185669
AT4G17240.1	323.227302912314	603.447919530417	43.0066862942101	0.0712682650852064	-3.81059638514169	0.000463216604726771	0.0251035881943807	0.15438817904032
AT4G17280.1	183.46589922991	358.454773206239	8.47702525358129	0.0236488000362154	-5.40208920814331	1.08548860362807e-05	0.001057211818651	0.103526871886871
AT4G17370.1	668.856079728775	94.1565251440267	1243.55563431352	13.2073229381747	3.72326616365104	0.000484813965274775	0.0261188752000788	0.137531950325034
AT4G17380.1	35.1700961273608	67.7900315524725	2.55016070224916	0.0376185206563184	-4.73241307360253	0.000663781254592175	0.0341473033377418	0.215836957681057
AT4G18900.1	64.9001858527529	127.315354824971	2.48501688053475	0.0195185952546813	-5.67900696330992	2.93519413683776e-05	0.00255017121069765	0.0218910982934977
AT4G19370.1.DE	239.242414894377	25.5931384957999	452.891691292954	17.6958246589131	4.1453370905359	0.000199894803709091	0.0127226069486289	0.30866285941209
AT4G19380.1	248.05525978385	479.512066359951	16.59845320775	0.0346152982838395	-4.8524464097044	0.000181867853161639	0.0117114338948888	0.51881922062864
AT4G19590.1	52.6323181058427	103.786654847707	1.47798136397796	0.0142405723177676	-6.13384906148915	2.40948850932504e-05	0.00214797659684716	0.195963117417047
AT4G19620.1	122.612876106114	245.225752212227	0	0	-Inf	5.55292464171916e-09	1.76712141389035e-06	0.0212032699058283
AT4G20080.1	24.9788907106382	49.9577814212765	0	0	-Inf	5.13277384452143e-05	0.00397942647526523	-0.0164234314281847
AT4G20140.1	57.7708910870144	109.434425252974	6.10735692105511	0.0558083702357559	-4.16337467359833	0.000880847673780788	0.0427429771915472	0.430266942350994
AT4G20160.1.DE	132.800933923952	263.457509171362	2.1443586765424	0.00813929609858884	-6.94088025171672	3.40482194796925e-07	5.35535442942657e-05	-0.0068507379029314
AT4G21330.1	14.687992044186	29.3759840883721	0	0	-Inf	0.000732642256753397	0.0369262491396445	0.401718540460601
AT4G22010.1	2176.30019979268	4020.73296810763	331.867431477731	0.0825390380585074	-3.59877956505115	0.000765482128287906	0.0380212611379009	0.0241180075648398
AT4G22080.1	531.655813395673	1062.77553712221	0.5360896691356	0.000504424170871703	-10.9530749715256	1.14334375846697e-11	1.49004914198686e-08	0.0818722442246983
AT4G22690.1.DE	5686.73776196181	566.149421496443	10807.3261024272	19.0891762705706	4.25468294430271	0.000106754063270302	0.00723179505837039	0.424389867933248
AT4G23270.1	1343.11040635908	93.1232267531628	2593.09758596499	27.8458734343301	4.79939164087527	0.000744873150197893	0.0374049327974604	0.659219854597374
AT4G23610.1	110.803475442585	13.6012182698836	208.005732615286	15.2931692211617	3.9348155039319	0.000591375011311268	0.0310647817841973	0.107446598012236
AT4G24050.1	485.980673038004	901.924866669035	70.0364794069739	0.0776522324588197	-3.68682878787985	0.000589409345342594	0.0310210672371848	0.0187783263278786
AT4G24130.1	1459.19331393926	2818.85566501369	99.5309628648187	0.0353089958099487	-4.82382039843105	1.46766694289272e-05	0.00138507272045131	0.0839003904012933
AT4G24140.1	1731.99028498553	3350.85732135275	113.123248618319	0.0337594942934337	-4.888562896684	1.28589069953288e-05	0.00123049848478377	-0.000321912552720611
AT4G24860.1	140.477285797785	267.667678415188	13.2868931803814	0.0496395129178491	-4.33236723052022	0.000167759112154429	0.0109575927958053	-0.00631547943728725
AT4G25150.1	382.182712319928	725.20638804215	39.1590365977059	0.0539970927495884	-4.21097445636271	0.000136281504715868	0.00900906333590307	0.0270068838096441
AT4G25950.1	239.269856636559	473.91033771604	4.62937555707715	0.00976846291091248	-6.67765271584233	1.81303343249172e-07	3.14044930255908e-05	0.0539246111560741
AT4G26120.1	95.9217750195819	13.4177712388903	178.425778800273	13.2977210315765	3.73310711218045	0.00101088537914808	0.0482825672888738	0.0495897999342454
AT4G26255.1	430.075919912506	842.060466157864	18.0913736671482	0.0214846491365343	-5.54054997296612	3.20970641164312e-06	0.000371743202131869	0.0127031857750069
AT4G26260.2	881.974436422465	1746.68404232461	17.2648305203144	0.00988434662592847	-6.66063868043615	6.44373090954036e-08	1.31891424386164e-05	0.0785021326484608
AT4G26760.1.DE	1554.0399249908	2881.97319204377	226.106657937821	0.078455503528635	-3.6719815362719	0.000544517664766838	0.0290494336244422	0.0912179008387286
AT4G27330.1	210.442266584937	420.413587322452	0.470945847421183	0.0011201965436478	-9.80203240267453	1.52047327496927e-09	6.71166332086437e-07	0.00181116335998405
AT4G27510.1	86.4225968958718	168.541537343238	4.30365644850506	0.0255346932058687	-5.29139746430696	3.60463090856697e-05	0.00298040902434021	0.303267560270356
AT4G28000.1	785.87582375104	1565.77457822445	5.97706927762628	0.00381732425647383	-8.03322254549195	1.33570942998772e-09	6.09261594665065e-07	0.229089726473519
AT4G28250.1	3085.33391802442	5770.95310112694	399.714734921902	0.0692632097190058	-3.85176694491362	0.000360667990973206	0.0206502265312544	0.156806184527251
AT4G28395.1	3233.22083927545	6463.89151784865	2.55016070224916	0.000394524056477037	-11.3075991069356	4.29006044113591e-14	3.93080099111662e-10	0.00422439905284288
AT4G28530.1	82.740997678436	163.33763668033	2.1443586765424	0.0131283806973353	-6.25116720987244	4.80584666035919e-06	0.000526105645602841	0.118161099629441
AT4G28560.1	114.49145052072	214.558684701073	14.424216340367	0.0672273711989944	-3.89480745300199	0.000625181398305567	0.0325904085882414	0.0194175561202921
AT4G28580.1	108.917234192323	216.827432868089	1.00703551655678	0.00464441008794967	-7.75028892104369	1.92460220944588e-07	3.25138970790832e-05	-0.00661767605889342
AT4G29250.1	507.069064092925	1013.06594884758	1.0721793382712	0.00105835097852303	-9.88396614019249	4.74249497262849e-11	4.47560697968609e-08	0.00283859718893252
AT4G29360.1	1184.53875647197	2263.58980733695	105.487705606991	0.0466019529090806	-4.42346577581339	5.94719833392837e-05	0.00447150890117999	0.000868285312550037
AT4G29658.1	16.2055665726568	32.4111331453135	0	0	-Inf	0.000479959382844856	0.0259083400191283	-0.016291210604343
AT4G29700.1.DE	1955.31320840208	3772.77373536854	137.852681435624	0.0365388149687588	-4.77442634470966	1.99344592847667e-05	0.00184312933008613	0.0062266342551685
AT4G29880.1	223.222654696481	429.811590554338	16.6337188386239	0.0387000239271606	-4.69152173142609	3.91433603529996e-05	0.00316010467888169	0.00213793670323667
AT4G30170.1	28.6164067532769	56.7618676591327	0.470945847421183	0.0082968701849156	-6.91321707112503	0.000107092501716843	0.00723680885675696	-0.0130746681967603
AT4G30770.1	60.7038205622976	121.407641124595	0	0	-Inf	3.22421227470342e-07	5.13024660081879e-05	0.0297984836014948
AT4G31370.1	243.720083107117	454.317955275836	33.1222109383986	0.0729053530765447	-3.7778314414303	0.000459432524580254	0.0249975135839212	0.00541864970115269
AT4G32280.1.DE	385.412437221604	11.7341351939981	759.090739249211	64.6908124628969	6.01548892680512	7.5066310869483e-07	0.000104285015019087	0.414106687810656
AT4G32460.1	3896.91428049926	7517.963032293	275.865528705518	0.0366941853159629	-4.76830472290377	2.00724886083235e-05	0.00184964265398181	0.0415394211426886
AT4G32714.1	175.606885715927	351.213771431854	0	0	-Inf	6.84180652478604e-10	3.67150119549695e-07	0.235371338848038
AT4G32717.1	79.4393974368027	158.878794873605	0	0	-Inf	6.21249324524659e-08	1.28805693284779e-05	0.426979960629121
AT4G33050.2	3117.25373830386	322.734639297217	5911.77283731051	18.3177512342149	4.19517049775567	9.51940935900356e-05	0.00659562519841036	0.373392223197424
AT4G33465.1	68.730527296244	137.461054592488	0	0	-Inf	1.4826335270906e-07	2.72326942076614e-05	0.252877808503981
AT4G34420.1	154.235754941536	298.125640335225	10.3458695478458	0.0347030518281232	-4.84879364905485	4.06389031185762e-05	0.00324258163425421	0.294927855255437
AT4G35010.1	6242.84640357265	12444.3392071448	41.3536000005425	0.00332308524479949	-8.23326098270284	1.91898144851781e-10	1.50053383665816e-07	0.00183485572113298
AT4G37050.1	217.0169900826	432.019909132087	2.01407103311356	0.00466198661344049	-7.74483942278449	2.23539429039605e-08	5.71759541491207e-06	0.0767194549065343
AT4G38340.1	115.580682287832	13.2412784137257	217.920086161938	16.4576319108316	4.04068485614611	0.000389948183138408	0.0219734572187304	0.0197475281697927
AT4G38660.1.DE	1719.49117497093	3314.06096438721	124.921385554655	0.037694353512822	-4.72950776095328	2.59031506535555e-05	0.00229423115561977	0.137343372269362
AT4G39590.1	47.3671700240674	94.1982503789992	0.5360896691356	0.005691078836164	-7.45708211999473	6.50309391101807e-06	0.000689832070374971	0.107185353234565
AT5G01690.1	182.204332536019	363.872575402902	0.5360896691356	0.00147328956721184	-9.4067432723984	3.78934587632178e-09	1.28667646189855e-06	0.256010158347781
AT5G01760.1	328.553506911925	649.797189921095	7.30982390275515	0.0112493929123374	-6.47400904308732	1.87170975620615e-07	3.22169513256917e-05	0.0122825182976765
AT5G02390.1	88.6291903491449	172.498717497784	4.75966320050598	0.0275924555819792	-5.17958233517486	3.58119557410388e-05	0.00297000486279015	-0.00371703120917992
AT5G03000.1	16.2090436755711	32.4180873511423	0	0	-Inf	0.00046148745949305	0.0250595015702496	0.2343202628883
AT5G03390.1	279.975138683405	549.52432490183	10.4259524649804	0.0189726859986462	-5.71993225153072	2.87087776849967e-06	0.000339152278668774	0.138004566777813
AT5G03600.1	91.4971213160954	182.052350937348	0.941891694842365	0.00517374090470553	-7.59457647742257	5.42297962483862e-07	7.81137401960965e-05	0.070489948942441
AT5G03790.1	62.5558090156291	120.402159557046	4.70945847421183	0.0391144020301438	-4.67615628015034	0.000293570892022202	0.0173530198118005	-0.00798601911317513
AT5G03870.1	352.510992385093	702.406680246222	2.61530452396358	0.00372334802261108	-8.06918381297196	3.17338486851304e-09	1.17363779839817e-06	0.19383846726468
AT5G05940.1	196.200097315077	364.919782205424	27.4804124247313	0.0753053513806544	-3.73110379983091	0.000796443855993867	0.0393449015358125	0.049554675363482
AT5G07100.1	348.195843120807	7.87695160050111	688.514734641114	87.4087806502851	6.44970630784354	8.829229165451e-05	0.00622779236598101	0.718567664027243
AT5G07560.1	5299.4371943102	10594.7159589108	4.15842970965596	0.000392500348832711	-11.3150184433567	2.89586509812204e-07	4.66200211796493e-05	0.890159763691881
AT5G07600.1	783.829442109066	1566.71699252329	0.941891694842365	0.000601188152893774	-10.6998957999855	5.14481123197826e-12	8.28254081157536e-09	0.0654332922452464
AT5G07660.1	340.648976446364	661.352674026737	19.9452788659924	0.030158309853883	-5.05130061109342	1.27027874629082e-05	0.00121982416591183	0.00171466586660123
AT5G08020.1	409.940921806585	802.326559615158	17.5552839980126	0.0218804722187349	-5.51421231543422	5.39643520621714e-05	0.00412540890289806	0.554677692997266
AT5G08030.1	236.985183332834	463.283838913831	10.6865277518381	0.0230669124502436	-5.43803128028452	5.81730350844641e-06	0.000625010580246554	0.104980435494058
AT5G08250.1	221.227831842644	441.919574016152	0.5360896691356	0.00121309328813755	-9.68709378518604	1.14100778909631e-09	5.44818434182427e-07	0.0179688512825786
AT5G09610.1	14.8644848693506	29.7289697387012	0	0	-Inf	0.000713018305952866	0.0361287758498424	0.102848073139647
AT5G10420.1	68.2027742758516	134.927567187725	1.47798136397796	0.0109538872951118	-6.51241324815357	6.08549047825149e-06	0.000650576966440573	0.0323114092138095
AT5G10500.1	137.254216321691	274.037486795962	0.470945847421183	0.00171854534548345	-9.18459636554367	1.63139782183993e-08	4.42060352357577e-06	-0.00181513736172308
AT5G10720.1	47.7504614191604	91.813438976086	3.68748386223478	0.0401627899287732	-4.6379966994551	0.000425042711759916	0.023595474514088	0.308710027033739
AT5G11540.1	134.18132873957	253.177041813653	15.1856156654864	0.059980223944095	-4.05936928106537	0.000411998372826795	0.0229178281860238	-0.00164604777717389
AT5G12000.1	733.538745705499	1455.72458634659	11.3529050644025	0.00779880011018754	-7.00253211046196	2.65001386934792e-08	6.42216553128756e-06	0.125121311821099
AT5G12870.1	86.040765385667	164.561336308015	7.52019446331866	0.0456984285132617	-4.4517116353252	0.000229068981730589	0.0141516024650175	0.0252280726426308
AT5G12970.1	173.142336055268	344.270601077423	2.01407103311356	0.00585025566171019	-7.41728461144947	8.20362858173666e-08	1.60369219303549e-05	0.00977848128660836
AT5G13130.1	44.0907138242774	88.1814276485548	0	0	-Inf	2.12318560808959e-06	0.000260571048081596	-0.0197397489163909
AT5G13790.1	182.450313879821	362.0098088534	2.89081890624151	0.00798547120973782	-6.96840674341327	1.90279455949207e-07	3.25138970790832e-05	0.0970581607015014
AT5G13840.1	781.934644305939	1499.45428118312	64.4150074287602	0.0429589672970453	-4.54089687739505	4.61281178729847e-05	0.0036172903436901	0.14276219410206
AT5G14670.1	168.570986381136	329.686922120668	7.45505064160424	0.022612515515176	-5.46673469704828	7.33054885499216e-06	0.000759933564634187	0.0965969120871743
AT5G14870.1	184.400295184331	355.49875809286	13.3018322758017	0.0374173804352001	-4.74014762973782	0.000175757090090744	0.011353498330949	0.495901538004511
AT5G14990.1	31.2058981637952	62.4117963275904	0	0	-Inf	1.45066091705767e-05	0.00137376082968977	0.11564441458238
AT5G15140.1	1067.45473912309	2127.04862557888	7.86085266731101	0.00369566194810035	-8.07995148897531	8.43443150525507e-10	4.27469484140409e-07	0.0301551205394484
AT5G15510.2	324.811517162904	635.719968559156	13.9030657666517	0.0218697955928027	-5.51491645355095	3.40134233724924e-06	0.000387866404524322	0.00204015994190061
AT5G15800.2	1904.83485604902	3779.34329805333	30.326414044712	0.00802425491760238	-6.96141684589557	1.29260173528902e-08	3.68499211368644e-06	0.198834628541898
AT5G15960.1	5368.89304973643	10620.0035971066	117.782502366236	0.0110906273514188	-6.49451521461036	6.45770639715946e-08	1.31891424386164e-05	0.0109055304661075
AT5G17340.1.DE	430.54322041512	861.08644083024	0	0	-Inf	5.90881827110801e-12	8.984029913538e-09	0.0348824836990674
AT5G17480.1	334.190726557152	668.381453114304	0	0	-Inf	2.96179938225594e-11	3.00216761087336e-08	0.4300874930475
AT5G19240.1	2613.21154172594	405.514331423958	4820.90875202792	11.8883807018592	3.57148031606915	0.000621810656495526	0.032476553524751	0.142238580122517
AT5G19610.1	249.904668185188	498.802300853819	1.00703551655678	0.00201890711978073	-8.95220974393524	2.02414936228651e-09	8.26819697717271e-07	-0.00306229100549555
AT5G20330.1	230.120606523533	459.299321352225	0.941891694842365	0.00205071431864811	-8.92965775811801	3.4180011839964e-09	1.22471742325142e-06	0.167453046921957
AT5G22880.1	5579.40451582073	10706.177421094	452.63161054741	0.0422776115829731	-4.56396231387556	3.20601311868933e-05	0.00269975898560891	0.309476973845715
AT5G23010.1.DE	6049.82370273332	261.425683418778	11838.2217220479	45.2833155764738	5.50090768889233	1.38892890495557e-06	0.000182957511308907	0.0945914634346539
AT5G23190.1	145.300481495785	287.239198237906	3.3617647536627	0.0117037116601276	-6.41689005787436	1.06179919881199e-06	0.000143858022143992	0.0794570257555736
AT5G23700.1	131.489909017343	260.965747001572	2.01407103311356	0.00771776011317468	-7.01760208256988	3.52710221755432e-07	5.51598477085867e-05	-0.00305018422284772
AT5G24210.1	3219.31359369098	102.929849282008	6335.69733809995	61.5535472197316	5.94377009390181	3.81765271044861e-07	5.90291069941003e-05	0.0232672892435616
AT5G24420.1	3501.27930084165	6837.18607797672	165.372523706583	0.0241872199791761	-5.36961123082228	2.74800936130628e-06	0.00032698921826187	0.265799179762491
AT5G24790.1	240.409608228791	480.819216457582	0	0	-Inf	1.39915265514455e-10	1.19662530831237e-07	0.0770143090356804
AT5G24880.1	129.370015307822	244.851903944412	13.8881266712314	0.0567205173719394	-4.13998549770281	0.000287888848502928	0.0170909804898658	-0.00129840446670533
AT5G24910.1	98.6443673639481	194.803717847361	2.48501688053475	0.012756516703043	-6.292621749488	3.6180755141934e-06	0.000404161186418142	0.421836924522134
AT5G25250.1	714.860677546892	74.0507309031775	1355.67062419061	18.307322664555	4.19434891600651	0.000131930156512887	0.00874252911245686	0.0279592139491908
AT5G25580.1	295.561543309581	544.6542261187	46.4688605004611	0.0853180940715473	-3.55100445222844	0.000925942022217718	0.044772405060167	0.0606469967345132
AT5G26060.1	255.597401220214	510.187766923871	1.00703551655678	0.00197385273000293	-8.98476993094697	1.59289297056763e-09	6.91972933626902e-07	0.310288226334371
AT5G26850.1	5157.0469358532	9556.77867250489	757.315199201508	0.0792437729441536	-3.65755861850445	0.000532299659352708	0.0285087614034538	0.117963894063132
AT5G26920.1	844.032751279051	24.5341815448124	1663.53132101329	67.8046389269109	6.08331207515024	4.07629429429801e-07	6.16353714068221e-05	0.251202229115312
AT5G27870.1	769.434021942552	1531.47813706521	7.38990681988983	0.00482534268105921	-7.69515288285971	2.43370625720126e-08	6.13454128690845e-06	0.460836845233334
AT5G28630.1	36.0868518123146	1.5210516313851	70.6526519932441	46.4498709546805	5.53760268345867	0.000175894595597865	0.011353498330949	0.0277450933889772
AT5G28690.1	274.122939839615	541.261774885047	6.98410479418306	0.0129033771055906	-6.27610748878831	5.07792163132011e-07	7.39215740457281e-05	0.0385894729425912
AT5G36110.1	33.6797738088897	66.417655922937	0.941891694842365	0.0141813450317371	-6.13986181808644	0.00012938773247301	0.00859486277262458	-0.00246246952048909
AT5G37470.1	45.9310592084436	91.8621184168873	0	0	-Inf	1.62974997705928e-06	0.000209403743531261	0.0288448174216522
AT5G37920.1	19.7875796196638	39.5751592393276	0	0	-Inf	0.000174175900229986	0.011322674673383	0.0198926723118939
AT5G38390.1	29.3249066762522	58.6498133525044	0	0	-Inf	2.06364042796632e-05	0.00187633592134825	0.0911127766060263
AT5G39030.1	941.149506328496	109.325316222905	1772.97369643409	16.2174120111314	4.0194717062673	0.000173487046541133	0.0113047464041374	0.315574272916506
AT5G39220.1	544.345361053648	1081.49624675255	7.19447535474657	0.00665233501859086	-7.23192345856713	1.70991293096823e-08	4.54338806745033e-06	0.243074767422096
AT5G39400.1	432.100241327915	858.824646869053	5.37583578677626	0.0062595266756427	-7.31973071512724	1.93052994038022e-08	4.98440975550245e-06	0.0527782923404045
AT5G39520.1	155.075495156348	18.972499288937	291.178491023759	15.3473976511649	3.9399221437047	0.000439347702464594	0.0242420724214738	0.00184825684440624
AT5G39670.1.DE	300.014657829502	28.8256429953921	571.203672663613	19.8158172136844	4.30858056084673	0.000112552067230262	0.00758700732994533	0.0121037380139687
AT5G40040.1	176.200270883603	352.400541767205	0	0	-Inf	7.10838968572819e-10	3.7412001715194e-07	0.0334282282293121
AT5G40330.1	94.5687990086549	9.57449605705078	179.563101960259	18.7543136359669	4.22915055958729	0.000334659165825358	0.0194457580685953	0.0559063101015844
AT5G40350.1	346.757753473053	691.160777709	2.35472923710591	0.00340691965321176	-8.1973163604975	3.99621341284922e-09	1.33376059369338e-06	0.0709365604783043
AT5G41780.1	189.89019425431	369.905464808196	9.87492370042457	0.0266958037658215	-5.2272432029934	1.29801359992648e-05	0.00123777129626438	-0.00484130678706839
AT5G42490.1	234.010452978018	463.86247624638	4.15842970965596	0.0089647900457618	-6.80151448890644	1.53695169063019e-07	2.79202356904097e-05	0.1685316889799
AT5G42610.1	57.9398078328889	0	115.879615665778	Inf	Inf	4.4956517175513e-07	6.68679327206217e-05	0.449620052295124
AT5G42630.1	95.6527190921156	184.125901924905	7.17953625932631	0.0389925381723559	-4.68065812148473	9.87705411523597e-05	0.00679183962376327	0.312624085869741
AT5G42650.1	6505.70775760223	895.271614696219	12116.1439005082	13.5334838071678	3.75846136246197	0.000375338346750519	0.0212676187864766	0.0103851868122638
AT5G42930.1	23.3333721468058	46.1957984461905	0.470945847421183	0.0101945601821288	-6.6160566544152	0.000312150477314257	0.0182932211202068	-0.0333137500817415
AT5G43695.1	16.0325508504066	32.0651017008132	0	0	-Inf	0.000473301532650238	0.0255994394181259	0.570670791805331
AT5G44440.1	418.078431187876	835.084683037481	1.0721793382712	0.0012839169009439	-9.60523245484655	1.36433879647857e-10	1.19662530831237e-07	0.0725011304704088
AT5G44568.1.DE	245.903862699277	17.5466482759629	474.261077122591	27.0285851556208	4.75641408909838	0.000199199144440443	0.0127078838812262	0.528270682696127
AT5G44620.1	2234.95317304774	4468.42836473149	1.47798136397796	0.000330760894735028	-11.5619237021949	7.18138152425574e-14	3.93080099111662e-10	0.392027003465785
AT5G44630.1.DE	1860.84937523129	3718.61250009119	3.08625037138476	0.000829946753341221	-10.234693598698	1.1177663593748e-12	2.7810027021245e-09	0.266359559674542
AT5G45116.1	78.2156978091168	156.431395618234	0	0	-Inf	8.41176184068196e-08	1.63271700748783e-05	0.247537227397283
AT5G45276.1	69.3589459492868	136.10258737461	2.61530452396358	0.0192156855678665	-5.70157174068511	2.01414859888315e-05	0.00184977244477295	0.100550405882446
AT5G45875.1	44.5052081954696	89.0104163909391	0	0	-Inf	1.88408928792636e-06	0.000237620993695708	0.186640950546977
AT5G46930.1	40.5226091889279	81.0452183778557	0	0	-Inf	3.1946384260707e-06	0.000371743202131869	0.271182174790377
AT5G46950.1	16.7454763568936	33.4909527137872	0	0	-Inf	0.000396607325037849	0.0222425189992538	0.154294286559114
AT5G46960.1	64.5945245472492	128.652959425363	0.5360896691356	0.00416694393607486	-7.9067945951546	1.16204337886087e-06	0.000155896094081688	0.00193582273395436
AT5G46970.1.DE	75.3685520176787	150.737104035357	0	0	-Inf	4.87091971845078e-07	7.12873427029737e-05	0.545284841658185
AT5G47220.1.DE	746.439048286833	100.445041318047	1392.43305525562	13.8626360941667	3.79312971876691	0.000390203895363306	0.0219734572187304	0.000370104621331549
AT5G47500.1	2800.02760151205	5548.55655238089	51.4986506432116	0.00928145007751854	-6.75143406376892	3.69149002177375e-08	8.21371535901659e-06	0.130417492500139
AT5G48600.2	992.821656962704	1839.52814201212	146.115171913288	0.079430789111747	-3.65415785383253	0.000568801587865012	0.0302271104013391	0.00964757012977951
AT5G49240.1	44.1348370305685	88.2696740611371	0	0	-Inf	2.11867781918979e-06	0.000260571048081596	-0.0216031354615425
AT5G49270.1	114.482262900114	227.486544436251	1.47798136397796	0.00649700564769951	-7.26600932537517	4.00258515504945e-07	6.15320794271035e-05	0.256630291800565
AT5G49330.1	669.180416933949	1287.78374838407	50.5770854838229	0.0392745175945011	-4.67026263464469	2.97208133637866e-05	0.00256592813924326	-0.000713252808777669
AT5G49920.1	313.260041961854	618.528943612968	7.99114031073984	0.0129195899290691	-6.27429591050815	4.47624886615512e-07	6.68679327206217e-05	0.137410615483299
AT5G50080.1	53.834748500664	107.669497001328	0	0	-Inf	7.15165503675174e-07	0.000101412691733586	0.105128864230969
AT5G51030.1	310.152184064902	573.800241998469	46.504126131335	0.0810458461456331	-3.62511794479275	0.00066266429877141	0.0341473033377418	0.135254845738855
AT5G51600.1	760.497901583171	1489.76276305766	31.2330401086805	0.020965109937757	-5.57586579430347	1.73421465751631e-06	0.000221784984798628	0.0161725681851028
AT5G51750.1	10308.0074130787	19735.1749166233	880.839909533999	0.044632992271685	-4.4857456592143	3.83126523845317e-05	0.00312997215062646	0.000827639226196826
AT5G51950.1	2984.4996882926	5934.10873080513	34.8906457800748	0.0058796775325249	-7.41004725119643	2.95663502470732e-09	1.13372490354606e-06	0.00225547692841971
AT5G53190.1	828.719254786282	1654.88834887031	2.55016070224916	0.00154098655899656	-9.34193000642625	3.99000291989144e-11	3.89994285398532e-08	0.0264710331850394
AT5G53210.1	104.640023522401	196.970311190138	12.3097358546652	0.0624953871488909	-4.00010648292828	0.000751749307954107	0.0375442461347614	0.23827317747249
AT5G53390.1	537.854935823482	1075.70987164696	0	0	-Inf	1.73901591266778e-12	3.96611562482432e-09	-0.000748271100311184
AT5G54320.1	15.0340234886864	30.0680469773729	0	0	-Inf	0.000754954303612633	0.0376349533356476	0.257579286380563
AT5G54330.1	22.6973132635606	45.3946265271212	0	0	-Inf	8.48186036945071e-05	0.00606087609898504	0.0191617708185356
AT5G54710.1	960.301614011734	77.743171819976	1842.86005620349	23.7044619233039	4.56708674003387	3.05796876847327e-05	0.00261532778923677	0.0180459838404487
AT5G55180.2	2090.51002500656	4106.63509687139	74.3849531417397	0.0181133583547293	-5.78680213202733	7.26989645246821e-07	0.000102558003150077	0.0201683853028073
AT5G55520.1	651.4117388207	1289.31127480503	13.5122028363652	0.010480171158364	-6.57619391113347	9.67809239433223e-08	1.85223799054605e-05	0.121400229762512
AT5G56390.1	17.1460623164283	34.2921246328565	0	0	-Inf	0.000361606457193459	0.0206606378297924	0.00341542079435062
AT5G56400.1	23.1524537381295	46.304907476259	0	0	-Inf	7.14123023386797e-05	0.00519790396384305	0.517753440673336
AT5G56510.1	260.161373943968	518.373820676537	1.94892721139915	0.00375969451708725	-8.05516883993669	8.70587996201235e-09	2.70752866818584e-06	0.014891907214975
AT5G56570.1	30.3022284082992	59.5322774783273	1.0721793382712	0.0180100507436748	-5.79505394370295	0.000220096738111884	0.013815613597812	-0.0313114133562046
AT5G56970.1	275.103529758003	547.120809144621	3.08625037138476	0.00564089378397042	-7.46986051289957	2.45249928483892e-08	6.13454128690845e-06	0.114278218644515
AT5G57123.1	728.426465278217	1453.36087815934	3.49205239709153	0.00240274280776992	-8.70110205559214	1.04587957048912e-06	0.000142406129776847	0.700111823176298
AT5G57240.1	490.335440545371	968.296001414362	12.3748796763796	0.0127800586373423	-6.28996173411511	3.2110757910944e-07	5.13024660081879e-05	0.00586168536262575
AT5G57810.1	344.472788718964	686.996650226529	1.94892721139915	0.00283688022460737	-8.46147904452313	1.92515928058422e-09	7.99856563850127e-07	0.047874916167939
AT5G58460.1	177.017577679555	353.499065689974	0.5360896691356	0.00151652358143929	-9.36501635309565	4.08336395131139e-09	1.34642776649988e-06	0.00211672649875062
AT5G59040.1	93.508585461317	187.017170922634	0	0	-Inf	2.69054000165859e-08	6.45918410222739e-06	-0.00693001458794119
AT5G59080.1	533.555853710751	81.8998656803636	985.211841741139	12.0294683459701	3.58850097750263	0.000737706500329679	0.0371131461415857	0.0334471644399388
AT5G59305.1	48.6132226150559	97.2264452301119	0	0	-Inf	1.19681935986647e-06	0.000159778303613783	-0.0100745070081127
AT5G59390.1	446.366202074766	886.284389024484	6.44801512504746	0.00727533419847851	-7.10277076373209	2.84566815099924e-08	6.65773800568188e-06	0.0367062418028425
AT5G59540.1	2024.58121818664	53.3459161285471	3995.81652024472	74.9038878743042	6.2269686983699	1.65397533021328e-07	2.93935044397903e-05	0.013740338030886
AT5G59580.1	84.888767233687	158.700143785249	11.0773906821246	0.0698007602130113	-3.84061344059526	0.001048337363546	0.0497242581724903	0.0246556809092195
AT5G59810.1	582.231839976375	1163.99273410533	0.470945847421183	0.000404595177978634	-11.2712332537901	8.61384233208092e-05	0.00613915721209351	1.29116283751705
AT5G60020.1	1350.69639215442	2498.26867410679	203.124110202059	0.0813059509200636	-3.62049524031983	0.00070979852251147	0.0360403821226232	0.0474238971048733
AT5G60070.1	68.084985584853	136.169971169706	0	0	-Inf	1.68758668601053e-07	2.97973370469266e-05	-0.00591879081671754
AT5G60080.1	68.2312636153839	136.462527230768	0	0	-Inf	1.58878048753626e-07	2.86064107782186e-05	0.118417490504121
AT5G60330.1	40.0016388682708	77.989206703428	2.01407103311356	0.0258249970508424	-5.27508800543697	0.000206579567794008	0.0130871981745056	0.0734594279600575
AT5G61160.1.DE	53.758529373856	0.536432681322462	106.98062606639	199.429732362039	7.6397367024877	3.10443175868867e-05	0.00263122546839057	0.643039437991318
AT5G61270.1	699.568412339511	87.7262871739859	1311.41053750504	14.9488890930052	3.90196637131327	0.000262326118287555	0.0158135268839071	0.242340807184881
AT5G61605.1	493.799083978478	984.446773763857	3.15139419309918	0.0032011829152026	-8.28717917000408	1.04490233449463e-09	5.10658698043731e-07	0.0105654499452571
AT5G61610.1	261.874414234073	508.397659528356	15.3511689397891	0.0301951998638832	-5.04953696747559	1.1833373673815e-05	0.00114436668093629	-0.00111705373295418
AT5G61690.1	118.746209684471	237.02147352152	0.470945847421183	0.00198693325302622	-8.97524087566055	3.88191955800523e-08	8.49922995707897e-06	0.0314128000871838
AT5G62065.1	100.480760827788	200.490575808154	0.470945847421183	0.00234896750394802	-8.73375752968461	8.91185476626555e-08	1.71760310734617e-05	0.153644399569743
AT5G62310.1	227.234459527857	448.361562134659	6.10735692105511	0.013621499782403	-6.19797063110072	7.39637071479278e-07	0.000103807114729461	0.0246894680563419
AT5G62500.1	651.576017182744	1218.95730134504	84.1947330204498	0.0690711093223254	-3.8557737954148	0.000329834142844947	0.0192061719603841	0.219767905389627
AT5G62750.1	605.879294120262	1208.26653584343	3.49205239709153	0.00289013416617874	-8.43464781740745	6.25262185512427e-10	3.42243509862082e-07	-0.00164141902360965
AT5G62850.1	557.730261645564	1047.3024398338	68.1580834573225	0.0650796569022969	-3.94164954458265	0.000238407794704128	0.0145641618871932	0.0187305939350704
AT5G63090.2	79.1153759434181	157.694662217701	0.5360896691356	0.00339954226475667	-8.20044377854084	4.0363173083968e-07	6.15320794271035e-05	0.153134116327463
AT5G64770.1.DE	2225.50121280072	118.697660894668	4332.30476470677	36.4986532342137	5.18977132577954	4.3217246711243e-06	0.000478854092304979	0.103953111083116
AT5G65350.1.DE	116.971873425639	221.989608296025	11.9541385552526	0.0538499916595717	-4.21491006845363	0.00027596099863179	0.0164542496961979	0.18471936059603
AT5G66640.2	476.89251653567	13.1599862069722	940.625046864368	71.4761423052269	6.15938986654565	3.07241776749061e-05	0.00261949936014589	0.605482586244202
AT5G67460.1	499.700051674588	927.044160335971	72.3559430132059	0.0780501578123132	-3.6794546405336	0.000628622412019208	0.0327074870192808	0.00309500237192563
