logFC	logCPM	pvalue	padj	dispersion
AT1G01100.1	-2.72241959352675	7.73600597163463	0.000482878120030907	0.0232256737943864	0.249572980850493
AT1G02310.1	-5.96984531909896	0.0472254684831458	0.000807052894267045	0.0351710567043002	0.759201836066129
AT1G02813.1	-10.067216364925	4.96427815572048	7.52146670059461e-18	1.08340789822039e-14	0.262324119998025
AT1G02970.1	-5.13153051790628	1.609883797506	0.000222376000702911	0.0120452541886726	0.576706046353367
AT1G03390.1	-5.75885478421865	2.53233803315304	3.98949416122826e-06	0.000398483489797427	0.44964153786224
AT1G04450.1	-10.9423403981773	1.76880047565995	1.59137661765282e-07	2.31663804637884e-05	0.571260678233179
AT1G04470.1	-7.03283811005575	3.87732407036199	1.01934675605958e-09	2.51328666845393e-07	0.346454399624505
AT1G05440.1	-7.53900213484299	2.75117880279002	3.02973581816232e-08	5.28138916378766e-06	0.435007816221314
AT1G06160.1	7.37058783765399	2.85562001920678	1.47085133624676e-08	2.71988238989198e-06	0.408870914959697
AT1G06170.1	-7.36696620514398	3.39745376201397	3.17333764570577e-10	8.60676553423075e-08	0.338014148235338
AT1G06420.1	-7.40087560904309	3.71333668750705	2.54542164445478e-11	8.83975900423331e-09	0.305647834938994
AT1G07280.1	3.03151298409615	7.36679051207124	0.000235971919363801	0.0126629009591147	0.271002196955073
AT1G07370.1	-5.38466379292887	4.02739922095872	2.45773897621419e-07	3.41438580208274e-05	0.340696921916144
AT1G07620.1	5.88036219941927	4.34264650499847	1.59599757603061e-10	4.69669480223718e-08	0.252779434375838
AT1G08260.1	-3.05602133749224	4.46685648645493	0.000122058857347704	0.00726197132150425	0.250435992241975
AT1G08930.1.DE	4.86405751707842	6.30745369946865	3.21817490676621e-08	5.57075056079529e-06	0.260299300356215
AT1G09200.1	-4.19829423046857	6.38952413253741	4.52058516393213e-05	0.00310852700418328	0.375454202226101
AT1G09380.1.DE	-9.93652584593785	3.08529887799999	4.58165551760887e-11	1.51073190609542e-08	0.394147775098183
AT1G09450.1	-6.23434612287641	2.79456063496506	3.44247302389085e-07	4.61831380969827e-05	0.41209066764302
AT1G09600.1	-5.1748872376528	2.43117145479481	4.72303032095076e-05	0.00321646971241053	0.494804437712227
AT1G09690.1	-2.57200445909535	7.99942456627173	0.00096428574338457	0.040414352565006	0.252006121225264
AT1G10640.1	-5.1524191659761	5.84753426883182	4.74452465160684e-06	0.000458827387509456	0.408649029474831
AT1G11000.1	-3.24848488120829	4.1885517592228	8.21446020187211e-05	0.00514447017860036	0.263871819400713
AT1G11350.1	2.83252146283258	5.41804254107312	0.000607285133787094	0.0279011560974483	0.275767011653502
AT1G11510.1	-9.16337432662747	0.0435893062685229	0.000132992827612722	0.00784428384936416	0.794293736223186
AT1G11620.1	-8.47313616456288	-0.600996661610777	0.000758754567104555	0.0334389613406078	0.878931710972988
AT1G11765.1	-7.72665519023447	2.93691010904448	4.7371129059375e-09	1.02893100007696e-06	0.402521256167609
AT1G12000.1.DE	-2.6586886778752	6.25702894503479	0.000512357877945653	0.0243441152840566	0.241397446779521
AT1G13100.1	5.27605089582653	2.45985951855565	1.21204381527447e-05	0.00103399668721711	0.440515956904396
AT1G13130.1	-5.74423524738424	3.04919792123117	1.63850665780804e-06	0.000188414496684413	0.420659043911684
AT1G13150.1	-4.49451647184611	4.5538046920814	6.57278268637464e-07	8.25155580553675e-05	0.280902673118869
AT1G13260.1	4.48202852990529	6.00629985955018	3.35040026586131e-08	5.73085965475577e-06	0.230265885610662
AT1G13470.1	6.10885130969539	5.67904368002257	9.29315597654001e-11	2.82594547517719e-08	0.263814269812157
AT1G13890.1	-11.1242358836279	1.9480499077525	6.08649220732347e-08	9.79853639588405e-06	0.548943016250204
AT1G13970.1	-4.24241670537075	4.96987673429459	1.31750814627115e-07	1.97035863099174e-05	0.229678224348445
AT1G14370.1	5.31664506519124	4.54280775069868	9.73627731074745e-09	1.9449812951864e-06	0.272881443271581
AT1G14760.1	-8.2962252676117	-0.763823929288324	0.000979132286467084	0.0408489213659011	0.877162174239755
AT1G14900.1	-4.68950517142027	5.62705731805606	1.22993013903483e-08	2.33755055868786e-06	0.231822623321928
AT1G15125.1.DE	8.44104466224793	7.58753175984145	3.77303865355103e-11	1.28289313139198e-08	0.392205469687992
AT1G15380.1	-4.66727298784606	2.09915272700735	0.000430410076415816	0.0211860844808418	0.565671516340601
AT1G15890.1	4.63868201240606	2.7549663235313	6.29019201594801e-05	0.00409876108159587	0.438957205555191
AT1G16070.2	-5.24584237779862	1.72416954397608	0.000112896618673182	0.00679066958208273	0.547400693698302
AT1G16420.1	10.1235835271398	0.966927551448771	7.08629910748826e-06	0.000642178258191187	0.686872179691599
AT1G16630.1.DE	-5.81453752239797	3.8206274125975	1.89049801961182e-08	3.40372109180985e-06	0.317390998310484
AT1G17560.1	-4.47929193446913	3.40225533035646	7.28663024287459e-06	0.000657605132083955	0.338092916620321
AT1G19500.1	-7.57580654676424	2.11820320026158	4.08744106286479e-07	5.37812918310017e-05	0.504683383424327
AT1G19850.1	-4.97494692342574	6.12553980438693	1.54463665704615e-08	2.83715543825765e-06	0.25736385078429
AT1G20130.1	-11.4227011718329	8.26878394203507	2.32470782938611e-17	3.02964780355424e-14	0.345945075071013
AT1G20680.1	-7.74670566211561	0.917157348394014	3.69321374315677e-05	0.00264241260267949	0.702335484008111
AT1G20930.1	-5.39915110920624	3.89945893423176	1.21505259838585e-08	2.32542374214153e-06	0.280010426447141
AT1G21740.1	-4.5258601552313	3.23968571265491	6.92054582750176e-06	0.000633449826779492	0.341166411698463
AT1G22100.1	-9.67436014777963	0.532601769406744	3.69791006586614e-05	0.00264241260267949	0.754275530457355
AT1G22130.1	-7.0975163617987	2.57689175283595	1.12565648907365e-07	1.72105959737249e-05	0.440840333735688
AT1G22240.1	-7.06186156949191	1.10401435514451	5.47468089839681e-05	0.00363667637930398	0.693277492255316
AT1G22350.1.DE	4.36509698888754	3.62695761530974	6.32507826301229e-06	0.000584813317236894	0.322357438005517
AT1G22460.1	-7.7990306754431	2.6991177576078	6.66764401837831e-08	1.06713497950279e-05	0.47354200010676
AT1G22470.1	-8.98753626039051	-0.122738690061163	0.000209322062337003	0.0115498512137885	0.81206959057662
AT1G23240.1	-11.3545800286839	6.55200216489196	1.54654946968769e-21	1.84116988421337e-17	0.256164860596772
AT1G23310.1	2.61405614838139	11.2375782074655	0.000803186992394154	0.0350584076680115	0.251744271113965
AT1G23380.2	-4.6005404907036	3.2705736640524	4.13910037264384e-06	0.000411923269085515	0.334927202940571
AT1G23510.1	-9.28929541404434	2.44477766722366	9.88290127698708e-09	1.95996552281582e-06	0.47568595993721
AT1G23620.1	-11.9083722822146	2.72380364202107	1.79124829955495e-10	5.21520036832126e-08	0.435651750162326
AT1G23640.1	-11.3880189316036	2.20840352455423	1.12174103251014e-08	2.17729138849201e-06	0.510997335189839
AT1G23670.2	-9.79057844741802	3.78813078198608	2.89432832417326e-13	1.49456561464102e-10	0.334211511046099
AT1G24260.2	-9.27733442598768	6.91342150970977	6.82767801598147e-19	1.55716576617817e-15	0.244435526795091
AT1G24600.1	-4.31579771372566	3.01893910147747	2.73415265875656e-05	0.0020613853984807	0.362922568187873
AT1G25240.1	-6.65148127650066	2.54136218842633	3.56766330607818e-07	4.75511160274544e-05	0.444247574467533
AT1G25560.1	3.57566285858093	4.78355489192324	2.17142360566721e-05	0.00169792917828286	0.267696750605454
AT1G26480.1	-8.4890372598601	5.03422848445641	9.49986488380602e-17	9.28543936214297e-14	0.240023442760231
AT1G26515.1	-8.56616615871492	-0.516373763720295	0.000568225330954932	0.0264926590418647	0.856214709791471
AT1G26760.1	-5.36101290693813	2.14655329341684	3.1934333257913e-05	0.00234310678981921	0.494296413816541
AT1G26770.2.DE	-3.23395488911787	4.59742665879318	0.00019196253946452	0.0107553509826761	0.292234797646806
AT1G26780.2	-9.14822103515745	3.13083896882041	7.91658614599061e-11	2.46205829140308e-08	0.383257075128172
AT1G27045.1	-5.61967436708142	4.62854172247135	4.62954541050618e-10	1.24217057641895e-07	0.250473324827855
AT1G28600.1	2.44521092223772	5.62152349250394	0.00107936423067176	0.0443544148123495	0.234449736103288
AT1G29630.2	-3.46261079778761	3.08708744133066	0.000530793030697364	0.0251327745054074	0.371347201219418
AT1G29980.1	-4.4487008310397	4.51863238297926	2.29348098033404e-07	3.22855717152964e-05	0.256561185372015
AT1G30250.1	6.32865167461028	3.78460452089395	4.65788738139849e-06	0.00045204631863161	0.530549281918664
AT1G30600.1	-3.80320492649738	4.04038300673146	1.36493917688327e-05	0.00114237478265875	0.280893266323595
AT1G30795.1	-11.8039530548043	2.62020419933467	5.99335344422565e-10	1.50482657854649e-07	0.457982559436285
AT1G32250.1	-10.1403979147734	0.983862038237362	8.14945384362656e-06	0.000717151938239137	0.699618068524561
AT1G32300.1	-9.38086922818503	0.250878673690161	8.04630897037492e-05	0.00505071981424818	0.779542878396632
AT1G33720.1.DE	3.30771894027093	3.58258236350731	0.000354837742953671	0.0178843450260701	0.327288091367962
AT1G35730.1	-8.26735609870901	-0.789640195768311	0.00103785816183215	0.0428417830663987	0.882401420395122
AT1G37130.1	4.59194235502239	9.56389566771503	1.5771116535404e-06	0.000182119796346386	0.315151097651903
AT1G44224.1	-10.4638859351686	4.98298992747305	1.16929411390342e-18	2.13341608728726e-15	0.257327069613772
AT1G44970.1	-9.26660867590803	6.74413442377858	1.61905914275202e-18	2.76940066367733e-15	0.248841267287293
AT1G47520.1	-4.37923430010812	2.43332304196066	0.000319019894055362	0.0163195074028171	0.492450282055954
AT1G47760.1	-8.61769808936984	-0.467431199620026	0.00057370892725386	0.0267028331991218	0.872287511934684
AT1G48630.1	-2.97662946869358	6.3862349630051	0.000125511115235992	0.00743503939778921	0.2419164780813
AT1G48940.1	-11.6363439893784	2.45421901848468	1.6926667027726e-09	3.95939336081029e-07	0.473010960742189
AT1G49270.1	-8.08697000591921	1.24603424575464	3.90886131108627e-05	0.00275715763819095	0.762578918929671
AT1G49290.1.DE	-6.06648549416694	1.95785278465464	1.16672546974145e-05	0.00100411769358126	0.520315629237225
AT1G49490.1	-4.61050791694609	4.63211597369834	2.45258720832224e-05	0.00187492756193752	0.403618332549142
AT1G49910.1	-4.77579773761773	1.47871927042978	0.000931883727029303	0.0395364262486988	0.641274592637404
AT1G50810.1	-5.66186606506879	1.74896979983653	7.28101631600401e-05	0.0046341128961953	0.578592912300523
AT1G51210.1	-7.52635276788282	0.703377788228874	7.17756653088388e-05	0.00457891936636899	0.723873084415935
AT1G51260.1	-10.7117963731319	1.54222444295535	5.19765249362743e-07	6.67837340120166e-05	0.602557587695894
AT1G51270.3	4.56270005375551	3.74176097725349	1.11440052262972e-06	0.000132029928585845	0.297248168233134
AT1G51410.1	-9.25572585480543	2.39809260739921	1.27678658840402e-08	2.39336269530419e-06	0.479501994802851
AT1G51800.1.DE	3.77743418871558	3.51622799620019	4.43078369458328e-05	0.00305445058320794	0.312583930034257
AT1G51890.1	5.26592904946812	1.77255148660067	0.00018133327159954	0.0102324308806932	0.590629721151366
AT1G55200.1	-5.35528476333735	3.03458196723475	8.97363647943834e-07	0.000108224809777246	0.365216988245895
AT1G56650.1	3.97920283258794	2.42201056782576	0.000479160893297462	0.0231281751812433	0.45338535130239
AT1G57750.1	-7.9661154231349	7.39226627734873	3.74703619114208e-16	3.41829621597255e-13	0.241829350194418
AT1G58430.1	-10.2649090789623	6.44121077436453	6.90900567757639e-20	2.10095185982123e-16	0.254524055385348
AT1G58602.1	3.30458069024494	8.16511774537239	4.31605372857504e-05	0.00299822126804337	0.254761221344598
AT1G59780.1	-6.09234389253164	0.162465493167705	0.000575827286114428	0.0267105782481011	0.74476150601752
AT1G59870.1	4.61348275402901	9.93912017777834	1.87904558138047e-05	0.00150367600793043	0.39637817138962
AT1G60060.1	-3.92253120561911	4.79451642718011	1.02625840881604e-06	0.000122115826662945	0.235773654937582
AT1G60240.1	-10.702456760689	1.53310102549765	5.75016039148727e-07	7.31955300438249e-05	0.6070557006517
AT1G60390.1	-3.2312180448336	3.35013597666839	0.00100147809968731	0.0415909751627349	0.368101028953012
AT1G60810.1	-3.77470703507243	5.89888924595268	2.09424169845068e-06	0.000237822434868043	0.236326039457315
AT1G61070.1	-12.0408217272186	5.17989779681016	1.00809800351242e-20	5.08686153603524e-17	0.25195723396288
AT1G61130.1	-6.83380572520568	0.0621085876697738	0.000441308984690822	0.0215674005232472	0.792118592809103
AT1G61290.1	-6.14813599788465	1.84946390436296	1.65511477064007e-05	0.00135058852037525	0.544496020180169
AT1G62180.1.DE	3.11342142478403	8.57640359677715	9.10187004417725e-05	0.00562302436498969	0.251286295148729
AT1G62360.1	-7.6731330527479	4.41912210028222	5.51337492236139e-14	3.14354260156639e-11	0.256561261882288
AT1G63180.1	-3.7627957741405	4.49249311722598	4.97680535308207e-06	0.000476241989171853	0.251970915126919
AT1G63480.1	-3.14040835794369	3.58359823619603	0.000663875348619684	0.0297364002308077	0.329358423062765
AT1G64360.1	5.4724745971643	6.40921536243548	1.14522823276169e-08	2.2072257939593e-06	0.290698811146339
AT1G64450.1.DE	-3.0414484109561	3.56256613750018	0.000612301571001068	0.0280694629734627	0.308786364848843
AT1G65190.1	3.56746361479796	6.16946111883032	5.11113006843238e-06	0.000487391664504729	0.233092814313016
AT1G65470.1	-2.86131178875874	3.77372577992732	0.00104427617379952	0.0430417926574477	0.303635597455792
AT1G66100.1	8.63037724753876	6.06015775908256	1.10844564423687e-08	2.16685288510534e-06	0.53134818218004
AT1G66235.1	-9.83228094780653	0.684748147784485	1.94818318896145e-05	0.00154544572508687	0.722143973233064
AT1G67860.1	2.72042329963765	5.94421273968418	0.000548177417059864	0.0258664130174041	0.253673092578896
AT1G68120.1	-5.29489576593611	0.814047512279191	0.000837193863068954	0.0361964007021661	0.703857226963569
AT1G68480.1	-10.029589937764	0.874983821980487	1.57426091234885e-05	0.00130164267822246	0.736104771212733
AT1G68875.1	-10.8393468069468	7.27544866126256	4.06486608540908e-21	2.78118137563689e-17	0.258366676787273
AT1G69560.1	-7.61419620647732	1.62724315465618	2.71779177079227e-06	0.000297228865056629	0.570292750410384
AT1G69600.1	-9.38914040104942	2.54339484137785	4.60910680915954e-09	1.00913628122463e-06	0.461635454426133
AT1G69720.1.DE	3.24526451115462	4.20498693765747	6.68225420592634e-05	0.00430305724959511	0.256680939238036
AT1G69940.1.DE	-9.9640804538894	7.65221070052973	1.76144443630384e-20	6.88674447610906e-17	0.246010258521011
AT1G70830.1	-4.53437687419409	8.13712811319497	7.70640547673142e-07	9.54338937046088e-05	0.292174398319969
AT1G71030.1	3.23262178607414	6.11021596050444	0.000132131967913277	0.00781034060010924	0.279654602276428
AT1G71160.1	-9.89053079678445	4.41126495097157	2.57701455592807e-17	3.20580610757452e-14	0.257451253026715
AT1G72250.2	-4.43699132428453	4.3654916105693	1.08383596729458e-07	1.66642824454596e-05	0.241519501189271
AT1G72260.1	-9.04460460544929	6.49955034716769	3.05503305172329e-15	2.25973363674495e-12	0.297774850343957
AT1G72460.1	-11.1501644434108	1.97359736376033	5.10696276196144e-08	8.47074890117338e-06	0.544418053486537
AT1G73050.1	-6.96716544607662	1.8891958821411	3.81486343635874e-06	0.000388503196785533	0.548226276285943
AT1G74550.1	-8.24849112413481	5.99796533013185	1.91045052519104e-15	1.49386314209795e-12	0.261807603917047
AT1G75050.1	-4.93327372870833	3.00624166706621	8.07642742180505e-06	0.00071301827638697	0.390698785031835
AT1G75160.1	-11.5808308407033	2.39929188274586	2.84484012013654e-09	6.38176921376203e-07	0.483676701876604
AT1G75530.1	-8.26374360831905	-0.791995245266649	0.00119376212371314	0.0484731184002687	0.902483183598414
AT1G75870.1	-7.35164927076218	2.81371949018541	3.56359113351552e-08	6.02026926802796e-06	0.429048302690757
AT1G75880.1	-4.98537310039043	6.40693110804203	1.36217371341262e-08	2.53605239378752e-06	0.256232939411049
AT1G75910.1	-10.790459185504	8.48384229007447	2.01823649979542e-21	1.84116988421337e-17	0.259583158857366
AT1G76360.1	4.87017075209589	4.62908728033451	2.03778984212572e-07	2.90469960413003e-05	0.290855034785613
AT1G76965.1	-11.4739444205696	2.29338154939092	5.97285274444306e-09	1.27687963172357e-06	0.497688507893296
AT1G77730.1	-6.56563636629205	-0.189040198085936	0.000842027487270774	0.0363114280282298	0.818117044882594
AT1G78290.2	3.21977339072328	5.74982731102328	5.07376927421657e-05	0.00342861524683356	0.24767404237616
AT1G78950.1	-5.78553823304243	3.63782643696036	1.82412979501225e-08	3.30614465098645e-06	0.314255004208288
AT1G79270.1	2.77103173491118	6.00681373099077	0.000273429838469194	0.0142866813859574	0.236834149527427
AT1G79780.1	-6.40762413450706	4.16442505735446	2.16378230062266e-11	7.69070051992738e-09	0.258103155786893
AT1G80160.1	-4.19122020700661	2.7070199758832	0.000156529508757057	0.00901943317400183	0.42264248437147
AT1G80280.1	-3.36756058669566	6.32780590537526	2.80314145999516e-05	0.00210181850622322	0.250620435229875
AT1G80370.1	-5.654496558158	2.68741737303933	2.35007416343379e-06	0.000263593564364164	0.420852373610863
AT1G80990.1	-8.74316017379692	-0.350973916682159	0.00043316985660057	0.0212455065151333	0.859520997604223
AT2G01610.1	-4.76634695004563	4.52518897986057	1.9028402771372e-08	3.40372109180985e-06	0.241553619850048
AT2G01830.2	-3.11752914557227	4.11101219499323	0.000194648018899518	0.0108716877168204	0.274450751482235
AT2G02720.1	-6.14767928399888	3.33378244902051	5.67437724403087e-08	9.24383073896647e-06	0.364380441470805
AT2G02950.1	4.15727638299376	3.11571841572989	4.19778282841281e-05	0.00293823325953969	0.358279853342945
AT2G03090.1	-6.67349041587607	5.49664710276572	8.528854006871e-13	4.09504695543940e-10	0.244001140009216
AT2G03310.1	3.26497822420113	4.6062696652869	0.000342955974231259	0.0173173784183784	0.321045611323584
AT2G03530.1	3.23604455783683	5.09972599380215	0.0003117826165423	0.0160392230254317	0.31256641268719
AT2G04020.1	-6.02408477319564	0.963035243428449	0.000549137686169919	0.0258671259812364	0.781961181128157
AT2G04070.1	10.37632060219	1.21324544610196	2.74457132154943e-06	0.000297905984814222	0.656742812943778
AT2G12480.2	-8.57791355833166	4.61768442062319	1.41822050984797e-15	1.14158408569175e-12	0.259385041688614
AT2G12505.1	9.0274499192757	-0.08607767515832	0.000252607403941308	0.013372068532042	0.846252312968842
AT2G13820.1	-4.57733484610201	2.46010197049485	0.000142420701401035	0.00829312714030539	0.473691931933539
AT2G14900.1	-5.13907969858839	3.37344159405562	1.21655558785409e-05	0.00103399668721711	0.437039103069035
AT2G15040.1	5.48025852913005	4.2863433218573	1.2315682083387e-06	0.000145282580714714	0.395205911255872
AT2G15080.1	6.70357172708719	6.23055965634514	1.83694815771585e-12	8.10864470651087e-10	0.255098544096816
AT2G15340.1	-5.93654478701591	1.18425527600179	0.00013697938291118	0.00801036699041278	0.640648263328826
AT2G16270.1	-3.9832787135733	4.01933872994056	2.75395403968131e-06	0.000297905984814222	0.261074147326972
AT2G16440.1	-4.64903508595374	4.5290594410875	2.30038237521295e-07	3.22855717152964e-05	0.274107578553445
AT2G16450.1	-9.34681518728778	0.218552781437947	9.45648647301538e-05	0.00582894418453795	0.790552579860829
AT2G16520.1	-8.82589591502942	-0.273931700267276	0.000337138774603036	0.0170866925617331	0.841401999644569
AT2G17180.1	-8.63052103036661	-0.456958475586812	0.000489924903751725	0.0234820748964575	0.851555469236759
AT2G17280.1	-2.56970317952068	5.0223894645498	0.000625411952006057	0.028432349339704	0.233748357368849
AT2G17442.1	-3.65117658686027	2.52494544364273	0.000753241728979987	0.033249547804394	0.426218873240136
AT2G17620.1	-7.32874934267746	1.8540084917043	5.80802522799759e-06	0.000538827235389282	0.600336236633652
AT2G17630.1	-3.82522056974432	3.78075049265374	1.86021059302347e-05	0.00149296901788465	0.291228665491644
AT2G18150.1	-9.42770977418096	0.295217301877154	6.73682157554616e-05	0.00432801250890956	0.770236288320952
AT2G18420.1	-5.52728046902118	2.46613622453222	6.79270251624498e-05	0.00435369279776563	0.564825501180264
AT2G18480.1	-5.92205980067328	2.1171650990275	1.58827541000708e-05	0.00130308362701315	0.5232659737492
AT2G18660.1	3.50531877556993	3.5133158714151	0.000102504546104678	0.00626192950400185	0.305981817998143
AT2G19030.1	-9.12205811294186	0.00471031460298993	0.000156871170375068	0.00901943317400183	0.805696041301377
AT2G19110.1	-3.0868012283255	7.1794765331505	9.52976856522679e-05	0.00584777367921809	0.248903881893441
AT2G19610.2	-8.80282812190418	-0.295946768165759	0.000330756615513204	0.0168255521438018	0.83294527525664
AT2G20430.1	-8.31473857538797	1.47084068141961	3.89970808606253e-06	0.000393827346492101	0.625830838826052
AT2G20470.1	-7.36476918849984	3.80237489564545	8.06676693300726e-12	3.06626774197976e-09	0.290080128096839
AT2G21460.1	4.9427447379811	2.66791561379325	0.000636112262635717	0.0286805937459873	0.65481808146647
AT2G22340.1	-6.21552548594569	0.278971358771052	0.000420248994922193	0.0207981455570173	0.734117949299187
AT2G22950.1	-6.97524427612057	3.90227710665478	2.10836672388542e-11	7.59233953938109e-09	0.284219967340211
AT2G22960.1	-5.4960325857483	1.40022710170851	0.000169548618070967	0.00964699912550151	0.60418130492347
AT2G23600.1	2.84521793735517	6.68539588070534	0.000203063189977952	0.011295596307554	0.238304399429401
AT2G23680.1	4.48092951164687	2.73484982671642	5.43243513819153e-05	0.0036173937922634	0.412695757936353
AT2G23945.1	-5.90603535505742	1.16310734626337	0.000162496577494184	0.00930377893903937	0.651290557847841
AT2G24165.1	6.22965511873597	0.280621304415867	0.000647485786870386	0.0291453799589946	0.787575505443488
AT2G24440.1	-3.65667919244623	3.17106464874653	0.000179131665858398	0.0101290814694476	0.349629972862533
AT2G25600.1	-7.1291217095518	3.00010065273111	1.0686443076364e-08	2.10407607276209e-06	0.388158571016275
AT2G25890.1	-11.8530932067555	2.66907010552822	4.9893450325717e-10	1.32571257137303e-07	0.457057814291566
AT2G26010.1.Hnull	-5.28167234347457	5.10004799594597	0.000630399117427502	0.0285641772280727	0.736634309429566
AT2G26410.1	-7.20993630823307	3.39233561195769	5.85686795264627e-10	1.49804450586938e-07	0.340346165315817
AT2G26490.1	-8.96077917183263	3.4787595720246	1.97501990970599e-12	8.57973728394182e-10	0.327728874537962
AT2G26560.1	7.17348652029439	5.81316794160981	2.0976223257113e-10	6.04291871684914e-08	0.34118825392734
AT2G26650.1	3.43903157666684	3.44340024096006	0.00038383078157441	0.0192041697077303	0.351718213309861
AT2G26760.1	-5.34892562223927	3.70781787174206	2.3202116257519e-06	0.000261315027874806	0.399972226900272
AT2G27180.1	-4.0838973409889	3.68866245620647	1.41049339131216e-05	0.00117332471530186	0.314765580552129
AT2G27660.1	4.32259256920666	2.41414485318562	0.000304248218017702	0.0156811021293945	0.478755972083628
AT2G27670.1	-9.87178938201798	0.722923623632943	1.67120363648787e-05	0.00135719587903265	0.716208857425211
AT2G28140.1	-4.82418326042582	2.17107669353379	9.98288627166028e-05	0.00611211703540936	0.486380397383877
AT2G28610.1	-9.17215799974584	0.052182541060668	0.000134125495552487	0.00788954097867376	0.797296282347644
AT2G28680.1	-9.53076676850826	4.74279906571754	2.82282572706234e-18	4.544417323426e-15	0.24008871333383
AT2G29040.1	-8.18901552549533	1.36410705078699	5.25960890795788e-06	0.000498079503781976	0.629608218032777
AT2G29165.1	5.22560591026282	0.996061064858679	0.000581435243253207	0.0268795941509354	0.666767358633476
AT2G29460.1	4.23539668723834	2.97365022573447	0.000104960434373683	0.0063976774341625	0.411824508369695
AT2G29550.1.DE	-3.42515465596641	7.25133482947026	7.89750669506872e-05	0.00496871179840553	0.289468592615096
AT2G29830.1	-8.50779448754775	-0.569238852264853	0.000691268638281443	0.0307120780722184	0.875789806951061
AT2G30432.1	-4.71949946105519	3.4979768992615	2.50020678843847e-06	0.000278153086934895	0.333156189999461
AT2G30930.1	2.80324775466531	4.04224241281758	0.000827110725686459	0.0358170353490301	0.28266449431172
AT2G31210.1	-9.85101129867153	2.98872402206353	7.49033640626195e-11	2.35627042260433e-08	0.397239052823957
AT2G31430.1	-5.65511010204719	0.265731029067902	0.000874603759963972	0.0374002432854594	0.742135666167969
AT2G31865.2	3.46337928172261	3.86222565368493	4.35085141455725e-05	0.00301453421553425	0.271923717352619
AT2G31880.1.DE	3.46408398361086	7.04645436294489	2.63502486246142e-05	0.00199213702861448	0.261032662584288
AT2G32280.1	-4.20487732549629	1.89312018376312	0.000791401312766279	0.03465451380446	0.529761875453844
AT2G32290.1	3.13313513344343	5.28258237723387	7.08612438154539e-05	0.00453114607649846	0.245313090526605
AT2G32360.1	-8.60648516690391	-0.477922099047251	0.000577179999880163	0.0267280240892052	0.869648089478538
AT2G32530.1	-3.7628111110301	3.08305147356007	0.000200215946988549	0.0111598982427345	0.371856501062513
AT2G33100.1.DE	-5.08067353452639	2.90608058511445	2.79196629731201e-05	0.00209919048419877	0.462034590170221
AT2G33190.1.DE	-8.97654497765822	-0.132795814407316	0.000222701644967419	0.0120452541886726	0.817555467038876
AT2G33460.1	-4.88045829794026	2.35093189029909	4.42293547149653e-05	0.00305445058320794	0.452404639241533
AT2G33880.1	-8.59191970426018	4.25696641817211	4.41713633707715e-14	2.5720890909176e-11	0.285917104213653
AT2G34190.1	-5.06500510057671	3.94253896912112	4.31689803412629e-08	7.20395520719319e-06	0.275796360654277
AT2G35300.1	-9.31841957541084	0.190559609756829	9.0366909042113e-05	0.00559538815987454	0.780393760600542
AT2G37390.1	-4.67762060960269	1.68306693579732	0.000369709247569068	0.0185315067536085	0.547798417175861
AT2G37460.1	3.13050966656311	5.22784873973532	0.000113588856805985	0.00681732419532062	0.259312076968517
AT2G37540.1	3.92483333861202	4.58994267286342	8.74916895325503e-07	0.000106421002627859	0.232918574177683
AT2G37600.1	-2.52210194805649	5.39401427624353	0.000764425770908443	0.0336347339199715	0.233851529550405
AT2G37620.1	-2.7973275562866	5.84785532330157	0.000214342326140148	0.0117088239157756	0.232863249039069
AT2G37640.1	-3.41483498944675	4.74641544356509	0.000206001270462673	0.0114357865517696	0.322591063941557
AT2G38080.1	-3.3330713220666	5.24817114244632	0.000502028180547165	0.0239781976356279	0.352077103655516
AT2G38400.2	-2.61016577066237	6.02134833665441	0.000556063865400161	0.0261483777805354	0.236607504690667
AT2G39030.1.DE	4.10828592109434	2.75837377156269	0.000246607501311419	0.013156245800957	0.434147651307106
AT2G39730.1	2.88592538091301	13.2449006749484	0.000522403743352177	0.0247784153345968	0.279292112322701
AT2G40000.1.DE	2.71415870830335	6.70666722744274	0.000588835941423947	0.0271758213235929	0.255642782178474
AT2G40010.1	-3.98422177922564	2.94527660119075	0.000107721069269863	0.00653682976447364	0.375279319660997
AT2G40085.1	-5.65832142540426	0.917377089859358	0.000358842535700262	0.0180529458033911	0.677686295664862
AT2G40250.1	-9.84394022396745	0.696316622081121	2.22430531093733e-05	0.0017147827535136	0.735699891127434
AT2G40550.1	-3.83372251369649	4.02494624507097	3.72207013483424e-05	0.00265275040234749	0.315932457630782
AT2G40990.1	-6.78129189017881	1.34187836199644	2.51851964553574e-05	0.0019146346016395	0.61914774829158
AT2G41450.1	-4.85068544028625	1.34720034244404	0.000509596654388665	0.0242550282387982	0.594238860640082
AT2G41550.1	-4.19449104742919	4.23962175841005	5.68765263665928e-07	7.27381669906968e-05	0.249018209392244
AT2G41650.1	-3.69532630879314	5.5436287739525	3.49555629360755e-06	0.000361005225069628	0.238436944695116
AT2G41830.1	-2.48671516798876	4.54525145059274	0.0010703154919409	0.0440487133585541	0.240079965692002
AT2G41990.1	-5.94062412633974	3.18190979022566	1.27799603801006e-07	1.92176898726699e-05	0.364593583619485
AT2G42110.1	-6.54875168743837	2.22587723433974	2.31527175077142e-05	0.0017798976762672	0.620097087155701
AT2G42140.1	-5.93538397803592	1.20082167467039	0.000108986585728422	0.00659899309339704	0.624173706078331
AT2G42480.1	-8.78589774142585	1.93383158220621	3.33046930456807e-07	4.49006324765611e-05	0.554646582305436
AT2G42840.1	-7.65575627654218	7.7031396129813	3.79692866277223e-11	1.28289313139198e-08	0.347163009404321
AT2G43100.1	4.21094846242535	5.42772377897041	3.97927877409548e-07	5.2611063521471e-05	0.246487537266561
AT2G43610.1	-6.5279363460493	3.18984250104173	1.25537448631744e-08	2.36945440976109e-06	0.355092344715706
AT2G44560.1	-8.05335436341136	2.0581759774155	2.80108682931175e-07	3.8330072172302e-05	0.51658221252376
AT2G45580.1	-7.6458457245717	3.33374936765875	2.49614632721087e-10	7.04211346608304e-08	0.347575571622017
AT2G47030.1	-7.68242115436488	6.69576284229829	3.62795206738861e-15	2.61288926790241e-12	0.246361384310583
AT2G47550.1	-6.43613505770019	2.30590302649376	7.03699373168016e-06	0.000641961481495409	0.541084491688373
AT2G47880.1	2.67451656118546	5.2374989397112	0.000730664636583068	0.0323050561777147	0.25669868386995
AT2G48150.1	-4.29293369577503	1.79126456463605	0.000714708349126498	0.0316507088978867	0.533082038301558
AT3G02110.1	-3.06984045543122	6.44693247698746	0.00020795964400824	0.0114978576509445	0.27203262600031
AT3G02230.1	-3.50610345281943	7.49858742202238	1.90076688513636e-05	0.00151662356012863	0.257534601566913
AT3G03460.1	-3.49844731491009	2.97316014761808	0.00061877533828895	0.0282715249721068	0.386050548575978
AT3G03480.1	-3.65814149938334	3.0749374149548	0.000564712682315861	0.0264388021179007	0.410128855172185
AT3G03510.1	-9.36102667332851	0.231808819322517	8.34160395662656e-05	0.00521216933983917	0.780144969113697
AT3G04110.1	4.30402309054104	4.44238289398377	2.40933499056336e-07	3.36421836845602e-05	0.243978349744505
AT3G05470.1	-4.57762808191498	3.87174882291759	4.50846121273021e-06	0.000440669880250002	0.336124870764381
AT3G05600.1	-7.7990547098246	5.5293170645183	2.20845319249006e-15	1.67891519366855e-12	0.242609284852263
AT3G05790.1	-3.89818897132224	2.15420817021854	0.000860898841819049	0.0369875659386244	0.479526640528173
AT3G05960.1	-9.8487143454256	4.36960845264298	3.85885487072186e-17	4.40038083757982e-14	0.258865034311643
AT3G06160.2	-6.12037857922771	3.78586503904294	1.16634827276761e-09	2.85005531509858e-07	0.291726157596754
AT3G06490.1	-4.52534742614887	2.17840055246512	0.000171355367342536	0.00972715453744287	0.474964440852431
AT3G06830.1	-3.49611132602619	3.8084426055104	5.83772034231505e-05	0.00383133645871651	0.285386981940191
AT3G06840.1	-4.70703831057482	3.06141835930785	3.27795083267956e-05	0.00239229222370065	0.423874411947103
AT3G07195.1	5.2816728502862	2.2510944845475	2.2177146696533e-05	0.0017147827535136	0.468086213550552
AT3G07840.1	-11.0789561339137	1.90328488717161	8.31655681978496e-08	1.30196900986327e-05	0.557369132689026
AT3G07960.1	-4.48887790922197	3.11218099073672	5.75573674300081e-05	0.00379573501644449	0.419962414945877
AT3G08770.2.DE	-8.82735394982534	9.06314946873695	5.81507438096833e-17	6.36587822633366e-14	0.26335702224764
AT3G09070.1	-3.19758440392619	4.06237546353218	0.000118321143300405	0.0070703341699683	0.26861993455419
AT3G09080.1	-6.65342130443055	0.710569665236875	0.000192172121840421	0.0107553509826761	0.737655796554552
AT3G09940.1	5.62262213257932	1.81574685258974	4.72457185175765e-05	0.00321646971241053	0.540997856346059
AT3G10000.1	-10.336569526082	1.1745755681357	2.90023190103666e-06	0.000306461570145063	0.65493174620362
AT3G11080.1	3.61137142177206	2.8746781219282	0.00117052278853105	0.0477419786535289	0.449051047287255
AT3G11210.1	-2.59048678001527	4.99162917875596	0.000917303528492894	0.0390431772438468	0.251757572612338
AT3G11430.1	-7.35363636077934	4.18884575857254	6.14920967586246e-12	2.4041652915572e-09	0.290252425334943
AT3G13450.1.DE	-2.76088427017125	5.0189795933138	0.000276492435924498	0.0144134190216793	0.23480508660782
AT3G13960.1	-8.41474873321202	3.62638001703193	4.03708673343714e-12	1.64905954807026e-09	0.322360988994625
AT3G14020.1	3.39425012476982	4.38599120753713	3.00882333393175e-05	0.0022255534325147	0.253530754782012
AT3G14380.1	-9.36498642923319	2.51955355786254	6.26989224298442e-09	1.31995700696921e-06	0.468525772577574
AT3G14420.1	2.79760882332093	10.8443559942665	0.000566104137718862	0.0264388021179007	0.268042267676102
AT3G14520.1	-7.52428743527876	0.719989304128622	6.36807346448912e-05	0.00412012847697726	0.716080554270536
AT3G14540.1	-9.54993222883255	0.412888895146502	5.22132414621647e-05	0.00350238233415814	0.766018278453353
AT3G15450.1	-3.38447469026512	6.26726648091471	0.00015240430649838	0.00883686665306707	0.30736869530397
AT3G15720.1.DE	-5.21484003310928	1.55977176380914	0.000482841439849138	0.0232256737943864	0.656243480436883
AT3G15840.1	2.82498283718515	7.89917307885277	0.00081782631130172	0.0354711101231466	0.288535942105994
AT3G16030.1	2.93204691794972	3.83834881744779	0.00112945290115735	0.0462737529923267	0.320243467361457
AT3G16490.1	-8.12987708667895	2.1213949754501	3.5791909900817e-07	4.75511160274544e-05	0.533542596791084
AT3G16580.1	-6.87013467331302	0.0774552787243778	0.000431768099194373	0.0212147743963224	0.791482710606042
AT3G16660.1.DE	8.41679266452056	4.4414262591656	1.27023545919634e-15	1.08626226920613e-12	0.250629558847879
AT3G16800.2	3.23664220025439	5.25065270679471	2.0879713056653e-05	0.00164205743371977	0.226410106779505
AT3G16920.1	-3.17391459256797	4.14360459351263	0.000290830236111991	0.0150747005718049	0.298561418289404
AT3G17060.1.DE	-7.04126319203054	4.04454755167722	2.55166969210184e-11	8.83975900423331e-09	0.291264532752692
AT3G17675.1	-9.02077365773198	3.00355882133743	1.52154980161329e-09	3.58980818711659e-07	0.438708769365081
AT3G18010.1	-4.71500099741686	1.77639006875304	0.00047292409807951	0.0229079410906903	0.572719312331729
AT3G18570.1	-5.26670274802684	1.19987420300422	0.000286386527882493	0.0148725360438104	0.609908340867042
AT3G18810.1	-6.56602785732429	2.45770204083921	2.96518741605075e-06	0.000312120189240296	0.518237512315598
AT3G19030.1	5.79887735317415	2.27215559720764	1.59028767693069e-05	0.00130308362701315	0.514801104042039
AT3G19050.1	-5.53451376617521	5.17367438530264	2.53327499077669e-09	5.729807433684e-07	0.269852518977057
AT3G19660.1	4.97108053388057	1.57925406188228	0.000232262788014313	0.0124883457414061	0.555612380573195
AT3G19820.1	-2.64357673421151	8.46084130607534	0.000915031429349368	0.0390071342031675	0.26211457771184
AT3G20450.1	-5.11697531877514	3.19914948042786	8.50186265727273e-07	0.00010387454339475	0.342131508986186
AT3G20520.1	-9.42502792062059	3.94072841959624	5.31574351410761e-15	3.73028893574608e-12	0.282883406855218
AT3G20975.1	-10.0735792608468	0.918706248534417	8.95597453171903e-06	0.000780595894853778	0.697417238177723
AT3G21320.1	-5.50723214763988	3.56770500719062	5.24619096808274e-08	8.64926231412582e-06	0.312819051453785
AT3G21780.1	4.80970964859497	2.97096206078043	1.37225125599553e-05	0.00114499306018554	0.397150601673435
AT3G21930.1	-8.58138312303026	-0.50128220464333	0.000595995245204426	0.0274599290753447	0.867375907076803
AT3G21945.1	-9.11463297612613	-0.00264219114405847	0.000151801153635839	0.00882058168302685	0.799621585676049
AT3G22060.1.DE	3.42466071488561	4.06222938734485	6.21728584083944e-05	0.00407068609789698	0.277854243495801
AT3G22160.1	3.65733218876269	2.56221488898778	0.00079874391803981	0.0349201654135999	0.429082911094235
AT3G22235.1	4.32623972170589	7.84456125191749	6.19057069354622e-07	7.80753634751027e-05	0.267251778081185
AT3G23130.1	-9.92634277283961	0.775570726884889	1.35300897097807e-05	0.0011364323958458	0.707431782864235
AT3G23670.1	-5.62194184756913	4.20998533031745	1.61109797628443e-08	2.93950196099682e-06	0.303942475678476
AT3G23830.1	-4.14375746217109	4.78142042195721	6.63296376903978e-07	8.28908458589409e-05	0.248700593927751
AT3G23860.1	-8.65653780595322	-0.432261099288594	0.000472725016316273	0.0229079410906903	0.849638203085328
AT3G24230.1	-3.86928902782051	2.23539867200051	0.000813865070472538	0.0353553321407816	0.47175823419997
AT3G24600.1	-6.04026084627203	0.617767688814991	0.000293620054041323	0.0151905361795896	0.696341732219806
AT3G25130.1	-4.35307322218807	3.70777289584276	3.83959420793918e-06	0.000389192645492146	0.306353947054345
AT3G25510.1	5.23332038246134	2.79203375418843	4.24644899367229e-06	0.000421075420502983	0.398584633622547
AT3G25610.1	3.90036843121401	4.52576158860441	3.81859689912702e-06	0.000388503196785533	0.260436929533041
AT3G25760.1.DE	2.81445108645973	5.21367802745138	0.000227121532598821	0.0122600830456894	0.236447127105016
AT3G26050.1.DE	-5.10656115786768	2.75999788065675	2.90302972636588e-05	0.00215897058562993	0.462391238813807
AT3G26140.1	-10.5587730806705	4.55181582823736	3.67676555931577e-18	5.59031776818633e-15	0.258082914483555
AT3G26170.1	3.70603529254203	5.10561495308339	0.000367080318857741	0.0184334938834838	0.399135799885742
AT3G26830.1.DE	4.41535863030269	2.26322308021791	0.000254453409306165	0.0134437855326083	0.482640706040003
AT3G26932.1	-2.62658420380196	4.96384144096871	0.000444860432445442	0.0217022109004757	0.230552556762469
AT3G27060.1.DE	-3.38719346045502	5.74469131954991	7.68957137282442e-05	0.00486023531943323	0.282449507728311
AT3G27200.1	-4.55934743880725	4.4287587436434	1.33751257791747e-06	0.000157103194130667	0.303494760208905
AT3G27503.1	-10.3560280854263	1.19391041101495	2.82969379781128e-06	0.000302801553236257	0.656350345344553
AT3G27730.1	-5.36468812666646	0.880112044005163	0.000672904021642657	0.0299935460330883	0.693849157729409
AT3G28315.1	-10.3406548972483	1.17843599828017	3.00948365976531e-06	0.000315569152492173	0.657957142078775
AT3G28490.1	-5.88355854023907	0.469086201056194	0.000501423903734757	0.0239781976356279	0.72263335182641
AT3G28750.1	-8.13429624626113	7.69232399634278	2.35059307258814e-16	2.2183114210549e-13	0.24571359142261
AT3G28810.1	-6.92254788522762	4.09683640460882	5.50799449412909e-12	2.18467816399022e-09	0.268209874572887
AT3G28840.1	-6.87101650569353	7.0721313124209	2.03370819873365e-13	1.07035626890274e-10	0.243887775149708
AT3G28900.1	-2.7843159166936	5.8688999340974	0.000284989051567988	0.0148280995500241	0.240136821085428
AT3G28980.1	-9.9521102900335	8.70831076115963	2.86394402475238e-20	9.79755250867788e-17	0.250864834658007
AT3G29035.1	4.0966218687188	2.18935962106986	0.000858701065939633	0.0369511490135784	0.517887842271998
AT3G29156.1	-8.92574584971446	-0.18141240426322	0.000243023846158138	0.0130158055218315	0.818829683138052
AT3G29370.1	-6.14754970878214	2.79968333282454	4.80548897425819e-06	0.000463086698054571	0.50142540999151
AT3G42660.1	-3.61225729951651	4.00284535951523	2.47537917446465e-05	0.00188708014614898	0.27386770336261
AT3G42850.1	-7.24544254966874	4.55408985386928	1.6000502883077e-13	8.58630907655e-11	0.250698211292148
AT3G43960.1	-6.24448754653976	4.14527790649155	4.35916273009467e-06	0.000430415903470433	0.526307087582085
AT3G44860.1.DE	4.3844333733047	6.29188022136161	7.01359814056023e-08	1.11597763901658e-05	0.233526465078104
AT3G45320.1	-9.16524795880102	0.0460425540099596	0.000156716781647004	0.00901943317400183	0.813897446284542
AT3G45860.1	8.85359345726769	7.65110642052033	1.23722423723568e-14	8.31286007509105e-12	0.308510487896272
AT3G46900.1.DE	4.19049814131967	3.2423250151855	4.31635186936966e-05	0.00299822126804337	0.366286376368023
AT3G47460.1	-3.38846493683225	4.02059810366225	0.000109632953166328	0.00660888692126885	0.292743282443333
AT3G48290.2	-3.99242494903611	3.83013353464268	1.70559283047446e-05	0.001377518247685	0.309868339844134
AT3G48320.1	3.27605262645596	4.67962038661065	4.13927976114325e-05	0.00290471303853765	0.248053517240878
AT3G50410.1	-3.9737631755692	2.51172405734863	0.000339030248342815	0.0171507945224513	0.431702568608037
AT3G50740.1.DE	6.63317329750544	6.17608564441604	1.587379696562e-11	5.95115171719299e-09	0.274534457450324
AT3G51230.1	-5.00385142756031	2.0410906667835	0.000607610677947938	0.0279011560974483	0.65085309659399
AT3G51380.1	-5.20046597822388	0.733141945367542	0.000873644293849309	0.0374002432854594	0.689964681603306
AT3G52270.1	-5.03662555772316	0.594460985332421	0.00115579097390417	0.0472114736922526	0.690391422132521
AT3G52910.1	-4.46742690093137	3.33417276196328	5.65378594917062e-06	0.000528098340808538	0.329606559524911
AT3G53280.1	4.46371445968397	4.74726470742045	3.31565297019632e-07	4.49006324765611e-05	0.26491074086204
AT3G53480.1	-4.82884818837704	1.89469652771401	0.000190258397789514	0.0106919750117113	0.524573308693121
AT3G53760.1	-3.46487786540101	3.95783503370919	6.30509505755576e-05	0.00409876108159587	0.284040446020021
AT3G54560.1	-5.76791422067221	5.55944326216689	4.39607865787232e-07	5.72913717660236e-05	0.396209239606575
AT3G54820.1.DE	-3.15388938408352	5.359725765266	5.11753604610341e-05	0.00344119721154197	0.239055566067604
AT3G55780.1	-6.98261594308501	1.01307249845571	4.31332832578562e-05	0.00299822126804337	0.657826038822042
AT3G56220.1	-6.04597215258041	3.27303267342804	1.57066222319739e-06	0.000182119796346386	0.451279287381589
AT3G56370.1	-2.76626696580595	7.10609085292478	0.00119112104998113	0.0484377427873455	0.296087905929049
AT3G57500.1	-6.30463212046088	0.348181469794805	0.000560382224703406	0.026306244812492	0.783661665967666
AT3G58240.1	-11.0174258332637	1.84284650638062	1.23508506723927e-07	1.86750321106102e-05	0.567923891619255
AT3G58360.1	-9.25051644913276	0.12635551736081	0.000106572794424954	0.00648152052849364	0.78621427996357
AT3G58480.1	-8.67027761030929	2.65600596903291	8.58819184773594e-09	1.72824731241792e-06	0.456268509063642
AT3G58990.1	3.81114977473968	5.63031931556251	4.41803661576301e-06	0.000433379305018645	0.255883633172537
AT3G59060.2	3.0691523190581	6.76499411581054	0.000116180434194572	0.00695760639614236	0.252448280690301
AT3G59480.1	-4.9512018089219	3.03746513615614	7.96432294711631e-06	0.000706608533966092	0.394235364656142
AT3G59510.1	-6.51238112508863	5.0272749957684	9.25197859963376e-13	4.36565776404788e-10	0.235986450188789
AT3G59830.1	-6.21869588260027	1.74078632362255	8.48744665995656e-05	0.00527919182249298	0.66491610320287
AT3G60420.2	2.75502164565471	3.84096245271818	0.00108853328411936	0.0446641363115124	0.286997421788668
AT3G61210.1	3.24956504740034	5.03101185647632	3.86515230971281e-05	0.00274757112759013	0.243409854839958
AT3G62020.1	-3.02947069839139	4.01554301269735	0.000842507921584548	0.0363114280282298	0.323710180531874
AT3G62410.1	2.51235321592677	8.84651121327975	0.000997282700597373	0.0414796853342689	0.243263975641083
AT3G62710.1	-6.89371405357689	4.86692194721081	6.24823736309899e-13	3.05360285988024e-10	0.249749285654687
AT3G63430.1	-5.12814345228526	2.46799367194344	4.55390323332441e-05	0.00311578059224056	0.48911519793408
AT4G01380.1	6.17673052948709	0.230723537518454	0.000544857132236377	0.0257541450691627	0.753981829435651
AT4G02110.1	-4.40663574823611	3.09655663841806	2.96882071685024e-05	0.00220191559292026	0.377366108633252
AT4G02410.1.DE	3.93203288281581	5.50691929188781	2.04410030704244e-05	0.00161218839202125	0.310615237749055
AT4G02520.1	5.86042315677613	7.70627767760953	4.13354946172922e-11	1.37959733742201e-08	0.242335666558466
AT4G03100.1	-4.76565161181315	3.66147738023248	1.02140214183199e-05	0.000887420121195487	0.385389277871999
AT4G03290.1	-6.3869924960765	4.39046987173091	1.73689620603777e-11	6.33805004891222e-09	0.255247521978308
AT4G04080.1	-7.63157137885052	0.823801117154935	5.34307145147103e-05	0.00356656535326486	0.718656110669494
AT4G04655.1	5.21882555148682	2.15873167734001	0.000164617759640925	0.00938595592886008	0.575030906690313
AT4G04980.1	-8.45881062413588	1.62784411855602	2.77051363634495e-06	0.000298517390549168	0.62604817042698
AT4G05590.2	3.49171726107626	4.03784203595645	2.22006978928667e-05	0.0017147827535136	0.257027644740752
AT4G08670.1	-9.83700131142307	5.29668623871303	9.95139500105258e-19	1.94535555992005e-15	0.248302205017138
AT4G08850.1.DE	2.64374508292613	7.20293197285501	0.00101878711353598	0.0421817938324551	0.266688310715999
AT4G09644.1	-10.0099647837062	0.857300247563145	1.58059085766201e-05	0.00130294007808717	0.73293904682922
AT4G10010.1	-7.75513249548898	2.27386741466545	4.12558776013065e-07	5.40234860379213e-05	0.522279451161777
AT4G10120.1.DE	3.0505178691767	8.63562822331561	0.000156664652323074	0.00901943317400183	0.25966504408792
AT4G10603.1	-7.0686435181148	1.08212520854735	7.87333136462004e-05	0.0049649155020028	0.721127064299487
AT4G10630.1	-4.28168875900049	1.79120633890567	0.000666430267023746	0.0297534478758661	0.526603981120754
AT4G10850.1	-13.5242427092384	4.33187040511775	9.19943117613564e-19	1.93669255714215e-15	0.26700488571501
AT4G10950.1	-10.1166682506877	0.960573906921323	7.52389881433208e-06	0.000672921773694903	0.690550594817933
AT4G11080.1	-4.00636209115089	3.8693801036539	3.92587726469176e-06	0.000395012533015015	0.270384129952459
AT4G11310.1	-10.4148081797959	1.25103108874327	2.00399063827159e-06	0.000228521732450904	0.641983024647688
AT4G11320.1.DE	-6.13477397548557	6.84681557636992	5.27250275693672e-10	1.37426529001756e-07	0.29038256384159
AT4G11330.1	2.53313719923907	4.80216497259731	0.000885520445824147	0.0378079930753748	0.240691499381981
AT4G12320.1	6.98193832933821	6.43496540646895	6.54233803449033e-11	2.10647890974037e-08	0.31320179274217
AT4G13210.2	-5.68342959477677	3.38786255386248	1.52295281906251e-07	2.22888624342795e-05	0.349353655369854
AT4G13240.1	-11.0870252053004	1.91121257373224	8.32521838373549e-08	1.30196900986327e-05	0.558253405499892
AT4G13770.1.DE	3.51359660495817	8.07360480606965	1.21491947088828e-05	0.00103399668721711	0.247264542980516
AT4G13790.1	-6.22524315994899	1.46312480218111	4.53389594159894e-05	0.00310986626891428	0.603539097074951
AT4G13830.2	3.04244368046825	6.32715218929543	0.000251544687866344	0.0133483746817908	0.274787460656597
AT4G13900.1	3.71131869693536	5.89747969867778	5.53143328018408e-06	0.000520220845402329	0.250257716898819
AT4G14090.1.DE	3.16375090247911	3.43258992178436	0.00101519234060136	0.0420966423902698	0.356518519344484
AT4G14200.1	-2.75106028970266	5.18689699239555	0.000221432606465718	0.0120241420114162	0.226627348406926
AT4G14400.1.DE	5.96690627526311	9.69356037674338	2.04986035376078e-09	4.71433429930462e-07	0.300711662087953
AT4G14695.1	-7.22410019051245	4.58059035010595	1.15516305224797e-13	6.32290048278448e-11	0.246371833201805
AT4G14770.1	-3.62526812495213	4.06976873038916	5.10607336282629e-05	0.00344119721154197	0.299244333865903
AT4G14780.1	-7.63731410606198	3.82871564741212	4.47986588240026e-12	1.80301425690486e-09	0.295920742167458
AT4G15210.1.DE	-3.96530247800149	7.8777650177992	4.92050558934117e-06	0.000472506656031891	0.276291799056026
AT4G15650.1	-9.38625799367262	0.255389123732568	7.41391170232454e-05	0.00470774792271967	0.772420147937938
AT4G16050.1	-8.85312016187236	-0.248527508506458	0.000315143888732478	0.016151419376087	0.837676259002867
AT4G16260.1.DE	7.77075530202429	3.22993752946279	1.74369706829422e-09	4.04419503093867e-07	0.389191598477527
AT4G16590.1	-6.30911497478867	7.32275550675118	8.97655357331e-07	0.000108224809777246	0.476192806765505
AT4G16780.1	3.20445237858935	6.24452040142599	3.23947319559443e-05	0.00237053215018793	0.234260159366227
AT4G17030.1	3.77515151752684	4.58562634822614	2.39115489360504e-06	0.000267106641339521	0.2371758497055
AT4G17240.1	-3.80755895522971	3.17604281750007	0.000189498060937617	0.0106711582957628	0.376942143972064
AT4G17280.1	-5.34156080373283	2.36201747779591	0.000467118277943803	0.0227070924169911	0.690508778731235
AT4G17370.1	3.69109429339578	4.18753942818857	8.87664016750439e-06	0.000778640667000834	0.256705168983889
AT4G18197.1	3.39623112359379	4.74640319244421	6.25047140203478e-05	0.00408264680980639	0.275913254274528
AT4G18880.1	3.90338635756194	4.88643430753576	4.60153457348822e-06	0.000448166541662724	0.265503469951111
AT4G18900.1	-5.62304338725464	0.892857305537332	0.000300672233720555	0.0155260333820078	0.654910984675721
AT4G19370.1.DE	4.10665497734965	2.70630650670005	0.00021407690063286	0.0117088239157756	0.425599166685013
AT4G19380.1	-4.83400295887466	2.79007858414479	3.92240547705702e-05	0.00275959879424413	0.443697426099861
AT4G19590.1	-6.0242180247017	0.602616197612123	0.000329383332241118	0.0168096031402167	0.704302143647174
AT4G19620.1	-10.9643729543199	1.79053193142504	1.48938445875215e-07	2.19147708963059e-05	0.570481747339231
AT4G20080.1	-8.67190836390586	-0.418030727941979	0.000441234442129897	0.0215674005232472	0.846144315270636
AT4G20160.1.DE	-6.95105449759284	1.90210119295301	1.03011009370499e-05	0.000892153577358172	0.605305563132497
AT4G20325.1	-3.64648500194422	2.94642628486074	0.000621333280886986	0.0283410820521917	0.413013063469065
AT4G20940.1	-2.82893785261242	4.63729860418374	0.000933599858408029	0.0395364262486988	0.293870241441048
AT4G21960.1.DE	2.91991317171509	11.2290305620929	0.000635487458353406	0.0286805937459873	0.293523364790105
AT4G22010.1	-3.57609465500329	5.91847073922893	0.000336181118666103	0.0170697678212503	0.373082109227698
AT4G22080.1	-10.7432745808594	3.88640747256423	1.3098017715508e-15	1.08626226920613e-12	0.293179959625514
AT4G22690.1.DE	4.21896835570171	7.26308472098879	2.72492603660853e-06	0.000297228865056629	0.289232286954676
AT4G23270.1	4.76070193536707	5.17779538667524	6.05120717013334e-07	7.66710360334302e-05	0.306414803232836
AT4G23810.1.DE	2.76959736286194	3.90407810542532	0.000775913858845127	0.0340307860398613	0.273658518757733
AT4G24050.1	-3.70306192221369	3.75680179748316	2.62904098897262e-05	0.00199213702861448	0.287048337917801
AT4G24130.1	-4.83868846294891	5.3425307838234	6.57968902828733e-09	1.35393179944487e-06	0.233875710916203
AT4G24140.1	-4.89527891583315	5.58800780944885	7.90517176220565e-09	1.60258326509662e-06	0.241021864686431
AT4G24380.1	-3.29950323032554	6.0677296939497	1.94613876120651e-05	0.00154544572508687	0.233202977397821
AT4G24860.1	-4.35874994997939	1.98096898264326	0.000425906253416768	0.0210073891516665	0.509275020896
AT4G25150.1	-4.21877879618164	3.414427776513	1.14554180349895e-05	0.000988996469342563	0.322312690525258
AT4G25950.1	-6.68869011283233	2.74383921453878	1.32622708492322e-07	1.97261863370536e-05	0.420214813168505
AT4G26255.1	-5.50308437382081	3.58331827821278	3.30856206575499e-06	0.000342987600816601	0.428832890795825
AT4G26260.2	-6.65413644914608	4.61455993149906	1.79285382721269e-12	8.04374156445195e-10	0.246425134142021
AT4G26760.1.DE	-3.68695689830692	5.42906634064989	2.89523096239241e-06	0.000306461570145063	0.233332776038088
AT4G27330.1	-9.41889739795334	2.55972609313783	3.7496252423874e-09	8.34306858810231e-07	0.457216145541369
AT4G27510.1	-5.22917462947664	1.2985443154186	0.000655816991259843	0.0294719202246295	0.68278004919138
AT4G28000.1	-8.01468087437961	4.44737175636336	1.24534954354989e-14	8.31286007509105e-12	0.256470059392235
AT4G28250.1	-3.83712795877323	6.41911389508705	2.89774226422388e-05	0.00215897058562993	0.310751007614992
AT4G28350.1	3.97597207418143	2.61356225295145	0.000486808852505267	0.0233736573252003	0.454383042317128
AT4G28395.1	-11.2797051906971	6.4884676353321	3.71727601429145e-22	1.01734409959128e-17	0.246130713701418
AT4G28530.1	-6.25823112962701	1.22957450369834	0.000171668212568873	0.00972715453744287	0.710384977810687
AT4G28580.1	-7.60836828896054	1.62164016134779	2.72597358700723e-06	0.000297228865056629	0.569625014922231
AT4G29250.1	-9.82276156392168	3.8196075507001	2.7169077685694e-14	1.65236292911572e-11	0.306689860995966
AT4G29360.1	-4.42383591377119	5.04068752310937	1.61698213722969e-07	2.34145857839693e-05	0.248864732987861
AT4G29700.1.DE	-4.76544363608509	5.76291282479761	1.85341680726575e-07	2.65572309849471e-05	0.282651407211816
AT4G29880.1	-4.73647669756824	2.64199017744283	6.4045569473956e-05	0.00413396024849818	0.451860287779914
AT4G30170.1	-6.53675936331882	-0.235194815548953	0.000975993967677911	0.0407801571105482	0.82825975243495
AT4G30770.1	-9.95118457739722	0.799785956868533	1.26872462029025e-05	0.00107499861944593	0.70591783223539
AT4G31370.1	-3.8367413826801	2.7649750966916	0.000962946854893391	0.040414352565006	0.481771821599679
AT4G31700.1	-2.93883121160512	8.17177871138911	0.000261152866781361	0.0137711592641085	0.260752452175531
AT4G32280.1.DE	5.98250339250829	3.42295034435753	8.86274600849572e-08	1.37815700432108e-05	0.362324534660442
AT4G32460.1	-4.75683173665493	6.75648709733293	4.5552360325582e-07	5.9084217885807e-05	0.301296463146541
AT4G32714.1	-11.4843087476735	2.30380584289769	6.49358622118386e-09	1.34633687652545e-06	0.5013398577948
AT4G32717.1	-10.3416739569932	1.18004728438821	3.71295735535305e-06	0.000380585082027349	0.672596955779748
AT4G33010.1.DE	2.76528800449099	11.6713186446864	0.000625108043446465	0.028432349339704	0.266767662220387
AT4G33050.2	4.15988354040395	6.3973900533159	1.55147726883047e-06	0.000180684382524903	0.269434757447665
AT4G33465.1	-10.1320673459508	0.975674436925316	7.72983103950565e-06	0.000689087999639058	0.69486603534821
AT4G34420.1	-4.84021039335598	2.11899575160759	0.000134336674074173	0.00788954097867376	0.506303759691003
AT4G34950.1.DE	3.64073237518466	5.72268859807043	1.97178945070679e-05	0.00155965126262842	0.273898634676982
AT4G35010.1	-8.25550467164267	7.43655918012543	6.55971208685775e-17	6.90485386127395e-14	0.241211023951344
AT4G35090.1.DE	2.83506631911825	10.5200586908471	0.00039254578062057	0.0194976278112954	0.259749363233136
AT4G36670.1	4.58981935363399	3.38342208807883	3.59300021148418e-05	0.00260140819544707	0.413371800335487
AT4G37050.1	-7.685842095876	2.60479420163697	2.56433111084467e-08	4.49875729753826e-06	0.435346052574535
AT4G37560.1	2.48047564713333	5.99753389900375	0.000951517084633866	0.0400632608803995	0.235598505341162
AT4G38190.1	-7.04386802583784	3.23284691056932	5.46117366092327e-08	8.94978447617652e-06	0.429562978557928
AT4G38550.1	4.53768739078506	6.53507339179419	4.97445661769227e-05	0.00336982496814361	0.427203039636465
AT4G38660.1.DE	-4.70951059273389	5.57633194667486	1.94569803134026e-06	0.000222802777078327	0.331584487066781
AT4G38810.2	2.60141313729923	6.50840644412251	0.00061511015014656	0.0281510611859717	0.239015693926447
AT4G39590.1	-7.24799719876831	0.455287709720174	0.000158594582783985	0.00909940574765641	0.756693394337216
AT5G01690.1	-9.19338916345088	2.3501296310366	2.43527965213714e-08	4.29991829159286e-06	0.495986459797924
AT5G01760.1	-6.51241881625863	3.19719440333771	3.74593748255991e-08	6.28949797685274e-06	0.380939010776555
AT5G02390.1	-5.21607325916133	1.32766072364309	0.0005659389414977	0.0264388021179007	0.67315962772741
AT5G02450.1	-2.7066027148292	6.99427578591876	0.000575099914097086	0.0267105782481011	0.253566481434184
AT5G03390.1	-5.66841714176239	2.96600955544793	2.20048112494567e-05	0.00171087407464526	0.523006311153762
AT5G03600.1	-7.36807264919674	1.37316786328218	1.70629452632715e-05	0.001377518247685	0.646523670497871
AT5G03870.1	-8.07246832556857	3.30045888574788	2.28931160595521e-10	6.52644583664397e-08	0.36621370849879
AT5G04340.1	3.32268782111529	4.46885617935473	0.00020725546158963	0.011482120390253	0.307970688384082
AT5G04620.2	-2.94518800397431	3.96903751274592	0.000707973272919143	0.0314032618042968	0.300132193417281
AT5G05940.1	-3.72544643649929	2.4574702685047	0.000981946972480887	0.0409039950424002	0.456164344057466
AT5G06530.2	3.02461492559717	7.62912622798666	0.000122541769461371	0.00727488751978048	0.248053745792969
AT5G07100.1	6.3849019397966	3.23494745345224	3.23644160759446e-08	5.57075056079529e-06	0.366628577189109
AT5G07560.1	-11.3271999084066	7.19517432872788	4.13237445297778e-19	1.13094824029096e-15	0.300566721984856
AT5G07580.1	2.67634298376253	5.75391548260645	0.000388169803599439	0.0193153294271081	0.234233276954446
AT5G07600.1	-10.4666877403396	4.44499396638028	2.04783416322345e-17	2.80225626895497e-14	0.266973250716127
AT5G07660.1	-5.0584010315001	3.24803540659231	8.36581743386781e-07	0.000102670713690625	0.335947168689482
AT5G08020.1	-5.47872464793989	3.51964375510541	1.47443764624809e-05	0.00122280028795509	0.488813517893562
AT5G08030.1	-5.41455494015886	2.73120437181048	7.97800485952654e-06	0.000706608533966092	0.44258170861967
AT5G08250.1	-9.4781736584001	2.63146941399704	2.31128660397675e-09	5.27127431480298e-07	0.449937935451962
AT5G10180.1.DE	2.61547658374879	6.42426305340485	0.000665631462143709	0.0297534478758661	0.244226841819208
AT5G10420.1	-6.40054588700822	0.962749361738455	9.52743182418375e-05	0.00584777367921809	0.657169570140064
AT5G10500.1	-8.80259495367249	1.95026597464946	2.70990766769166e-07	3.7456945984538e-05	0.54755487150239
AT5G10930.1	2.60898862951057	5.94568937720531	0.000477960680353731	0.0231110033567507	0.23104882550197
AT5G11160.1	-3.46204874479606	3.39537508015896	0.000426012166733957	0.0210073891516665	0.362157467987399
AT5G11540.1	-4.04851188681887	1.9178820850823	0.00118816643941017	0.0483894927288355	0.53047825566599
AT5G12000.1	-6.99029176191473	4.34892321250229	1.50376184219956e-12	6.8591590162196e-10	0.258899577260169
AT5G12870.1	-4.45159952145133	1.28844751780894	0.00103748106522879	0.0428417830663987	0.588353390132707
AT5G12960.1	-4.70896838681638	3.65103858653883	6.77015921599033e-06	0.000622863357162153	0.364262235532722
AT5G12970.1	-7.35588702508576	2.27969355737039	2.24022866683645e-07	3.1767138939886e-05	0.472972076137979
AT5G13130.1	-9.48940316020236	0.354366103436081	5.56551566195802e-05	0.00367915537769244	0.761124420140621
AT5G13200.1	3.32058590278881	3.57496425080656	0.000247154307479527	0.0131597647608943	0.312956454301684
AT5G13790.1	-6.88879879778956	2.35740500242224	9.44511725129139e-07	0.000113374547777782	0.493442351428149
AT5G13840.1	-4.54674316682114	4.44032145338919	1.19408296266501e-07	1.81553680678977e-05	0.252818969319976
AT5G14670.1	-5.45801552641557	2.24412902672234	1.65813264705527e-05	0.00135058852037525	0.47472496177323
AT5G14870.1	-4.7276089026933	2.36590795859026	0.000109530389060359	0.00660888692126885	0.480139203131863
AT5G14990.1	-8.99384767533105	-0.116362967452278	0.000212833816060071	0.0116964575862089	0.816603225942659
AT5G15140.1	-8.05606700240316	4.89004362180131	1.26592546542753e-15	1.08626226920613e-12	0.243337230280711
AT5G15510.2	-5.51476934601914	3.18079645729519	2.75600236221379e-07	3.79026495723954e-05	0.348328781109265
AT5G15630.1	-3.1725417344873	3.40013766641477	0.000661520108335437	0.0296794792211873	0.335110315595398
AT5G15800.2	-7.00269377985594	5.72763596185159	6.030605610567e-13	3.00082935181814e-10	0.257287934841253
AT5G15960.1	-6.4960668651849	7.21996903984961	7.12831526114778e-12	2.74771453615623e-09	0.259261605523353
AT5G17210.1	-3.36997444047906	3.74569256105294	0.000142272649441189	0.00829312714030539	0.299180544895272
AT5G17340.1.DE	-12.7737075217924	3.58392417137775	1.38841710301399e-14	8.83679052913646e-12	0.327065455496344
AT5G17480.1	-12.4133320511453	3.22539628539716	2.43906671064157e-12	1.0430059021381e-09	0.382702483117508
AT5G19240.1	3.5613212478422	6.17176564786335	7.30458784542248e-06	0.000657605132083955	0.24025326504384
AT5G19470.1	6.24701632142225	4.67409518861421	6.78212804860865e-06	0.000622863357162153	0.549881268170896
AT5G19610.1	-8.80939169657151	2.8047972208839	9.730586817706e-10	2.42097000024525e-07	0.412270273612372
AT5G20330.1	-8.69919960101925	2.68456236054152	7.57565237954367e-09	1.54724219644292e-06	0.455108142339611
AT5G22390.1	3.28147539877617	3.68404289314146	0.000264028972986338	0.0138693760704225	0.310891714932752
AT5G22880.1	-4.55851963727324	7.27837784855944	1.50013338363729e-06	0.000175451497621304	0.310263069732207
AT5G23010.1.DE	5.48998279364898	7.37902477110614	5.92688584286975e-10	1.50191677544129e-07	0.249817982851685
AT5G23190.1	-6.34345032437617	2.0328287710296	1.1910164405239e-05	0.00102180996690464	0.552198196965461
AT5G23700.1	-6.95752210493728	1.8889757868801	2.58212847944611e-06	0.000284950371876941	0.52897609172952
AT5G24210.1	5.9183338186084	6.45622508624389	1.63694331165165e-11	6.05403575044357e-09	0.235004664908875
AT5G24280.1	-3.1775443405708	4.3814608476319	0.000251672074532448	0.0133483746817908	0.293330257110571
AT5G24420.1	-5.34810790674269	6.60643824686617	2.14228809444764e-06	0.000242273308135715	0.403978832964477
AT5G24660.1	3.2560901700976	4.57248113116922	3.40500376742715e-05	0.00247768260815686	0.240194724923743
AT5G24790.1	-11.9326419478136	2.74786552887998	1.59407068553079e-10	4.69669480223718e-08	0.434673230356893
AT5G24880.1	-4.17342880421823	1.86377730299133	0.000870425853912869	0.0373382676644003	0.53148609539726
AT5G24910.1	-6.2306312319119	1.47670704173648	3.8875651896625e-05	0.00274922181164556	0.594608030526055
AT5G25250.1	4.16229019299223	4.28877265987901	6.86908526755412e-07	8.54514207283733e-05	0.249832712162927
AT5G25475.4	-2.64314685743366	4.29004384449384	0.000953916073646727	0.0401025731237536	0.261614699890974
AT5G25580.1	-3.56754521973482	3.04543727713927	0.0003298288835975	0.0168096031402167	0.364807662023022
AT5G26060.1	-8.84548137496943	2.84060898133989	1.30157551783978e-09	3.12469462914377e-07	0.421895233217582
AT5G26850.1	-3.67706642348289	7.15777000294432	4.37209957486043e-06	0.000430415903470433	0.242136784492716
AT5G26920.1	6.03533229357662	4.51749427272407	5.9514761468392e-11	1.93904760936542e-08	0.250647992744712
AT5G27870.1	-7.66994247743176	4.41580605250316	2.98295012346532e-13	1.5118033144259e-10	0.272826453859871
AT5G28690.1	-6.26578611256063	2.93602345608014	9.6901574715975e-08	1.49830638238802e-05	0.381150983039197
AT5G35490.1	3.96138811664152	4.31951463266228	8.40785969309834e-05	0.00524160145969739	0.366019653652864
AT5G37470.1	-9.54943529899008	0.412138044864536	4.77320398043548e-05	0.00324151480239599	0.757083567821295
AT5G37920.1	-8.33758478213119	-0.725655202752624	0.000949565862693625	0.0400427095996905	0.88147282395854
AT5G38390.1	-8.904150699521	-0.200768727740195	0.000265582158636162	0.0139242385393764	0.825328663558517
AT5G39020.1	3.85613906613228	3.79080713304532	0.00021158280851629	0.0116511032263055	0.391766662381379
AT5G39030.1	3.98685091865426	4.67322128640238	5.63134955600799e-06	0.000527804022769955	0.279447213769597
AT5G39220.1	-7.18600279030965	3.92507288660302	2.79527926251603e-10	7.72739422793321e-08	0.332757146646712
AT5G39400.1	-7.27952849197231	3.58886646461221	1.34078345376013e-10	4.03236940247331e-08	0.322081414183451
AT5G39520.1	3.91242220461615	2.10077900233396	0.000929028779360177	0.0394808379402629	0.488834096239821
AT5G39670.1.DE	4.28482068334652	3.04976906567388	3.14865535470649e-05	0.00232270619265787	0.362864670985755
AT5G40040.1	-11.4874041582108	2.3068076178392	4.81495836053829e-09	1.03760457016702e-06	0.491834970421986
AT5G40350.1	-8.07336008337041	3.27291947355964	1.32795452133987e-09	3.16030081217649e-07	0.399928174014013
AT5G41780.1	-5.21624576410857	2.41227054451993	1.78374053251024e-05	0.00143580620275706	0.451392611565292
AT5G42490.1	-6.81526416368261	2.70800772931194	1.85128872451618e-07	2.65572309849471e-05	0.439745883951073
AT5G42610.1	9.84150400399709	0.692998311329233	2.18091245817046e-05	0.00170049037479229	0.733969366226438
AT5G42630.1	-4.7034460230182	1.43983902033794	0.000632845895841515	0.0286276470700671	0.59400289363134
AT5G42650.1	3.73381924882314	7.47332445415667	2.89473746164186e-06	0.000306461570145063	0.239516118037069
AT5G43740.1	2.44721342261352	5.20367465414715	0.000934670702386295	0.0395364262486988	0.228865607181124
AT5G44190.1	2.88737752143175	6.84140103436208	0.000164377667200788	0.00938595592886008	0.237757235625138
AT5G44440.1	-9.54221817694463	3.54115734818595	1.0181963180519e-12	4.72305031058378e-10	0.337519494344062
AT5G44568.1.DE	4.74566472695889	2.78151914766439	3.4130603013561e-05	0.00247768260815686	0.424491439164988
AT5G44620.1	-11.4414554766143	5.95214530012879	1.11521372464964e-20	5.08686153603524e-17	0.260850288301645
AT5G44630.1.DE	-10.23051056205	5.69467303449439	4.67935954364538e-19	1.16422465445897e-15	0.257788104980471
AT5G45116.1	-10.3119539622806	1.15032873187683	3.66172275445768e-06	0.000376744467458638	0.6672904860721
AT5G45276.1	-5.7021588209405	0.986159745069992	0.000312388256347892	0.0160402285173154	0.677433129840772
AT5G45775.2	-2.56747199836604	7.13258728035819	0.000966010811369089	0.0404247460023689	0.251201586797125
AT5G45875.1	-9.50552328140908	0.370263327484834	5.80244506035515e-05	0.00381733933682211	0.76825317154114
AT5G46930.1	-9.37106833106818	0.241730112926493	8.94966527853999e-05	0.00555406891934427	0.789494978369365
AT5G46960.1	-7.6962360656145	0.885769434725775	3.69705753732097e-05	0.00264241260267949	0.697069340142967
AT5G46970.1.DE	-10.2663795010851	1.10664055227466	5.48065386096748e-06	0.000517222534023993	0.688897769423871
AT5G47220.1.DE	3.77077888821113	4.3571691254593	3.11742756667612e-06	0.000324402120322403	0.242096908913713
AT5G47500.1	-6.7302464377386	6.278752017521	2.52165711661845e-10	7.04211346608304e-08	0.316858747721476
AT5G48230.2	-2.52238867664607	6.58828267649541	0.000812790058989934	0.0353553321407816	0.236646698008581
AT5G48600.2	-3.67218380192626	4.78466100931569	2.56871974870265e-06	0.000284618308026292	0.228647572657217
AT5G49240.1	-9.4906974383673	0.355582123654534	5.53212876424359e-05	0.00366593946779222	0.760517503130237
AT5G49270.1	-7.14864755159344	1.68872421702038	5.17801966266926e-06	0.000492055701833099	0.57178124953455
AT5G49330.1	-4.67838426283387	4.21865138701981	7.25633204800206e-08	1.1479265635244e-05	0.25470376729388
AT5G49460.1	-2.89932094076475	6.9584041657113	0.000231745471300564	0.0124850591703815	0.250565499769787
AT5G49740.1	2.90780279501176	8.84046283333506	0.000261791366586935	0.0137782810014447	0.256198433258148
AT5G49920.1	-6.26732005696876	3.12625183452146	3.54003908694882e-08	6.01762669140467e-06	0.35910029263281
AT5G50080.1	-9.77448247261536	0.628308567354436	2.33480690846751e-05	0.00178988782831762	0.728322238944861
AT5G51030.1	-3.66260856933738	3.11383427018515	0.000245168559532639	0.0131050256587681	0.365027179076237
AT5G51600.1	-5.58193339463259	4.40352509477205	5.23480916295334e-10	1.37426529001756e-07	0.248982230129986
AT5G51750.1	-4.5082377755442	8.15943249191502	6.06601609999644e-08	9.79853639588405e-06	0.242304363133831
AT5G51950.1	-7.44803842094468	6.37273700933012	1.30603959253011e-14	8.51040275437239e-12	0.245551924785957
AT5G52860.1	-4.91265071522194	3.18188943416721	5.78377280483782e-06	0.00053840236096191	0.379459730913548
AT5G53190.1	-9.31468070395748	4.52754018203127	3.59541410208755e-17	4.27823013677965e-14	0.249417282241625
AT5G53390.1	-13.0960648881286	3.90500675187623	8.60991245427117e-17	8.72726237216643e-14	0.287599485547516
AT5G54330.1	-8.53479136815223	-0.544779639746799	0.000629550852247614	0.0285641772280727	0.86468174195225
AT5G54670.1	-3.05711474181783	5.07789240432158	6.34461701044249e-05	0.00411467958155901	0.23226243520484
AT5G54710.1	4.54778155626373	4.71406011500437	2.87587873977806e-07	3.91577359951472e-05	0.269802943747229
AT5G54940.1	2.62726340192858	8.08839994316578	0.000772250821882	0.0339244951737826	0.252266027053144
AT5G55180.2	-5.78493694930804	5.86027580877987	3.17627637736519e-10	8.60676553423075e-08	0.259657672933714
AT5G55460.1	3.38020521851769	3.56544962999692	0.000213929086319469	0.0117088239157756	0.316200739867113
AT5G55520.1	-6.54914833892364	4.18241789611838	5.5022735568856e-10	1.42062474249854e-07	0.308300680019455
AT5G56400.1	-8.56685338596675	-0.514175372068604	0.000691102012749303	0.0307120780722184	0.887398561342757
AT5G56510.1	-7.9559049696654	2.86345366549845	4.36380917519557e-09	9.63134915377035e-07	0.410935239917327
AT5G56530.1	-2.71155177341647	4.49509732211673	0.000388041082762662	0.0193153294271081	0.238178821092992
AT5G56970.1	-7.45954388680871	2.94028304518462	6.36008740133948e-09	1.32872421373938e-06	0.395361632343472
AT5G57123.1	-8.67080117519949	4.34583740485052	2.95116506777187e-14	1.75581490379958e-11	0.28616732931584
AT5G57240.1	-6.24637366785126	3.77167324516548	1.3941455258882e-07	2.06243106770315e-05	0.397233577857225
AT5G57810.1	-8.36206624047004	3.26629214106673	7.07944838306819e-11	2.25291096916058e-08	0.356069719999891
AT5G58170.1	-7.06458910001819	3.41457446386832	3.10831579117987e-06	0.000324402120322403	0.59171378407751
AT5G58460.1	-9.15431979807356	2.31152895315201	2.18361221798526e-08	3.88059085596238e-06	0.488816027759246
AT5G58670.1	3.00559656706422	4.14602214826328	0.000273539208062031	0.0142866813859574	0.269823215364932
AT5G58770.1.DE	3.18865968342803	5.39207396501613	3.65821013218873e-05	0.00264163311075834	0.234472543182885
AT5G59040.1	-10.5729889551272	1.40598994892157	9.69310149519968e-07	0.000115843144856168	0.619657171943089
AT5G59080.1	3.5609575937272	3.8679740940243	2.8398522820481e-05	0.00212352670095881	0.271664650325815
AT5G59305.1	-9.63040236447505	0.489830363888179	3.68422096645116e-05	0.00264241260267949	0.746504171257975
AT5G59390.1	-7.08638462115328	3.63797990713262	8.27533788365603e-11	2.5447128898865e-08	0.305652492844506
AT5G59540.1	6.20108601856036	5.7885359184834	3.54345742091685e-12	1.46935367720685e-09	0.234600264751098
AT5G59680.1	4.26880548157318	3.94605423567721	0.000216002222381173	0.0117525821513478	0.459567275539579
AT5G59810.1	-10.8793441854496	4.0121153066448	6.13993977611145e-14	3.42934432229833e-11	0.344013968703414
AT5G59970.1	-3.37252328696332	5.71457423697685	7.50939951251035e-05	0.00475734365412924	0.27963889131777
AT5G60020.1	-3.61013345568114	5.2294671160067	3.16994851210128e-05	0.00233212771180613	0.283401797512536
AT5G60070.1	-10.1157940059375	0.959547700704738	7.08456373000243e-06	0.000642178258191187	0.686090426041969
AT5G60080.1	-10.1206014240986	0.964413514799111	7.45014036195783e-06	0.000668509644019875	0.690583565557666
AT5G60670.1	-2.96064522771973	5.68897698026577	0.000135084659068143	0.00791648169031463	0.241503054446012
AT5G61010.1	2.78581946554728	6.11363726088943	0.000215865355125755	0.0117525821513478	0.23152288687075
AT5G61160.1.DE	7.42059104912717	0.630121455485368	0.000121585013317379	0.00724953953043579	0.761882604083196
AT5G61270.1	3.89383971786189	4.27638597126268	3.94397984189274e-06	0.000395380367446595	0.260046525786694
AT5G61605.1	-8.30439628115144	3.78245635767261	2.72227446519931e-12	1.14620319328577e-09	0.31647304180061
AT5G61610.1	-5.10987884431757	2.87018122305721	5.27080894094814e-05	0.0035269315182364	0.496539520241489
AT5G61690.1	-8.59194258900544	1.74274586193667	8.35092813227913e-07	0.000102670713690625	0.575859483377864
AT5G62065.1	-8.35467627730357	1.5099785139939	2.83240271954406e-06	0.000302801553236257	0.612012716525099
AT5G62310.1	-6.20446033698008	2.66746686923699	4.90126953063793e-07	6.32726153370277e-05	0.419772993218207
AT5G62360.1	-4.06338944870119	3.83995650864426	2.13550745502232e-05	0.00167462945641979	0.324867313460791
AT5G62500.1	-3.85677200504276	4.18330432179461	1.35368664515394e-05	0.0011364323958458	0.287079574858942
AT5G62750.1	-8.39937928444083	4.07597567418542	1.58771528386188e-14	9.8755890656209e-12	0.266901680374387
AT5G62850.1	-3.98615199299455	3.95336697920015	8.91442325748393e-06	0.000779456663612844	0.289778926123277
AT5G63090.2	-7.98656121760299	1.16686630373116	1.29832992668636e-05	0.0010966880689368	0.661653257280033
AT5G64770.1.DE	5.17671721766479	5.93764975050494	1.19333505778213e-09	2.8901941470249e-07	0.236429334225538
AT5G65280.1	-2.65250689537068	4.54595198493358	0.000507878502007034	0.0242153638378545	0.23856457832577
AT5G65350.1.DE	-4.21883172137202	1.72461043649184	0.00094185162407351	0.0397786963698207	0.542463158241452
AT5G66170.2.DE	-2.92684486475146	3.96555560231604	0.000385736781501574	0.0192643142995166	0.270244579608986
AT5G66640.2	6.10111489634194	3.68854790174966	6.01861562746057e-09	1.27687963172357e-06	0.315390340260918
AT5G67210.1	-3.34990767862813	3.4990884822963	0.000452167440499353	0.0220194279565592	0.345833290863401
AT5G67260.1.DE	-2.69617769010647	5.97578363157724	0.000417939871106829	0.020721337667485	0.239902157006608
AT5G67460.1	-3.68175933099326	3.79832589672262	3.87580480304111e-05	0.00274800585102666	0.296846116933043
AT5G67510.1	-2.48797903190184	5.70916035963337	0.00114307508011314	0.0467618517078273	0.24414285466986
