logFC	logCPM	pvalue	padj	dispersion
AT1G01150.1	-5.41542548077508	0.381671108404392	0.000976289822111556	0.0265178778472966	0.723341862143652
AT1G01180.1	2.93553270116598	3.0876887422271	0.00172379546523084	0.0430018924017258	0.343576035757896
AT1G01460.1	-7.44671785449149	1.89654845430151	3.20508936777789e-06	0.000211725746772477	0.575783014126137
AT1G02310.1	-5.98544729486417	0.0357320067219746	0.000839418749285027	0.0234727729612018	0.766819288487371
AT1G02670.1	-3.9712475074234	2.0148815998144	0.000834575507720011	0.0234303408186057	0.49049293855143
AT1G02690.2	-3.75410533775237	4.48564132037375	2.6493797801384e-06	0.000180034377246036	0.237055302222774
AT1G03170.1	-6.34823773464124	3.95553621419514	7.02202305951904e-09	8.81659173413387e-07	0.337419189275435
AT1G04090.1	-5.01209287725537	2.33221032329469	4.35783043271784e-05	0.00187347181800221	0.469117711095257
AT1G04470.1	-7.07181336691595	3.87393465713773	4.99347778044913e-10	7.82407811896984e-08	0.335015815836208
AT1G04730.1	-3.70903380490588	2.69811284836857	0.000824799343732442	0.0232353205911194	0.44622714213236
AT1G05290.1	-9.4364040802522	0.280054293071218	8.12352585857242e-05	0.00312401474143356	0.790189476980272
AT1G06280.1	-10.3823976479973	3.5130984956008	9.8705798914793e-14	3.40247862113738e-11	0.324290864691871
AT1G06420.1	-7.42470892289645	3.69534444827252	4.0445742308653e-12	1.00193159104929e-09	0.282104833504044
AT1G06645.1	2.47974829010416	4.27172606572371	0.000975481342448397	0.0265178778472966	0.234438491805298
AT1G06660.1	-5.78380155676494	2.60741558383072	1.04805772862608e-06	7.91638505060634e-05	0.402851386781489
AT1G06970.1	-6.79379521812924	0.862913696429975	0.000229741940340822	0.00777799544093151	0.792146221046682
AT1G07330.1	-7.22274003833251	2.62274703071169	5.65534672491716e-08	5.89119332734639e-06	0.426589921319521
AT1G07540.1	-9.1664072746983	3.09355357710869	3.7107632787812e-11	7.48429372366094e-09	0.368042099722148
AT1G07795.1	-8.19440594572696	1.36721669398481	8.24643748344033e-06	0.000463929401330995	0.662338267046464
AT1G07850.1	-8.67756541466179	1.77630513280329	8.02920153038753e-07	6.18803381360233e-05	0.580482116988416
AT1G08900.1	3.18423644966723	5.05316451050637	3.73910414624417e-05	0.00163340266148948	0.234095535871247
AT1G08930.1.DE	4.90040995655493	6.32792573242176	8.19004888780576e-08	8.3932506412924e-06	0.279247776094555
AT1G09380.1.DE	-9.93983395906178	3.07545986441781	9.91206170605453e-12	2.18803680435629e-09	0.366673242415796
AT1G09460.1	-5.38618215663975	2.32774143952804	1.08828820855755e-05	0.000566836707308861	0.448244713384944
AT1G09690.1	-2.59073494101125	7.97828599759976	0.00112389519125034	0.0299268664760045	0.261837495294137
AT1G09932.1	5.28272693598069	2.87266999062063	2.92660441455701e-06	0.000196061813058609	0.39175885779321
AT1G10340.1	4.77303174958191	3.26629218462609	5.48357430709854e-06	0.000330041540597718	0.361502640666569
AT1G10540.1	-5.07752387157505	2.6465856586283	5.97809601212441e-06	0.000355293800294253	0.395262539026784
AT1G12000.1.DE	-2.69103239253338	6.24124203653136	0.000492664868180628	0.0150895528850348	0.245091102872874
AT1G12110.1	3.87675077179966	6.74876728383416	3.81792399342167e-06	0.000244540611457032	0.260434513567992
AT1G12380.1	-2.56090235386782	4.94538763680263	0.000485389500740268	0.0149149101208019	0.22343673230605
AT1G12480.1	2.89009433647341	3.41566199063231	0.0018706296534889	0.0461602604989012	0.341516859275565
AT1G13290.1	-8.83937134112614	-0.286950288305588	0.000278795837371045	0.00912899875771614	0.81823942593678
AT1G14890.1	-3.21566010296073	4.44379224341609	4.30825399920102e-05	0.00185636789933755	0.241123681064551
AT1G15125.1.DE	8.50007162529502	7.6411449458714	1.3567643289288e-10	2.40400887029543e-08	0.418991450611175
AT1G15380.1	-4.66596810403357	2.09654471811846	0.000421674196853129	0.0131705454664555	0.556516930400906
AT1G15415.1	-7.61206657593317	4.20561293750054	7.5082074925605e-12	1.75738402285746e-09	0.303993161939707
AT1G16360.1	-5.02270818642602	1.91395112834385	9.92712941514449e-05	0.003741718619915	0.51406389659652
AT1G16380.1	-10.0901047063603	0.909928234143745	9.89743648416271e-06	0.000532581395711293	0.706748217690081
AT1G16400.1	3.93236033453127	2.14046227378285	0.00109547456789744	0.0293348903005193	0.501085496304735
AT1G16420.1	10.110996793068	0.930609195544766	9.06633872654393e-06	0.000504072480693684	0.703127000403129
AT1G16520.1	-3.26874562168565	4.34243344815298	2.9927310769873e-05	0.00135079014599819	0.238097054291564
AT1G16630.1.DE	-5.87116393282225	3.8044761827958	3.91841706471256e-09	5.08830610478667e-07	0.295417231900597
AT1G16705.2	-7.37258937516698	3.64378725332429	4.29246358936863e-12	1.04334381013897e-09	0.279777692365866
AT1G16730.1	2.37657056856825	4.37392824440112	0.00131239704983737	0.0340845694080365	0.229441371543256
AT1G18280.1	-11.4728128449253	4.56453118370521	7.03740525563728e-20	1.33877755953322e-16	0.243073894704984
AT1G19020.1	4.03943226652137	1.64779183269047	0.00187231606749592	0.0461602604989012	0.570900288520155
AT1G19500.1	-7.57150590757489	2.10223336519014	3.0691484261062e-07	2.60932668208733e-05	0.493945584703256
AT1G19890.1	-7.81618945611242	1.79834654905325	1.00643329598762e-06	7.63238754345171e-05	0.544637033752077
AT1G20132.1	-9.80329162651298	2.94049859106487	2.99352121734051e-11	6.10259879135041e-09	0.377433938250082
AT1G20135.1	-11.9421467944963	2.73314540748483	4.61194474670375e-11	9.01421241780994e-09	0.40731972732849
AT1G20790.1	-9.22960100532262	0.081716136242776	0.000114563113191324	0.00425882757449864	0.788793916144106
AT1G21090.1	-4.65230394948444	4.04992382221887	8.99485005731346e-08	9.08994177117233e-06	0.25646334448695
AT1G21100.1	4.68497604980453	1.60447252755625	0.00128006608028437	0.0334280617301811	0.671014820553199
AT1G22240.1	-7.02642322288672	1.08562643057646	6.99033944229918e-05	0.00276957351440182	0.714473074395049
AT1G22350.1.DE	4.35805558663102	3.61320192190288	3.83232417313385e-06	0.000244636478109241	0.306874632241173
AT1G22460.1	-7.8569885452766	2.68258994379537	2.27314854986424e-08	2.56527519981405e-06	0.440832542584669
AT1G22780.1	-2.66447270674395	6.87602495737457	0.00076358939787598	0.0217697614952341	0.257891672494383
AT1G23310.1	2.60247789901689	11.2176140378598	0.00114534556069018	0.0304126141248251	0.264864366732279
AT1G23600.1	-10.5561127403388	3.64865085011996	3.32482152287154e-15	1.40078425004715e-12	0.292180163570022
AT1G23660.1	-13.030865366044	3.81583563848597	1.59225722515016e-16	8.87870727400645e-14	0.290305296140818
AT1G23790.1	-6.26277854408204	2.71928635588218	1.12603891541595e-06	8.47165547514719e-05	0.456464807336954
AT1G24145.1	5.93531707283898	3.42810954875998	1.29929367548998e-07	1.25042176617332e-05	0.364632054487717
AT1G24148.1	3.66266680101391	4.93479239119563	5.16200532039549e-06	0.000315249343452045	0.242225206894006
AT1G24260.2	-9.28261565528721	6.89671292076949	2.78806745348778e-18	2.64294854253374e-15	0.253529311982272
AT1G24620.1	-8.89141777332532	2.85810681421481	1.49031787822589e-10	2.61619783826711e-08	0.377677774359485
AT1G26320.1	-11.9949323968796	2.78552047835464	2.37461376614163e-11	4.89351112959556e-09	0.397316142793089
AT1G26450.1	-3.92951609888586	3.41817078341175	6.46413367551665e-05	0.00262990365566781	0.347025521342997
AT1G26710.1	-12.9718984410454	3.75708711980066	2.14389562180662e-16	1.16131763125234e-13	0.290487428786296
AT1G26770.2.DE	-3.30133575651205	4.57521570578548	6.97307020075321e-05	0.00276957351440182	0.266452724693923
AT1G27040.1	-7.55732608843832	1.49126776440973	1.53522488708671e-05	0.000763945633445589	0.660313474994207
AT1G28270.1	-8.04901907752942	4.75872259880988	9.10010316884525e-17	6.38995762881989e-14	0.222957451360084
AT1G28550.1	-6.29534895912367	1.82673852695954	2.22055606532759e-05	0.00105512587575303	0.585854486378325
AT1G28695.1	-7.88297592336498	2.37024357900059	4.39068060939638e-08	4.70298947308169e-06	0.453841849645242
AT1G28700.1	-9.66805489588681	2.8075242289647	1.56443986983959e-10	2.69638322657171e-08	0.400877329077811
AT1G28710.1	-4.70246793063095	4.5786279387892	7.5803129971703e-09	9.3477443510458e-07	0.224096729046423
AT1G29010.1	-9.21397990095933	0.0665505116376377	0.00012265090198531	0.00452400476797566	0.794719312389684
AT1G29720.1	3.28864391660673	6.55432719177807	3.4892792054577e-05	0.00153844754549471	0.246694974377671
AT1G30650.1	-5.7553907115542	0.944615716670832	0.000693810525415454	0.020174775692257	0.761057337518403
AT1G30710.1	-6.97996388454701	1.92343086447854	9.3630112930818e-06	0.000514531394508805	0.605306236162101
AT1G31540.2	2.69804197085778	6.03293214534638	0.000882372841179406	0.0246375650897207	0.269493741514287
AT1G31580.1	3.40435243521227	10.744122546656	4.42046764166544e-05	0.00189182045188115	0.268424406686353
AT1G31860.1	-2.60979179637143	4.3023023895277	0.000598286684500908	0.0176956587386158	0.237520360129212
AT1G32250.1	-10.1442687500587	0.963421660532758	1.00192549617697e-05	0.000532581395711293	0.715596758097532
AT1G33430.2	-7.50390069404219	7.0079280918019	2.12247667612795e-13	6.70667255045162e-11	0.274158016885255
AT1G33720.1.DE	3.28281852143364	3.55296951253129	0.000245751326456207	0.00820281584204793	0.306098744542523
AT1G35780.1	-2.47877030296024	5.40580488712996	0.000572513615856281	0.0170129869012841	0.216803782427905
AT1G44224.1	-10.4743531508008	4.97424219543487	9.62426786648783e-20	1.6587863134613e-16	0.241169660968399
AT1G47210.2	-3.04255361385078	3.44762662104036	0.000511883237834917	0.0155501287742068	0.300303022654778
AT1G47280.1	-10.3884753842026	1.20106811762932	3.45785354812402e-06	0.000225954012955585	0.673226370378867
AT1G48100.1	-2.75710566006891	5.19216765949453	0.000286171646483956	0.00933825859843257	0.235553501207566
AT1G48180.1	-6.39011988106658	-0.350710732632371	0.00112774165283181	0.0299871725049626	0.824701304915924
AT1G48940.1	-11.6446513516489	2.43821680453195	8.83824653604974e-10	1.29894818664315e-07	0.455117823921183
AT1G49290.1.DE	-6.09614067620855	1.94578490979459	9.68227778923822e-06	0.000527489381052205	0.511751508817001
AT1G49830.1	-6.8675126620336	0.0934891269945178	0.000442117172554428	0.0137411466794416	0.803127543685632
AT1G50610.1	-8.02243273057177	1.95265594036656	7.08995417301267e-07	5.55421597760462e-05	0.546840842640662
AT1G50810.1	-5.6325415957732	1.73944988917338	0.000110368688335384	0.00412717941252574	0.589574430986918
AT1G50990.1	-7.97063087012419	1.14942990181217	1.69938023448212e-05	0.000839024736081941	0.681443347933413
AT1G51090.1	4.13718810997862	3.5725853538384	8.0437568299995e-05	0.00310593860977516	0.384936747498781
AT1G51410.1	-9.28663845879905	2.3813308803877	8.40820859008875e-09	1.02845952683544e-06	0.466808667908152
AT1G51460.1	-4.27314132505505	5.28845235749043	6.5346919241731e-07	5.16213434126658e-05	0.261350927377972
AT1G51538.1	-5.39452739402853	0.673914943045486	0.000644151195841957	0.0188755216722839	0.691125943013887
AT1G51800.1.DE	3.7925696903716	3.51581385156797	2.60993316994813e-05	0.00120543796135783	0.296125210134681
AT1G51860.1	6.83793547028284	1.34355873920702	2.97439150788995e-05	0.00134585891642209	0.634479794523711
AT1G51915.1	-9.3899770376287	0.235609739021658	9.03047054184406e-05	0.00343103589184011	0.79378823500814
AT1G52200.1	5.23494845951492	2.27956474201145	2.99953927667725e-05	0.00135079014599819	0.479757458961265
AT1G52750.1	-4.7016026430649	1.86138333338035	0.00112047364119948	0.0299080043272354	0.664418509187652
AT1G54240.1	-7.64055664185875	0.761067344639291	5.67542900185626e-05	0.0023596591764516	0.717113897996308
AT1G55020.1.DE	-2.3809899021307	5.43202294611566	0.00144058791836193	0.0371427335662499	0.234993167132459
AT1G55200.1	-5.3552809633278	3.0194066259739	3.37043856499135e-07	2.84000643349649e-05	0.339194745540516
AT1G56680.1	-10.0287231175194	0.850641444502143	1.09611100030141e-05	0.000567791487833727	0.705678237480357
AT1G57750.1	-7.9623946201279	7.37762099614709	2.64634710103157e-15	1.14027487928313e-12	0.256775745284388
AT1G60760.1	-9.43126959474312	0.274401688940334	7.02208075775362e-05	0.00277263633400644	0.774584147854951
AT1G61130.1	-6.81640858176078	0.0461289650683799	0.000447618593810691	0.0138893632079491	0.793956660856861
AT1G61700.1	-5.09820338809214	0.396417476200718	0.00165179099334033	0.041423684448068	0.739885096922332
AT1G62180.1.DE	3.11709959268597	8.56118851383873	0.000135053484170726	0.00494300966485097	0.26427946745599
AT1G62305.1	-2.84591608310221	4.12014886819753	0.000246975552917143	0.0082043390285483	0.242430347181918
AT1G62450.1	-9.66096675228	2.75458105715308	1.87961214910462e-10	3.18174702989951e-08	0.400932319824315
AT1G62940.1	-11.4274720156248	6.61790895013315	6.95654026384031e-21	2.63778093724297e-17	0.268041922484865
AT1G63060.1	-8.77884468311726	3.25902856338095	8.07041811887099e-12	1.84345851946596e-09	0.336114164048009
AT1G63350.1	4.1087504667492	3.01561938363582	5.97670959344055e-05	0.00246868054862831	0.366894986197271
AT1G63860.1	2.66300750680229	3.93247022894042	0.000797244187578118	0.0225933520961039	0.256587086802961
AT1G63930.1	-6.49232994277049	2.6665706259375	9.0616540679971e-08	9.08994177117233e-06	0.392494753891439
AT1G64400.1	2.97722551185223	5.49905617731548	6.96216835068287e-05	0.00276957351440182	0.224776046595382
AT1G64450.1.DE	-3.04236071669201	3.55212803374491	0.000423136458202799	0.0131944804458337	0.291066805493298
AT1G64710.1	3.55180084577372	5.31656738194411	9.84317317979109e-06	0.000532581395711293	0.245312509109354
AT1G65190.1	3.57046682441447	6.15883689650121	7.47331911935822e-06	0.000428056366114539	0.241635573178433
AT1G65450.1	-2.24883765982821	4.82266065079971	0.00148523715743282	0.0380008249227649	0.212917703119666
AT1G65470.1	-2.90001785472692	3.75169940783869	0.000528368976995345	0.0159511901828897	0.278673456971508
AT1G66100.1	8.52472348413367	5.93585433694036	7.59297763627329e-09	9.3477443510458e-07	0.511745135170825
AT1G66170.1	-5.47097968076872	0.0391896298004624	0.00153981996040904	0.0391333064737197	0.767789159667455
AT1G66700.1	5.53381032988715	1.83725163091666	0.000112172276535945	0.00418636651741136	0.58819131693959
AT1G66880.1	2.68780931708443	6.2082931188062	0.000556826288666746	0.0167039076057482	0.249095117758858
AT1G66960.1	3.24828392033167	3.34968432963936	0.000915710428193424	0.0252706754121093	0.366751852712526
AT1G67320.3	-2.68352654586818	3.60532980219118	0.0016122577988331	0.0404858219974526	0.292830817619791
AT1G67780.1	-5.62694232317197	1.82436798574346	3.79974688257098e-05	0.00165607818727961	0.532485689952722
AT1G67860.1	2.75051531469124	5.95791176596008	0.000626941873799495	0.0184568183002556	0.263924075664585
AT1G68120.1	-5.34881221756569	0.79524229469222	0.000807914649523329	0.0228275019974855	0.700994807904937
AT1G68170.1	-7.63012639284438	0.750856063849211	5.53866497885017e-05	0.00231294161528679	0.712889060181426
AT1G68560.1	-2.51615004722818	8.71086519812369	0.00155602406470185	0.0394393853511798	0.263322310604549
AT1G68750.1	-8.43451420660985	3.58649622397135	9.06510467991754e-13	2.60401999434177e-10	0.30163110148624
AT1G69700.1	-2.68568229260649	5.45377992676917	0.00159367865787546	0.0401255692890583	0.295502330802731
AT1G69720.1.DE	3.24406137683625	4.19364526433232	5.2530324601044e-05	0.00220825371199821	0.250015278611301
AT1G69940.1.DE	-9.96245646515858	7.63741637159104	1.53215643089609e-19	2.23447336718147e-16	0.259075921448987
AT1G70170.1	-6.11561711438487	1.04747240674703	0.000136548084512403	0.00498808311034808	0.659560739492749
AT1G70220.1	-5.10882771321202	0.66184486613572	0.00100103753183065	0.0271123865228246	0.694558898047395
AT1G70510.1	-6.0142920310831	1.913583888805	1.27633706429557e-05	0.000647007336951331	0.521472488871565
AT1G70560.1	-3.22692782073714	3.92065767324242	0.000209379950340373	0.00719136680888247	0.292840973201076
AT1G70710.1	-4.73509942761763	6.86598709129658	1.5160234959299e-07	1.42288561679876e-05	0.276832968592565
AT1G71690.1	-8.85579812876366	-0.272026598964209	0.000286942159782673	0.00934731341463865	0.824878415770109
AT1G71770.1	-8.50352367602432	5.14361596236394	1.33426022265807e-17	1.09983650266845e-14	0.22876295530788
AT1G72230.1	-3.78341042693012	4.51893554745762	7.70995817771718e-05	0.00300150096696797	0.337176660092332
AT1G72290.1	-11.8103055527434	6.30890416143675	7.82313866444023e-22	7.41594429695612e-18	0.256950572368328
AT1G72430.1	2.57733970912104	4.13923979056154	0.0011627892213703	0.0307895542569266	0.25863349787578
AT1G72460.1	-11.1598207415283	1.95887945375532	4.11065553852737e-08	4.47896082499658e-06	0.536283109813893
AT1G73010.1.DE	-2.62296775002284	3.60405277217612	0.0015310807496504	0.0389634361511705	0.278548775879328
AT1G73210.1	-3.00368573829476	3.09709512620622	0.00127640866608057	0.0333785267589264	0.338486827400098
AT1G73810.1	4.04062835603862	2.21888730039607	0.00126920036407935	0.0332358697549454	0.539600342331457
AT1G74055.1	-4.45716419119546	1.4750565237003	0.00120815531708454	0.0318130786897302	0.615540823388292
AT1G74150.1	-4.11852515523932	1.87762148028397	0.000790973978723041	0.0224492150637876	0.510363901199574
AT1G74490.1	-6.00802512954724	1.25906051277834	0.000102692575937808	0.00385687773206377	0.633504392815258
AT1G74550.1	-8.22675754117971	5.98838952572774	6.92682325297358e-15	2.68011514394135e-12	0.271379739971285
AT1G74810.1	5.56106742996799	3.03656398164486	1.31503342306228e-06	9.70105784740771e-05	0.395561957224507
AT1G74870.1	-5.15177176918963	2.01589241364163	0.000213693087756047	0.00731300947791857	0.586410147987802
AT1G75060.1	-4.26322737104312	3.51885906225292	5.81010947331332e-06	0.000346395803473419	0.309059970893249
AT1G75110.1	-3.02831728497957	3.21069114670073	0.000800545628492207	0.0226530515978862	0.318322165431418
AT1G75870.1	-7.39976704889285	2.79895956592643	8.48539613299941e-09	1.0312475979842e-06	0.392148888147027
AT1G76130.1	2.50636372356416	3.95052675029246	0.0016854188347135	0.0422038815150689	0.262755049646441
AT1G76250.1	-7.28957330429114	2.68848470518035	4.7243842259227e-08	5.00388829828316e-06	0.427450878631887
AT1G76360.1	4.87831511586874	4.63240391592436	1.23531148060943e-07	1.2072304309729e-05	0.282030646514738
AT1G76420.1	-6.69859054908169	0.769912741110056	0.000160068073780119	0.00572590681282505	0.734989677355525
AT1G76530.1	3.66183992565365	3.99933251330458	8.14357575049706e-06	0.000459506109088315	0.25110454305451
AT1G76740.1	-5.1855138956875	3.42758883388737	2.0931338964794e-07	1.84575467643502e-05	0.31577370872065
AT1G76960.1	6.75026595607083	6.71931428978342	2.41763759112366e-12	6.19405285001534e-10	0.260861811520619
AT1G78160.1	-10.2392867192483	3.37102172252006	2.57683856757673e-13	8.00889875453888e-11	0.328984794491422
AT1G78865.1	-7.52018810166337	2.38248438297528	9.72657515029507e-08	9.70558622497075e-06	0.456964079008465
AT1G78940.2	-2.72085690444284	3.49596654051165	0.00122816127455732	0.0322502903107095	0.285879536647324
AT1G79060.1	-3.29316400447378	3.77478415070504	0.000118342794628456	0.00438215047531425	0.281396144455672
AT1G79360.1	-4.86386798458812	2.85639161611221	7.97709846004736e-06	0.000452807813485143	0.383063661753645
AT1G79450.1	-4.66946530298038	2.75231031253949	1.09195384628091e-05	0.000567187752647667	0.371261763837978
AT1G79780.1	-6.40584502096762	4.15196329132212	1.43599624103474e-11	3.12931640618134e-09	0.251527648880538
AT1G79800.1	-5.85617617346467	1.73664021389532	3.30405406138469e-05	0.0014635878726587	0.549845992305242
AT1G79820.1	-2.38226410072632	4.68210187075475	0.000899903961335884	0.0249619425751571	0.216114179806376
AT1G79860.1	-7.81432515208322	1.74101314231112	1.44396300151779e-05	0.000726156353999355	0.692809635887584
AT1G80540.1	-8.28576500746755	1.38911356459199	8.62205270196292e-06	0.000482199106715383	0.668645940335819
AT1G80660.1	-8.47817948194232	6.97284763997239	9.95294204875312e-17	6.73920815365394e-14	0.25077534423925
AT2G01210.1	-3.72315369475202	2.73762576480992	0.000379376850417041	0.0120479157572139	0.39622131579953
AT2G01420.2.DE	2.31969681921957	5.7605673973228	0.00146732570646042	0.0376951599848011	0.225219989210502
AT2G02720.1	-6.14727587670767	3.32774186805353	4.16104719962702e-08	4.50795964901307e-06	0.352947431112351
AT2G03740.1	-10.4157392810889	5.60605789885623	4.18096051539205e-21	1.98167076028295e-17	0.232039845923175
AT2G04032.1	5.11043107331959	2.15980122676058	3.1127907410003e-05	0.00139187263345813	0.463962652683267
AT2G04070.1	10.4048116138304	1.21658792195213	4.15155154588329e-06	0.00026324169149967	0.6881791012817
AT2G04235.1	-3.2678652137115	3.24257123731376	0.00032049215787432	0.0102986624087106	0.315506797815645
AT2G06200.1	-5.86882054475856	2.09850845184293	1.07378277865999e-05	0.000562371483442394	0.502982412829337
AT2G06925.1	-2.49512421715887	4.43343775227468	0.000725407435796237	0.020964938376922	0.226257032048888
AT2G07690.1	-4.36534784005638	4.50341116763986	3.0044118728796e-07	2.5686767146241e-05	0.253923782382652
AT2G11570.1	-9.28514442265628	0.134411433021998	0.000102733438192531	0.00385687773206377	0.787556218727501
AT2G13680.1	-7.31475182392463	5.11575528849508	8.54157291770502e-14	2.99888298049573e-11	0.250848479203329
AT2G13820.1	-4.61933181352717	2.43814397436155	8.48175755121327e-05	0.00325517492739782	0.450776357963387
AT2G15555.1	-9.17909835266257	0.033995728845609	0.000128791419402337	0.00473208627993976	0.792551900943329
AT2G16592.1	-9.83482787629971	0.663404634898513	2.55932415083063e-05	0.00118927025920583	0.746133440359467
AT2G16780.1	-3.75174895779611	4.28310660647749	2.48956696717064e-06	0.000170396029352304	0.235346208800915
AT2G17040.1	5.60505146455495	5.23609651327459	8.22406927961069e-11	1.52862872031509e-08	0.231904481351021
AT2G17442.1	-3.65482413331075	2.50984548076485	0.000579806841578595	0.0172027510320635	0.410130629418856
AT2G17620.1	-7.38417671607996	1.83469081488847	4.96040272287193e-06	0.000304871462209185	0.591678853295419
AT2G17940.1	-5.50416797300326	0.465003834842309	0.000729691904000052	0.0210566648522633	0.708617266990618
AT2G18420.1	-5.61418769695895	2.45117858641825	3.15695757424578e-05	0.00140499433450999	0.530311086053047
AT2G18480.1	-5.97836175153365	2.10382519005152	7.83604560459209e-06	0.00044613690275514	0.504664756191488
AT2G18690.1	5.52154888334103	3.21698673821111	7.91542415830162e-08	8.15589818571959e-06	0.320144726097404
AT2G19000.1	-7.08218227695293	4.3007839758929	1.01824628609409e-13	3.43409696915415e-11	0.237730005237018
AT2G19010.1	-11.2325348189796	2.03057623207157	2.21444656648643e-08	2.51884392291567e-06	0.519860589446173
AT2G19500.1	-11.5658486268486	2.36004839421006	2.78730336016035e-09	3.74783577342411e-07	0.48141221644794
AT2G20430.1	-8.34788882609309	1.45085673282295	6.5723166925918e-06	0.000386970658928099	0.659043906158518
AT2G20980.1	-5.10795215933291	1.9754833914184	0.000204835418281862	0.00706086308219241	0.57593301118821
AT2G21050.1.DE	-2.7027605814325	4.55479715268877	0.000530285982351986	0.0159836119863455	0.248323037491276
AT2G21490.1	-9.07516900351197	5.27405922685533	3.69470808218771e-16	1.89318839270802e-13	0.268611246489164
AT2G21540.1	-2.95028177654894	4.08233628292668	0.000710544396458467	0.0205981822820429	0.301167063886982
AT2G21590.1	-2.39592113610168	4.98529364444531	0.00156463864283107	0.0395903016003259	0.240662018097111
AT2G23970.1	-10.9689946586099	1.77091292250675	1.58654993101151e-07	1.48174384936193e-05	0.573361679335604
AT2G24165.1	6.27703160970985	0.308507798316198	0.000633458062083469	0.0186197386031635	0.79596021953561
AT2G24320.1	-7.08894667955428	0.303467155285909	0.000233771497456152	0.00788625234923697	0.77193334769598
AT2G25060.1	-5.90984064781226	5.12858757913519	2.03167799650785e-11	4.32793068941488e-09	0.234891511997672
AT2G25210.1	-3.13730337674461	5.7602397596083	4.53647920558924e-05	0.00193116316481256	0.234053897033953
AT2G25270.1	-4.05984158677517	4.16225264700855	3.5566218439479e-06	0.00023013649672153	0.27573855351619
AT2G25600.1	-7.15950379644403	2.9902678070277	3.24409564786059e-09	4.29817196957674e-07	0.362506065690969
AT2G26010.1.Hnull	-5.30853670124494	5.06640515847638	0.00049751886145498	0.0151891466897342	0.715628859358954
AT2G26650.1	3.47666467300913	3.46604341798164	0.000241422653641754	0.00810111874406021	0.336983774835892
AT2G26975.1	2.2149252037333	4.84453249680728	0.00168735387881334	0.0422038815150689	0.21187007238443
AT2G27120.1	-7.9558780289388	1.93521916859105	4.7394865738164e-07	3.80745448953327e-05	0.527046671756484
AT2G27650.1	-9.71394657738752	0.546149566470854	2.95591147686366e-05	0.00134069678683871	0.739332321975421
AT2G27670.1	-9.87913214945215	0.705759789063065	1.78827766730129e-05	0.000877646998141452	0.721903231343847
AT2G28140.1	-4.85191523531985	2.15210922654238	7.36982084603058e-05	0.00289284541242016	0.469173105349717
AT2G28710.1	6.10719773445037	0.0907602737314288	0.00130934915458404	0.0340520584660614	0.845644861814734
AT2G29040.1	-8.17855619144302	1.35143390770819	8.52096772481824e-06	0.000477955701463991	0.662390127087197
AT2G29320.1	2.35997931270408	6.09034424862947	0.00186009677504871	0.0459785850823317	0.242566128664248
AT2G29340.1	2.29152710586456	5.56998692339311	0.00147898712975337	0.0379433247537132	0.220568416214338
AT2G29550.1.DE	-3.48645077516159	7.22919672971895	5.95594458815506e-05	0.00246547496608803	0.288460829661089
AT2G29660.1	-2.80203371082879	3.85053283696905	0.000561223840749256	0.0167363649738115	0.265597724195992
AT2G29890.3	-4.67839605409055	4.65797193569374	2.34830842974806e-07	2.05168569214717e-05	0.277817438902665
AT2G30650.1	-8.42320453836888	2.35129614751145	3.74718644426176e-08	4.13040161609062e-06	0.475448690668778
AT2G31100.1	-7.26621583018768	0.399477537478793	0.000174460994404253	0.00613656028369244	0.759670589493874
AT2G31270.1	-4.3928521618513	4.19014784158643	1.42767879940562e-06	0.000104647686683225	0.288580233786215
AT2G31432.1	-10.442401173082	1.2538879440574	2.76949652419966e-06	0.000187524587865362	0.665974232626488
AT2G31780.1	-9.06721414210159	-0.0720311505719875	0.000166902569796926	0.00592566633104856	0.800192149305039
AT2G31880.1.DE	3.46478791455961	7.03946102427374	4.50056515124919e-05	0.0019217615923994	0.276598754992236
AT2G32160.3	3.75438486692206	7.11620204848949	3.1211643231252e-05	0.00139233304475601	0.302843588125215
AT2G32510.1	-4.4330897944698	1.2128507808548	0.00173786102357411	0.0432958043967695	0.630964016417972
AT2G32590.1	-5.67900316007923	3.04832624512027	1.96511290561232e-07	1.7826112716509e-05	0.353506391839191
AT2G32680.1	7.56547929432047	6.25296959483811	2.9267468886377e-12	7.39842590155763e-10	0.30471056018643
AT2G32720.1	-2.66733490701568	5.84164785349434	0.000464133782939275	0.0143548326113307	0.239101661881887
AT2G32765.1	-4.41526628521484	3.99673969209714	5.47723858814043e-07	4.34489399132027e-05	0.269212178067011
AT2G33100.1.DE	-5.11435331027266	2.90288906649421	1.44185053740017e-05	0.000726156353999355	0.433949431502458
AT2G33190.1.DE	-8.98358850298099	-0.150482641743502	0.000207046982314823	0.00712414471453128	0.810683259745857
AT2G33560.2	-5.37696708801942	3.09013550767086	3.51265445716784e-07	2.9337628129271e-05	0.342893916357564
AT2G33670.1	-9.01967486880419	2.11621025553668	5.41000159084029e-08	5.6982344533745e-06	0.503253953528715
AT2G33690.1	-11.1964138568034	1.99498131046637	3.01925345604821e-08	3.36717801607164e-06	0.528099718887552
AT2G33775.1	-6.56673382712949	3.79328420787495	2.33270061686468e-10	3.91377619425996e-08	0.294717031570254
AT2G33793.1	-5.42849968365518	2.60062213270613	7.25250534206663e-06	0.000419208075549516	0.43993606403684
AT2G34340.1	-4.5554835049131	2.4651015992303	6.93273217033119e-05	0.00276957351440182	0.431136635692457
AT2G34870.1	-9.7542861316572	3.75198238513083	1.88632592668583e-12	4.96706295056065e-10	0.360156787292062
AT2G35120.1	-3.00707945205799	5.23907125590614	8.65221436602187e-05	0.0033072042775284	0.234360477486315
AT2G36890.1	-4.56013262143793	2.20479780536967	0.000296027197882165	0.00959381135837261	0.520034445256983
AT2G36970.1	4.01793115296911	5.39364590980554	1.69757458278208e-06	0.000121910289829415	0.256210035200932
AT2G37210.2	-5.95233563641084	1.17167632244622	0.000139320731951119	0.0050667403206813	0.642876477444338
AT2G37460.1	3.07723287649738	5.17056017810397	6.96082144904492e-05	0.00276957351440182	0.23748412607923
AT2G37470.1	-2.76684644409644	5.2299878970888	0.000306831904951539	0.00989324164281671	0.23947185413876
AT2G37770.2	-4.31117485133916	3.51108435151138	2.35985349667826e-06	0.000162692590703721	0.288407308749713
AT2G38060.1	-5.37105833667638	2.14732413886555	5.61174091070806e-05	0.00233830760277174	0.530170811350192
AT2G38080.1	-3.40197964449416	5.24050396727346	0.000278769477612142	0.00912899875771614	0.334658265086184
AT2G38110.1	-4.21244038116815	6.88778112271319	4.41405807563584e-06	0.000275283312684145	0.30044005834863
AT2G38470.1	4.35625649949537	5.91557377309889	2.60748156704566e-06	0.000177824615214456	0.301608912185532
AT2G38540.1	-3.36524141158945	10.5404270971712	7.85395467256202e-05	0.00305129357862917	0.281177674615255
AT2G38860.2	2.82242195818155	4.70860804175509	0.00022080304182568	0.00751562813280623	0.236010885764069
AT2G39030.1.DE	4.05077805307527	2.69020310185366	0.000176621366457091	0.00620104534566665	0.406687834466231
AT2G39250.1	5.3946776866033	2.83786439544448	8.96089488545052e-07	6.85038734408292e-05	0.367510613249497
AT2G39350.1	-4.678355983913	4.12283297772632	1.28228890008138e-06	9.4964512721261e-05	0.314893810365065
AT2G39400.1	5.55236077607882	4.26078915488616	3.3500102168989e-09	4.38019611739215e-07	0.272037451413436
AT2G40000.1.DE	2.7300028822764	6.71040511365922	0.000837692687506745	0.0234591073300449	0.272944193834397
AT2G40010.1	-3.98732564151642	2.92806223063263	6.37143896549801e-05	0.00260336446868269	0.352765574255152
AT2G40550.1	-3.9024833304121	4.00713531332232	1.58859273902758e-05	0.000788432715686487	0.296730902741587
AT2G40850.1	-3.70225758063084	4.12557901430035	6.60519714255617e-06	0.000387702577788615	0.250988170066314
AT2G41120.1	2.32582718388977	4.21655689954864	0.00184992690827456	0.0458306913658164	0.23462647966942
AT2G41180.1	3.76068653346411	4.50796913777958	1.80596810956571e-06	0.000128719358606226	0.230604940171132
AT2G41340.1	-4.33455846823771	1.27017191776678	0.00198706878391194	0.0485474704564259	0.640786332338747
AT2G41860.1	-5.37999724690168	1.78566282895903	6.99734012025144e-05	0.00276957351440182	0.546088135498791
AT2G42180.1	-6.77369751974983	0.00789047973440368	0.000591869990227104	0.0175332236636182	0.82242709626486
AT2G42200.1	-2.84179666828863	5.67611190119485	0.000113408954405554	0.00422420504238682	0.220399805497126
AT2G42350.1	5.86722447266805	0.409589487950094	0.000642156323514307	0.0188461946401049	0.742117263397339
AT2G42570.1	-4.72791869495525	5.58043246663932	2.14467178150391e-08	2.47931904302028e-06	0.24278445137311
AT2G42800.1	-6.5285113488237	5.24172799374384	1.66366445802952e-13	5.34600245081047e-11	0.222278041182237
AT2G42885.1	-11.7897856910891	2.58209626213456	4.27042461210113e-10	6.80361178326263e-08	0.447714615000254
AT2G42990.1	-9.25154616100573	5.82472583073901	5.85267910579859e-18	5.28385443651598e-15	0.252320352645501
AT2G43040.1	-3.7776727031659	3.73380209491292	3.05027383139429e-05	0.00136714282669986	0.301332646365559
AT2G43100.1	4.16706948608725	5.37442934149585	1.61090062545599e-07	1.49711102735393e-05	0.22723649382487
AT2G43240.1	-2.242775548306	4.94819503293898	0.0014430019045357	0.0371427335662499	0.210585789646057
AT2G44040.1	-2.92149163218075	3.80305403561664	0.000515282936465183	0.0156058293809	0.281625449139783
AT2G44190.1	-4.81358931769311	2.14800931769376	6.73180691132062e-05	0.00272128629491957	0.463454734804164
AT2G44560.1	-8.06949069042784	2.04684097752125	1.99149094545845e-07	1.79793699214032e-05	0.503877540803354
AT2G44740.1.DE	-2.88762935422011	3.66626531040527	0.00140300953021457	0.0363880406064815	0.324423125304314
AT2G45190.1	-2.2782485769687	4.72815025536128	0.001970989880329	0.0482790660738468	0.229156837304307
AT2G46000.1	-2.37720920822425	4.42261123144423	0.00118399705320254	0.031307392094375	0.225492395378306
AT2G46455.1	-4.64103746357763	0.885842300206941	0.00148224599084727	0.0379755428925317	0.65393685720713
AT2G47010.1	-2.80878384325744	4.26048512087593	0.000351575223539814	0.0112593153092759	0.249381709802222
AT2G47040.1	-8.31381587430347	8.49920596584682	8.73075397555317e-16	4.13815911556281e-13	0.263560219005473
AT3G01060.1	2.54650657828189	7.5526301176575	0.00111002865533352	0.0296826985563727	0.253505862009264
AT3G01240.1	-8.50233510241888	6.34334698254706	1.2722241027244e-16	8.04003225451732e-14	0.251093972426565
AT3G01250.1	-10.2718397758962	4.7475300691764	6.31862422727308e-20	1.33877755953322e-16	0.2304973039422
AT3G02120.1	-5.60281123558502	2.93043303511154	4.9315900599145e-06	0.000304553797869443	0.450439494156636
AT3G02310.1	-8.34227853655272	6.42179731286366	6.84194501006793e-16	3.3260624473302e-13	0.258156736937691
AT3G02550.1	-4.14347590280304	3.65412262009688	9.95070040128733e-06	0.000532581395711293	0.311096541028227
AT3G02790.1	-3.29004868738551	5.14492521316713	1.01021807027259e-05	0.000534992301516703	0.216569593304167
AT3G04360.1	-7.34846019610106	2.71652328483283	1.2978635774768e-07	1.25042176617332e-05	0.47902353853419
AT3G04620.1	-5.75762527824152	4.58203954948215	1.71267012514665e-11	3.68983101166539e-09	0.222660668280491
AT3G04700.1	-5.17219978994491	4.5437099528471	3.91238593165533e-10	6.28601058290282e-08	0.220457306116944
AT3G04720.1	6.05154265102413	4.37981571690423	1.12269753563375e-10	2.02716405505526e-08	0.257649130075475
AT3G05400.1	-3.80146987989469	4.44467963884905	1.42959812495148e-06	0.000104647686683225	0.229612910219165
AT3G05790.1	-3.90294124701909	2.14299219760166	0.000731538142865395	0.021077859651345	0.468985096860359
AT3G05930.1	-6.34982907720616	3.41452706408724	5.0350296733337e-09	6.44994105248201e-07	0.326746437166048
AT3G06160.2	-6.10865426376979	3.77057624501401	7.1900515084075e-10	1.07335579958975e-07	0.281608552935432
AT3G06220.1	-7.01430662783325	3.96423656220261	8.2303977845287e-12	1.85762037615333e-09	0.277563451119055
AT3G06840.1	-4.77329572968163	3.04167115537819	1.00105144887914e-05	0.000532581395711293	0.383864503707588
AT3G07250.1	-4.34761561095361	1.6011133887211	0.000926185946726236	0.0254486367593952	0.570391916397983
AT3G07320.1	-4.86608787199095	5.08098772521094	3.13202639457109e-07	2.65089680422649e-05	0.301514168881452
AT3G07450.1	-12.3581766500064	3.14634814764343	1.53946755281078e-12	4.16953790481995e-10	0.371102771978952
AT3G07620.1	-7.1002506779074	1.60000178344086	8.70120937613941e-06	0.000485194789888903	0.592087459946062
AT3G07830.1	-11.0910099720849	5.04625933348216	2.49836685297937e-21	1.57888457218786e-17	0.230054496500429
AT3G07850.1	-8.96153711545695	8.57360236574676	4.52178737122277e-17	3.57202361545886e-14	0.266049944998786
AT3G08030.1	-2.9801472196025	6.63143891085775	0.000904572476606219	0.0250346339469851	0.321051510626166
AT3G08520.1	-2.33828547319857	5.17497736853977	0.00112160931888097	0.0299080043272354	0.217421445777523
AT3G08560.1	-7.54847321217928	3.53270297229371	9.92516299249121e-12	2.18803680435629e-09	0.296218716793023
AT3G08770.2.DE	-8.85412064863307	9.04377882181162	1.23992192634597e-16	8.04003225451732e-14	0.269992282016492
AT3G09080.1	-6.61998141124359	0.695019684757266	0.000200920800218537	0.00695119972872856	0.743522238423455
AT3G09450.1	2.55821379585581	4.18496549202473	0.000932345967165807	0.0255808208270572	0.245729702492615
AT3G09830.1	3.17774751678281	4.85189067522178	4.02127162381035e-05	0.00174460614910344	0.234948543335619
AT3G10180.1	-3.59956857126533	3.04704166593556	0.000174324574496457	0.00613656028369244	0.338271475646187
AT3G10290.1	-4.6918923854043	1.69016755177453	0.000362853109085129	0.0116008972936677	0.55173364853611
AT3G10340.1	-3.4559725508198	5.31616139825795	0.00197702423896541	0.0483643903826389	0.46787692758547
AT3G10460.1	-11.692438346213	2.48557175838888	5.77024139750627e-10	8.96704972584602e-08	0.447688062856291
AT3G11080.1	3.64186206150912	2.89656780306328	0.000762100381853033	0.0217600318366742	0.427059803604736
AT3G11825.1	-10.2609259095987	1.07701376313808	6.46742059483738e-06	0.000383174459554756	0.699627351660444
AT3G12170.1	-5.4466633179712	2.44104258088013	7.07930903888851e-05	0.00278457717983999	0.566412055020342
AT3G12420.1	-6.53064519147029	-0.221143890240358	0.000831761870578775	0.0233966962971855	0.813393432289578
AT3G12430.1	-5.95182487841871	-0.0535019724559652	0.00141468440975224	0.0365907254085849	0.819338607948477
AT3G12470.1	-6.77817211200869	0.78935224975178	8.73648154362705e-05	0.00333269524317154	0.68195959241445
AT3G13450.1.DE	-2.76931518823244	5.0077757316127	0.000173113164553939	0.00612323225145174	0.22148718739813
AT3G13640.1	-4.80028346003397	3.13194071348108	3.8054288645899e-06	0.000244540611457032	0.350838743605268
AT3G13650.1	-4.3764669295619	2.33548733404984	0.000174178168308026	0.00613656028369244	0.453165757854346
AT3G13950.1	5.07992779312004	2.96242796507211	7.46545598292646e-06	0.000428056366114539	0.404211604425314
AT3G13960.1	-8.4302736202911	3.60648398665387	8.52412283271132e-13	2.48628991977498e-10	0.302006929315474
AT3G14020.1	3.4159086698831	4.39226923227522	1.86240930534197e-05	0.000905369692819958	0.243851436567866
AT3G14540.1	-9.55524986737619	0.393747203799085	5.3756765609004e-05	0.00224983337567573	0.768957124852198
AT3G15270.1	-4.17986517943305	4.99988141574554	3.59599086956575e-07	2.99019258316216e-05	0.241623713523848
AT3G15356.1	3.57185954373968	3.49935987416908	0.000703988233399202	0.0204393765957358	0.411711993534213
AT3G15536.1	8.63397240429527	3.51557412493088	3.95710529503057e-13	1.19083744902356e-10	0.297832137559714
AT3G15550.1	-4.8808739446019	4.10076373926085	2.65623231756034e-08	2.97985257447494e-06	0.254385893904503
AT3G15720.1.DE	-5.28857877669596	1.53971042857486	0.000488037425285504	0.0149720089740904	0.680482626850249
AT3G16030.1	2.96255629386275	3.85692351573042	0.000961145637823266	0.0262192232338004	0.317330210768053
AT3G16180.1	-2.69898971862227	5.2835103334024	0.000270078572592184	0.00887421084536434	0.225331569846495
AT3G16300.1	-10.02173673706	0.844244705074665	1.29508391592229e-05	0.000654759892319219	0.717316812624934
AT3G16380.1	-3.60314685682011	2.52286064758269	0.00101974444307825	0.0275011876192327	0.437389723641012
AT3G16660.1.DE	8.40289702614631	4.41371572073849	1.34161864998051e-16	8.20507999515498e-14	0.233288713279753
AT3G17060.1.DE	-7.09340370723647	4.03104152282823	5.76134909759106e-12	1.38265085495227e-09	0.277276406836545
AT3G17220.1	-4.55503521762756	2.02541320756557	0.000293047464582358	0.00951350493324817	0.514524248596271
AT3G17680.2	-5.9364978363814	3.79411055629686	7.16349424422533e-10	1.07335579958975e-07	0.271504650090443
AT3G18570.1	-5.25611926055939	1.1855697565308	0.000401775291013953	0.0126113538780357	0.641706933428112
AT3G18660.2	-4.16951638853527	3.16298371035641	4.54295464690332e-05	0.00193116316481256	0.365367061426067
AT3G18730.1	-4.37109868130669	2.92401657526157	2.23511682588007e-05	0.00105674762847532	0.362576748628857
AT3G18810.1	-6.56919851897434	2.45467761127351	2.02548902802005e-06	0.000140150534606686	0.503384244424895
AT3G18845.1	-6.88695756504249	0.0391719257344102	0.000509863744697029	0.0155410076136832	0.81115849114502
AT3G19050.1	-5.5949971024538	5.16210765181704	2.99485262787748e-10	4.93734008451557e-08	0.245794043712397
AT3G19184.1	-6.1470183919728	-0.649437964296046	0.00196360329191703	0.0481603555128783	0.833164085429139
AT3G19210.1	-3.76933178573812	2.09469476817732	0.00115954325003064	0.030746546122141	0.472994169810241
AT3G19310.1	-5.81221355686325	2.86389705831898	2.95564314071963e-07	2.55439490956668e-05	0.376381241896387
AT3G19390.1	-8.38929031910871	5.2426284966156	5.2530244256028e-17	3.98368360340014e-14	0.235870106672496
AT3G19660.1	4.96823116416081	1.56404259969761	0.000347881406165883	0.0111598706928917	0.589518701037686
AT3G20210.1	-11.3330476057909	2.13011231074422	1.76538928454064e-08	2.05337518071202e-06	0.521459787038364
AT3G20220.1	-8.45621740299136	2.93846418957418	1.83701432421753e-10	3.13765356512074e-08	0.367777845892209
AT3G20865.1	-7.82164871859491	5.89420888823081	1.14450782157298e-15	5.16636280695289e-13	0.239844746908281
AT3G21420.1	-3.37178290927824	2.76265866398215	0.00065119626561062	0.0190525154316539	0.365801456785881
AT3G21880.1	-6.78065828187391	1.33338791807271	3.96765445928395e-05	0.00172529268104505	0.653903086607635
AT3G21945.1	-9.12314445976505	-0.0189283253895191	0.000149619694644749	0.00539285131325057	0.797889912846364
AT3G21980.1	-9.95531981121329	0.779733852679688	1.48099504951721e-05	0.000740849212237384	0.718504422131121
AT3G21985.1	-8.94319520748273	-0.188324835153147	0.000236395159510363	0.00794648196659036	0.817780349644067
AT3G22060.1.DE	3.40424445102587	4.03591276466077	5.33954494673648e-05	0.00223965558949506	0.271006191389011
AT3G22275.1	-5.41680745609348	2.70196612951379	7.45053684877297e-06	0.000428056366114539	0.446061004974869
AT3G22460.1	3.62664301705811	2.80373522692381	0.000743245798013742	0.0213826966381526	0.420909888631728
AT3G23727.1	-9.94704514293321	0.772090607772306	1.97177782630537e-05	0.000953646321656212	0.740932839148286
AT3G23890.1	-6.14150619494825	5.89051989730781	4.01994784591957e-11	7.93897825112387e-09	0.257007506843461
AT3G24340.1	-4.8566653186587	2.1940054506459	6.65019436230252e-05	0.00269450534196078	0.470060196617274
AT3G25010.1	4.93748807572234	5.47846513817953	9.69226831408655e-09	1.1556963205457e-06	0.246507214477211
AT3G25110.1	-2.7061375105337	4.34066884626222	0.000289771090457445	0.00942327633616242	0.227683596884819
AT3G25160.1	-6.89729957403263	0.904354657388029	6.84376737501097e-05	0.00276065926942198	0.681007007269384
AT3G25165.1	-7.09434679770889	2.52268324441789	7.27310769136898e-08	7.53501905577402e-06	0.424328898660385
AT3G25610.1	3.91807252690003	4.53291480558782	2.46447865925361e-06	0.000169290039495613	0.252288069831327
AT3G25760.1.DE	2.77859339886389	5.16779197276732	0.000139020771931233	0.0050667403206813	0.216990272375394
AT3G26050.1.DE	-5.05515659700391	2.74487237013835	2.07279085436255e-05	0.000994887134376194	0.440400424336312
AT3G26320.1	5.143094841318	2.00017081970244	5.99168854113547e-05	0.00246948745763885	0.497764918723675
AT3G26820.1	-5.75342183560242	2.02927757660297	7.44359724589491e-05	0.00291576777241573	0.590782649159958
AT3G26830.1.DE	4.44548502837779	2.27780404399809	0.000194896971781185	0.00675512191590401	0.471742952836009
AT3G26932.1	-2.64817588860414	4.94566801682825	0.00020293278837218	0.00700801955327534	0.209315638775324
AT3G27060.1.DE	-3.44745521270335	5.72224165607541	2.69778135255095e-05	0.00124143778308285	0.258876264274227
AT3G27360.1	-4.28854561102902	4.54114422231998	1.89455717100848e-06	0.000133032997796851	0.285421272625253
AT3G27440.1	-7.42733274563322	2.00456110678303	1.87916999379906e-06	0.000132746624960062	0.561659404637942
AT3G27640.1	-4.51224501709278	1.75872490292405	0.00120639282093917	0.0318108504759189	0.633309043628935
AT3G27660.1	-4.35450828675013	2.16902811691132	0.000224289078918761	0.00762060331043151	0.468469297813688
AT3G27809.1	-7.08060942447078	1.02573812423798	6.87015486007296e-05	0.00276541966013001	0.702310646634839
AT3G28230.2	-8.6644222217899	-0.44886089237304	0.000403528050045574	0.0126454352079571	0.829877922370163
AT3G28315.1	-10.3540431298555	1.16718896351385	4.35718564437403e-06	0.000272633276012169	0.68425414818702
AT3G28740.1	-4.6110217331676	0.998298252538504	0.00158602176883381	0.0399858865895215	0.661427047672611
AT3G28810.1	-6.91797944621521	4.08485103752828	4.06924059870223e-12	1.00193159104929e-09	0.261971327972535
AT3G28917.1	-11.1554494752109	4.24754604224103	1.78930041725353e-18	1.88463036726165e-15	0.253151678942944
AT3G28980.1	-9.94195628133233	8.69155486501641	3.46336405409749e-19	4.37746127344228e-16	0.266249600891032
AT3G29035.1	4.09869419040912	2.18579676832685	0.000781504934599559	0.0222470751577673	0.50631552619165
AT3G29060.1	-6.27262492546724	2.094511876628	4.28555240555121e-06	0.000269039033300813	0.492247338721439
AT3G30775.1	-2.79651374199277	6.49333132652486	0.000496587516301959	0.0151851656799498	0.262292990328038
AT3G42450.1	-7.17700024923654	1.11974112086843	5.15569616261496e-05	0.0021721520788226	0.694371276562426
AT3G43600.1	2.57089209671948	4.37147104504937	0.00103327109813747	0.0277475732997001	0.252926624424672
AT3G43960.1	-6.34702780929149	4.12693079730092	1.87105406457262e-06	0.000132746624960062	0.499417865431555
AT3G44750.1	-3.20036958164316	5.31972190382374	5.11739835636244e-05	0.00216081860664311	0.244854318132247
AT3G44770.1	-5.95452697999748	0.853332640610235	0.000261595065452249	0.00862535799288555	0.681995297047488
AT3G44860.1.DE	4.38410031827065	6.27883502702574	1.39435363533111e-07	1.32841962674585e-05	0.244383288892435
AT3G46320.1	-4.06897432867075	5.03712324984733	3.16815641401345e-06	0.000210754657730811	0.275187574063534
AT3G46770.1	-4.89215016747593	2.46624436610661	5.9149447600278e-05	0.00245386078129906	0.472465001261299
AT3G46900.1.DE	4.22964266247819	3.264313861842	3.01890876818403e-05	0.00135629126388628	0.355671534737639
AT3G48720.1	4.69533462524614	5.0008798792413	5.48605459774923e-09	6.98054423615622e-07	0.220701769967316
AT3G49270.3	-10.3850634230517	1.19781052303875	3.49974623805911e-06	0.000227231811395078	0.673443733393318
AT3G50230.1	-5.36906893125664	0.722580771158684	0.00204883995289589	0.049863872486461	0.806906968712223
AT3G50740.1.DE	6.67711595048724	6.20532317344541	6.28529685542032e-11	1.19162943081914e-08	0.29378745670948
AT3G50840.1	4.68347027168813	3.84875833285077	2.02793975140067e-07	1.80907437450677e-05	0.271890722774492
AT3G50870.1	-5.28063483739724	1.79655106662326	9.6191103644857e-05	0.00363284289642001	0.551789569514677
AT3G50890.1	-3.8659681220421	3.79784680556186	1.19059016916481e-05	0.000606784919817086	0.283335990048403
AT3G53280.1	4.48126500555326	4.75663533975958	2.21040347029569e-07	1.94014071265445e-05	0.258535674774508
AT3G53350.1	-2.32167558981398	4.30946406909198	0.00185169627017329	0.0458306913658164	0.233894793918158
AT3G53760.1	-3.51090035869385	3.93890505558287	3.28152346807024e-05	0.00145701178995653	0.269494461788331
AT3G53900.2	-2.37085524024852	4.08047845501083	0.00201474491049678	0.0491493412090853	0.246539443997208
AT3G54150.1	6.36328799039802	0.882513597090742	0.000266380106710134	0.00876788271374554	0.744372334613721
AT3G54260.1	-4.81631202839778	3.18280784638302	1.98435798177621e-06	0.000138314128590055	0.333953729570648
AT3G54490.1	-6.93840902003784	1.80898425813532	4.27617442340886e-06	0.000269039033300813	0.546309697410944
AT3G54820.1.DE	-3.19100034534881	5.34081976340373	2.22778000212659e-05	0.00105591202650795	0.223014414870015
AT3G55100.1	-8.77916025112243	2.70642410937889	1.68934114912976e-09	2.39016558554859e-07	0.419184952317266
AT3G55190.1	-8.78788473047875	1.94448035415425	2.41935055366203e-07	2.1040581260036e-05	0.544052265047657
AT3G55590.1	-5.80285592085669	-0.192499011977841	0.00190870780164395	0.046935397161307	0.829146061555665
AT3G55750.1	-2.67713674329427	6.90050271465458	0.000749997514989219	0.0215442467980009	0.259284288914396
AT3G56020.1	-2.87008702506353	5.9067996110641	0.000192483685920139	0.00668369633948704	0.239989254215218
AT3G56600.1	-6.27014543489811	2.77786722348626	1.19374914304847e-07	1.17265751311171e-05	0.381861238936264
AT3G56870.1	-3.52227402241806	2.70449847397311	0.000835429632015267	0.0234303408186057	0.411289146735198
AT3G57920.1	-5.35410632633153	3.18496027669737	2.04199544355952e-07	1.80907437450677e-05	0.32638977855155
AT3G58440.1	-9.0882493192636	-0.0516005922627355	0.000165313854381795	0.00588027273025225	0.803451199463522
AT3G58960.1	-8.68026939106091	-0.43465305046144	0.000378054554728977	0.0120260676226622	0.823903809988819
AT3G58990.1	3.76571053295506	5.57142107487388	1.8834770881511e-06	0.000132746624960062	0.232999051137904
AT3G59455.1	-11.113809243721	4.20472488426733	6.79931218444828e-17	4.95800614249827e-14	0.280643611099514
AT3G59850.1	-6.21597037653823	0.193055443915547	0.000897054851996723	0.0249373356876919	0.816144688879082
AT3G59890.1	-4.56033279787285	3.18782214016934	8.06814151281633e-06	0.000456608641616373	0.351319330312661
AT3G60100.1	-5.8773060873178	2.02629912856125	1.13282216877187e-05	0.000582037276361677	0.496058565517796
AT3G60330.1	-4.71120400030397	3.09219568874317	2.89953895323228e-06	0.00019493744331323	0.334341219160236
AT3G60900.1	-5.97929453043614	3.31077709460597	2.02417988730931e-07	1.80907437450677e-05	0.385454270516731
AT3G61160.2	-4.6579352722618	5.54596082357616	4.91822074309803e-09	6.3431664672378e-07	0.217353524380187
AT3G61210.1	3.27002262627787	5.03769981876834	2.72220863079848e-05	0.00124964536153289	0.236739689080583
AT3G61950.1	-3.61674788162315	3.54744589615036	7.65388312344592e-05	0.00298580185467924	0.310428607177289
AT3G62150.1	4.1739074807091	4.54353748912395	1.7503242823867e-06	0.000125224143659508	0.271378386605964
AT3G62180.1	-7.82960509402209	3.67343116977092	1.02854693810011e-12	2.91048080588657e-10	0.283586376788328
AT3G62230.1	-7.19246959829617	5.42510627633645	4.53077966168246e-15	1.82763939586889e-12	0.22402888065403
AT3G62570.1	-4.37392681818407	3.09384208134015	1.92486276680503e-05	0.000933336910379964	0.356533108889335
AT3G63470.1	-4.24925100591275	1.79186032629159	0.000922487649206219	0.0253838074619749	0.54806164079881
AT4G00050.1	3.02479080807483	4.93077723452259	6.44218222964493e-05	0.0026266093095019	0.228407125171402
AT4G00330.1	2.23218154698353	5.03190447704619	0.00201688841503604	0.0491493412090853	0.222065141121538
AT4G00780.1	3.82642618725475	7.45872701118172	1.13988311759084e-05	0.00058408227098391	0.282084263551139
AT4G00870.1	-5.27947902407801	5.67550781491686	2.23551377870954e-09	3.11640483312898e-07	0.251182953996852
AT4G00910.1	-5.49748120967147	1.0947593929091	0.00142607186902225	0.0368350089438595	0.805383380579836
AT4G01180.1	-8.9086756604601	-0.221111506862783	0.000242452353508682	0.00812129712044366	0.813334144902474
AT4G01390.1	9.35506756453273	5.17263202854102	6.17977779195624e-18	5.32556396171356e-15	0.246834162370946
AT4G01430.1	-4.97106806731444	3.82325369586795	1.95731635091687e-06	0.000136932696299014	0.355369329050791
AT4G02410.1.DE	3.96003476610669	5.52882599203291	1.77690562691899e-05	0.000875022176123564	0.309954268021583
AT4G02520.1	5.84439146776698	7.67531781399933	1.0760405562358e-10	1.96160124093024e-08	0.251953649271093
AT4G03450.1	6.40957905172536	3.63497990864946	1.47965237894562e-08	1.74240555605156e-06	0.356297428531701
AT4G04460.1	-7.96173947562558	8.19964597700995	3.43289082225123e-15	1.41487341519698e-12	0.259764348644974
AT4G04500.1	5.81554715796031	3.09481171629535	3.61750184565368e-07	2.99494399527285e-05	0.380132536472947
AT4G05190.1	-5.65305946826113	4.13089193553365	1.73387978486174e-07	1.59575858452397e-05	0.356449655604479
AT4G05330.1	-3.02367693058027	4.05800691924348	0.000145260609569371	0.00526576653312753	0.250240343786169
AT4G08550.1	-9.33624877255584	0.183612565898217	9.26444935236336e-05	0.00351289390542914	0.786571924939702
AT4G08685.1	-2.48261323177685	5.80530585919238	0.00170996556788346	0.0427130924920981	0.261181519429671
AT4G08850.1.DE	2.66161059318438	7.21000812617988	0.00144386279014326	0.0371427335662499	0.286409333247529
AT4G08910.1	-3.5333751221333	2.88422639043204	0.000512623581617135	0.0155501287742068	0.38287791529173
AT4G09420.1	5.06441045411703	0.329164933366748	0.0018904719062621	0.0465473465854845	0.740720421019575
AT4G09960.3	-13.1538978066146	3.93842853101764	3.41280503850733e-16	1.7973158534739e-13	0.303699728428496
AT4G10120.1.DE	3.03431037489794	8.61302910347932	0.000247036473531856	0.0082043390285483	0.273234970768905
AT4G10240.1	-9.35248735149274	0.199140849821177	8.96122069933429e-05	0.00341156191242327	0.78460749584609
AT4G10500.1	8.54539215075427	4.2264020853406	1.03245702432505e-13	3.43409696915415e-11	0.294397386037082
AT4G10950.1	-10.1232434293399	0.942722608729576	9.23140281030609e-06	0.00050877373802498	0.706087368356311
AT4G11320.1.DE	-6.19950396414875	6.83660266718023	3.71200933706176e-10	6.01504145481657e-08	0.289761083421455
AT4G11810.1	-4.63262605654986	2.40431931117647	8.06505502694824e-05	0.00310783289138032	0.449490352574876
AT4G12300.1	2.76189230365545	4.82795245788069	0.000373022017491469	0.0119059333831999	0.244723637501249
AT4G12410.1	-6.70353051103215	1.57836487440977	2.45813173597827e-05	0.00114787486656187	0.6166727232017
AT4G12940.1	-8.37133464236233	1.53973718021876	4.5282237364315e-06	0.000280557496140538	0.646841583117338
AT4G13266.1	-8.9752737333403	-0.158394497340496	0.000210980617647131	0.00723323965636881	0.810638921626627
AT4G13450.1	-6.79242063275749	1.25232166104358	7.89316489475911e-05	0.00306025589447317	0.69639589055721
AT4G13770.1.DE	3.48944238028392	8.03988983571503	2.17921454325868e-05	0.00103808363129752	0.259164770252521
AT4G13830.2	3.04271738765596	6.3223258355438	0.00038635636188942	0.012208017500012	0.291810499413475
AT4G13840.1	6.16454891619361	6.62031181401476	3.79239002840817e-11	7.56841289985163e-09	0.258116632798616
AT4G14090.1.DE	3.20732564437213	3.45858194151955	0.000687762545699226	0.020029631496024	0.343775751725003
AT4G14301.1	-9.01897402246533	-0.117471347052395	0.000188601569114603	0.00658507762218003	0.806097918130901
AT4G14400.1.DE	5.97695622391666	9.69879197010311	6.38176111279063e-09	8.0661205958265e-07	0.320602405000852
AT4G14723.1	-9.3302231839309	0.177416296498436	9.48277123351437e-05	0.00358850019593211	0.787433249628799
AT4G14770.1	-3.68628188901634	4.05132612929335	2.14037007212039e-05	0.00102214801504611	0.279968755824607
AT4G14780.1	-7.62170582249986	3.81346560098943	2.06706967685101e-12	5.36843479498881e-10	0.286734588042598
AT4G15000.1	-2.79781925314747	7.85286185436718	0.0005431165553318	0.0163184576426872	0.266277872022443
AT4G15160.1	-6.75369506321236	3.31679355836216	1.65733498282996e-07	1.5327518994865e-05	0.443685182729884
AT4G15210.1.DE	-4.02222410766794	7.86330090213294	4.4942972578839e-06	0.000279368464630232	0.280347487843817
AT4G15250.1	-10.1266533614232	0.946189293050439	9.78012781838793e-06	0.000531293533836151	0.711364753895401
AT4G15480.1	-4.78163411251303	3.41900477108389	9.9726491748325e-07	7.59323115283732e-05	0.315177376694738
AT4G15500.1	5.31846231257501	1.79635154414543	7.03432710932589e-05	0.00277263633400644	0.531185467517357
AT4G15910.1	-3.45055475554992	4.76302075596797	2.86572602712165e-05	0.00130604085933172	0.259821861099815
AT4G16050.1	-8.85913883256496	-0.267193443352349	0.000279992387952988	0.00915237186758743	0.821584002379308
AT4G16230.1	-10.680024996909	1.48675961139495	1.22800196918275e-06	9.15872002384861e-05	0.646235883473349
AT4G16260.1.DE	7.7101540187829	3.1551649983713	6.38667944518671e-10	9.7649238388141e-08	0.364420108312335
AT4G16500.1	-2.81831036456941	4.88854082612987	0.000180491250444838	0.00631353065901049	0.229898701209821
AT4G16590.1	-6.41723612413715	7.30909146318913	5.36181699176549e-07	4.27120539272613e-05	0.468550212355726
AT4G16780.1	3.19407686144924	6.22358213082073	4.73903685936801e-05	0.00201000894444649	0.242889481438824
AT4G17250.1	4.45815028457978	4.59641426774941	7.11891177044107e-07	5.55421597760462e-05	0.279470261195574
AT4G17360.1	2.69696763756709	3.45264031544304	0.00150635744500934	0.0384374573350366	0.291196924833839
AT4G17370.1	3.69795208670615	4.18237036247712	6.56517028810317e-06	0.000386970658928099	0.250459893376639
AT4G18780.1	-3.1711374394388	4.68035220172522	4.10677890065154e-05	0.00177763518669983	0.234791314541154
AT4G18920.1	-11.2536456719345	2.05161605186853	2.21144520907919e-08	2.51884392291567e-06	0.521904051282118
AT4G19038.1	-5.90123775348013	0.841726199735608	0.000234402850208137	0.0078935055721067	0.669223600568799
AT4G19170.1	4.81534926310064	9.32669767365217	5.56210295191803e-08	5.82607236825491e-06	0.266418905140571
AT4G19370.1.DE	4.12151477451541	2.71063597001712	0.000139503056458444	0.0050667403206813	0.406517127250118
AT4G19380.1	-4.89168686119188	2.78051801612439	1.4723137172622e-05	0.000738454914433178	0.40697024443325
AT4G19620.1	-10.972577187961	1.77436865556875	1.42647184366105e-07	1.35222398419849e-05	0.569159191633812
AT4G19840.1	2.60838266525533	7.01035961854094	0.000888377042345049	0.0247560351751823	0.25467846742746
AT4G20050.1	-8.41668799835951	6.06396338304122	4.50540241796903e-16	2.24784011690197e-13	0.25581827054517
AT4G20160.1.DE	-6.90548960856013	1.88844309356192	9.59334835766119e-06	0.00052415069600259	0.601735111269243
AT4G20460.1	-4.33044644668028	4.444649580669	9.03290607092295e-08	9.08994177117233e-06	0.229918259551942
AT4G21650.1	-3.13692456153721	8.32938853357764	0.000252885333447191	0.00836728278678063	0.289878700327908
AT4G21960.1.DE	2.8953624377671	11.2029589505105	0.000905836747066396	0.0250346339469851	0.306047329520261
AT4G22690.1.DE	4.23515989671484	7.27283736868553	5.51981980038153e-06	0.000331171720238713	0.309431094804193
AT4G22950.1	4.95247002460882	0.483949737587408	0.00175040566355255	0.0435511036421166	0.719766710442638
AT4G23270.1	4.78368603139133	5.19585176972623	4.6277730215494e-07	3.73352973257681e-05	0.302642451073524
AT4G23810.1.DE	2.78626201223711	3.90527936340313	0.000655899307719888	0.0191605469569513	0.269516714347839
AT4G23880.1	2.98010325079228	3.8955871801701	0.000600676756255092	0.0177386769810596	0.298319767227453
AT4G23900.1	-2.80946124090512	4.67408001276402	0.000115300276455672	0.00427784332939937	0.215322545096518
AT4G24580.1	-6.28226789110032	3.17536236621647	1.87422946603534e-07	1.70834213685404e-05	0.401693587055268
AT4G24710.1	-3.65304428250807	2.25866005980886	0.0010264083921546	0.0276326369623602	0.448135263868142
AT4G24860.1	-4.34420572802274	1.96732093567815	0.000470038116420171	0.0145095950733957	0.508273065374089
AT4G25110.1	5.1925314529862	2.50221062801238	2.33123282518151e-05	0.00109672067326591	0.462531454396595
AT4G25240.1	-5.51447497166698	2.72989177255808	1.15629256784373e-06	8.6648817366598e-05	0.382043115268341
AT4G25590.1	-9.38862284509092	3.38625369994694	1.350586967631e-12	3.76555563519355e-10	0.33362673068476
AT4G25835.1	-3.91418597865039	2.61059761532929	0.000385040277379542	0.0121869426024019	0.427867361996096
AT4G25940.1	3.19003362707039	4.88621733446725	3.52438543956479e-05	0.00155032073198861	0.233138196855866
AT4G26760.1.DE	-3.70913719684095	5.41617393039957	1.23185484787246e-06	9.15872002384861e-05	0.219708462578834
AT4G27590.2	-5.04039915809199	1.77277286506074	0.000149014426745327	0.00538126574602792	0.545602542818707
AT4G27790.1	-6.94021057822458	3.23216381214285	6.10575342944073e-10	9.41129912754201e-08	0.323393213060032
AT4G28090.1	-8.59684931452806	3.07807346078519	5.18259222247438e-11	1.00262006067237e-08	0.354477521840172
AT4G28250.1	-3.91590068074744	6.40361408427005	1.99384239784455e-05	0.000961864071774421	0.308728226118053
AT4G28680.2	-8.88185010151797	5.13053138596284	2.36589795953184e-18	2.36079260077706e-15	0.227139518543049
AT4G29240.1	-3.74502243740898	3.31600097939003	6.29620576219539e-05	0.00257818067052835	0.319591305174525
AT4G29470.1	-7.63951888833734	2.21002149929135	4.10450922287874e-07	3.35419786019647e-05	0.51708420416168
AT4G29700.1.DE	-4.83070029283945	5.74693970421318	3.97309802387903e-08	4.35410204824985e-06	0.260445706699178
AT4G30670.1	-5.23978231241087	0.527984556196393	0.000959294853147615	0.0262163544645787	0.703149527533447
AT4G30800.1	-4.06238813531497	3.72235371323327	3.18992346964956e-06	0.000211460696017783	0.271314430068772
AT4G31690.1	-9.39276320527428	0.23732106935779	7.97120797154643e-05	0.00308420677413365	0.780159211424206
AT4G32280.1.DE	5.9427419393914	3.36291919392002	4.51441859757959e-08	4.80836304446693e-06	0.342902523773081
AT4G32460.1	-4.82910625794519	6.7415356214384	3.0077864372939e-07	2.5686767146241e-05	0.29911227581465
AT4G32480.1	-3.82972842427651	3.87538991801895	0.00030167747396613	0.00974361708504916	0.407375643178126
AT4G32717.1	-10.345261783847	1.15935172361386	5.25089376361629e-06	0.000318056533113103	0.696261197529334
AT4G33010.1.DE	2.74271641171778	11.6442846440128	0.000900573275035997	0.0249619425751571	0.278702228758234
AT4G33270.1	-6.38053449865077	4.98526289000106	4.8468806530482e-13	1.43581266095533e-10	0.22394849534241
AT4G33390.1	-7.10429790148716	2.75985893837511	9.50853470004934e-09	1.14096398340655e-06	0.378469348371155
AT4G33400.1	-3.3165366604341	4.78756700254239	7.00717852864039e-06	0.000407512569707034	0.211562228550492
AT4G33465.1	-10.1370283114573	0.956278024102932	9.51933083870314e-06	0.000521609807430557	0.710807246635742
AT4G34400.1	-6.33483710473342	4.06980624884453	2.57350640622802e-10	4.27992175049798e-08	0.284608590380815
AT4G34440.1	-6.49707980960986	1.96387400058267	1.08402770094026e-05	0.000566173035320285	0.563082012514066
AT4G34940.1	-6.37468702609288	0.461795863932635	0.000470668335362539	0.0145095950733957	0.791860875897013
AT4G34950.1.DE	3.66570457394443	5.73807999847989	1.79149421531063e-05	0.000877646998141452	0.274267338884382
AT4G35050.1	-2.58867258998654	3.64678795262499	0.00160215734116417	0.0402855451341266	0.274408200401339
AT4G35090.1.DE	2.81153460167057	10.4907949440557	0.000571194731652211	0.0170004410006189	0.270699952255278
AT4G35670.1	-9.30670442294672	2.40105353902633	9.17296699231583e-09	1.10770879749883e-06	0.471269242316084
AT4G35700.1	-11.3260650934679	2.12302266174076	1.05283898862848e-08	1.24754839908796e-06	0.502650606592401
AT4G36070.2	-8.4756636742443	-0.624055625596243	0.000561304380051575	0.0167363649738115	0.831175173917785
AT4G36670.1	4.64037083712472	3.42403875671225	2.42813637563556e-05	0.00113666759372036	0.401889402807859
AT4G37560.1	2.45133622010623	5.95809635754787	0.000999931037042153	0.0271123865228246	0.232633564882181
AT4G37780.1	-9.36877843415258	0.214538432020584	8.55058018416619e-05	0.00327495858003246	0.782833148838276
AT4G38420.1	2.701217682166	3.67031023916243	0.000959657682283749	0.0262163544645787	0.270421972611625
AT4G38660.1.DE	-4.7946377725051	5.56244571403994	4.25262985353397e-07	3.44553886295515e-05	0.302538706664233
AT4G39000.1	-10.0616137830627	0.882244979328168	1.04293037020491e-05	0.000549247691353192	0.70677719252928
AT4G39330.1	-2.69527599199907	9.15443945915913	0.00100399290036581	0.0271536396548293	0.275273860863566
AT4G39590.1	-7.22990679157907	0.437717290811687	0.000160848501370532	0.00574298820618442	0.758211170448451
AT4G40100.1	-6.15164352206254	0.252254630530903	0.000752499650615159	0.0215834203873113	0.805812426517583
AT5G01370.1	-3.56642942566291	3.22087846825856	0.000191715440124206	0.00666923491617399	0.338804749066757
AT5G01870.1	-9.30723638724317	2.40177501539338	7.50440574047591e-09	9.3477443510458e-07	0.465224317773364
AT5G01910.1	-6.11660253918997	2.3670885767733	3.03107538884351e-06	0.000202345627806634	0.479454778238031
AT5G02110.1	-6.71960624833975	2.66924437452699	2.03598705731508e-07	1.80907437450677e-05	0.440964283686346
AT5G02540.1	-2.67013755131771	4.58602840856835	0.000759752436332299	0.0217461143022032	0.257466796314668
AT5G02760.1	4.88205822339583	4.28742317584895	1.63311408375578e-06	0.000118176373717274	0.342637321504782
AT5G03870.1	-8.05064729312396	3.28206232108118	1.02579450308198e-10	1.88815902756614e-08	0.351827915264938
AT5G04340.1	3.37304460841886	4.50333700768001	0.000157356387768706	0.00563954585199791	0.305237614564796
AT5G04770.1	-4.91181011495615	3.46697435798992	4.24287946515468e-05	0.001832363366284	0.462002798791917
AT5G06940.1	-5.41487133806937	3.22889983152309	1.13036056846233e-07	1.11617218841028e-05	0.321005843779804
AT5G07100.1	6.41840836865337	3.25406833970189	1.65964857898905e-08	1.94230107463293e-06	0.35486402277164
AT5G07410.1	-9.13325275661603	8.18172312239041	1.43741034994384e-16	8.51620713268289e-14	0.280256111103816
AT5G07520.1	-8.34636020088452	4.98883385893995	3.34568647055645e-14	1.19680886406188e-11	0.284372461459244
AT5G07530.1	-11.0490596871338	10.0321980687374	1.93326516819535e-19	2.61805530884398e-16	0.29971360518527
AT5G07550.1	-11.0569507379832	9.14723663076145	4.57775452543177e-22	7.41594429695612e-18	0.260341536074754
AT5G07571.1	-5.45541888373525	0.0716878032266545	0.00141169036390412	0.0365631661328663	0.762728585558171
AT5G07580.1	2.68006165365623	5.7408499481801	0.0003005748136357	0.00972456978109085	0.226405836737143
AT5G07690.1	4.8630622928004	3.80390259865967	3.88316034211792e-07	3.187049217585e-05	0.302749023610002
AT5G08030.1	-5.46638239257805	2.71223128041369	2.8584307849787e-06	0.000192857612997904	0.410280328545977
AT5G10080.1	-4.09504602180096	2.74243729196107	6.90044942269532e-05	0.00276619757258862	0.369976551993525
AT5G10160.1	-2.91526545443647	4.9239219997916	6.65134500784664e-05	0.00269450534196078	0.215182680283656
AT5G10180.1.DE	2.58361583556437	6.3870936333193	0.000934742958377934	0.0256095256472359	0.252420316815604
AT5G10200.1.DE	-2.44315398310078	4.55084692216652	0.000809684027833001	0.0228434516126278	0.22211506400927
AT5G10380.1	3.3125907636016	6.91880185569823	0.000430863437049203	0.0134133660148043	0.341729407496866
AT5G10510.3	-3.74381367705682	2.53982901865482	0.00041864097456315	0.0130973832289485	0.40526272872583
AT5G10930.1	2.60838986280135	5.93221109931039	0.000522578374755144	0.0158015365342628	0.234067916813834
AT5G11360.1	-4.82442054713669	1.05884089489935	0.00129455507743392	0.033751640970469	0.680526726125571
AT5G11510.1	-4.84433553077399	3.74974996092583	5.28456129261188e-07	4.22742605681977e-05	0.308405999264633
AT5G11840.1	2.64727502549358	5.41182812228354	0.0010079715786299	0.0272224119077554	0.265884027291048
AT5G12940.1	-2.50243296943241	4.40841392310286	0.00126431357515046	0.0331536944277697	0.249865944654567
AT5G12960.1	-4.73374535311186	3.64739645616041	3.46814799145921e-06	0.000225954012955585	0.344906713523991
AT5G13940.1	-5.1230780028818	1.36209884485341	0.000386993961575356	0.012208017500012	0.621379212281322
AT5G13990.1	-6.28331972199136	3.54453118687661	7.11934972002195e-10	1.07335579958975e-07	0.289961156820895
AT5G14000.1	-4.38970110776445	2.07778108918482	0.000232184702942749	0.00784668410533258	0.470981057578243
AT5G14345.1	-9.25121302933218	0.103294506962506	0.000120881514940007	0.00446743205019024	0.798746143165722
AT5G15100.1	-6.37226300402378	0.893190773037037	0.000126194573921013	0.00464567558634659	0.673165743899543
AT5G15380.1	-8.7155536502175	-0.401205048034149	0.000375497131331177	0.0119647901057274	0.829378606271143
AT5G15530.1	-7.33623075047163	5.9941927315699	2.61719095321956e-14	9.542177554248e-12	0.245512126019601
AT5G15720.1	-6.17069645515693	2.60721434889339	3.4070874783853e-07	2.85818457976579e-05	0.404042631235563
AT5G15830.1	4.77964388731664	2.08299575101312	0.000156622117714024	0.00562386123056852	0.502969194554184
AT5G15960.1	-6.54146663990657	7.20408715089648	7.62465886899115e-12	1.7628769206976e-09	0.262586833911924
AT5G16100.1	-7.31923287505121	1.31274757013608	1.65601343102775e-05	0.00081974826733303	0.638606842479979
AT5G16250.1	-5.91477309059922	5.79100993936575	4.72093793243955e-10	7.45868852176011e-08	0.273456297228494
AT5G16570.1	4.88457395861342	6.39757819768816	8.34284346277464e-07	6.40372344982771e-05	0.32794826113037
AT5G16920.1	-9.52393466108605	5.43593975766824	1.10230488154105e-15	5.09721908515532e-13	0.294130946191293
AT5G16960.1	-9.53070104439897	6.59538500223815	8.17229243973477e-19	9.68365577280822e-16	0.251619556871493
AT5G17210.1	-3.38320318655677	3.72498913423275	7.58037631639523e-05	0.00296322380582551	0.278146253206372
AT5G17340.1.DE	-12.7853430802994	3.57129828758621	1.83824222411985e-15	8.10493821560193e-13	0.303774328563227
AT5G18910.1	-6.54680042615733	3.19275727717212	2.47285286396607e-09	3.37286456459948e-07	0.324633067166425
AT5G19640.1	-10.8641683366413	1.66761051081237	2.96411667337238e-07	2.55439490956668e-05	0.59161800124214
AT5G20230.1.DE	-2.54822147664921	5.56190830507513	0.000783245878135358	0.0222632063022013	0.239224733137511
AT5G20250.4	-4.13220828043641	5.11055047083697	9.14864761427556e-06	0.000505682828335424	0.310151460365221
AT5G20810.2	-4.85482271593528	3.32778045642334	4.12769999619654e-06	0.000262607598080169	0.359858515297715
AT5G20940.1	-3.95912085263536	2.72181667002336	0.000146835048728254	0.00531268261228811	0.382028384283993
AT5G22940.1	-4.44807988649076	4.57141511293542	2.32650844775259e-05	0.00109672067326591	0.379901156682633
AT5G23010.1.DE	5.45799689255779	7.33698221108453	1.333773122464e-09	1.90127854351843e-07	0.258016388230906
AT5G23350.1	-4.08142755816669	1.89677158103606	0.00157321658854854	0.0397158632520529	0.567740252417816
AT5G23420.1	-4.04840478277766	4.90740421116767	7.86009889975225e-07	6.08243326695522e-05	0.24329552148447
AT5G24200.1	4.64969130353637	1.50167417690389	0.000724622542337885	0.020964938376922	0.60587845325223
AT5G24210.1	5.91243707718319	6.43868017612329	5.36009411036348e-11	1.02648509331698e-08	0.247207966805961
AT5G24330.1	-6.25500148996086	1.6992731677084	2.74647477498569e-05	0.00125773949900854	0.580350586263348
AT5G24880.1	-4.14845498262257	1.85010486441632	0.00102753357552951	0.0276326369623602	0.537256792666703
AT5G24910.1	-6.25941281773716	1.46775943933666	6.06932256229083e-05	0.00249605827458724	0.628799352128222
AT5G24940.1	-6.38995432810579	1.62772783428661	2.12397215131839e-05	0.00101687848527387	0.581858972494783
AT5G25090.1	-8.01773681336029	4.0161797466473	1.60418166376804e-13	5.24373795920315e-11	0.275424369536375
AT5G25290.1	-6.76030452734114	-0.00633507201497941	0.000511205064450565	0.0155501287742068	0.800137464690247
AT5G25830.1	-3.1794594145071	3.03597869210076	0.000613531330922902	0.0180901096469165	0.330586252602504
AT5G25930.1	3.38784854304005	3.33557508134153	0.000253484099556752	0.00837248265417503	0.323588141793698
AT5G26670.1	-3.95835947662536	4.55737040932848	6.90126827276975e-05	0.00276619757258862	0.357569021827301
AT5G26717.1	-8.88772967433961	3.39775775990374	1.43217634289954e-12	3.93516395435253e-10	0.31969075525513
AT5G26730.1	-12.0310959149447	5.95550709631365	1.64295955005875e-20	5.19147835159397e-17	0.272338631108025
AT5G26850.1	-3.6917993827271	7.14583958771194	6.7556744818457e-06	0.000395311211423804	0.253464906752924
AT5G27350.1	2.74087013417261	5.25489993123077	0.000215480334496848	0.0073608858769833	0.224405740027308
AT5G27450.1	-3.42067745160524	4.26947485306315	1.83901579995552e-05	0.000898024037493084	0.244258189967914
AT5G28630.1	5.41034223728047	0.0275097732429119	0.0015661546600688	0.0395903016003259	0.76514726568661
AT5G28640.1	-7.02848680256594	5.3515216932297	1.74276092807215e-14	6.47862832065098e-12	0.226703066263938
AT5G35090.1	-10.0680646822511	0.888708437649651	9.88025028528602e-06	0.000532581395711293	0.703371547523314
AT5G36260.1	-6.95036813307224	3.20859588305499	1.28303329489781e-09	1.842805169543e-07	0.334782032169234
AT5G36930.2	2.53343021547837	5.63395743212178	0.00152958172035321	0.0389634361511705	0.265048997208341
AT5G37010.1	-4.74738516084642	3.95630648289828	1.24910569530691e-07	1.21445101934993e-05	0.269615293092939
AT5G38390.1	-8.91066063895605	-0.218967481902543	0.000249615220889427	0.00827352267979485	0.817135603244021
AT5G39020.1	3.89418536680099	3.82264478581205	0.000177382924313683	0.00621627146407232	0.388006357812305
AT5G39080.1	4.42591573941307	4.38395648867456	1.48222376962375e-07	1.39808360439287e-05	0.246422757547769
AT5G39520.1	3.90175296404826	2.08027349055154	0.000889227277509318	0.0247560351751823	0.478177430146318
AT5G39650.1	-8.27642170817035	1.38083522358012	7.56373355252272e-06	0.000431930194043007	0.658623646272961
AT5G39670.1.DE	4.26637472217542	3.01781922200206	1.53042475357465e-05	0.000763561129026889	0.334794764961283
AT5G40348.1	-10.4400153005689	1.25113365589224	3.42464189920115e-06	0.000224663618570777	0.679585536937916
AT5G40460.1	-4.58384105758383	1.35443467286925	0.00121723647634712	0.0320077480652775	0.626101498253523
AT5G40940.1	-7.32464220167994	1.37347444736472	2.58117248092308e-05	0.00119649019720833	0.679683053618329
AT5G41400.1	3.10959718214135	4.64176951459192	2.49810465433292e-05	0.00116367484377145	0.214942431396509
AT5G42230.1	-5.69793360448642	2.48084151009115	4.96889508004842e-06	0.000304871462209185	0.454588616865677
AT5G42250.1	4.2034481554008	4.47843568081928	1.86410089163045e-07	1.70731829973052e-05	0.231020252829439
AT5G42650.1	3.72763059312479	7.45367500951457	5.44349711703224e-06	0.000328672808413421	0.252488179703567
AT5G42880.1	-4.77931687035077	3.30385766219085	2.01077297331747e-06	0.000139641922348447	0.332308368684272
AT5G43110.1	-9.87002765323764	0.696993204347575	1.8425621107907e-05	0.000898024037493084	0.723450874621225
AT5G43250.1	-5.42782534141725	0.671162452579742	0.000760465941366143	0.0217461143022032	0.708771996156042
AT5G43300.1	-6.70683186490438	2.67892095399544	1.07685331605807e-07	1.06890377063587e-05	0.409885918604181
AT5G43780.1	3.04175293315658	6.65544523728803	0.000380355159410502	0.0120587850623139	0.291114557830523
AT5G44040.1	-3.17233595602005	4.09086816630769	0.000108375516352255	0.00406065496941186	0.262455545386505
AT5G44568.1.DE	4.6945001216692	2.71761432440734	2.04233956496566e-05	0.000982759284573195	0.395843602710955
AT5G44580.1	5.61244271113144	6.43233599534143	8.48024765132407e-10	1.2560704314176e-07	0.262006817414534
AT5G44630.1.DE	-10.2230336338785	5.67543334297778	7.06143551628892e-20	1.33877755953322e-16	0.245692601294301
AT5G45276.1	-5.6687627873055	0.969363930317831	0.000396943706434517	0.0124803577616783	0.701890487627706
AT5G45380.1	5.10921619896942	6.66339504812585	4.19442973112828e-07	3.41296966834597e-05	0.333036520990115
AT5G45775.2	-2.57447884791776	7.11188446609412	0.00120583295479759	0.0318108504759189	0.261989831146361
AT5G45820.1	3.15439641055186	4.98345734499582	2.61319163520263e-05	0.00120543796135783	0.221878870325479
AT5G45875.1	-9.51105725798307	0.351318187324176	6.1145378656138e-05	0.00250921046307731	0.773635656407311
AT5G46490.2	3.37066207518358	5.62375387592863	1.04284548623395e-05	0.000549247691353192	0.226623732983325
AT5G46650.1	-6.47522745671099	1.08660407671738	0.000164600028494115	0.00586588710567657	0.734028408522847
AT5G46910.1	-2.74518946060265	4.07031363854446	0.000482553809566839	0.0148518468759378	0.250948750896884
AT5G46940.1	-11.8172572122144	2.60932930526754	3.28642173885371e-10	5.37131635749374e-08	0.443236273113836
AT5G46970.1.DE	-10.2691814708599	1.08518266207238	7.06097129602576e-06	0.000409385182878753	0.707557300675267
AT5G47220.1.DE	3.75720153018565	4.32978317607106	1.58688566615391e-06	0.000115271131588552	0.227135555123077
AT5G47500.1	-6.81008948135844	6.26705873870836	1.26184634203924e-10	2.25691932063415e-08	0.312399456050888
AT5G47740.2	-10.0358457138776	0.857537528503981	1.06269729889551e-05	0.000558107426309143	0.704087911578197
AT5G48480.1	-4.05723852522887	6.99633310607977	3.69576954481506e-06	0.00023832685306173	0.279197968812042
AT5G48657.1	3.81559853406462	2.47029173572149	0.000531976831549277	0.0160091249989567	0.430623862268017
AT5G49150.1	-6.07598761791761	1.92626775176315	1.00285647064155e-05	0.000532581395711293	0.510749757666778
AT5G49180.1	-8.87683807308817	2.84364649224263	1.53188841462332e-10	2.6645020598939e-08	0.377150517634115
AT5G50030.1	-8.06096988667895	4.91622625610032	1.54560989000698e-16	8.87870727400645e-14	0.230018457177401
AT5G50200.3	3.1318951798704	3.44489888370759	0.000668092571062571	0.0194867185458081	0.327473335210263
AT5G50790.1	-9.97748645526461	5.79413529775804	2.3688122758453e-20	6.41575884825014e-17	0.234481563723824
AT5G50830.2	-7.04555629639339	3.84890836041346	6.66401375219456e-12	1.57928795909821e-09	0.272480023508785
AT5G51210.1	-6.76380773365989	0.718996862792466	0.000168484521847134	0.00597065056018658	0.731169209350274
AT5G51480.1	-6.74169046369918	2.00159388319429	3.32362626115142e-06	0.000218793855156839	0.530893288915824
AT5G51590.1	-3.18971922213186	3.59337524084407	0.000244428493365699	0.00817305080373948	0.292453510891067
AT5G51750.1	-4.51794498879729	8.14435091344619	1.37643263242138e-07	1.31796900394328e-05	0.256637931101352
AT5G51810.1	-11.258767780071	2.05668170261898	2.21871899956177e-08	2.51884392291567e-06	0.522485947151734
AT5G52160.1	-9.80115568999842	5.96536445898493	1.51266789938805e-18	1.68698062967636e-15	0.258586982704758
AT5G52340.1	-4.67180913872326	2.48633048350277	3.38189413061471e-05	0.00149457647604486	0.412653226489826
AT5G52360.1	-8.57369147988456	3.79726253473808	2.66588157875441e-13	8.15200787929112e-11	0.298579614667261
AT5G52740.1	7.49708143727296	2.97049476616085	4.3161766033791e-08	4.64945410360593e-06	0.450801731745383
AT5G53370.1	3.8400230478627	7.10440096807291	1.12160144482961e-05	0.000577838092188167	0.283178083472607
AT5G54585.1	5.16430313859291	4.36881541500683	2.07606751116992e-09	2.9155676995756e-07	0.238961559090355
AT5G55180.2	-5.83376678841511	5.84362817138046	7.72164289935787e-11	1.44945175969234e-08	0.246095835582821
AT5G55330.1	-7.1585620315301	1.15688934586814	2.84846129414996e-05	0.00130130066688649	0.653198543135622
AT5G55730.1	-3.48628232370661	5.90903569422545	4.3729673744563e-05	0.0018757259830841	0.278081143198481
AT5G55830.1	-5.16791241646448	2.34785073863441	3.54265305465146e-05	0.00155474905701706	0.479047266008111
AT5G56110.1	-10.3793508104558	1.19278554178531	5.57387843293727e-06	0.000333360130000182	0.705630626048923
AT5G56120.1	-6.07009450694912	4.55131149730142	3.26460659116541e-09	4.29817196957674e-07	0.310395801423929
AT5G56580.1	-5.22981348078625	2.9389440499831	1.65009961245198e-06	0.000118951477385844	0.370047306386969
AT5G56640.1	-8.24765251058501	2.73152687135168	1.21478394351719e-09	1.75809838054523e-07	0.391023656224033
AT5G56670.1	-2.49665068145689	6.76346735960512	0.0018038038200376	0.0448208605820352	0.266576984174728
AT5G56870.1	-4.16217757877758	5.80227829671542	3.73851170322527e-07	3.0816714513673e-05	0.241114903756139
AT5G56970.1	-7.45531161072168	2.92918326728723	2.38752762254775e-09	3.30402453984546e-07	0.374023925571977
AT5G57340.2	5.04268823084718	3.75637267803861	3.73562741065403e-08	4.13040161609062e-06	0.270214071423365
AT5G57380.1	-7.01559301951946	1.99504332513679	5.171293096344e-06	0.000315249343452045	0.580588928255917
AT5G57630.1	3.57665897410022	4.71444280692642	1.15938474259073e-05	0.000592473728700204	0.25108884755783
AT5G57720.1	-7.87603815549915	1.85700756665634	7.38150797586996e-07	5.73549220141469e-05	0.537518023954267
AT5G57810.1	-8.39297969504192	3.24956776772019	2.06570976937632e-11	4.35153239084507e-09	0.336017454268089
AT5G58080.1	-5.7949822626793	0.290656857650298	0.00148880631380631	0.0380408071475119	0.829267338145671
AT5G58670.1	2.97633912466952	4.11143864138467	0.000247095183569866	0.0082043390285483	0.261876522738134
AT5G58770.1.DE	3.15810845186317	5.35267337186178	2.42472171304207e-05	0.00113666759372036	0.220898536249269
AT5G59240.1	-4.15045273684341	1.64745592407203	0.00155480770669535	0.0394393853511798	0.577339423022008
AT5G59540.1	6.19390293650604	5.76911464400116	1.70265072661753e-12	4.54655705999179e-10	0.227247716409416
AT5G59680.1	4.29108731361193	3.96826323358142	0.000217186998517434	0.00740584227498567	0.463043814784643
AT5G59690.1	-2.75528441102703	7.03050294062021	0.000561439322925477	0.0167363649738115	0.260556619581369
AT5G59845.1	-7.31784595022175	4.54858651064475	1.72199077048287e-14	6.47862832065098e-12	0.234949839402895
AT5G59970.1	-3.4159787966216	5.6896241667925	2.95285737308874e-05	0.00134069678683871	0.257472388116022
AT5G60020.1	-3.67931433610745	5.21197622217293	9.09668032037253e-06	0.000504280591210359	0.258022947737464
AT5G60150.1	-6.92788579794496	3.16851357625648	2.83187680951123e-09	3.78095439658615e-07	0.35482988937165
AT5G60260.1	-8.46378993409904	-0.635130286805643	0.000560594675703907	0.0167363649738115	0.830983551005304
AT5G60900.1	4.49098426833112	5.92422770282566	1.56829948757151e-06	0.000114359192249493	0.302905367358534
AT5G60930.1	-5.1981371543468	4.52886667531838	2.55695435995287e-09	3.4626641221676e-07	0.245280022755747
AT5G61160.1.DE	7.36339807629742	0.563686143238277	0.000131889712631226	0.00483655137674159	0.761588596266818
AT5G61260.1	-4.26858881634994	1.97278843621672	0.000449987669208617	0.0139400591838663	0.495865426081992
AT5G61440.1	-5.30126273232127	4.01324710102325	8.94875405197771e-08	9.08994177117233e-06	0.309561627683061
AT5G61590.1	3.5287406710889	5.51834058619507	1.00069278460104e-05	0.000532581395711293	0.243178497761437
AT5G61600.1	3.71725593056466	3.08084071969003	0.000227955691589586	0.00773132729310726	0.370173559800933
AT5G62065.1	-8.38907933261424	1.49138807431202	5.24735607263187e-06	0.000318056533113103	0.649695385275028
AT5G62080.1	-10.1425868269228	5.78016513039796	1.27714459266886e-19	2.01778202770074e-16	0.248238846901641
AT5G62250.1	-5.25280353608219	0.540220646090757	0.000919557386994015	0.0253399542151447	0.701267260058878
AT5G62410.1	-2.95741791685194	4.75100452555668	4.91923628784454e-05	0.00208178126743849	0.212683645141996
AT5G62730.1	-5.26529725373155	5.01142905218152	6.81152098547914e-07	5.35849072048543e-05	0.358196471581949
AT5G62750.1	-8.41802114325059	4.06151481510753	5.45127099415563e-15	2.15313847454576e-12	0.257442241989156
AT5G62850.1	-3.95381163580157	3.94234878363675	1.11780780253283e-05	0.000577452810033239	0.292083666105019
AT5G63650.1	-3.7883537253327	4.18391252915013	4.20767579631128e-06	0.000265911084740886	0.250324194971704
AT5G63900.1	-6.1435766935107	-0.651769349300793	0.00192632436511585	0.0473072326920095	0.829827164348595
AT5G64140.1	-2.56869673256661	6.29468225976717	0.00103805169723979	0.0278365235190512	0.254262232099713
AT5G64770.1.DE	5.14659968108618	5.89480930116183	9.09406541016056e-10	1.32626450854795e-07	0.231153679225204
AT5G64910.1	-4.54325651879602	2.70461897157088	3.65447650734235e-05	0.00160012055664443	0.403130569652697
AT5G65350.1.DE	-4.23633500246779	1.70486953873506	0.000969015719838427	0.0263959325178401	0.545032898420494
AT5G66170.2.DE	-2.91095292046394	3.95398550478297	0.000389483668826981	0.0122661476366956	0.268245234071626
AT5G66230.1	-6.39516518399371	4.24284708597845	2.35254550331176e-11	4.89351112959556e-09	0.260084024463762
AT5G66460.1	-2.30581812806066	4.94568073734243	0.0012960174390264	0.033751640970469	0.217276234014245
AT5G66640.2	6.13231786692303	3.70408318675008	2.4471632629729e-09	3.36201219584806e-07	0.302452567738126
AT5G66870.1	-5.89090790203307	1.87138393233533	0.000189600892254306	0.00660780021369373	0.679308010610411
AT5G66900.1	2.21652445200914	4.95276731444535	0.00183537486367198	0.045545644031881	0.215590764873503
AT5G66940.1	-10.0067900217583	0.829566897428727	1.23171115428237e-05	0.000626059296891137	0.711527909747971
AT5G67110.1	-3.8255643532421	4.37240266236054	6.7795474380244e-06	0.000395487507315399	0.265551851019259
AT5G67260.1.DE	-2.72892802799531	5.95566056410385	0.000316565081477897	0.0101897408824099	0.235428134062902
AT5G67265.1	-7.34145832788515	0.472424223194253	0.000150522968406331	0.00541511377232568	0.758189160876624
