baseMean	baseMeanA	baseMeanB	foldChange	log2FoldChange	pvalue	padj	dispersion
AT1G02190.1	3168.70256729968	6324.1559619267	13.2491726726569	0.00209501042548933	-8.89882686137501	0.000155680118080708	0.00936886372150756	1.18259770007522
AT1G02730.1	2326.48500970424	4539.67393196958	113.296087438899	0.0249568777706782	-5.32441873259821	2.63861111340211e-06	0.000291332457690228	0.00287931680356419
AT1G02810.1	148.042089693986	284.573237138213	11.5109422497598	0.0404498411920904	-4.62772215119446	7.80798164256202e-05	0.00517671073454318	0.0324346438411737
AT1G02900.1	154.119952862783	298.603103829777	9.63680189578903	0.0322729461689809	-4.95353090357169	0.000151651360116435	0.00916670539229186	0.526493824583725
AT1G03170.1	565.001233462211	1116.35700393097	13.6454629934539	0.0122232072226043	-6.35423330911458	1.07305686841924e-07	2.05471630566823e-05	0.0858789608741444
AT1G03390.1	206.772500237255	406.184348989701	7.36065148480941	0.0181214552040656	-5.78615737724973	2.00345479484657e-06	0.000229533887834682	0.221440719164247
AT1G03710.1	412.047062852721	819.677734814557	4.41639089088565	0.00538796005223298	-7.53604513034647	7.35443236656385e-09	2.34161705885176e-06	0.136164050178507
AT1G04700.1	411.70699824322	774.240691139556	49.1733053468846	0.0635116520090277	-3.97683489311013	0.000230586323396911	0.0130452783207732	0.204534742510578
AT1G04880.1	350.205379837007	696.396378840137	4.01438083387678	0.00576450561182242	-7.43858740305684	1.2044266429265e-08	3.34613165576597e-06	0.0115025447909507
AT1G05040.1	28.8835405532808	56.6969608666087	1.07012023995301	0.0188743845101449	-5.72742659056295	0.000261511250441273	0.0145839125449754	0.35296351191676
AT1G05490.1	595.389702798394	1175.19041734977	15.5889882470144	0.0132650743376294	-6.23622342930584	2.01145177862575e-07	3.50812564346053e-05	0.0875584884410715
AT1G05950.1	386.051657681661	712.353278075558	59.7500372877649	0.0838769738649639	-3.57558137732405	0.000708004128010966	0.0344049535763239	0.0494913016957846
AT1G06750.2	80.3982422331522	156.715578600944	4.0809058653606	0.0260402054587828	-5.26311535827588	3.67585091487446e-05	0.00276516894920584	0.00372910559803338
AT1G06990.1	482.322924961612	964.177314834732	0.468535088492688	0.000485942866819055	-11.0069256760108	1.23046693436685e-11	1.16181536540804e-08	0.0773311055006003
AT1G08730.1	506.681870892199	966.194766986345	47.1689747980521	0.0488193234011986	-4.35640388917634	6.85870001966652e-05	0.00461437159554075	0.0399991454782965
AT1G09155.1	53.5657927882875	107.131585576575	0	0	-Inf	6.7338658527753e-07	9.08308939806371e-05	0.0547042883294679
AT1G09380.1.DE	305.545694248836	610.556328377696	0.535060119976507	0.000876348495802525	-10.1562076818869	1.5627665993723e-10	9.30253804869834e-08	0.232339573671268
AT1G09610.1	187.687492512922	363.595082782043	11.779902243801	0.0323984091139716	-4.94793321678006	2.79363330886181e-05	0.00219813986388661	0.00514338612133473
AT1G09720.1	21.7468309834109	43.4936619668218	0	0	-Inf	0.000103875128730794	0.00664558124978177	0.613677329549847
AT1G09930.1	108.930775250694	211.504494225048	6.35705627634022	0.0300563649941929	-5.05618564898202	3.84179406167551e-05	0.00288208232867942	-0.00170994677684469
AT1G09932.1	268.659798957182	13.1217134084486	524.197884505915	39.948889919239	5.32008350967366	7.11691740179082e-06	0.000665103864490908	0.0642522642628179
AT1G10540.1	226.839920502803	440.566578264022	13.1132627415833	0.0297645427241756	-5.07026145951526	1.25748859094983e-05	0.00112893615073404	0.000280201199546463
AT1G10980.1	328.964171815443	656.522738365408	1.40560526547806	0.00214098489410694	-8.86750966795496	7.69823481471902e-10	3.24297024148671e-07	0.119397038494433
AT1G11040.1	32.4292540746683	64.8585081493367	0	0	-Inf	1.18931916869984e-05	0.00107478341509369	0.044372199133708
AT1G11190.1	566.453776187407	1071.74333021725	61.1642221575609	0.0570698416617738	-4.13112762946039	0.000142442095758813	0.00872561401804882	0.00738799797539611
AT1G11610.2	17.1174238812528	34.2348477625057	0	0	-Inf	0.0003706968749898	0.0196333110850497	0.403481578898311
AT1G11765.1	274.954708279827	547.500216085706	2.40920047394726	0.00440036442573773	-7.82816127604097	9.55332852635112e-09	2.91653331292348e-06	-0.00125626370195001
AT1G11770.1	418.789473848613	835.973767337296	1.60518035992952	0.00192013245229245	-9.02457845201013	4.56101034971588e-06	0.000450864929227148	0.790169652772656
AT1G12110.1	3990.16385701058	499.636473733884	7480.69124028728	14.9722681060143	3.90422088257892	0.000182024172311772	0.0107882811390496	0.00582571626487864
AT1G13130.1	297.81841626324	585.062960453705	10.5738720727744	0.0180730498894932	-5.79001620326432	1.69238997623434e-06	0.000199745785901934	0.209338569518847
AT1G13140.1	2525.28609299135	5021.06591488008	29.5062711026155	0.00587649546985089	-7.41082824449259	2.32832813725365e-09	8.27977676029602e-07	-0.000394186033473987
AT1G13245.1	1406.90197811101	237.107269058149	2576.69668716387	10.8672192860184	3.44191092435201	0.000874873361165792	0.0405343187401721	-0.000689969267349397
AT1G14182.1	76.310916815841	152.621833631682	0	0	-Inf	7.34870532025488e-08	1.49053517836459e-05	0.0499138104280019
AT1G15360.1	1135.56999102442	2268.06267139195	3.0773106568914	0.00135680142163038	-9.52557469801948	9.20532563510078e-12	9.33556394593814e-09	0.000628770879714785
AT1G15760.1	114.000240428346	215.150458372937	12.850022483754	0.0597257499748389	-4.06550312509165	0.000452366490808683	0.0232832692694048	0.0780101538111471
AT1G16420.1	68.9848291265451	0	137.96965825309	Inf	Inf	1.31352934420253e-07	2.44673880972474e-05	0.0257909626637523
AT1G16630.1.DE	508.681155031866	999.962846626126	17.3994634376073	0.0174001099103963	-5.84475977067297	8.09467793424664e-07	0.000107076556133112	0.00264402609699642
AT1G17030.1	554.038678100309	1089.07271240308	19.0046437975368	0.0174502983878848	-5.84060448405377	8.54034390973494e-07	0.000111890764084384	0.30116143754817
AT1G18710.1	562.764600807171	88.839726340605	1036.68947527374	11.6692105882806	3.54463506219705	0.000722906047464463	0.0348496714642111	0.148620581824336
AT1G19460.1	35.3077709435438	70.6155418870877	0	0	-Inf	7.07057597602289e-06	0.00066303599786116	0.170003646648118
AT1G20080.1	225.477936774635	445.200402424389	5.75547112487989	0.0129278210296707	-6.27337705883365	5.56447764656525e-07	7.85394468650772e-05	0.0588970733128557
AT1G21130.1	6021.80372019834	18.5922585455276	12025.0151818512	646.775385163939	9.33712096385894	5.85793295533408e-05	0.00406080810589767	1.12798873676188
AT1G22090.1	48.9626369493242	97.3902137786718	0.535060119976507	0.00549398239532033	-7.50793199715053	4.99548883585438e-06	0.000485058423061577	0.202724870822937
AT1G22350.1.DE	450.277473486377	41.2921727692027	859.262774203552	20.8093378618338	4.37915915517222	5.81808980861145e-05	0.00404342474973093	0.0461849327268247
AT1G22690.1	758.701143405568	66.4054346542734	1450.99685215686	21.8505738229286	4.44959926205594	4.8419979024022e-05	0.00347077451737113	0.316311812401768
AT1G23000.1	454.622345767772	889.438887492095	19.8058040434486	0.0222677514126845	-5.48890030697698	2.269168468358e-06	0.000255697000002382	0.017563237694689
AT1G23410.1	212.274000391611	408.154992422191	16.3930083610322	0.040163684544805	-4.63796456414427	0.000567383493103503	0.0284543860955313	0.590875429627492
AT1G23420.1	173.016152289721	345.56376949095	0.468535088492688	0.00135585709457588	-9.52657915619614	3.07572092384798e-09	1.06606823211146e-06	0.343838183366913
AT1G23500.1	17.5158576872681	35.0317153745361	0	0	-Inf	0.000350785684435511	0.0187601828344007	-0.0323825071602197
AT1G23600.1	456.0371064838	911.605677879108	0.468535088492688	0.000513966838801132	-10.9260370999756	1.58373435926141e-11	1.39889723307406e-08	-0.000357539043415638
AT1G23770.1	25.1600706041948	50.3201412083896	0	0	-Inf	4.7219342918755e-05	0.00341625568265753	0.4738492196578
AT1G25240.1	208.921556029026	413.76220619269	4.0809058653606	0.00986292562317813	-6.66376863035232	2.18224529110711e-07	3.77422927460649e-05	0.15928876888765
AT1G25430.1	215.9159134176	2.42537960830547	429.406447226894	177.04710873153	7.46798947375918	0.000106584637504255	0.00678721056777093	0.851889413977287
AT1G26330.2	152.717211662404	294.258966100573	11.1754572242347	0.0379783065655683	-4.71868061193145	6.25155274885149e-05	0.00427851153059884	0.111919135754327
AT1G26390.1	18.965661545583	0	37.931323091166	Inf	Inf	0.000247157256915144	0.0138966324617053	0.532387655477674
AT1G26420.1	36.0996843131219	1.34897875004589	70.850389876198	52.5215018203865	5.71483626469482	0.000188969351114519	0.0111037741893085	0.117608581324173
AT1G26710.1	491.89450616723	983.789012334461	0	0	-Inf	1.75427608306306e-12	2.82562280626076e-09	0.00120322632893063
AT1G26760.1	157.88292327025	308.40519505569	7.36065148480941	0.023866820672331	-5.38884979368409	8.58704568593729e-06	0.000794359746528158	0.10325933913371
AT1G27040.1	100.685100577719	200.433130978452	0.937070176985376	0.00467522595895644	-7.74074819089432	2.67595943947131e-07	4.32382084994671e-05	0.0662347998653744
AT1G28370.1	177.784442431617	13.0331725626674	342.535712300567	26.2818366482567	4.7159941936353	6.04810221421423e-05	0.00417151473122453	0.239327500687876
AT1G28430.1	2024.99056755468	4045.4316941555	4.54944095385328	0.00112458726232504	-9.79638867331147	2.16638255041812e-12	3.12209931555521e-09	0.158320382433402
AT1G28500.1	27.9072633234355	54.8774564698856	0.937070176985376	0.0170756853043945	-5.87191270991754	0.000339312952269872	0.0183617930020823	-0.0345519277719342
AT1G28700.1	253.420898733597	506.306737347218	0.535060119976507	0.00105679044047476	-9.88609496325051	4.44216630772993e-10	1.93072060060732e-07	0.249968957730623
AT1G29980.1	826.275621240146	1580.61643302361	71.9348094566808	0.0455106045677853	-4.45765343842462	4.58244429507435e-05	0.00335498635528679	0.0137359676098329
AT1G30080.1	111.348565128292	221.224999959623	1.47213029696188	0.00665444817371712	-7.23146525038821	3.94162111605659e-07	6.02957929608165e-05	0.310629435131345
AT1G30795.1	220.78925108516	441.57850217032	0	0	-Inf	1.67624455930569e-10	9.76572947295924e-08	0.222659190899795
AT1G31310.1	266.285459215618	532.102383342743	0.468535088492688	0.000880535594577276	-10.1493310551271	3.13430802496071e-10	1.61931362904668e-07	0.0232846452518358
AT1G35110.1	60.6885357511674	119.838416173889	1.5386553284457	0.0128394164206331	-6.28327655944784	1.04840620328592e-05	0.000950578101270702	0.0781967800942355
AT1G35290.1	270.450838667879	513.402596650081	27.4990806856771	0.0535624106015568	-4.22263529848048	0.00013003394354629	0.00805563222213692	-0.00177671128972905
AT1G35730.1	18.9091068602045	37.818213720409	0	0	-Inf	0.000234469905421639	0.0132376390726914	0.00271926673104859
AT1G42560.1	47.7753576011505	93.6765748483302	1.87414035397075	0.0200064995651809	-5.64338742141764	8.20833762340331e-05	0.00540290146163532	-0.0188230205964266
AT1G47280.1	81.9993363901515	163.998672780303	0	0	-Inf	5.04737865811041e-08	1.12363676761284e-05	-0.00985793650081076
AT1G49290.1.DE	138.690088074791	273.432320347188	3.94785580239296	0.0144381461466596	-6.1139706772393	1.98699363529565e-06	0.000229297325907926	0.09398415647797
AT1G49830.1	36.9884768588092	73.4418935976419	0.535060119976507	0.00728548916382634	-7.10075844339024	2.95045785657304e-05	0.00230169336264054	0.304318856493526
AT1G49870.1	494.553491014907	972.980073794717	16.1269082350969	0.0165747569446108	-5.9148684752363	6.06813141523494e-07	8.39179668747288e-05	0.0818022678618667
AT1G51055.1	22.6869428957773	45.3738857915546	0	0	-Inf	8.50963344175602e-05	0.00556111653704447	0.288606573742392
AT1G51260.1	103.214922298875	206.429844597751	0	0	-Inf	1.20979853159313e-08	3.34613165576597e-06	0.0518434153577854
AT1G51420.1	117.54079200593	225.84679217308	9.23479183878016	0.0408896303105468	-4.61212117047982	9.89500251673503e-05	0.00637517550384091	0.100202785989252
AT1G51790.1	194.791772596314	10.3282597081328	379.255285484494	36.720153849913	5.19850019824806	1.20475918486195e-05	0.00108515513157533	0.384339220646924
AT1G51800.1.DE	418.905610740152	55.865316482364	781.945904997941	13.9969833562975	3.80704402449616	0.00039972982593759	0.0208483849406154	0.219260791640799
AT1G52690.1	87.1106299524361	170.941514285423	3.27974561944882	0.0191863610964191	-5.70377507521708	1.45813437101879e-05	0.0012675122332456	0.0281446596247426
AT1G52750.1	131.03182783113	252.15789377243	9.90576188983026	0.0392839650650402	-4.66991563662487	8.42764771460997e-05	0.00552071410816866	0.0671788582440705
AT1G54000.1	200.608669198052	382.010259636009	19.2070787600942	0.0502789605137709	-4.31390136653043	0.000142319965901644	0.00872561401804882	0.00666629276041935
AT1G54240.1	59.9763939396286	119.484252790765	0.468535088492688	0.00392131245372698	-7.99444768298028	1.54894581987054e-06	0.000184405367129109	0.125551266060554
AT1G54940.1	117.231537815812	234.463075631624	0	0	-Inf	6.33631457755118e-09	2.06548768764888e-06	0.0843124908636023
AT1G55260.1	4666.88875417861	8593.93336868421	739.844139673001	0.0860891175127038	-3.53802531106939	0.000716149314045383	0.0346459373095242	0.0235223873797233
AT1G56550.1	78.4411657753027	9.42894054143555	147.45339100917	15.6383837994507	3.96701951514125	0.000800955949423064	0.0377483232480247	0.146376494362277
AT1G56680.1	63.907963205306	127.815926410612	0	0	-Inf	2.19159467775338e-07	3.77422927460649e-05	-0.00622149849230294
AT1G58602.1	10494.9931582188	1911.75144216432	19078.2348742733	9.97945363267238	3.31896083129285	0.00109173174133379	0.0487663924000031	0.0354551566025904
AT1G59590.1	152.1677691578	19.1235036202146	285.212034695385	14.9142144849389	3.89861608942093	0.000454024654709309	0.0233247712856479	0.0799070122296592
AT1G59640.2	1977.15657688087	3644.33814427582	309.975009485907	0.0850565993643555	-3.5554330138406	0.000580218445783292	0.0290448655986071	0.00850678115967534
AT1G60810.1	2153.62049443627	4011.30773270089	295.933256171657	0.0737747577327853	-3.76072891174242	0.00030014006789531	0.0164698102988164	0.136924602798018
AT1G61050.1	44.2208642382151	87.5046582994448	0.937070176985376	0.0107088033391169	-6.54505891539877	2.6292018040616e-05	0.00208674793619753	0.155135192184063
AT1G62480.1	5884.79217899394	10876.9562451827	892.628112805195	0.0820659835972524	-3.6070718418888	0.000551104711161087	0.0278419726955957	0.0104091130886405
AT1G63180.1	811.371031180049	1511.66417990501	111.077882455085	0.073480528236149	-3.76649419205527	0.000368501461662263	0.019554858572163	0.0213696242056052
AT1G63650.1	330.712941385482	644.763914415891	16.6619683550734	0.0258419678622491	-5.27414025453354	5.36656762847681e-06	0.000513801939870462	0.130094165851573
AT1G65140.1	53.9537376645341	107.438940240575	0.468535088492688	0.00436094294530039	-7.84114416905812	2.92671169359433e-06	0.000314271449388235	0.0575634690857946
AT1G66170.1	35.5976541858976	69.7231780748333	1.47213029696188	0.0211139299385042	-5.56566105708174	0.000187874347835004	0.0110785283827879	0.294437520873663
AT1G66235.1	56.0563088828121	112.112617765624	0	0	-Inf	4.63807291708947e-07	6.79142848212535e-05	0.0784685239194595
AT1G66760.2	280.37768878708	535.321432732587	25.4339448415728	0.04751153846343	-4.39557826659521	9.41688408924728e-05	0.00609581844283142	0.0937711429256138
AT1G67110.1	45.8598651642587	91.2511952400248	0.468535088492688	0.00513456385157767	-7.60554255064826	7.90832806849612e-06	0.000736550473372656	-0.0207804417146601
AT1G67750.1	1937.79615938148	3722.54585343798	153.046465324976	0.041113386201443	-4.60424798900294	0.000775464192254132	0.0369926141329314	0.60107060087048
AT1G67780.1	127.521967080793	250.02595811924	5.01797604234597	0.0200698202702331	-5.63882849267581	5.89849874149969e-06	0.000562761994912002	0.165224919199868
AT1G68110.1	525.619519885809	1034.64359644803	16.5954433235896	0.0160397680714039	-5.9622029086212	5.59784632241625e-07	7.86052451284111e-05	0.0320451681141866
AT1G68630.1	47.9185033277143	94.7668864154755	1.07012023995301	0.0112921325204398	-6.46853822482069	1.74975649879752e-05	0.00148333846594655	0.0123410248043953
AT1G69120.1	3226.34317913631	6444.79064666784	7.89571160478592	0.00122513081303397	-9.67284848381008	2.00798176271489e-12	3.05458647925884e-09	0.124674409579233
AT1G69490.1	2340.50986567536	404.815823244842	4276.20390810587	10.5633319217355	3.40099306109632	0.000837562746149015	0.0391367629949698	0.0179819843403808
AT1G69600.1	209.093993467285	417.652926814594	0.535060119976507	0.00128111186495775	-9.60838782929983	1.25438588101884e-09	5.12650659612803e-07	0.0843675338330614
AT1G69940.1.DE	7270.62909929097	14526.6062805119	14.651918070029	0.00100862636372855	-9.95339244423701	4.11196243900137e-13	9.88150563440424e-10	0.00186928626526078
AT1G70510.1	135.640295117827	267.199684370293	4.0809058653606	0.0152728693335774	-6.03288506120611	2.11640868283581e-06	0.000240462666196723	-0.00705699540993635
AT1G70710.1	4254.06768652653	8192.50076421987	315.634608833197	0.0385272602245834	-4.69797659399126	0.000174560240373339	0.0103908880476147	0.50814652751851
AT1G70720.1	552.775100678066	1105.01514123616	0.535060119976507	0.000484210668261022	-11.0120775140133	6.95628728364944e-06	0.000654560338147385	0.9822050275293
AT1G70830.1	10168.0003639939	19503.9095133758	832.091214612048	0.0426627909671854	-4.5508778410018	2.90197196767406e-05	0.00227033704053861	0.0157797319168568
AT1G71680.1	1098.00591238603	2195.07475459507	0.937070176985376	0.000426896703642442	-11.193825356943	4.691387526377e-13	9.88150563440424e-10	0.130853340496661
AT1G72110.1	254.154508621385	507.773957122793	0.535060119976507	0.00105373683008149	-9.89026968461678	4.0461597814666e-10	1.83783357227971e-07	0.0147618525067767
AT1G72290.1	2893.58860030928	5785.63854529011	1.5386553284457	0.000265943908593852	-11.8765903869312	9.04575543323241e-15	1.84001873505954e-10	-7.63492463407635e-05
AT1G72670.1	263.612678266765	518.86110984025	8.36424669327861	0.0161203962575916	-5.95496898239544	9.57858706452402e-07	0.000124679306848204	0.0583854523254599
AT1G72910.1	1715.11005560369	225.735506501995	3204.48460470538	14.1957490620868	3.82738707213888	0.000270449697815276	0.0150212041086773	0.178877059169803
AT1G72930.1	9470.65744923809	1639.14624930237	17302.1686491738	10.5555978647651	3.39993638954632	0.000908574040769476	0.0419119756343736	0.00113527761090039
AT1G73050.1	131.729912458434	261.519159531413	1.94066538545457	0.0074207388435013	-7.07422144919212	2.68341866348559e-07	4.32382084994671e-05	0.13970947991076
AT1G73550.1	31.0270030910002	60.6484009165224	1.40560526547806	0.0231762955698167	-5.43120620108977	0.000384418842648285	0.0202426091334526	0.291451079227993
AT1G74130.1	392.291079851429	784.047099582881	0.535060119976507	0.000682433644944497	-10.5170236042326	3.24943901122847e-11	2.69624663652903e-08	0.193583602949883
AT1G74490.1	85.4814445069044	168.420638476894	2.5422505369149	0.0150946496813315	-6.04981891479602	5.95642579187749e-06	0.000566315454976352	0.00926058203749989
AT1G74550.1	2313.72614482418	4611.99921133242	15.4530783159408	0.0033506246657567	-8.22135419859095	1.76393611270669e-10	1.00625205496114e-07	0.245686441714526
AT1G74810.1	298.490164725901	12.2970243786468	584.683305073155	47.5467305804833	5.57127423644665	0.000206873354248004	0.0119254867074081	0.663043539104972
AT1G75060.1	417.580457286875	792.868286150758	42.2926284229917	0.0533413041758994	-4.22860309107447	0.000111963437598089	0.0070967195562752	0.080675268212488
AT1G75150.1	192.654900688959	365.03260237787	20.2771990000473	0.0555490081377907	-4.17009503815074	0.00021419846408187	0.0122702559487234	0.00502493030478139
AT1G75160.1	188.47823803602	376.95647607204	0	0	-Inf	3.4837452059126e-10	1.73439838596907e-07	0.129150345407014
AT1G75520.1	204.319397784951	400.474123971074	8.16467159882715	0.0203875134749452	-5.61617035930083	3.62907148188528e-06	0.00037217691129956	0.0767935178918877
AT1G75870.1	252.246843422616	501.615951282793	2.87773556243995	0.00573692992633239	-7.44550538834732	2.71797283285421e-08	6.64495822403695e-06	-0.00360650709364138
AT1G75920.1	1391.09720329837	2781.19081138827	1.00359520846919	0.000360850900398394	-11.4363095249558	1.50415128150337e-13	6.86444506502087e-10	0.0050594410618236
AT1G75930.1	5660.14343426643	11313.7302371621	6.55663137079167	0.000579528699496051	-10.7528322712161	4.53998208559402e-14	3.10784473669339e-10	-6.36751492815332e-05
AT1G76250.1	233.210001886207	463.542268209974	2.87773556243995	0.0062081405727091	-7.33162305940924	4.69702115154176e-08	1.0559232419009e-05	0.341342467785353
AT1G76370.1	253.485674316989	501.08282744613	5.88852118784753	0.0117515924819447	-6.41099991722869	3.32120283638292e-07	5.22650437159983e-05	0.0710898826079097
AT1G76420.1	60.3075462293636	119.544972218774	1.07012023995301	0.00895161226851624	-6.80363673610506	4.87572686584717e-06	0.000475114423632125	-0.0161948232483215
AT1G76530.1	591.929634512392	85.1399981191491	1098.71927090563	12.9048543008896	3.68984194801466	0.000462830277281839	0.0236882591636099	0.00815628400700725
AT1G78400.1	17.8665433931713	35.7330867863425	0	0	-Inf	0.000347542265156831	0.0186813308846295	0.293088164644412
AT1G78960.1	5503.71766276572	10563.3540812897	444.081244241771	0.0420397953930513	-4.57210054202907	2.51746222038453e-05	0.00200794518249361	0.380367850658567
AT1G78980.1	78.035893153997	155.536726188017	0.535060119976507	0.00344008860858824	-8.18333855882644	3.70349339436905e-07	5.72932520478042e-05	0.0455756351603824
AT1G79360.1	262.611096954381	507.761925175883	17.4602687328792	0.0343867231219261	-4.86200454878628	1.85042366763037e-05	0.00154601801053537	0.00640432510663715
AT1G80470.1	251.242424232044	497.131387396216	5.35346106787102	0.010768704619337	-6.53701147300835	2.5006451572531e-07	4.20077703655855e-05	0.0716553154675468
AT1G80660.1	4583.91188135191	9141.86333734659	25.9604253572314	0.00283973019495677	-8.46003042003375	6.56386134124069e-11	4.60850387809878e-08	0.0250561886807186
AT2G02850.1	1314.16819799335	2563.89242820968	64.4439677770097	0.0251352073386362	-5.31414659999792	2.69780915685358e-06	0.000296469506643417	0.183916853202339
AT2G03090.1	1630.65204351084	3229.92081569699	31.3832713246922	0.00971642127329365	-6.6853592426385	3.12213763642235e-08	7.43394545743624e-06	-0.000278624013452195
AT2G03170.1	62.1267132580186	124.253426516037	0	0	-Inf	2.42989484045411e-07	4.10712225440213e-05	0.209902985055659
AT2G03200.1	666.923907068191	1308.41672916292	25.4310849734668	0.0194365330300667	-5.6850852870037	1.14373547757521e-06	0.000143659471775067	0.0332480201487042
AT2G03210.1	69.7932793573108	138.649488537636	0.937070176985376	0.00675855487725806	-7.20906948405586	2.55330081003972e-06	0.000283054586155901	0.485040833610049
AT2G03830.1	125.417627273514	247.824468921621	3.01078562540758	0.0121488634213912	-6.36303483997842	1.23064117242445e-06	0.000153869482115645	0.0114766348817986
AT2G04032.1	164.237600742726	8.97928095808692	319.495920527365	35.5814593639171	5.15305377845221	1.4008155413658e-05	0.00123334826860702	0.0196650221984982
AT2G04070.1	83.5255201769246	0	167.051040353849	Inf	Inf	4.6712486710691e-08	1.0559232419009e-05	0.318923453934379
AT2G10970.1	80.630430957765	161.26086191553	0	0	-Inf	5.14171836239108e-08	1.1274696244003e-05	0.14607296042355
AT2G13116.1	28.8866808624341	57.7733617248683	0	0	-Inf	2.20767097592742e-05	0.00179912043639418	0.306598304194641
AT2G13820.1	196.438272457245	377.284696799369	15.5918481151204	0.0413264790419309	-4.59678973642108	5.62598848093892e-05	0.00396017523354935	0.336449804796675
AT2G15340.1	80.1552934211302	157.901386368313	2.40920047394726	0.0152576271137207	-6.03432557999127	8.62953323156448e-06	0.00079560228601582	-0.00968278121861199
AT2G16270.1	584.123389077411	1098.26121368791	69.9855644669083	0.0637239698485753	-3.97202004371421	0.000194704650201281	0.011343410067684	0.0507703272657867
AT2G16580.1	113.968219982519	224.055109194129	3.88133077090914	0.0173231076268215	-5.85115842855298	5.05728595486096e-06	0.000487600718366207	0.128235016558264
AT2G17000.1	32.4969288571209	64.9938577142419	0	0	-Inf	2.03618660903809e-05	0.00168842031065561	0.581423251129847
AT2G17040.1	1383.89646183223	55.2316198530103	2712.56130381145	49.1124705563676	5.61801749265516	1.04712719328068e-06	0.000134111097380518	0.305125479791256
AT2G17490.1	43.6525584276089	83.8257961413175	3.47932071390027	0.0415065633022401	-4.59051670644974	0.000537347451235849	0.0272474961291482	0.217435279371089
AT2G17845.1	67.1490859307859	133.361101684586	0.937070176985376	0.00702656295687815	-7.15296511707413	2.70679193122687e-06	0.000296469506643417	0.017052662241353
AT2G18115.1	60.1716101897712	115.926829488657	4.41639089088565	0.0380963657021068	-4.71420281498613	0.000253143826202905	0.0141460903042611	0.0910388471597372
AT2G18180.1	242.280211117108	476.598185597946	7.96223663626974	0.0167063930935453	-5.90345590028645	1.27799192876063e-06	0.000158343778250333	0.0262709860510191
AT2G18190.1	27.3385215709889	53.0718627820483	1.60518035992952	0.0302454120843951	-5.04713987267939	0.000831665072447595	0.0389276119893334	0.0365131735382627
AT2G18340.1	122.930671891751	244.322688455055	1.5386553284457	0.00629763587727034	-7.31097393989799	1.95638502305059e-07	3.46107332159242e-05	0.014032623321191
AT2G18460.1	56.0666588789366	110.661187460911	1.47213029696188	0.0133030408469264	-6.23210013101484	1.68780963632544e-05	0.00143526718825662	-0.00528053527365512
AT2G18660.1	414.161555383854	66.377613236502	761.945497531206	11.4789529237276	3.52091914451069	0.000865887290653089	0.0402542033831288	-0.00193089163555799
AT2G19610.2	27.4422059121642	54.8844118243285	0	0	-Inf	3.12056247813642e-05	0.00242060175003772	0.00200729214518078
AT2G19920.1	185.545244907683	367.544644069981	3.54584574538409	0.0096473878822431	-6.69564591217405	2.57542440590647e-07	4.25281957867995e-05	0.0840594153483611
AT2G20430.1	97.9890777377071	195.509620386921	0.468535088492688	0.00239648098935202	-8.70486678917688	8.37977048641003e-08	1.66271648883246e-05	0.299214949597557
AT2G20570.2	8701.07284024303	1271.04517687696	16131.1005036091	12.6912094055101	3.66575765186732	0.000365277481274064	0.019459198428495	0.0151294507442853
AT2G20970.2	56.9894654407356	113.978930881471	0	0	-Inf	4.40545363851904e-07	6.5205476502664e-05	-0.0161992506237203
AT2G21790.1	2155.75351424241	3965.75884366135	345.748184823485	0.087183360979226	-3.51980336811313	0.000715230158357098	0.0346459373095242	0.00313649000539675
AT2G22030.1	40.4206750202768	80.8413500405537	0	0	-Inf	3.35376991150764e-06	0.000354567288482248	-0.00616449787730253
AT2G22807.1	94.2555121250249	188.042489161557	0.468535088492688	0.00249164479039705	-8.64868587266417	1.06819363271828e-07	2.05471630566823e-05	0.216193676485949
AT2G22960.1	93.3420602802582	182.802789789607	3.88133077090914	0.021232338824677	-5.55759289130982	1.53446998692749e-05	0.00132964737917875	0.0419612315258871
AT2G23510.1	281.996662596036	563.52479010358	0.468535088492688	0.000831436516584422	-10.2321062672158	2.17516914410506e-10	1.21552003069153e-07	-0.000453512641903245
AT2G23770.1	273.043730098402	14.6269077867283	531.460552410075	36.334443353249	5.18326589916859	6.94900676700368e-06	0.000654560338147385	0.296061924954704
AT2G23800.1	2969.4448691909	5934.0713374339	4.81840094789452	0.000811989049996517	-10.2662521073388	4.42509029138506e-13	9.88150563440424e-10	0.0511776029671275
AT2G24490.1	570.813279184331	1067.0164483121	74.6101100565633	0.0699240486635311	-3.83806746921401	0.000292131333326883	0.0161272987281386	0.378056642014928
AT2G25200.1	158.896280249897	11.6702831037359	306.122277396058	26.2309212788559	4.71319657351946	4.33307369611075e-05	0.00319806533549608	0.0825900967137451
AT2G25510.1	42834.0791971352	5485.69945371385	80182.4589405565	14.6166335974299	3.86953917283088	0.000192011608419492	0.0112257419041735	0.0902086029117386
AT2G25880.1	474.582456945256	929.960694998524	19.2042188919883	0.0206505704975185	-5.59767455134687	1.47995118668631e-06	0.000177736944709845	0.356391614072036
AT2G26490.1	401.018257338119	800.564384379276	1.47213029696188	0.00183886558743593	-9.08696825538893	2.77931010234829e-10	1.49221704357845e-07	0.00229219871637637
AT2G26760.1	469.483549265098	917.081859302114	21.8852392280827	0.0238639975331505	-5.38902045612204	3.40362290729234e-06	0.000355717566593431	0.158249321545252
AT2G26850.1	458.191274834058	907.818727880386	8.56382178773006	0.00943340506724866	-6.72800566679168	6.1949687414333e-08	1.29489033647272e-05	0.271339683196171
AT2G26940.1	17.7372098017209	35.4744196034419	0	0	-Inf	0.000340436280301516	0.0183739216785597	-0.0407590351725029
AT2G27630.1	52.9828624596671	101.416283965481	4.54944095385328	0.044859077615206	-4.47845623349786	0.000444171069582095	0.0229045051361524	0.0245280782503456
AT2G28056.1	120.61370713328	8.35253968317598	232.874874583383	27.8807265115363	4.80119625010139	0.000118746620865283	0.00744054913623156	0.475398798378721
AT2G28180.1	129.752313671501	257.563961957548	1.94066538545457	0.00753469301646491	-7.05223555089416	1.31823696710211e-06	0.000161142699255312	0.486298682530793
AT2G28790.1	3380.23139143087	6702.91951108536	57.5432717763751	0.00858480721440999	-6.86399854809776	1.52605238836434e-08	4.01791985559542e-06	0.273390723769924
AT2G29170.1	254.473331231179	20.111363632693	488.835298829664	24.306422366856	4.60326565532809	4.62778728542595e-05	0.00337914857198756	0.400852698945215
AT2G29350.1	1221.55499660506	203.09631170633	2240.01368150378	11.0293173848611	3.46327159878579	0.000727244698718512	0.0349972132518635	0.0826750425500222
AT2G29550.1.DE	5496.18139594431	10065.3120234523	927.050768436354	0.0921035300521552	-3.44059973822314	0.000894107621964296	0.0413554981497067	0.0714861254102103
AT2G29770.1	28.3380474016401	56.6760948032802	0	0	-Inf	2.65321644667716e-05	0.00209367068423383	-0.0311935453127278
AT2G30140.1	879.57155160793	123.400916068464	1635.7421871474	13.2555108929651	3.72852037041453	0.000410047930333912	0.021305374626951	0.0747946716390557
AT2G30240.1	109.328657715985	218.657315431969	0	0	-Inf	9.58615141929418e-09	2.91653331292348e-06	0.0893028267056762
AT2G30290.2	206.412892153484	410.951643952998	1.87414035397075	0.00456048876199435	-7.77659583379875	2.27638131801816e-08	5.61548407657416e-06	0.0227289819244635
AT2G30370.1	244.081233274859	480.535714938974	7.62675161074469	0.015871352271315	-5.9774311358293	9.60752821012747e-07	0.000124679306848204	0.0437791897707726
AT2G30984.1	28.7218566896412	55.436522962344	2.00719041693839	0.0362070041496254	-4.78758737991131	0.00105706440734665	0.0474867570845562	0.260721627114161
AT2G31500.1	759.228428277068	1505.27420891296	13.1826476411731	0.00875763868344825	-6.83524235534998	3.26107306731096e-08	7.69781920078524e-06	0.247164674969936
AT2G31880.1.DE	4847.28455750538	796.209533771677	8898.35958123908	11.1759018245953	3.48231934735872	0.00067748706239956	0.0331266977546871	0.11212790600264
AT2G31980.1	6978.20126791513	13935.9951466353	20.4073891949089	0.00146436540628647	-9.41550868728398	2.51896294279248e-12	3.29677960670369e-09	0.000304929435224537
AT2G32350.1	34.1870996623937	68.3741993247874	0	0	-Inf	8.39784696816337e-06	0.00077949100231271	0.275206297607687
AT2G32670.1	261.649767101302	506.571040816046	16.7284933865572	0.033022995865711	-4.92038518143919	1.80044199494226e-05	0.00151226081918739	0.0832157174711757
AT2G32800.1	1337.58478014272	179.660249298634	2495.50931098681	13.8901583445915	3.79599114069009	0.000299070312406053	0.016444062839965	0.199100759441763
AT2G33190.1.DE	30.9474640559507	61.8949281119014	0	0	-Inf	1.55199769963415e-05	0.00134059309184171	0.0552660287363958
AT2G33775.1	504.812108917162	998.983820730066	10.6403971042582	0.0106512206538862	-6.55283741374658	9.44756472641247e-08	1.8478086952759e-05	0.0455126113308632
AT2G34220.1	76.1989054000703	147.246784694827	5.15102610531361	0.0349822654259599	-4.83723246961268	9.25999970850193e-05	0.00600846710943601	0.14204522792536
AT2G34700.1	54.9799080245525	109.959816049105	0	0	-Inf	5.17016596611284e-07	7.37341065021363e-05	0.108227944029564
AT2G35215.1	39.7088705768061	79.4177411536123	0	0	-Inf	3.57076722379559e-06	0.000367574241060041	0.135459487353601
AT2G35300.1	39.333841130353	78.667682260706	0	0	-Inf	4.16794423574636e-06	0.000415005996593479	0.0216126432436519
AT2G36090.1	95.3902809000354	12.7536393164383	178.026922483632	13.9589114970636	3.80311454080348	0.000990843000765134	0.0450685432673603	0.167851210081508
AT2G36570.1	2563.12275578589	4765.48990457599	360.755606995781	0.0757016831888302	-3.72353081160887	0.000427842426406352	0.0221459004156119	0.0846725041926045
AT2G36660.1	330.038588628307	649.373114988978	10.7040622676361	0.0164836856047201	-5.92281733747395	7.42356218300971e-07	9.90872198628109e-05	-0.00280798614461616
AT2G37010.1	189.761140918859	379.522281837718	0	0	-Inf	3.72875220939909e-10	1.79124022803098e-07	0.0207329888361926
AT2G37540.1	875.975181080777	107.159406994346	1644.79095516721	15.3490113588813	3.94007382842595	0.000217780324234958	0.012449396321924	-0.000283421182514885
AT2G38910.1	79.5296863589555	159.059372717911	0	0	-Inf	6.05647934565591e-08	1.28692098590911e-05	-0.0106086311645886
AT2G39060.1	92.8503156639518	185.165571207927	0.535060119976507	0.00288963070448811	-8.43489915693507	1.34986863944184e-07	2.4974393976484e-05	0.0731520746719513
AT2G40010.1	276.398742697546	519.678843515609	33.1186418794834	0.0637290555363712	-3.97190490958469	0.000249007211609149	0.0139719579268068	0.0661627306965992
AT2G40085.1	66.3182978919895	130.227395310032	2.40920047394726	0.018499951321392	-5.75633471516713	2.50049138286036e-05	0.00200200160951703	-0.0103580667360211
AT2G40250.1	56.4278606520438	112.855721304088	0	0	-Inf	4.20942184243686e-07	6.29849119615333e-05	0.399186135119006
AT2G40850.1	635.779021522214	1179.22156412905	92.3364789153778	0.0783029090750861	-3.67479028289393	0.000541378046196074	0.0274011343085784	0.160279929268692
AT2G41090.1	20893.1198163636	3413.22778851857	38373.0118442086	11.242440944987	3.49088340063339	0.000651673259250639	0.0320937359438867	0.0202061495484414
AT2G41340.1	86.2512236512002	164.271250672089	8.23119663031097	0.0501073474307546	-4.31883402298681	0.000334108720615243	0.0181519146585051	-0.00914620155048367
AT2G41450.1	90.0191859923606	174.149850796874	5.88852118784753	0.0338129556867426	-4.88628005794954	7.74786205302941e-05	0.00514931938679736	-0.0100432384657949
AT2G41650.1	1682.6951110873	3122.04592690036	243.34429527425	0.0779438550783421	-3.68142090126413	0.000383942227741936	0.0202426091334526	0.188873195275615
AT2G41730.1	27.1861307097926	0.987860012478418	53.3844014071069	54.040451817836	5.75596783159068	0.000433315621898697	0.0223868836959059	0.590217203838054
AT2G42470.1	31.4926198395233	62.9852396790467	0	0	-Inf	1.34239482967344e-05	0.00118956165780318	0.326754419510284
AT2G42570.1	1749.13682308589	3367.78339012594	130.490256045843	0.0387466297352821	-4.68978536263053	1.88536128743536e-05	0.00156914780463693	0.144340282172368
AT2G43010.1	2405.19996080801	228.799659332121	4581.6002622839	20.0245064859705	4.3236947820149	4.83238094343881e-05	0.00347077451737113	0.0212404728812537
AT2G43040.1	485.00492882162	902.286144246782	67.7237133964585	0.0750579113159202	-3.73585204578073	0.000494794581538685	0.0252299166325741	0.00274953095960275
AT2G43100.1	1550.02187652635	159.392670037707	2940.651083015	18.4490985835129	4.20547842332125	7.51223693960564e-05	0.00501707492390931	0.274869342849926
AT2G43470.1	31.8910536455385	63.7821072910771	0	0	-Inf	1.30243492993272e-05	0.00116167013848266	0.0663572428886298
AT2G43840.2	163.720021533219	309.91038943397	17.529653632469	0.0565636204210052	-4.14398172528036	0.000219924721066437	0.0125457889838358	0.0407612103003607
AT2G44190.1	159.946261585112	308.852975877063	11.0395472931611	0.0357436973427621	-4.80616731470771	3.96578179962788e-05	0.0029508434031905	0.00699045627021585
AT2G44450.1	136.659271329106	269.97227200728	3.34627065093263	0.0123948679101474	-6.33411329280678	1.31150067741044e-06	0.000161038168380505	-0.000567034779437743
AT2G45430.1	21.8985177572267	42.859965337468	0.937070176985376	0.021863530910656	-5.51532977797195	0.00105788188669853	0.0474867570845562	0.353322931968043
AT2G45490.1	150.215626536717	295.679377157023	4.7518759164107	0.0160710427697065	-5.95939264844829	2.3930310614254e-06	0.000267452965403879	0.236263513122737
AT2G46130.1	17.9655172706167	35.9310345412334	0	0	-Inf	0.000306542666135264	0.0167206200878801	-0.0143957718047063
AT2G46950.1	178.280648505528	350.403815829166	6.15748118188876	0.0175725289044533	-5.83053436181071	2.91962049456559e-06	0.000314271449388235	0.0579119307852228
AT2G47230.2	430.90964975125	789.360869398266	72.4584301042335	0.0917937953517621	-3.44545954940105	0.00104201658404766	0.0470057629396921	0.04488507246869
AT3G01620.1	162.990294188029	311.129095211578	14.8514931644805	0.0477341829904433	-4.38883342314903	0.000107857243887651	0.00685231334601316	-0.00386798929901544
AT3G02020.1	3484.62289255265	82.796204002182	6886.44958110313	83.1734940519936	6.37805193464426	5.98687011578819e-08	1.28692098590911e-05	0.257792695202251
AT3G02210.1	389.133174531077	733.171089712524	45.0952593496299	0.0615071433972004	-4.02310221598558	0.000196208999943082	0.0114067830922324	-0.00245762338364903
AT3G02310.1	3131.60336070188	6243.66701748624	19.5397039175133	0.00312952370182294	-8.31984118191507	1.19968921063365e-10	7.46588408308425e-08	0.0746397865094568
AT3G02480.1	1428.61230570159	2842.23434843952	14.9902629636601	0.00527411223915798	-7.56685601092765	1.99823006379227e-09	7.29540474756799e-07	0.0885791587215198
AT3G02640.1	1350.93943835298	2667.21299989372	34.665876812247	0.0129970410363283	-6.2656729794529	1.30354238340001e-07	2.44476695494925e-05	0.110346693198722
AT3G03130.1	547.614776605737	1084.12062101872	11.1089321927509	0.0102469522093511	-6.60866132261017	7.15367845309107e-08	1.47279716844015e-05	0.19418840561611
AT3G04620.1	873.603673944399	1715.02291631819	32.184431570604	0.0187661816436234	-5.73572105501356	7.45452022925244e-07	9.90872198628109e-05	0.0515737002317437
AT3G04720.1	781.528059489841	22.4482023952173	1540.60791658446	68.6294559119218	6.10075601205926	0.000102590260401929	0.0065787506096619	0.707102282112934
AT3G05150.1	140.12426892704	278.241347437142	2.00719041693839	0.0072138466673859	-7.11501552615442	2.28115516837125e-07	3.90391192627135e-05	0.2862504052057
AT3G05400.1	795.030112208255	1482.20414215371	107.856082262802	0.0727673599036654	-3.7805647210084	0.000313814087138199	0.0170832153757816	0.168154577510925
AT3G05720.1	48.9220985361835	94.7668864154755	3.0773106568914	0.0324724254778183	-4.9446410412415	0.000204882909188634	0.0118356620662514	0.0115487304288855
AT3G05725.1	176.080249221743	351.223428266501	0.937070176985376	0.00266801728350065	-8.55001627228505	9.99250587072221e-09	2.97366843475504e-06	0.0309712709014622
AT3G05780.1	33.3474487465096	65.7578273160339	0.937070176985376	0.0142503214481493	-6.1328617268889	0.000126771242957239	0.00787131558878713	0.0570288007813946
AT3G06260.1	319.19373712417	629.155542277667	9.23193197067421	0.0146735288021986	-6.09064032672364	5.13003437586957e-07	7.35448174241156e-05	0.196661315881689
AT3G07120.1	80.32675240541	157.642719185412	3.01078562540758	0.0190987927699117	-5.71037474103755	1.43075446751399e-05	0.00125567047530346	0.0111665222687803
AT3G07620.1	108.859927795744	216.247725294525	1.47213029696188	0.00680761055385377	-7.1986357782044	3.69405201933055e-07	5.72932520478042e-05	0.179283226948866
AT3G07850.1	13903.089399459	27749.9803271118	56.1984718061689	0.00202517159088804	-8.94774013328929	9.65362166822398e-12	9.44055244711818e-09	0.0668635138891344
AT3G08770.2.DE	19299.8593210913	38514.8730049469	84.8456372357067	0.00220293176676992	-8.8263594747196	1.33839709792643e-11	1.22159964451405e-08	0.271310831418131
AT3G09020.1	301.813081750571	2.42537960830547	601.200783892836	247.87904616419	7.95349251173311	2.08227690977654e-05	0.00171737669709341	0.777360990443572
AT3G09780.1	82.3424838696005	155.918710988913	8.76625675028748	0.0562232505302766	-4.15268932466646	0.000518603572068676	0.0263948011345437	-0.0101465865212532
AT3G10000.1	79.7032903732964	159.406580746593	0	0	-Inf	6.10984326083503e-08	1.28692098590911e-05	0.0133688247146948
AT3G10116.1	41.8581946161039	83.7163892322078	0	0	-Inf	2.72245395772717e-06	0.000296996949284802	-0.00173880718739797
AT3G10180.1	300.07505606274	554.054117435487	46.0959946899932	0.0831976394352136	-3.5873135943822	0.000734286175665057	0.0352740773018607	0.000315436598265203
AT3G10290.1	115.902562073999	223.174777328784	8.63034681921388	0.0386707983873085	-4.6926116395376	7.62529735637274e-05	0.0050801920246277	0.00556455914265843
AT3G11825.1	75.159885820686	150.319771641372	0	0	-Inf	7.56387904963284e-08	1.51178201559888e-05	0.342558023503557
AT3G12440.1	14.8656482872883	29.7312965745765	0	0	-Inf	0.000793855136909539	0.0375429039013074	-0.0532045944579177
AT3G13175.1	322.258266891061	617.419463153454	27.0970706286682	0.043887619755734	-4.51004216199497	5.23419149746146e-05	0.00373236019748671	0.0209652970220301
AT3G13220.1	1153.14449129951	2303.87978212506	2.40920047394726	0.00104571449111162	-9.90129527483882	4.37849135655624e-12	4.79567401300892e-09	0.0618857983028708
AT3G13662.1	143.39779619958	286.79559239916	0	0	-Inf	1.63790773596353e-09	6.31678727128922e-07	0.305281977425409
AT3G14020.1	768.922943017724	130.942677430724	1406.90320860472	10.7444206595597	3.42551578946196	0.00106291625286351	0.0476346527592611	0.345812575675781
AT3G14040.1	12244.1582721333	24450.2493112443	38.0672330222396	0.00155692617026743	-9.32708375149399	2.81495629321322e-12	3.5035969645802e-09	0.13867289386874
AT3G15720.1.DE	104.394563559943	203.568716114983	5.22041100490338	0.0256444659303874	-5.28520866359908	2.43238374721735e-05	0.00196470595180842	0.108660985405142
AT3G15830.1	617.545475162793	1233.21680997162	1.87414035397075	0.00151971684039394	-9.3619817445557	7.06353699232027e-11	4.7174090225296e-08	0.381959321176969
AT3G16360.2	467.093860937723	15.0904780789626	919.097243796484	60.9057737592677	5.92850709443155	6.72817968930041e-07	9.08308939806371e-05	0.227423919786861
AT3G16530.1	846.606349504951	17.2502351499246	1675.96246385998	97.1559198639275	6.60222999906783	5.63540073218159e-08	1.22467097498886e-05	0.0226867999412423
AT3G16660.1.DE	789.556307646763	4.48964047904346	1574.62297481448	350.72362300822	8.4541907964391	2.49076036823744e-10	1.36404000806155e-07	-0.000334434983921905
AT3G17010.1	83.2651594942825	165.995258868588	0.535060119976507	0.00322334579688262	-8.27722531727389	2.35560925520767e-07	4.0062914674594e-05	0.00909554882920453
AT3G17060.1.DE	595.012045507379	1181.32435929595	8.69973171880366	0.0073643886628974	-7.08521851630696	1.85374443712792e-08	4.7438532876109e-06	0.0201319938195419
AT3G18360.1	267.708327155995	531.93733359809	3.47932071390027	0.00654084700234464	-7.25630681607023	3.56157072430903e-08	8.26465504856185e-06	0.141630194898891
AT3G18362.1	92.9881188663173	185.507702644142	0.468535088492688	0.00252569074930261	-8.62910628122959	1.19138169385176e-07	2.26544538479506e-05	0.0894816155076196
AT3G18960.1	361.391493152111	679.963877365571	42.8191089386503	0.0629726230524881	-3.98913142736235	0.000212924072258933	0.012222823787409	0.0128901652040035
AT3G19210.1	154.120032098789	287.031514756757	21.2085494408207	0.0738892712139773	-3.75849129076286	0.000669304291190422	0.0328438890705666	0.00405978409078594
AT3G20520.1	552.622810624306	1103.77349095165	1.47213029696188	0.00133372499795465	-9.55032305815966	4.726751277545e-11	3.59521954115937e-08	0.0817845109846325
AT3G20557.1	15.2302447020772	30.4604894041543	0	0	-Inf	0.00066495401690743	0.0326889962135713	0.366495240076945
AT3G20990.1	29.651618605883	58.7681770917895	0.535060119976507	0.00910458936204199	-6.77919033486308	8.24609257164238e-05	0.00541473637402186	0.52580167051921
AT3G21720.1	176.047983608327	350.1553018312	1.94066538545457	0.00554229901790866	-7.49529973551426	0.000188135114235497	0.0110785283827879	0.900627358611045
AT3G21880.1	90.1715981745076	178.80454102057	1.5386553284457	0.00860523630811309	-6.86056947405125	1.04812558759151e-06	0.000134111097380518	0.361288217271736
AT3G21933.1	31.7582423768668	63.5164847537336	0	0	-Inf	1.31553573012008e-05	0.00116954543383598	0.134296659170327
AT3G21940.1	30.8076974328361	61.6153948656722	0	0	-Inf	1.65358365011225e-05	0.00141054291300229	-0.0304374832364222
AT3G22020.1	21.8761645748612	43.7523291497224	0	0	-Inf	0.00010573050422664	0.00674851437467102	0.135502330770679
AT3G22050.1	105.119489864158	210.238979728317	0	0	-Inf	1.03169418341147e-08	2.97366843475504e-06	0.255990989775775
AT3G22060.1.DE	606.312132537684	102.879746217104	1109.74451885827	10.786812367484	3.43119668899469	0.0008733358993506	0.0405316671118951	0.00344028086348003
AT3G22160.1	212.170557017022	30.9031936330601	393.437920400984	12.7313029544003	3.67030817081623	0.000739223446372476	0.0354490655141351	0.0489079734737161
AT3G22880.1	493.452709265184	925.686110813748	61.2193077166209	0.0661339810562832	-3.91846443991229	0.000229313832116325	0.0130001477246568	0.121364602135864
AT3G23060.1	31.8910536455385	63.7821072910771	0	0	-Inf	1.30243492993272e-05	0.00116167013848266	0.0663572428886298
AT3G23370.1	83.9542822159047	157.002067201616	10.9064972301935	0.0694672205569613	-3.84752381475416	0.000978657386984245	0.044662660950671	-0.0102864996519012
AT3G23550.1	374.766445212118	3.77435835835136	745.758532065884	197.585512890099	7.62633336115171	8.87587824890725e-09	2.79355515185722e-06	0.206372393805369
AT3G23860.1	24.7919965121845	49.5839930243689	0	0	-Inf	5.51639282598434e-05	0.00390309737367192	-0.00901999379658463
AT3G24360.1	290.242413398046	547.502094847682	32.9827319484098	0.0602422022834192	-4.05308167797717	0.000186188818346574	0.0110112791014382	0.036845411096589
AT3G24535.1	138.41915769239	262.180677578538	14.657637806241	0.0559066287478418	-4.16083683882313	0.000285405764949255	0.0157878397087687	0.302156897533339
AT3G24600.1	53.4234048333997	105.374679369837	1.47213029696188	0.0139704367858154	-6.16147906245047	2.14032630199412e-05	0.00175468307788033	0.0714899532928293
AT3G25130.1	470.563051499015	897.563779240633	43.5623237573961	0.0485339591067848	-4.36486163853822	7.46982069019583e-05	0.00500275171024829	0.00715140410076128
AT3G25770.1	3195.74064886502	268.741534282763	6122.73976344727	22.7830051643788	4.50988615140648	3.57079725547021e-05	0.00271598806803571	0.004809781211838
AT3G26050.1.DE	242.952517675957	471.791037269968	14.1139980819466	0.0299157825541104	-5.06294938744815	1.00241299577052e-05	0.000911896101335158	0.0596358475310733
AT3G26280.1	1938.96601041183	121.635175745308	3756.29684507834	30.8816657850987	4.94867866987302	6.54437137814241e-05	0.00442464140929124	0.499090562658064
AT3G26830.1.DE	175.714528293058	15.2675597705249	336.161496815591	22.0180239585225	4.46061309271052	0.000920111501588855	0.0423436859437076	0.581934800073281
AT3G26940.1	41.564750660989	83.129501321978	0	0	-Inf	4.01481369428351e-06	0.000401217622543325	0.531185467030569
AT3G27060.1.DE	1932.77765292571	3531.62208975405	333.933216097366	0.0945551952079394	-3.40269946248469	0.0010319405178196	0.046628044981743	0.0834787591961571
AT3G27200.1	775.249024227814	1488.32737122149	62.170677234136	0.0417721789145836	-4.58131379065331	3.23699325392973e-05	0.00249677040222828	0.121831880407477
AT3G27440.1	144.673450322456	287.741720284982	1.60518035992952	0.00557854578175086	-7.48589519609968	7.50792165210349e-08	1.51163169616101e-05	0.101967640995735
AT3G27503.1	80.5861605348745	161.172321069749	0	0	-Inf	5.1469470108114e-08	1.1274696244003e-05	0.156154188199228
AT3G27640.1	121.914687772574	233.38855353534	10.4408220098068	0.0447357929583543	-4.4824266008677	0.000144996213896615	0.00883416902622009	0.0856471386240216
AT3G27660.1	162.271029664088	309.219171207098	15.3228881210791	0.0495534868076363	-4.33486961423783	0.000160220075885484	0.00959988209605322	0.253145942045833
AT3G27810.1	1173.21211833236	2343.81546109632	2.60877556839871	0.00111304648838628	-9.8112704339735	4.23765064316873e-12	4.79567401300892e-09	-0.00069227307504338
AT3G28007.1	999.362700856023	1870.32316045515	128.402241256891	0.0686524360986063	-3.86454527515586	0.00026414450223557	0.0147008226833625	-0.000769622641061485
AT3G28153.1	114.332083250413	212.007917881964	16.6562486188615	0.0785642762084711	-3.6699827329218	0.000996320330202841	0.0452425261718312	0.101794533620614
AT3G28510.1	68.5331093514811	0.987860012478418	136.078358690484	137.750649860885	7.10591531473351	2.38346016769316e-06	0.000267452965403879	0.217342132508202
AT3G28780.1	7419.03550796743	14829.9092042041	8.16181173072119	0.000550361544250547	-10.8273327123025	2.78423247534639e-14	2.54126178799783e-10	0.00241059818603463
AT3G28790.1	15391.4200629864	30752.2000694668	30.6400565059464	0.000996353315754089	-9.9710549540244	2.9838916551413e-13	8.71151259025482e-10	0.0579992315123194
AT3G28830.1	20086.9228310467	40095.4987108014	78.346951292081	0.00195400864962867	-8.99934743109747	7.11089051279019e-12	7.48886169312388e-09	0.0928753293486583
AT3G28980.1	15107.5210461626	30184.1330758252	30.9090164999876	0.00102401537994619	-9.93154690095945	3.18147417655935e-13	8.71151259025482e-10	0.0639004285357668
AT3G29020.2	39.1298774020072	78.2597548040144	0	0	-Inf	3.77601596406847e-06	0.000384235876122142	0.331046922311872
AT3G29380.1	17.0696757811408	34.1393515622817	0	0	-Inf	0.000387347674214188	0.0203576852501591	0.121035118861866
AT3G42450.1	77.4504636021353	153.963857027285	0.937070176985376	0.00608629970097014	-7.36021890801338	1.11198454318877e-06	0.000140315026551129	0.025341791654377
AT3G42520.1	49.5649785855808	98.1263619626925	1.00359520846919	0.0102275799122234	-6.61139138014417	2.19600000844028e-05	0.00179495140988394	0.530305783800917
AT3G43083.1	115.867049441635	231.73409888327	0	0	-Inf	5.63195574027099e-09	1.85800255518193e-06	0.429974744836408
AT3G43110.1.DE	40.1838016824898	77.0878577455308	3.27974561944882	0.0425455540647575	-4.55484780907024	0.000805911350054629	0.0379166058199241	0.230557905184181
AT3G43830.1	14.99845955596	29.99691911192	0	0	-Inf	0.000777620310798018	0.0370309553917762	-0.0597862191108716
AT3G43860.1	1058.47952075585	2102.23773854207	14.7213029696188	0.00700268228455847	-7.15787665154535	3.83113185120241e-06	0.000385676663050089	0.612180957401232
AT3G43960.1	636.918833662403	1257.90747431605	15.9301930087514	0.0126640419379119	-6.3031182515877	1.89814556642884e-07	3.39706025489898e-05	0.0682343145583398
AT3G44042.1	44.7056938599504	87.8727323914551	1.5386553284457	0.0175100430653653	-5.83567355773869	5.50319526652742e-05	0.00390309737367192	0.301769504201448
AT3G44860.1.DE	2866.92449549822	258.819323269346	5475.02966772709	21.1538674878204	4.40284954525	4.43864845464092e-05	0.00326717935443488	0.0544432331050467
AT3G44960.1	65.2781764632136	124.933931864515	5.62242106191225	0.0450031546914693	-4.47383005281653	0.000398603813844845	0.0208293313562968	-0.00783400112844678
AT3G45860.1	7434.72818908111	31.5021134901997	14837.954264672	471.01456444464	8.87962786049854	3.72203644978484e-09	1.27396002585011e-06	0.520983529344155
AT3G46090.1	45.0361059575947	3.41323962078388	86.6589722944056	25.3890678423871	4.66613552241108	0.000720129850366043	0.0347770644845203	0.55536001502852
AT3G47340.1	3904.49290595272	7708.12057768465	100.86523422079	0.0130855807462067	-6.25587823626534	0.000117906232658504	0.00742185853483941	0.720323880311565
AT3G47410.1	24.6557075662913	49.3114151325826	0	0	-Inf	5.76383809246565e-05	0.00401591385872505	-0.0341316060942629
AT3G47440.1	195.030165652729	385.444365320121	4.6159659853371	0.0119756997394512	-6.38374623476168	4.27043667686288e-07	6.35505962423149e-05	0.0263406188585653
AT3G48010.1	58.4457943312792	110.803492380259	6.08809628229899	0.0549449855010493	-4.1858683687072	0.000751436173704122	0.0359717225670739	0.13399360377449
AT3G48720.1	1186.52124201199	86.6451924974288	2286.39729152655	26.3880456101981	4.72181259853045	1.60523114195385e-05	0.00137788210435675	0.000684589269278357
AT3G49540.1	3633.16034562728	7244.37464673121	21.9460445233546	0.00302939116121736	-8.36675641075019	8.43870507794471e-11	5.37368889405307e-08	0.230708189375103
AT3G50330.1	43.5787251353815	87.157450270763	0	0	-Inf	1.97987047459862e-06	0.000229297325907926	0.388663033490847
AT3G50740.1.DE	2690.35071855165	52.0024172782315	5328.69901982507	102.470217707662	6.67906085063851	0.00100228770048335	0.0453630443217107	1.06872419229614
AT3G51280.1	676.152595126889	1333.56664658218	18.7385436716016	0.014051448961795	-6.15313728337033	2.52704336043725e-07	4.21923788387151e-05	0.150817206977379
AT3G51590.1	5887.91883040496	11770.6201096731	5.21755113679743	0.00044326901116362	-11.1395298720052	1.34396226357428e-14	1.84001873505954e-10	0.0142942450657833
AT3G51690.1	23.5887444606037	46.7089538327148	0.468535088492688	0.0100309480313072	-6.63939822735092	0.000303127156487539	0.0165673209559716	-0.0178362747807998
AT3G52780.1	58.7353078422201	116.935555564464	0.535060119976507	0.00457568373788194	-7.77179694529867	1.89409170806842e-06	0.000221641107480041	-0.013068437420969
AT3G52810.1	755.649064990851	1510.29453477323	1.00359520846919	0.000664502973004456	-10.5554367253765	4.058593683107e-07	6.13991227794673e-05	0.770903821272387
AT3G52980.1	40.3833599518291	80.7667199036582	0	0	-Inf	3.21886458812821e-06	0.000341623837798941	0.157997397127716
AT3G53280.1	990.010755493992	84.2944430260188	1895.72706796197	22.4893480508178	4.49116993397174	5.7345100669463e-05	0.00400567231257968	0.424226059688266
AT3G54560.1	1697.83981983254	3335.91244316867	59.7671964964007	0.01791629651995	-5.80258374124581	3.8120409154043e-06	0.000385170864743914	0.468278389992541
AT3G55100.1	236.280589470163	471.62410876334	0.937070176985376	0.00198690049887928	-8.97526465835923	2.11269739687979e-09	7.61182633175823e-07	0.0804122957313092
AT3G55660.1	442.433531674605	870.544910568495	14.3221527807159	0.016451940166261	-5.92559845972359	6.67601043012437e-07	9.08308939806371e-05	0.310716422725611
AT3G56100.1	337.732324943994	672.387339231097	3.0773106568914	0.00457669333930415	-7.7714786570641	5.50166528067678e-09	1.83715364287185e-06	0.000602322633820874
AT3G57240.1	308.168217722339	9.15636264964923	607.180072795028	66.3123661684903	6.05120602927291	4.94185372543138e-07	7.12199151104011e-05	0.227871827580003
AT3G58260.1	43.6568329494984	87.3136658989968	0	0	-Inf	2.09539389464555e-06	0.000239066981763268	0.0277140889433741
AT3G58360.1	37.4570949828416	74.9141899656831	0	0	-Inf	5.22843688897123e-06	0.000502333539978282	-0.000714196017332901
AT3G58650.1	349.328814660553	682.128711029	16.5289182921058	0.024231377487647	-5.36697976938043	4.41157653964887e-06	0.000437673147857483	5.82595662247258e-05
AT3G58780.3	463.050962408113	885.36225106221	40.7396737540162	0.0460146947818691	-4.44176153070404	4.72851107927545e-05	0.00341625568265753	0.00458647524878416
AT3G59190.1	55.9102784665031	106.001420644748	5.81913628825775	0.0548967764098174	-4.18713475446252	0.00063754549127191	0.0315113188483889	0.0571428751948939
AT3G59455.1	672.685424193047	1344.9023132976	0.468535088492688	0.000348378528209885	-11.4870566712261	3.61590525514603e-10	1.76804853029301e-07	0.52266737499757
AT3G60330.1	309.398162540242	595.780160317177	23.0161647633077	0.0386319758466856	-4.6940607231467	3.30230829661628e-05	0.00253287971366798	0.134084540912197
AT3G60840.1	378.566015989869	716.580493847749	40.5515381319886	0.0565903460673945	-4.14330022980258	0.000159166671525424	0.00955767938532708	0.0138429639458427
AT3G61035.1	35.3330828257507	70.1311055315248	0.535060119976507	0.0076294265707246	-7.03420965678453	3.66746199639872e-05	0.00276516894920584	0.081236794939848
AT3G62230.1	1566.90852083192	3112.2036222979	21.6134193659355	0.00694473176853938	-7.16986531164637	6.80639279347442e-09	2.19261938201078e-06	0.0178209240494521
AT3G62710.1	1055.91444691129	2094.03314006417	17.7957537584043	0.00849831524531599	-6.87860742319276	1.9747742361951e-08	5.00678408661982e-06	0.371434119240451
AT4G00140.1	34.0072920519429	0.449659583348631	67.5649245205373	150.257944059324	7.23129745726373	0.000858182318249107	0.040031939077167	0.853909292288783
AT4G00360.1	3699.46037214603	485.99930472161	6912.92143957044	14.2241385376679	3.8302693755339	0.000227840571856454	0.0129434243538868	0.259212762061512
AT4G00910.1	75.9429154470472	148.675470174235	3.21036071985904	0.0215930759532609	-5.53328741855762	2.24881190409453e-05	0.00182180377390285	0.358016017029561
AT4G01010.1	428.802186302762	64.1761240388829	793.428248566641	12.3632933657059	3.62799119812001	0.000562380773034446	0.0282552483068426	0.385189378239907
AT4G02250.1	950.882224963244	1895.87592873864	5.88852118784753	0.00310596336953614	-8.33074346939282	2.86915101653772e-10	1.51082871413146e-07	0.0318876532644536
AT4G02520.1	7595.64538325965	255.270734083656	14936.0200324356	58.5105068391462	5.87062381024427	3.49624473646591e-07	5.47052419279483e-05	0.00868375833929644
AT4G02800.1	843.492153021905	1662.22419112139	24.7601149224167	0.014895773418935	-6.06895315657372	2.68442606270886e-07	4.32382084994671e-05	0.335002462949488
AT4G03620.1	151.523951474738	300.236692418519	2.81121053095613	0.00936331435145641	-6.73876499074721	4.12513889950225e-07	6.20629413989949e-05	0.129843016235995
AT4G04080.1	61.8595205660985	123.18398101222	0.535060119976507	0.00434358522577239	-7.84689793964389	1.24957830627992e-06	0.000155527059920712	0.322575605645629
AT4G04460.1	10730.1278203471	21373.0730477522	87.1825929419582	0.0040790855272507	-7.93753852785112	3.22480958941777e-10	1.63521733661921e-07	0.0416202810985269
AT4G05190.1	637.888990308081	1250.14446068014	25.6335199360242	0.020504446279815	-5.60791940539519	1.73892706730878e-06	0.00020435751483712	0.108379186719145
AT4G05310.1	14.6477738500568	29.2955477001136	0	0	-Inf	0.00078923748068491	0.0373891015503706	0.611376932586379
AT4G07960.1	842.063451984409	1663.84970496877	20.2771990000473	0.0121869174478279	-6.35852293216102	1.29709048182983e-07	2.44476695494925e-05	0.0229989304193524
AT4G08150.1	1016.59203987067	2025.01940814251	8.16467159882715	0.00403189794922329	-7.95432516120439	9.02550530312419e-10	3.74449070015374e-07	0.0118111842334929
AT4G08550.1	39.5213558535796	79.0427117071591	0	0	-Inf	3.85561944216929e-06	0.000386720042364394	-0.0164552380872532
AT4G09060.2	272.878811044147	538.729595760904	7.02802632739032	0.0130455545466439	-6.26029791754817	4.52870857503739e-07	6.66694076353085e-05	0.299778607417189
AT4G10010.1	172.995833964442	344.586062663406	1.40560526547806	0.00407911235473	-7.93752903951267	3.01719582915696e-08	7.31122621185627e-06	0.0222663220199693
AT4G10500.1	683.14193155926	3.5903213123462	1362.69354180617	379.546403582381	8.56813247100327	2.51467492892567e-06	0.000279905808552207	0.731675809104649
AT4G10630.1	123.18485940869	234.260051284266	12.1096675331142	0.0516932676601334	-4.27387978826325	0.000202119481016705	0.0117007095754745	0.00847948917412623
AT4G10850.1	725.624251757798	1451.2485035156	0	0	-Inf	2.10539772787841e-13	8.23571436925238e-10	0.0371100818210413
AT4G10950.1	68.275225447342	136.550450894684	0	0	-Inf	1.40967592701862e-07	2.57331641557493e-05	0.104172383578367
AT4G11000.1	139.177574669629	13.7414993289167	264.613650010342	19.2565340707405	4.26727615482259	0.000198359800676253	0.0115073899621126	0.0135782050933178
AT4G11190.1	61.6689641074908	120.928727741034	2.40920047394726	0.0199224825974064	-5.64945875282059	3.39321595436338e-05	0.0025953362922452	0.195783918624432
AT4G11290.1	212.429945198559	414.552118450278	10.3077719468391	0.0248648396379513	-5.32974906304903	9.75658921268527e-06	0.000893494735189793	0.214379125545138
AT4G11320.1.DE	4168.30088602039	8221.23196915346	115.369802887321	0.0140331526126736	-6.15501703628819	1.75673183121564e-07	3.1646599343649e-05	0.279703606839973
AT4G11375.1	14.9541891330694	29.9083782661389	0	0	-Inf	0.000782974046787674	0.037221172481146	-0.0663468990028948
AT4G11720.1	27.3944578120522	54.7889156241045	0	0	-Inf	3.22440806356022e-05	0.00249408874566118	-0.0350969177374641
AT4G11810.1	191.478541244448	368.105589324415	14.8514931644805	0.0403457420783462	-4.63143976426647	4.64831831644642e-05	0.00338511308885468	0.0221559648008809
AT4G12320.1	3193.4231219404	49.3582238517067	6337.48802002908	128.397813484327	7.00447682446097	1.01371087916886e-08	2.97366843475504e-06	0.406776371366975
AT4G12860.1	86.0706163808392	172.141232761678	0	0	-Inf	3.42056213309225e-08	8.00528481438735e-06	0.225377830908926
AT4G12870.1	934.849907098994	1866.68902857258	3.01078562540758	0.00161290154885084	-9.27612590526306	1.76102704339605e-09	6.69728368087091e-07	0.500687883657141
AT4G12920.1	106.267043182092	212.534086364184	0	0	-Inf	1.02348622555598e-08	2.97366843475504e-06	0.0378316828912411
AT4G13210.2	375.888625089618	737.657532361077	14.1197178181585	0.0191412914512842	-5.70716801891064	1.3886116035548e-06	0.000168990946349056	0.134666367039918
AT4G13266.1	30.766904687167	61.5338093743339	0	0	-Inf	1.61570282088578e-05	0.0013825367075467	0.0304951010072724
AT4G13710.1	966.55473087005	1843.65357825527	89.4558834848319	0.048520982759401	-4.36524741821664	6.03820725432462e-05	0.00417151473122453	0.182996322157998
AT4G13770.1.DE	9780.60791784823	1570.03402303158	17991.1818126649	11.4591031460106	3.51842222995643	0.000602070750259535	0.0299743659701938	0.0275041480927104
AT4G13960.1	72.5400361347111	145.080072269422	0	0	-Inf	9.88503902467005e-08	1.91966055725897e-05	0.0724437620027311
AT4G14400.1.DE	30542.4322667092	946.120818262897	60138.7437151555	63.5634926896248	5.99012649502314	1.97183346055225e-07	3.46107332159242e-05	0.337232379941638
AT4G14810.1	25.3978158256625	50.3270965628324	0.468535088492688	0.0093097977132007	-6.74703446395995	0.00111081388961844	0.04953795753344	0.811240054139991
AT4G14811.1	27.7201690038168	54.905277887657	0.535060119976507	0.00974514911064298	-6.68110002431598	0.000118588908016467	0.00744054913623156	0.568084462551991
AT4G15210.1.DE	8509.8114553481	16004.4753580858	1015.14755261045	0.0634289803256549	-3.97871403995686	0.000189906696482586	0.0111349575226685	0.108465528511255
AT4G16050.1	28.3892731789735	56.778546357947	0	0	-Inf	2.49906091482566e-05	0.00200200160951703	0.131013219903636
AT4G16230.1	100.424946275781	200.849892551562	0	0	-Inf	1.44594736771645e-08	3.84397386629241e-06	0.0180217035962445
AT4G16260.1.DE	333.739010922511	2.96358003743525	664.514441807587	224.226926019745	7.80881572261331	4.5488369895907e-05	0.00333930977074994	0.849628194920964
AT4G17483.1	164.423711845835	305.09948358204	23.7479401096297	0.0778367102782851	-3.68340545300484	0.000707630996740054	0.0344049535763239	-0.000565855559875353
AT4G18900.1	65.1050332123524	127.734340919274	2.47572550543108	0.0193818317581151	-5.68915126486968	2.64807025525623e-05	0.00209367068423383	0.0219468688162484
AT4G19370.1.DE	238.594342798083	25.677404969996	451.51128062617	17.5839918852298	4.1361907205034	0.000180006957722165	0.0106918666298228	0.311554154918219
AT4G20080.1	25.0610967267493	50.1221934534987	0	0	-Inf	5.21318783941915e-05	0.00372708901877219	-0.0162911405215623
AT4G20140.1	57.9414312933757	109.794766304452	6.08809628229899	0.0554497858797491	-4.17267430036737	0.0008236119245436	0.0386166810237207	0.430632679132304
AT4G20160.1.DE	133.232442829272	264.324645178639	2.14024047990603	0.00809701448179221	-6.94839422682357	2.73281309779738e-07	4.37601685636772e-05	-0.00682803648473995
AT4G20460.1	793.929443894455	1511.99052187037	75.868365918544	0.0501778052316711	-4.31680682087362	6.16923708352056e-05	0.00423373558448521	0.0128662054258266
AT4G20680.1	48.7836477351171	97.5672954702341	0	0	-Inf	1.04459349692135e-06	0.000134111097380518	0.167424494711984
AT4G20790.1	15.5844080852018	31.1688161704036	0	0	-Inf	0.000629903928384481	0.0311899265226471	-0.045631188058669
AT4G20860.1	114.540265929534	3.41323962078388	225.667292238283	66.1152797079206	6.04691182216329	3.38479233258888e-06	0.000355717566593431	0.0870554520635731
AT4G21270.1	636.632969125672	1247.76832824639	25.4976100049506	0.0204345706071774	-5.61284426153259	1.45329538756947e-06	0.000175304556398358	0.0265456536370386
AT4G21895.1	315.841491888571	629.273783303195	2.40920047394726	0.00382854099101482	-8.02898958077636	4.60024009829031e-09	1.55510832557266e-06	0.0229508369818646
AT4G22690.1.DE	5671.60601596558	568.013870889163	10775.198161042	18.9699560402893	4.24564443043538	0.000117063422426039	0.00738578486836359	0.427655002493974
AT4G23160.1	326.254608709551	6.28827881243798	646.220938606665	102.765948820282	6.68321850094073	0.000139695413041451	0.00861517972950681	0.787788665305609
AT4G23270.1	1339.57172648298	93.4299396123395	2585.71351335363	27.675427428106	4.79053369350745	0.000788635782414178	0.0373891015503706	0.663097512848536
AT4G23290.2	1141.47336110651	84.955961073144	2197.99076113988	25.8721193118808	4.69332633196022	1.85192428403915e-05	0.00154601801053537	0.0192027287850345
AT4G23320.1	325.428579308375	6.19278261221398	644.664376004536	104.099306623983	6.70181664906074	8.60365965590369e-08	1.69485905538097e-05	0.24222972907517
AT4G23610.1	110.489810810245	13.6460031286927	207.333618491797	15.1937249710758	3.9254037065632	0.000558449992797048	0.0281611007417473	0.109331992032203
AT4G24170.1	59.0355410806984	114.591761447496	3.47932071390027	0.0303627474606403	-5.04155384669922	0.00012610898843218	0.00786586861332562	0.0134216539035123
AT4G24860.1	140.897487962445	268.548663120339	13.246312804551	0.0493255585436119	-4.34152080221085	0.000145182092681288	0.00883416902622009	-0.00629509904814648
AT4G25040.1	700.057852612157	1400.11570522431	0	0	-Inf	2.616940842015e-13	8.71151259025482e-10	0.00396545770477246
AT4G25100.1	8586.16251278666	792.288913288432	16380.0361122849	20.6743220024357	4.36976811304994	5.57901252102546e-05	0.00393722991883297	0.0128379820901422
AT4G25150.1	383.301519681874	727.593016428311	39.0100229354369	0.0536151695448282	-4.22121494411412	0.000113276931996509	0.0071633924986799	0.027023172694515
AT4G25590.1	380.048787688006	759.027455136059	1.07012023995301	0.00140985709108663	-9.47023535212992	1.39671819466664e-10	8.49887502363596e-08	0.0264138565534889
AT4G25780.1	412.123314529979	786.902591779722	37.3440372802355	0.0474570012481154	-4.39723524855926	7.89400771396441e-05	0.00522110432907666	0.015522288032042
AT4G26330.1	19.5254151034512	39.0508302069024	0	0	-Inf	0.00022514018745666	0.012816608342907	0.521159093289488
AT4G26390.1	137.521612795424	270.626834699962	4.41639089088565	0.0163191166751146	-5.93729322087957	2.89304017819928e-06	0.000314271449388235	-0.0028219948685388
AT4G26440.1	70.9140065365652	141.359477984638	0.468535088492688	0.00331449362414599	-8.23699580700464	6.33186862574331e-07	8.71252395528157e-05	-0.000429510851813274
AT4G26760.1.DE	1558.37296074821	2891.4606202384	225.285301258016	0.0779140133125663	-3.68197336061016	0.000458283078409497	0.0234994517846608	0.0913103652893882
AT4G27250.1	43.9577240990008	86.5098429325236	1.40560526547806	0.0162479229857626	-5.94360088330483	6.26573341527329e-05	0.00427851153059884	0.070116061412322
AT4G27420.1	522.750317828916	1043.8954552979	1.60518035992952	0.00153768306182676	-9.34502611052353	7.04031568366015e-11	4.7174090225296e-08	0.0318389620823283
AT4G27590.2	122.912502199208	238.53087794509	7.29412645332559	0.03057938039789	-5.03129701479437	3.49081764204202e-05	0.00266255065945388	0.00840220360991653
AT4G27790.1	341.194716748387	676.902922365936	5.48651113083866	0.00810531458730006	-6.9469161032709	4.70464668438792e-08	1.0559232419009e-05	0.00496430244286839
AT4G28090.1	306.157473637665	610.842816978368	1.47213029696188	0.00240999853979459	-8.6967520123279	1.34708902304683e-09	5.42008811438965e-07	0.191482635966122
AT4G28190.2	493.922379534225	942.735200378291	45.1095586901597	0.0478496598748606	-4.38534751999751	6.83295049470128e-05	0.00460837070063819	0.372362324211046
AT4G28310.1	407.132413396577	791.040507331077	23.224319462077	0.0293592037915156	-5.09004334630776	0.000141014652843911	0.00867699600937519	0.555173587003788
AT4G28680.2	1277.84553256584	2550.3376040638	5.35346106787102	0.00209911858702182	-8.89600061251721	4.46907810196412e-11	3.49635133108518e-08	0.0133944384152669
AT4G29150.1	146.122988642756	288.89970663458	3.34627065093263	0.0115828108304908	-6.43187079144493	8.47099640509266e-07	0.000111515780559734	0.069306804757816
AT4G29240.1	362.348578014922	673.305645699147	51.3915103306982	0.0763271638355778	-3.71165960510544	0.000559959388149937	0.0281853087616205	0.007968224196726
AT4G29700.1.DE	1961.22340113176	3785.19176014811	137.255042115404	0.0362610538151529	-4.78543533662307	1.55995311827249e-05	0.00134322755611753	0.00620745699819773
AT4G30140.1	380.657554102122	756.898717313359	4.41639089088565	0.00583485054190843	-7.4210885824928	1.24888210789972e-08	3.41968898785102e-06	0.0172444325279602
AT4G30770.1	60.9035904222016	121.807180844403	0	0	-Inf	2.86590178146157e-07	4.56244898720819e-05	0.0298504999247774
AT4G30800.1	480.902762519451	906.807363667548	54.9981613713542	0.0606503250579222	-4.04334081222456	0.000162553854239974	0.00971844898864401	0.108328560487567
AT4G31370.1	244.42840460745	455.813271971218	33.0435372436817	0.0724935829551015	-3.78600289462766	0.000395309514780989	0.0206966828560861	0.00535214115773761
AT4G32105.1	23.8553622770395	47.7107245540789	0	0	-Inf	6.44149333717718e-05	0.00438758633230312	0.319724130330732
AT4G32280.1.DE	383.896948227198	11.7727346584027	756.021161795993	64.2179734558434	6.00490523314731	6.05160801109333e-07	8.39179668747288e-05	0.410371136310623
AT4G33050.2	3108.9014462917	323.797391512726	5894.00550107067	18.2027578219049	4.18608513841974	8.17329406745548e-05	0.00539279850976063	0.376501322196263
AT4G33230.1	167.118722778501	331.695195020086	2.5422505369149	0.00766441773978953	-7.02760808910228	1.58887280954147e-07	2.88122617687844e-05	0.147656961965131
AT4G33260.1	662.681516367932	1305.22174366689	20.1412890689737	0.0154313159175457	-6.0179950956711	3.97479429888399e-07	6.04654541622453e-05	0.0343179546822912
AT4G33800.1	41.1394348181904	82.2788696363807	0	0	-Inf	3.01910836856053e-06	0.00032292666151533	-0.0039525880586728
AT4G34160.1	766.964335849989	1460.78497220416	73.1436994958133	0.0500715032585854	-4.31986642076906	7.47252008433113e-05	0.00500275171024829	0.0130635515673385
AT4G35610.1	86.2660546001655	171.997049080354	0.535060119976507	0.00311086802266319	-8.328467094254	1.96698768599504e-07	3.46107332159242e-05	-0.0114971195243399
AT4G35720.1	37.3968673947765	73.3881295240749	1.40560526547806	0.0191530329849455	-5.70628332107795	0.000152942295295755	0.00922437429468801	0.00641969567566974
AT4G36350.1	412.804929842843	825.141324597193	0.468535088492688	0.000567824049681927	-10.7822684251295	2.51024971186895e-11	2.14798930032486e-08	0.115295838951708
AT4G37050.1	217.724384445905	433.441578474872	2.00719041693839	0.00463082112242435	-7.75451625441286	1.65568555577246e-08	4.31771256077729e-06	0.0767353928666659
AT4G37780.1	40.4171973430554	80.8343946861108	0	0	-Inf	3.42831806970839e-06	0.000356936142147358	-0.0246295726680653
AT4G37900.1	9639.38074054755	19167.3709925593	111.390488535763	0.00581146410631922	-7.42688261107899	1.79396898258612e-09	6.72910392892785e-07	0.313279002627301
AT4G38660.1.DE	1724.65913338436	3324.97119256424	124.347074204484	0.0373979403137585	-4.74089737369797	2.04100183634142e-05	0.00168842031065561	0.13738580579611
AT4G39630.1	160.771512267962	308.828911983243	12.7141125526804	0.0411687897711153	-4.60230515104688	6.53368291940972e-05	0.00442464140929124	0.3982523315066
AT5G01190.1	117.665600681992	219.603443317791	15.727758046194	0.0716189045516657	-3.80351573771732	0.00100002792066216	0.0453357028535949	0.322518199730622
AT5G02660.1	31.0872306790653	62.1744613581306	0	0	-Inf	1.4577264556569e-05	0.0012675122332456	0.265804841661686
AT5G03390.1	280.853856044207	551.333415110091	10.374296978323	0.01881673900765	-5.73183956304354	2.25092211159785e-06	0.000254689046527985	0.138046063386729
AT5G04500.1	168.55342260813	336.103250007791	1.00359520846919	0.00298597293672682	-8.38758319495217	1.43101418729722e-08	3.84157161535025e-06	0.120859282159345
AT5G05810.1	171.215446875392	331.191771363171	11.2391223876126	0.0339353913937924	-4.88106553723277	2.8611132630875e-05	0.00224478519684418	0.0439562631375816
AT5G07420.1	1125.78371965327	2246.41641320123	5.15102610531361	0.00229299700404753	-8.76854981471878	6.22771743803237e-11	4.48756207600533e-08	0.00939751769757898
AT5G07475.1	173.317155235432	345.697240293879	0.937070176985376	0.00271066721906361	-8.52713627619903	1.13978271714948e-08	3.25099274593616e-06	-0.00540485457468657
AT5G07510.1	2716.56094061412	5431.04816577982	2.07371544842221	0.000381826009477943	-11.3547969990004	6.58525631570895e-06	0.000623935946147898	1.11842362526366
AT5G08020.1	411.217446021598	804.966043705999	17.4688483371971	0.0217013481174584	-5.52607152212986	5.28636659308815e-05	0.00375977376758285	0.55484654924696
AT5G08030.1	237.724369752212	464.808342400167	10.6403971042582	0.0228920097460248	-5.44901206356331	4.64709760809082e-06	0.000454452952516939	0.105016168412482
AT5G08480.2	169.357734307577	320.783804925675	17.9316636894779	0.0558995292596912	-4.16102005585776	0.000207911535651311	0.0119601547672357	0.0494909171370136
AT5G09430.1	85.0263997236896	168.045609030441	2.00719041693839	0.0119443193340136	-6.38753154790369	3.39253466468945e-06	0.000355717566593431	-0.0117061230068359
AT5G09480.1	103.844304046468	201.464601879563	6.22400621337258	0.0308937955119943	-5.01653906306458	0.000148254708269812	0.00898121774744248	0.520919499604366
AT5G09980.1	184.378794865642	355.707992153078	13.0495975782055	0.0366862647623325	-4.7686161667141	3.86079464806468e-05	0.00288842292495375	0.280989696660932
AT5G10380.1	4450.45685586595	805.148401671623	8095.76531006028	10.0549976790019	3.32984084351295	0.000961481927922494	0.0440255821912604	0.188351599989288
AT5G10500.1	137.703964287968	274.939393487444	0.468535088492688	0.00170413952889616	-9.19674082151292	1.26668806649392e-08	3.43410422145907e-06	-0.00179194288644431
AT5G10510.3	210.628376392779	391.683956651459	29.5727961340993	0.0755016784116454	-3.72734747369141	0.000604844530157008	0.0300578093008334	-0.00456227366554296
AT5G11130.1	257.217033775596	514.434067551193	0	0	-Inf	5.83296089888562e-11	4.31670636035908e-08	0.196331951320189
AT5G11400.2	61.0901098663359	121.711684644179	0.468535088492688	0.00384954895548803	-8.0210948668548	1.44879245752102e-06	0.000175304556398358	0.00399235342133666
AT5G11540.1	134.56680460301	254.010296179392	15.1233130266277	0.0595381890187122	-4.07004085018497	0.000361995771561388	0.0193219653350759	-0.00165801516867317
AT5G13130.1	44.2358261242973	88.4716522485947	0	0	-Inf	1.99301598006305e-06	0.000229297325907926	-0.0196642657752832
AT5G13940.1	91.9609700523188	178.837439030808	5.08450107382979	0.0284308537484363	-5.13639876750421	3.59844511611787e-05	0.00272943557256343	0.00348120184193266
AT5G13990.1	424.019980180758	837.199988162807	10.8399721987097	0.0129478886191786	-6.27113932946794	2.59908870023388e-07	4.26157166406012e-05	0.0759728261468904
AT5G14000.1	152.306299655315	290.628791423546	13.9838078870849	0.0481157005078196	-4.3773484569277	0.000133705905283137	0.00826441331481457	-0.000494383893800508
AT5G16490.1	241.333161249506	448.735080901193	33.931241597819	0.0756153085461361	-3.72517784781781	0.000678788322514983	0.033131161937799	0.00749643493911651
AT5G16850.1	28.7682721425928	56.1309390197075	1.40560526547806	0.0250415419735728	-5.31953278848128	0.000622844306823119	0.0308962369736063	-0.0208284804534797
AT5G16960.1	3528.37030656525	7047.1731961343	9.56741699619926	0.00135762478513334	-9.52469947623151	2.52838988170248e-12	3.29677960670369e-09	0.0162934896328107
AT5G17160.1	654.285667099558	1276.71666791783	31.8546662812909	0.0249504585330135	-5.32478986049572	3.45029133102519e-06	0.000357863171311106	0.0368914284789302
AT5G17340.1.DE	431.960447990412	863.920895980824	0	0	-Inf	3.75419870023365e-12	4.46945516564339e-09	0.034893386210446
AT5G18000.1	244.401176312908	486.459677183353	2.34267544246344	0.0048157649078496	-7.69801931917535	1.67955657485176e-08	4.33864322005576e-06	0.110820459139268
AT5G19600.1	452.522458489019	896.813720347727	8.23119663031097	0.00917826795415155	-6.76756235866123	6.09243708488654e-08	1.28692098590911e-05	0.0202190344039787
AT5G20330.1	230.874241438315	460.811412699644	0.937070176985376	0.00203352206816144	-8.94180363738094	2.46693458096322e-09	8.6602054738378e-07	0.167479605739057
AT5G20810.2	365.064957342757	705.780389424424	24.34952526109	0.0345001442742656	-4.85725379474385	1.35530563416983e-05	0.00119712835080123	0.15626740204806
AT5G22200.1	177.420956795298	350.82753275672	4.01438083387678	0.0114426048672199	-6.44944067601183	4.85080136763938e-07	7.02775889146569e-05	-0.00471665661632514
AT5G22260.1	205.37781624071	410.220572361444	0.535060119976507	0.00130432298140588	-9.58248312523423	1.36580994774993e-09	5.42008811438965e-07	0.0433741687915187
AT5G22420.1	38.1350620350859	76.2701240701719	0	0	-Inf	4.57900440325636e-06	0.000451015462481891	0.0858901587050245
AT5G22570.1	37.3908177546169	3.05212088321641	71.7295146260174	23.5015313516766	4.5546828602517	0.000765440982813892	0.0365781937022862	0.0568855457263822
AT5G22880.1	5596.02656394429	10741.4024490656	450.650678822999	0.0419545474587634	-4.57502899673437	2.52258104878315e-05	0.00200794518249361	0.309624972750477
AT5G22940.1	868.860290580152	1658.67692100422	79.0436601560847	0.0476546451904745	-4.39123934045319	6.14621674506293e-05	0.00422853534958073	0.136372049603105
AT5G23010.1.DE	6027.93180273562	262.286326963696	11793.5772785075	44.9645142201405	5.49071497733411	1.08933423490937e-06	0.000138093287130964	0.092687448072521
AT5G23370.1	121.831521814335	228.004670482067	15.6583731466042	0.0686756684128354	-3.86405714281083	0.000708655095210236	0.0344049535763239	0.0511439426739227
AT5G23960.1	457.187957492877	911.700614385871	2.67530059988253	0.00293440692884104	-8.41271533406223	7.61437555231424e-10	3.24297024148671e-07	0.411014196413372
AT5G23980.1	123.762982116819	7.2761388249164	240.249825408723	33.0188622275885	5.0452185032398	3.27561917896486e-05	0.00251946641456224	0.120712466972038
AT5G24200.1	103.449234149945	7.63725756248387	199.261210737407	26.0906757572545	4.70546240581216	9.64915925176769e-05	0.00623144525075242	0.0436085351529009
AT5G24880.1	129.752827226114	245.657756496216	13.8478979560113	0.0563706929246691	-4.14891088816681	0.00025214006244789	0.0141188122493827	-0.00128115973999835
AT5G25120.1	998.085867768734	138.864544831904	1857.30719070556	13.3749560980727	3.7414622509098	0.000990423195417273	0.0450685432673603	0.471410901480828
AT5G25140.1	621.794596609489	55.0406274525622	1188.54856576642	21.594022829605	4.4325601282288	4.66245041120422e-05	0.00338639833314573	-0.000571048307119367
AT5G25260.1	38.3972728311921	3.05212088321641	73.7424247791677	24.1610432878582	4.59461084730376	0.000640726423234125	0.0316114791369312	0.419190180855066
AT5G25290.1	34.4034039450485	68.2717477701205	0.535060119976507	0.00783721140079965	-6.9954438718895	3.8834299878671e-05	0.00289744086996667	0.0407988974270419
AT5G25320.1	187.427779833556	374.855559667112	0	0	-Inf	3.99245470634358e-10	1.83783357227971e-07	0.0165583330061694
AT5G25550.1	186.576208766971	373.152417533941	0	0	-Inf	4.08718745700303e-10	1.83783357227971e-07	0.0127842756861749
AT5G25590.1	1050.50897907996	1923.00608308186	178.011875078056	0.0925695850076402	-3.43331793545194	0.0010672705022399	0.0477516354449886	0.00824873066442354
AT5G25950.1	62.684840369489	125.369680738978	0	0	-Inf	2.57821945095636e-07	4.25281957867995e-05	0.0108885833713106
AT5G26310.1	20.1521563783621	40.3043127567243	0	0	-Inf	0.000390581293127391	0.0204883083686096	0.732644621072813
AT5G27200.1	51.579583833562	102.690632578631	0.468535088492688	0.00456258839513843	-7.77593177487961	3.68347781212456e-06	0.000376346975565651	0.199332529146769
AT5G28237.1	347.54489819317	663.914679760416	31.1751166259229	0.0469565104919399	-4.41253098922768	6.54065049115165e-05	0.00442464140929124	0.165724628102571
AT5G28640.1	1488.68731645662	2954.56090311249	22.8137298007502	0.00772152971249199	-7.01689759649433	9.83865899700237e-09	2.9604633039112e-06	0.0222115609671837
AT5G28888.1	75.7852864519095	143.472426336476	8.09814656734333	0.0564439228786117	-4.14703793038588	0.000591744030127879	0.029567764658689	0.132462361042093
AT5G33370.1	21819.9953802864	43604.5959682824	35.394792290463	0.000811721597333659	-10.2667273799922	1.07434127420674e-13	5.88352255406576e-10	0.0103076893484636
AT5G35390.1	56.2805366615666	111.49095308318	1.07012023995301	0.00959826972825883	-6.70300992877055	0.000120978841836362	0.00756311106658283	0.672369679194043
AT5G36110.1	33.786675298194	66.6362804194026	0.937070176985376	0.0140624622366006	-6.15200696765961	0.000126602085972892	0.00787131558878713	-0.00237010951736258
AT5G36296.1	32.1594959490793	62.780336569713	1.5386553284457	0.0245085549475692	-5.35057076601202	0.000350707352711689	0.0187601828344007	-0.0301007627864873
AT5G38250.1	147.774716914689	0.538200429129787	295.011233400248	548.143809318862	9.0984106336408	4.01007052906678e-05	0.00297571141536332	0.883877807744472
AT5G38450.1	41.7149503157679	83.4299006315358	0	0	-Inf	2.92507461113152e-06	0.000314271449388235	0.00419060216255081
AT5G39220.1	546.107896673997	1085.05471695764	7.16107639035796	0.00659973757861425	-7.24337562406352	1.18859445684773e-08	3.34613165576597e-06	0.243097455808088
AT5G39310.1	205.016388895744	410.032777791487	0	0	-Inf	4.611122035071e-06	0.000452551052201843	0.859441414063711
AT5G39493.1	494.125037633573	986.711419938699	1.5386553284457	0.00155937723771484	-9.32481430393545	8.14587324218668e-11	5.3107214551799e-08	0.305774750325464
AT5G39520.1	154.604943976552	19.0349627744334	290.174925178671	15.2443127216627	3.93019920388377	0.000407031842354767	0.0211888705463084	0.00235981048004944
AT5G39670.1.DE	299.027062584119	28.9205182536604	569.133606914577	19.6792326445444	4.29860206142356	9.97767883522984e-05	0.00641335215648506	0.0113368007642915
AT5G40155.1	22.3267364017624	43.6498775950556	1.00359520846919	0.0229919363756217	-5.44272821515555	0.00105166731892811	0.0473630831034366	-0.0441219730445807
AT5G40460.1	91.593850879529	175.827050274249	7.36065148480941	0.0418630209249859	-4.57817976646966	0.000143039185974602	0.008742631674903	0.225716642821747
AT5G41310.1	34.4815117591654	68.4279633983543	0.535060119976507	0.00781931966704382	-6.9987411957586	4.15863186849408e-05	0.00307761237359743	0.0405976537875902
AT5G41761.1	194.415396857078	13.1078026995629	375.722991014593	28.6640712884031	4.84117163157885	2.47410555488283e-05	0.00199252818540593	0.209631247244096
AT5G41890.1	94.9907377531698	185.834044609495	4.14743089684442	0.0223179283729183	-5.48565307232201	1.45397620049355e-05	0.0012675122332456	-0.00820465979369319
AT5G42630.1	95.944958808846	184.73170109544	7.158216522252	0.0387492589512493	-4.68968746951896	8.69226068805128e-05	0.00566694005143381	0.312797238351127
AT5G43020.1	1134.81289291739	2090.17323900894	179.452546825852	0.085855346091284	-3.54194821816529	0.000676122353483537	0.0331191096298501	-0.000526743482499789
AT5G43080.1	172.695760919454	318.693601399142	26.6979204397653	0.0837730042980312	-3.57737077687531	0.00097033379732069	0.0443567279436313	0.269433378658414
AT5G44265.1	183.136087109403	366.272174218807	0	0	-Inf	4.41382247661907e-10	1.93072060060732e-07	-0.00525831173525015
AT5G44568.1.DE	244.954641470257	17.6043985330492	472.304884407465	26.8287998320871	4.74571061295863	0.000192274959939281	0.0112257419041735	0.524109175352875
AT5G44630.1.DE	1866.96254909182	3730.84778752675	3.0773106568914	0.000824828787488917	-10.2436176942213	6.26987723298488e-13	1.22629841709709e-09	0.266356319827419
AT5G44635.1	769.909267892699	1502.3414484422	37.4770873432031	0.0249457853819209	-5.32506009854962	3.19673930363497e-06	0.000340595780591956	0.124387094414637
AT5G44880.1	14.5965480727234	29.1930961454468	0	0	-Inf	0.000862932006560173	0.0401850411626372	-0.043751948819906
AT5G45276.1	69.5796132315413	136.550450894684	2.60877556839871	0.019104847705049	-5.70991743252663	1.79885889399976e-05	0.00151226081918739	0.100612179827988
AT5G45700.1	341.826915352064	673.346058757288	10.3077719468391	0.0153082828848258	-6.0295437235587	6.61890641436746e-07	9.0619447719105e-05	0.361839864664804
AT5G45810.1	113.327429065078	220.832861973793	5.82199615636371	0.0263638124522184	-5.24529717723606	2.10852566770967e-05	0.00173380329829508	0.192376354634011
AT5G46950.1	16.800575566576	33.6011511331519	0	0	-Inf	0.000417777842754073	0.0216658956255531	0.154488187158155
AT5G46970.1.DE	75.6165007584775	151.233001516955	0	0	-Inf	4.76042069397051e-07	6.93350209799471e-05	0.545319108636686
AT5G47150.1	79.4126933218142	158.290326523652	0.535060119976507	0.00338024522235449	-8.20865637299434	3.00233852188316e-07	4.75202505238178e-05	0.102842362299923
AT5G47220.1.DE	744.12925153215	100.775631981684	1387.48287108261	13.7680393940351	3.78325122531956	0.00034794678077427	0.0186813308846295	0.000127093842583708
AT5G47850.1	45.9232444473412	0.987860012478418	90.858628882204	91.9752067443757	6.52317310901848	2.2202249344694e-05	0.00180398217079054	-0.00150721694844656
AT5G48650.1	456.639337947082	909.865880211747	3.41279568241645	0.0037508777465336	-8.05855604308205	1.96762436721737e-09	7.2807419490738e-07	0.0611047354719615
AT5G48657.1	202.041601428208	26.4881832909121	377.595019565505	14.2552252609583	3.83341893179913	0.000468711484285983	0.0239445109379082	0.189841530379724
AT5G49130.1	156.164451142818	309.517691754679	2.81121053095613	0.00908255200217849	-6.78268656384294	5.73277667519485e-05	0.00400567231257968	0.683245139484397
AT5G49240.1	44.2800965471879	88.5601930943758	0	0	-Inf	1.98854415857621e-06	0.000229297325907926	-0.0215273672626343
AT5G50040.1	173.536391080493	344.999066712564	2.07371544842221	0.00601078567597959	-7.37823070524702	1.06443582241515e-06	0.000135564565997077	0.525380462580755
AT5G50790.1	2024.81393213713	4045.68000847187	3.94785580239296	0.00097582008318155	-10.001097204127	1.26848825911162e-12	2.17085909443715e-09	0.00112036757944906
AT5G51380.1	221.966833757523	415.699951614942	28.2337159001051	0.0679184969601768	-3.8800516574458	0.000366633581817727	0.0194935159948213	0.0084693895098546
AT5G51600.1	762.889983957098	1494.66565658355	31.114311330651	0.0208169038966019	-5.58610067758174	1.30374992777997e-06	0.000160807569921041	0.0161781587893967
AT5G52220.1	45.4245522316362	88.5064290208089	2.34267544246344	0.0264689861333423	-5.23955325479832	0.000169813240671909	0.0101303402093207	0.396921795046787
AT5G52330.1	107.559034513878	212.575818490841	2.5422505369149	0.01195926495762	-6.38572746868222	1.54588575347297e-06	0.000184405367129109	0.256278025093219
AT5G52340.1	202.803439519728	390.150940855408	15.4559381840468	0.0396152785128739	-4.6577992447307	4.75021737048918e-05	0.00342290663259828	-0.00369899234637961
AT5G52400.1	60.2170978609377	119.899135601899	0.535060119976507	0.00446258529963941	-7.80790453900704	1.63818407505072e-06	0.000194185092394107	-0.0122900828258419
AT5G52760.1	250.527149669707	30.9847791243984	470.069520215015	15.1709818013473	3.92324254857389	0.000302524840105317	0.0165673209559716	0.175846052790596
AT5G53390.1	539.62515740365	1079.2503148073	0	0	-Inf	1.06774923059995e-12	1.94914062881919e-09	-0.000742548532053255
AT5G53510.1	266.465908411426	529.987556228929	2.94426059392376	0.00555533910055048	-7.49190930756596	2.26486013623508e-08	5.61548407657416e-06	0.318988195899881
AT5G54320.1	15.0835227245197	30.1670454490395	0	0	-Inf	0.000799966835800501	0.0377483232480247	0.257811702813469
AT5G54570.1	245.502536782274	451.931385465733	39.0736880988148	0.0864593373141098	-3.53183441134002	0.000923334926843968	0.0424207331658415	0.0418677979691892
AT5G54585.1	767.813869009144	40.7609276945158	1494.86681032377	36.6740134455993	5.19668625188937	3.78875489566059e-06	0.000384235876122142	0.0632287181397748
AT5G55520.1	653.502753326903	1293.55389901859	13.4516076352144	0.0103989541103931	-6.5874177552186	6.90145627673948e-08	1.43163390734606e-05	0.121416676079284
AT5G55820.1	571.171761683718	1108.88367672622	33.4598466412204	0.0301743522278231	-5.05053338972196	9.87647130156925e-06	0.000901458457265231	0.342086621039621
AT5G56390.1	17.2024870498126	34.4049740996252	0	0	-Inf	0.000380232447145866	0.0200994688566566	0.00360777324827945
AT5G56490.1	204.61657014714	403.946204257892	5.2869360363872	0.0130882181356304	-6.25558749141225	7.34495710162229e-07	9.85880467434419e-05	0.0250068262163249
AT5G57420.1	39.2731217023432	78.5462434046864	0	0	-Inf	0.000147317407318524	0.00894422449489098	0.841565139068402
AT5G58880.1	107.7931036237	215.5862072474	0	0	-Inf	9.43107237513323e-09	2.91653331292348e-06	0.0317912094120995
AT5G59230.1	26.1165756235761	51.7646161586594	0.468535088492688	0.00905126171623913	-6.78766537148444	0.000909199968111092	0.0419119756343736	0.79113971184178
AT5G59240.1	112.73855419934	213.298055965976	12.1790524327039	0.0570987502794993	-4.13039702011129	0.000340879125436722	0.0183739216785597	0.260282422177272
AT5G59580.1	85.1310454968744	159.222543700588	11.0395472931611	0.0693340719007769	-3.85029169913764	0.000955915182288623	0.0438440025484541	0.02472742038027
AT5G59780.3	1713.86937055271	127.678698083731	3300.06004302168	25.8465984737526	4.69190252289567	1.78725238713124e-05	0.00151044891556876	0.14110765735643
AT5G60020.1	1354.36467336569	2506.49241685089	202.236929880496	0.0806852350802573	-3.63155149675961	0.000601131083817637	0.0299743659701938	0.0473602352706258
AT5G60080.1	68.4557848161257	136.911569632251	0	0	-Inf	1.38251610295441e-07	2.54067489470454e-05	0.11846112464172
AT5G60090.1	110.060697449195	219.586334778414	0.535060119976507	0.00243667312228896	-8.68087155698312	4.26512851622813e-08	9.81409655725704e-06	0.280322328736885
AT5G60500.1	394.863840971549	789.192621823122	0.535060119976507	0.000677984189386437	-10.5264607494913	3.46710618923017e-11	2.79224416686766e-08	-0.00110001332523944
AT5G60650.1	74.0218181569017	139.343904595	8.69973171880366	0.0624335290739071	-4.0015351729067	0.000811341380919467	0.0381066032458608	0.161311536016656
AT5G61160.1.DE	53.5361808332869	0.538200429129787	106.534161237444	197.945143614431	7.62895686250104	2.9921822076385e-05	0.00232761173890788	0.638593617829305
AT5G61610.1	262.694055452751	510.070942520636	15.3171683848672	0.0300294863086571	-5.05747639374385	9.5270291350882e-06	0.000875399703949614	-0.00112633407935022
AT5G61620.1	58.2056329221098	116.41126584422	0	0	-Inf	3.81659817926835e-07	5.8711287272318e-05	0.000369748848564658
AT5G61630.1	93.4492067604224	186.898413520845	0	0	-Inf	2.019713281413e-08	5.0737421166652e-06	0.445462475864471
AT5G61690.1	119.135110102003	237.801685115512	0.468535088492688	0.00197027657001293	-8.98738612798535	3.09501641681286e-08	7.43394545743624e-06	0.0314452527670707
AT5G61980.1	280.709134740299	538.199669754733	23.2185997258651	0.0431412374081281	-4.53478863226181	5.67382390903431e-05	0.00398360631479942	0.0305304383470028
AT5G62065.1	100.809413474806	201.15029186112	0.468535088492688	0.00232927869086155	-8.74590102086686	7.3003931462845e-08	1.49053517836459e-05	0.153677513560839
AT5G62310.1	227.962760348773	449.837424415248	6.08809628229899	0.013533992397838	-6.20726870648881	5.73797985875072e-07	8.01619206593429e-05	0.0247116324580933
AT5G62500.1	653.40790953735	1222.96805731125	83.8477617634494	0.0685608763550149	-3.86647063947026	0.00027632484130412	0.015316451021436	0.219925277438188
AT5G62750.1	607.861331556888	1212.24334239988	3.47932071390027	0.00287015039984651	-8.44465794656685	4.09421692750939e-10	1.83783357227971e-07	-0.00163588408236942
AT5G62920.1	241.902548206466	452.763029849978	31.0420665629553	0.0685613986045658	-3.86645965005461	0.000337749666666481	0.0183133888567556	0.0824102261176465
AT5G63900.1	21.29617612097	42.1238171534473	0.468535088492688	0.0111228070045486	-6.49033527037299	0.000522068927388058	0.0265218763817065	-0.0462262909864808
AT5G63920.1	349.266594001649	665.214971029363	33.3182169739349	0.0500863907533197	-4.31943753565332	9.24574409879616e-05	0.00600846710943601	0.259101475944941
AT5G64770.1.DE	2217.49732059405	119.088357280983	4315.90628390711	36.2412110003664	5.17955925874372	3.48732257464865e-06	0.000360339119769922	0.101958305935357
AT5G64790.1	522.130126706718	1040.11282251659	4.14743089684442	0.00398748174915251	-7.9703063690366	1.41124312545022e-09	5.52037989443971e-07	0.0383378025033538
AT5G64820.1	26.4170308312381	52.8340616624762	0	0	-Inf	3.62465829348406e-05	0.00274172357436963	0.391812426772931
AT5G65350.1.DE	117.315066795816	222.720041152969	11.9100924386627	0.0534756206805952	-4.22497486722087	0.000242754556474117	0.0136771713279306	0.184871216046519
AT5G66020.1	271.331633116795	535.236089717297	7.42717651629323	0.0138764494005181	-6.17121772038544	5.44705412094273e-07	7.72804331293543e-05	0.0322333259579079
AT5G67100.1	707.397817389064	1325.73032187788	89.0653129002469	0.0671820742351936	-3.89577985054898	0.000295005440873012	0.0162531971468507	0.192703321481436
AT5G67265.1	48.7522927420199	97.0360503955472	0.468535088492688	0.00482846412836057	-7.69421992515963	5.03966481197364e-06	0.000487600718366207	0.287977174039627
