logFC	logCPM	pvalue	padj	dispersion
AT1G02190.1	-8.87669105878523	6.44377806967754	7.70805829876892e-15	4.69026782970868e-12	0.300133879258487
AT1G02730.1	-5.30988326905925	6.00427736386021	8.84151239491353e-09	1.72927351712516e-06	0.274133624235518
AT1G02810.1	-4.59073887023012	2.05001425779505	0.000461520996598863	0.0212392738300337	0.551786386173883
AT1G02900.1	-4.92056024845316	2.11020245684908	0.000208895045827196	0.0111936676024272	0.547458050943189
AT1G03110.1	-2.87343259029478	3.67798698528785	0.000763668343771029	0.0323195774175244	0.290079372795979
AT1G03170.1	-6.40417129577251	3.96721758724482	4.40984704871358e-09	9.21759022044849e-07	0.33198237548986
AT1G03390.1	-5.76219167424218	2.52747883227613	3.81028941683811e-06	0.00037939398113404	0.447993723724123
AT1G03710.1	-7.49343901718395	3.51475201753261	7.41241284808289e-11	2.36007777449076e-08	0.322722553035289
AT1G04470.1	-7.03658183552883	3.87307491906726	8.03424243105164e-10	1.91701918509475e-07	0.342292741542699
AT1G04700.1	-3.99839654480392	3.50732459435837	2.13295890496407e-05	0.00160012823933497	0.315642337357477
AT1G04880.1	-7.41441736377441	3.2798429854325	2.75558709881962e-10	7.54534859398788e-08	0.336443003095829
AT1G05490.1	-6.24406018060675	4.03965373356839	7.15592879478834e-11	2.33266240784398e-08	0.262253269595207
AT1G05710.2	-3.08711595866197	3.8454138074839	0.000762035514377203	0.0323003969886634	0.32876254968645
AT1G05950.1	-3.58603762298874	3.41947551720338	9.39891117051831e-05	0.00569382711661797	0.313395010076754
AT1G06460.1	2.92773153005055	7.00444304089748	0.00115840083431115	0.0460367658129288	0.324570834441542
AT1G06750.2	-5.25517606257761	1.18158707223397	0.000294097003603368	0.0146151799503946	0.609666078077772
AT1G06990.1	-10.6106144583737	3.73730615527633	9.38493482487923e-15	5.46762309308177e-12	0.307114928435151
AT1G07900.1	6.98991438257237	1.05156822878076	0.00012789107025423	0.00744732969570535	0.763467389980561
AT1G08260.1	-3.05945883942706	4.46203418706882	0.000108268489339605	0.00642757970117885	0.24700789250492
AT1G08730.1	-4.37026490441063	3.80765539588093	9.03076885091012e-07	0.000110393086015902	0.274591047803472
AT1G08900.1	3.17358688100152	5.04883808040082	4.65555410265785e-05	0.00316323529625254	0.23850405877572
AT1G08930.1.DE	4.86187412832398	6.30072081699314	3.41564220373367e-08	5.95714107150543e-06	0.260911122999111
AT1G09155.1	-9.76469875973314	0.612714231547413	2.24986261412644e-05	0.00167863046594033	0.723988883868133
AT1G09380.1.DE	-9.93918505874134	3.08082818134363	3.7208657223108e-11	1.28968031909259e-08	0.390256155763027
AT1G09610.1	-4.89441373483793	2.38801796751769	0.00044664551449407	0.0208348338635036	0.616666442626219
AT1G09720.1	-8.47380609613964	-0.605993830433494	0.000884899160542651	0.0367682986555066	0.905023496947936
AT1G09930.1	-5.02241080677744	1.61187710382428	0.000220744359698356	0.0116066879144242	0.559080566881982
AT1G09932.1	5.2700490775959	2.87769575316623	5.84691979290049e-06	0.000544559040031297	0.415861815190266
AT1G10540.1	-5.08094350723565	2.6568755893623	9.16047135569124e-06	0.000804490461899642	0.4111635817261
AT1G10980.1	-8.68904748442646	3.19158744964199	1.93690026094078e-10	5.58275820474532e-08	0.385859771618932
AT1G11000.1	-3.25217998572208	4.18364710827446	7.77710909220588e-05	0.00485517194754765	0.262320909537554
AT1G11040.1	-9.04520055934013	-0.0743329925141734	0.000176571625974324	0.00979354705760566	0.804835405406067
AT1G11190.1	-4.11808014526089	3.97093460840595	5.97315108901555e-06	0.000554429908879403	0.293864783031997
AT1G11765.1	-7.73018483465593	2.93227499271943	3.99808336583356e-09	8.42119374794267e-07	0.398612704796498
AT1G11770.1	-9.003035552079	3.53084954231603	3.58377431499472e-11	1.25808856786135e-08	0.377271276515796
AT1G12000.1.DE	-2.6622469832039	6.2520344119683	0.000506638511438995	0.0230828214978745	0.241553062963748
AT1G12110.1	3.89453792247564	6.76988444319893	2.27345819488999e-06	0.000252031709686144	0.250977812317114
AT1G13130.1	-5.74838983757272	3.04464259200687	1.35499644814448e-06	0.000159238252116276	0.414247200264319
AT1G13140.1	-7.42040517868664	6.12237502664595	3.12154064345489e-15	1.98776804416469e-12	0.233021121659209
AT1G13245.1	3.4267091073072	5.26589562989203	7.50346002715796e-06	0.000671437066874638	0.225456863160513
AT1G14180.1	-3.11464003521218	3.44492612599242	0.000922820395344185	0.0377708042829813	0.341891654720243
AT1G14182.1	-10.277934762238	1.11138602126098	3.52134798648246e-06	0.000357116853947639	0.66020578142617
AT1G15125.1.DE	8.43917026511271	7.5813697646433	3.95860540509228e-11	1.35493166502796e-08	0.39302573651008
AT1G15360.1	-9.51223863717142	4.97055155830043	1.56317028492938e-18	2.03822517818744e-15	0.239361162497971
AT1G16420.1	10.1218272380118	0.959078866200097	6.58041632168095e-06	0.000600616532400892	0.681443944063853
AT1G16630.1.DE	-5.81843269134064	3.81591139617377	1.46065678154107e-08	2.7207961899427e-06	0.312621429742791
AT1G16920.1	-2.8161247644803	4.68189404364973	0.000676739513901232	0.0291948959514575	0.27683694364836
AT1G17030.1	-5.81944707897483	3.93514034044423	5.68802527470161e-09	1.12861962370927e-06	0.296843582143626
AT1G18590.1	2.83909845571861	4.99709124776341	0.000201751018970958	0.0109333154625986	0.236242341809672
AT1G18710.1	3.53822809881732	3.9579073538317	2.96366305615212e-05	0.00210781874814435	0.270398727937414
AT1G19460.1	-9.16873529474093	0.0428222423720628	0.000143108499159689	0.00818078689768393	0.802951259497975
AT1G20080.1	-6.21823236998977	2.65023212397734	1.64827813418144e-06	0.000191242168941339	0.461591225578589
AT1G21130.1	9.28170355928729	7.33032840362618	2.68996074645862e-16	2.10447157598657e-13	0.288724265310369
AT1G22090.1	-7.2941341602876	0.492639098444327	0.000140590236981859	0.00805364407748379	0.752342418831559
AT1G22350.1.DE	4.36197335558723	3.61961316235224	5.78535908087045e-06	0.000542516103946557	0.319527224017324
AT1G22690.1	4.44261120893378	4.39207579158168	7.04783117434487e-07	8.85246390898675e-05	0.2776695261141
AT1G23000.1	-5.48714073870609	3.65451011472966	2.22258270398703e-08	4.11207835139007e-06	0.295330006455792
AT1G23410.1	-4.64151290818376	2.56632119811476	7.29394572676678e-05	0.00464072213023766	0.447669633411351
AT1G23420.1	-9.13796408904696	2.27375936630602	3.92412189702184e-08	6.7578808669341e-06	0.505843907911226
AT1G23600.1	-10.5311599338731	3.65812908040668	2.34150887504425e-14	1.28230392032923e-11	0.313612264079364
AT1G23770.1	-8.68283170068143	-0.413068247593857	0.000527347435942605	0.023867483456166	0.873036737020137
AT1G25240.1	-6.65428032453248	2.53683331375836	3.4759543560077e-07	4.85605011103075e-05	0.4435455153881
AT1G25430.1	7.34815397172675	2.54554936288559	1.55345719488173e-07	2.36315360612509e-05	0.466730982475736
AT1G26330.2	-4.68990315637483	2.09065580407787	0.000213009882770587	0.0113255079806295	0.512004659906703
AT1G26710.1	-12.9641561774458	3.76740637662875	6.93080023875368e-16	4.86613261891162e-13	0.302261790527617
AT1G26760.1	-5.36439847295093	2.14171448079565	2.93396484458808e-05	0.00209213086912789	0.490082303931664
AT1G26770.2.DE	-3.23808883722791	4.59236199695691	0.00018274918737805	0.0100887867919068	0.290558067534442
AT1G27040.1	-7.50544931664296	1.49931084768314	8.32145540562701e-06	0.000739798999730126	0.618578928559514
AT1G28370.1	4.65841976480882	2.28113224412827	0.000218772487244488	0.0115645332929123	0.510579051181079
AT1G28430.1	-9.78237141624955	5.80201721019574	4.12479387870389e-19	7.05906912416686e-16	0.247488444854197
AT1G28700.1	-9.66851986411159	2.81273376875033	5.63977096502463e-10	1.40389280513004e-07	0.429149050706271
AT1G29720.1	3.30691764971227	6.57820025916204	2.39099952089862e-05	0.00175523723542215	0.23921665332353
AT1G29980.1	-4.45236732754315	4.51381046776295	1.86942828263512e-07	2.73736284679758e-05	0.253002013317531
AT1G30080.1	-7.10677511683263	1.63994130460993	6.04306871495383e-06	0.0005590246876786	0.574509608972022
AT1G30795.1	-11.8056732680428	2.61572381249791	5.15938525966183e-10	1.32032044093514e-07	0.454157824946927
AT1G30820.1	-2.66956207034669	6.98010184886056	0.00112968945031272	0.0454231373398866	0.27594587138696
AT1G31310.1	-9.75511497829931	2.88569149896452	1.88616022317791e-10	5.49434459904867e-08	0.409587265710861
AT1G31540.2	2.68936584717359	6.02820814941416	0.000718967550369921	0.0307605772878581	0.259338351014406
AT1G32350.1	6.69892510054787	-0.122751863211767	0.00102790780319314	0.0417598983190422	0.868695017279957
AT1G33600.1	2.72104978223181	5.3656896722283	0.000634197545787089	0.0276082626371098	0.258937598110023
AT1G33720.1.DE	3.30425139594995	3.57507122312546	0.000322678345787122	0.0158060437644776	0.322595085411052
AT1G35110.1	-6.21614163029786	0.790236401959343	0.000158705078777281	0.00896012879810209	0.671326434587776
AT1G35290.1	-4.2321577183935	2.90829045942745	4.74431599863696e-05	0.00321556585828409	0.37340200923853
AT1G35730.1	-8.26883524068284	-0.794568537290662	0.00105663820482105	0.042863507147274	0.885568402669944
AT1G47280.1	-10.3797979463361	1.21066670298653	2.17855899999148e-06	0.000243482867501089	0.642623003492162
AT1G49290.1.DE	-6.06988537699606	1.95325603426195	1.0567951217412e-05	0.000901014207761732	0.515179228517318
AT1G49490.1	-4.6148481467899	4.62786347473273	2.31909838112015e-05	0.00172090926481929	0.401516856398844
AT1G49830.1	-6.880478580134	0.0983778961351955	0.000450379582939327	0.0209021927797367	0.803423208065633
AT1G49870.1	-5.89925303505254	3.7765118245008	5.3422975375533e-09	1.08357623091322e-06	0.300432555531696
AT1G51055.1	-8.53308910222182	-0.551943772968122	0.0006750912973201	0.0291948959514575	0.875871604911747
AT1G51260.1	-10.7132768252372	1.5374793576059	4.81322381947414e-07	6.39784925363306e-05	0.598967175422773
AT1G51420.1	-4.58437781775714	1.72249475450664	0.000547029439188499	0.0244689949395421	0.560674170624795
AT1G51790.1	5.14983698144129	2.40737727346684	2.17158753745867e-05	0.00162465600958179	0.452083564000825
AT1G51800.1.DE	3.77483438342926	3.5091978229797	4.02422212470721e-05	0.00278260732875588	0.309132764498484
AT1G52690.1	-5.60319308433814	1.29821794893651	0.000614409185993835	0.0268750037234556	0.740483013798277
AT1G54000.1	-4.28422794365936	2.48292939348495	0.000373753649489059	0.0178918224306109	0.493179130680513
AT1G54240.1	-7.60772477630691	0.774829814006777	5.0513638025497e-05	0.00338182013793193	0.705736655990519
AT1G54940.1	-10.8936580067916	1.7145625272843	2.06651261431823e-07	3.00985363857776e-05	0.577735956601058
AT1G55260.1	-3.51840871442644	7.01019556783179	0.000131525020221957	0.00761399176261655	0.321689458950756
AT1G56680.1	-10.0213570515354	0.861563515504821	9.52085632876016e-06	0.000831979164003302	0.693878326307009
AT1G58602.1	3.30147450409975	8.15787483270809	4.7692057981204e-05	0.00322445415220081	0.257194620367524
AT1G59590.1	3.87261576951334	2.06498437568213	0.00119069054073637	0.0472449519781532	0.495245477733037
AT1G59640.2	-3.57510418111905	5.7687412912807	4.97445569197059e-06	0.000477931739500135	0.233034920692784
AT1G60390.1	-3.23530802800441	3.34512244772482	0.000912946515726009	0.0376433409755295	0.364604250169251
AT1G60810.1	-3.77767593542089	5.89394010008906	2.11164978910064e-06	0.000236972108709647	0.236879222374478
AT1G61050.1	-6.31715903316928	0.352182080665694	0.000548331627483028	0.0244689949395421	0.784441658773496
AT1G62180.1.DE	3.11066365356209	8.56917310852544	0.000105673295835622	0.00630402219296512	0.255484381866189
AT1G62480.1	-3.59875985346851	7.34345368789842	2.38870910549507e-05	0.00175523723542215	0.275083315665583
AT1G63180.1	-3.76634064530546	4.48757837584825	4.42648119700685e-06	0.000431337751375237	0.249485440840444
AT1G63480.1	-3.14324568274787	3.57893672209082	0.000597690834718802	0.0263542197041389	0.324353103672361
AT1G63650.1	-5.26242412582151	3.19922817978691	8.90275223469212e-07	0.000109316216004637	0.356096031432246
AT1G64450.1.DE	-3.04441907067759	3.55776515761075	0.000569015554151776	0.0253346079736324	0.305638694791257
AT1G64500.1	2.95491439619717	6.27323371830669	0.00024280063207708	0.0124501252950086	0.260251096387911
AT1G64760.1	-2.93799361180858	3.82656026634984	0.000409858940464647	0.0193162779824492	0.274092268906885
AT1G65140.1	-7.45413386560605	0.626657671486953	8.01109142548003e-05	0.00496288926272611	0.721682039981937
AT1G65470.1	-2.86488322189003	3.76856843184306	0.000917633349366866	0.0376711189990458	0.297469866499212
AT1G66100.1	8.62562022020347	6.05062478763525	1.10970869264422e-08	2.12489814139748e-06	0.531110304162207
AT1G66235.1	-9.83374098044031	0.679944144659729	1.85108830679561e-05	0.00144405982953497	0.717793655057855
AT1G66700.1	5.47979090958681	1.79846273078188	0.000114945712795464	0.00675417061752232	0.580877226265428
AT1G66760.2	-4.35255341948421	2.96381972457738	0.000920860545429646	0.0377470111601116	0.57975833505465
AT1G67110.1	-7.21721365147317	0.399079484612254	0.000165615704816485	0.0092738021048773	0.751034338013208
AT1G67290.1	-7.36564320998745	5.3109182313246	7.42744124988442e-12	2.7117092840578e-09	0.301584062937129
AT1G67750.1	-4.586493207987	5.73703093010769	1.00263964872696e-06	0.000120943959742033	0.301811759615989
AT1G67780.1	-5.62548064915352	1.83801989339067	3.46345524661344e-05	0.00244466218765031	0.526571317178273
AT1G67865.1	3.02809581138877	7.63487898569209	0.000121042743974041	0.00706693478784048	0.248162704329423
AT1G67970.1	2.98346724907795	4.39401117934301	0.000653961944840962	0.0283784246808799	0.303379850365709
AT1G68110.1	-5.94301763860585	3.86145033395854	2.13088662742698e-09	4.86232813601713e-07	0.28883042457926
AT1G68540.1	-3.31658872778595	5.77659783499718	2.86457951772235e-05	0.00204798737217424	0.244381166888544
AT1G68630.1	-6.39807903125179	0.460349076473982	0.000407532848981308	0.0192397663289762	0.771012832434154
AT1G69120.1	-9.6499899226717	6.4737513080925	2.84029510582886e-19	5.32301713706332e-16	0.247196467144476
AT1G69450.1	2.65304004422945	5.52515761412689	0.000398808193303314	0.0189434586966525	0.231464943412175
AT1G69490.1	3.39333947332036	6.00259380119352	2.11750193287118e-05	0.0015968779542407	0.246079993140452
AT1G69600.1	-9.39164788681115	2.53885302461648	4.51193961558611e-09	9.35575164059458e-07	0.461170464494425
AT1G69720.1.DE	3.24228850871017	4.1978272073465	6.08708629120207e-05	0.00394968238923448	0.253755109695616
AT1G69940.1.DE	-9.9668927408839	7.64757990669035	2.33457817614252e-20	9.13220280273348e-17	0.247666322173003
AT1G70510.1	-6.0255306975219	1.9230314499209	1.18148548587774e-05	0.000986324255314156	0.516692382609183
AT1G70560.1	-3.26191065165237	3.92543614327333	0.000169441897169447	0.00944940535294051	0.289913103574456
AT1G70710.1	-4.69439273308662	6.87050034207445	1.51484833959868e-07	2.31729481759168e-05	0.273236558131317
AT1G70720.1	-10.7929614902917	3.92925399546543	2.66274701151577e-14	1.42963409155539e-11	0.329274737132993
AT1G70830.1	-4.53843647115589	8.13230589432512	8.35229263288356e-07	0.000103019133726855	0.294387756657446
AT1G71680.1	-10.95498224364	4.92436914729693	2.82465806597858e-19	5.32301713706332e-16	0.254395500575426
AT1G72110.1	-9.67491269043081	2.81897602731569	3.47311790385115e-10	9.32361906306395e-08	0.418227869646029
AT1G72290.1	-11.8092300800047	6.3188132506072	1.73082004896894e-22	4.73933145808674e-18	0.248251754607071
AT1G72670.1	-5.93501908756139	2.87354176330148	4.26222272727779e-07	5.74917156247884e-05	0.39376183587261
AT1G72910.1	3.80162695840234	5.53882702300584	2.31620952118458e-06	0.000255735681891436	0.240645074332471
AT1G72930.1	3.38488524922699	8.01410550723393	2.06152237690723e-05	0.00156799861283721	0.24509928344569
AT1G73050.1	-6.97045185795854	1.88438831438086	3.33203020064383e-06	0.000340438996097125	0.541749235520423
AT1G74030.1	-2.9144736430205	4.88378787487087	0.000546604671713743	0.0244689949395421	0.284408128872109
AT1G74130.1	-10.305771462366	3.44456159028059	5.96367777601732e-13	2.51226807481394e-10	0.344159799710284
AT1G74490.1	-6.01519854555019	1.27006778242398	6.73867061056016e-05	0.0043425217854778	0.600416935787849
AT1G74550.1	-8.25100733804473	5.99350944409537	1.96774699623974e-15	1.28287733931039e-12	0.262123270711893
AT1G74810.1	5.53297626730279	3.01233085861972	2.4436153569569e-06	0.000265520141683308	0.412115202259005
AT1G75060.1	-4.21656507171669	3.533853542109	1.58715887540287e-05	0.00127822306842004	0.333891546261883
AT1G75150.1	-4.14590872493386	2.42495297005009	0.000485195565067013	0.0221796743951001	0.481113720651753
AT1G75160.1	-11.582272417061	2.39453015498871	2.51764258241936e-09	5.57902895433558e-07	0.480147593311685
AT1G75520.1	-5.57307599854054	2.50969551119625	1.39101590829725e-05	0.00113359516669629	0.482504012209467
AT1G75870.1	-7.35531995085362	2.80906578506836	3.07540105215169e-08	5.43294397483984e-06	0.425039310319452
AT1G75920.1	-11.2862766897449	5.26273879788998	4.64396340254551e-21	2.54322011777002e-17	0.24040301224852
AT1G75930.1	-10.7500884095079	7.28627629353227	8.75605177981801e-22	1.17553193100656e-17	0.247554703891053
AT1G76250.1	-7.23859013420038	2.693497153632	1.14481647278272e-07	1.79127798044208e-05	0.45349762966409
AT1G76370.1	-6.37598184864696	2.81449928286679	1.76899633844988e-07	2.63253574670841e-05	0.404181606317839
AT1G76420.1	-6.73227037118732	0.779234357416666	0.000139323833969683	0.0079978306535804	0.720068026232247
AT1G76530.1	3.67684123533688	4.02220103165535	9.54062732806357e-06	0.000831979164003302	0.257004604454562
AT1G78960.1	-4.60145325522195	7.24115368382272	1.71256892014396e-07	2.57656935007592e-05	0.267497586100433
AT1G78980.1	-7.965421683559	1.13942998780388	1.25647177946741e-05	0.00103628645377641	0.655967429228031
AT1G79360.1	-4.89261665320355	2.86600140812904	1.12801964799346e-05	0.000956267306543558	0.400465841794571
AT1G80470.1	-6.49051630896177	2.8018432916649	1.85127558141915e-07	2.72535634249566e-05	0.414256365633661
AT1G80660.1	-8.46627289068184	6.98119066662376	2.87083541948331e-17	2.80747198058186e-14	0.241989897875814
AT2G01830.2	-3.11989413047071	4.106160799062	0.000184501811969338	0.0101650475157835	0.272706957794098
AT2G02850.1	-5.30140279898515	5.1838268680018	9.03919346234165e-09	1.75539854883574e-06	0.271971298045143
AT2G03090.1	-6.67710428678926	5.49200162001956	7.38029382491072e-13	3.06192735626826e-10	0.242740333852526
AT2G03170.1	-9.98290009759021	0.824533990794904	1.21078306546824e-05	0.00100465642117125	0.706650830769384
AT2G03200.1	-5.6567456592621	4.20615091065867	2.36032262860522e-08	4.28197708445033e-06	0.3134936459108
AT2G03210.1	-6.98123090944468	0.989234204089099	8.71224087716601e-05	0.00533688097759641	0.714985975320333
AT2G03310.1	3.26243261976183	4.59973129872783	0.000339546667870933	0.0163976487824372	0.319819292922818
AT2G03830.1	-6.32500400538563	1.81285855862795	8.65988273857059e-06	0.000764919061766257	0.527978548589857
AT2G04032.1	5.13011118102095	2.18610729508186	3.55505172548707e-05	0.00249601093198172	0.472748392113669
AT2G04070.1	10.3753505479705	1.20614525439275	2.63513289066586e-06	0.000278591539815493	0.654111589469235
AT2G06925.1	-2.49008846017646	4.44683243087058	0.00106972444521341	0.0433301697615882	0.240482883496037
AT2G10970.1	-10.3581730931743	1.18979393769813	2.6564022378098e-06	0.000278688145883939	0.65226128396886
AT2G13116.1	-8.88069762067516	-0.228633919663719	0.000299608399505816	0.0148084425907369	0.836242689036042
AT2G13820.1	-4.58089900967467	2.45511849699408	0.000135952663938964	0.00783717019784569	0.47089899334828
AT2G15040.1	5.47780333828517	4.27974129990515	1.16767092806168e-06	0.00013841197122158	0.391141950172959
AT2G15042.1	5.1658350456279	5.29454120373212	1.17018321311724e-05	0.000979876352953405	0.444583591714202
AT2G15340.1	-5.94017836627863	1.17949819571668	0.000129602399923714	0.00751858668371003	0.636005142994703
AT2G16270.1	-3.98629593673189	4.01445788048361	2.40614560486197e-06	0.000262490354391755	0.258208513509496
AT2G16580.1	-5.79361607176045	1.6788034863384	5.3856152026941e-05	0.00353943462108248	0.569744428532226
AT2G17000.1	-9.04137925154861	-0.079539661844207	0.000223106851564916	0.0116809021215115	0.832172539395426
AT2G17040.1	5.58524101865609	5.22538741780246	1.15849880356533e-10	3.56427126283437e-08	0.234039832223868
AT2G17845.1	-6.91972756253915	0.929325423758185	8.65724814762112e-05	0.0053150845017525	0.703518108947587
AT2G18180.1	-5.89111791536373	2.75016078883728	6.45088984990815e-07	8.17023771312504e-05	0.401297343621434
AT2G18340.1	-7.24272231627738	1.78446595719978	2.46462443683658e-06	0.000266744451895096	0.546040552574654
AT2G18460.1	-6.11271143947231	0.678867645878147	0.000221663681823211	0.0116275765051402	0.680959966703667
AT2G18660.1	3.50225060681588	3.50586512246456	9.69052844303402e-05	0.00584462664817528	0.302100282456882
AT2G19130.1	3.42549683963586	5.10285093612753	7.32156876876295e-05	0.00464072213023766	0.285655635727589
AT2G19610.2	-8.80432254115544	-0.3007982909906	0.000333616097943147	0.0161682760953615	0.834141443100142
AT2G19920.1	-6.67328962748688	2.36800612081277	5.3689150668038e-07	6.96737594119534e-05	0.455938376224292
AT2G20430.1	-8.31771833322288	1.46598209375554	3.53585009410399e-06	0.000357264381095039	0.619924797276588
AT2G20570.2	3.65191072165484	7.88924992725744	1.49552473655045e-05	0.00120797812201252	0.268716345833661
AT2G20970.2	-9.85585976109626	0.701102911157513	1.60748912498676e-05	0.0012832730968043	0.710018573352584
AT2G21050.1.DE	-2.64676329305392	4.57206114258509	0.00114135066320782	0.0456907366373635	0.270801107296843
AT2G21790.1	-3.51963699840218	5.89462314189842	1.05955216894046e-05	0.000901014207761732	0.24401282765261
AT2G22030.1	-9.36153776681688	0.225906358391519	7.78402046955451e-05	0.00485517194754765	0.772709838531979
AT2G22807.1	-8.26112693925982	1.41058891112842	4.09087076850126e-06	0.000404390698133941	0.621342864042173
AT2G22960.1	-5.49960144885418	1.39540213178956	0.000156926235764616	0.00887800452005519	0.598682519870169
AT2G23360.1	-2.42815407229256	5.04859299693414	0.00115121789724162	0.0458771528858639	0.233459676923223
AT2G23510.1	-9.83890488490314	2.96905564656852	6.10923298501741e-11	2.04003679994813e-08	0.392185017982918
AT2G23600.1	2.84236189368967	6.6782443409328	0.000206374270583422	0.0111020437664347	0.238404162461036
AT2G23700.1	-3.1948518356758	3.81601151855464	0.000215089325365713	0.0113918296076672	0.288793298447002
AT2G23770.1	5.15851223486845	2.8923932158992	2.06394394699013e-05	0.00156799861283721	0.458933238734426
AT2G23800.1	-10.2032259377117	6.35482541224857	2.91597608121941e-19	5.32301713706332e-16	0.260971611146857
AT2G24170.1	-3.02653543759541	3.62262666122575	0.00113437566749322	0.0455446840576237	0.338139935677527
AT2G24490.1	-3.83872509377199	3.98438582974589	1.63353934149553e-05	0.0012927622615269	0.29013465307643
AT2G25200.1	4.70306852560706	2.14285669113015	0.000169435164351066	0.00944940535294051	0.496505045763947
AT2G25510.1	3.86639921615182	10.2000033646798	4.63079663790083e-06	0.000449647069287236	0.264073585073207
AT2G25880.1	-5.59307195273108	3.71889138654963	2.9063996595594e-08	5.16772957649712e-06	0.308751626075597
AT2G26010.1.Hnull	-5.28476754816101	5.09470149591395	0.00060608095747493	0.0265632341594731	0.732454472208958
AT2G26490.1	-8.96388259439137	3.4741037487705	1.45081156682938e-12	5.75740903230756e-10	0.323512437170421
AT2G26760.1	-5.35319970502122	3.70295289323873	2.00728802020885e-06	0.000227122151113053	0.395308373557523
AT2G26850.1	-6.72717423001825	3.66199360226607	2.72842980587771e-10	7.54534859398788e-08	0.304542232029102
AT2G26940.1	-8.17429568881097	-0.881052564280263	0.00124457146714231	0.0491758382587167	0.88880663157342
AT2G28056.1	4.74616453057802	1.7229165609334	0.000325827592496869	0.0158751087860307	0.54675088681146
AT2G28180.1	-6.94226916323038	1.85634851113075	5.05941730351278e-06	0.000482707193744902	0.559417315781539
AT2G28790.1	-6.86647035948304	6.53994414329584	3.84311000600606e-13	1.67034981245171e-10	0.248728250075493
AT2G29170.1	4.56756576185635	2.78925685479704	4.52140294990789e-05	0.00308740786968523	0.413627191159683
AT2G29350.1	3.45979262783325	5.07017092891132	1.19674798927582e-05	0.000996028980010657	0.239032522420725
AT2G29550.1.DE	-3.42915846528581	7.24628809656003	7.99082754127063e-05	0.004961560991725	0.290426677344179
AT2G29770.1	-8.84968280494621	-0.258573391042488	0.000287345208857945	0.0143578220966209	0.825067670870175
AT2G30140.1	3.70443923327597	4.58137252635569	2.50586314313943e-06	0.000270139939312771	0.231224461418133
AT2G30240.1	-10.7929645581042	1.61552937255236	3.37945024037667e-07	4.74544135805098e-05	0.590052013574032
AT2G30290.2	-7.63002008746734	2.52337593204403	2.07870755009284e-07	3.01159630352604e-05	0.496116908393809
AT2G30370.1	-5.98489328569376	2.76023337594591	5.3500268594461e-07	6.96737594119534e-05	0.40488387163435
AT2G30930.1	2.79978492100936	4.0344358946845	0.000807590863735516	0.0339563927604183	0.28121441248786
AT2G31500.1	-6.81110415226227	4.38854043087623	7.2410393320958e-12	2.67938025664118e-09	0.26723510834286
AT2G31880.1.DE	3.46109283445002	7.03933944254393	2.79101308633635e-05	0.00200061571544665	0.262240719858358
AT2G31980.1	-9.41772148848908	7.5880224745115	2.46717939541578e-19	5.32301713706332e-16	0.244939266851062
AT2G32290.1	3.13040225535666	5.27569555112913	6.96774488411522e-05	0.00444733777195438	0.244391757129245
AT2G32350.1	-9.12297471046269	-0.000389029721601195	0.000164174570683314	0.00921194281649695	0.811235406645559
AT2G32670.1	-4.91226899620927	2.863071538762	9.9454373172443e-06	0.000864526871812011	0.395409317082428
AT2G32800.1	3.77014549211284	5.17995251276936	2.56031186453723e-06	0.000274927292057876	0.239287203797823
AT2G33100.1.DE	-5.08437593171856	2.90177643465514	2.50435719072949e-05	0.00182864822924146	0.45713389593522
AT2G33190.1.DE	-8.97800931756622	-0.137659457777124	0.00021112970452824	0.0112606869980033	0.813163123632775
AT2G33775.1	-6.52013932547545	3.80568753283509	8.00291932374574e-10	1.91701918509475e-07	0.309511122824031
AT2G33810.1	-2.98882224809816	5.36318483212804	0.000114314151741337	0.00673150559780922	0.239976812892664
AT2G34220.1	-4.85041621141901	1.10889134119745	0.000809784693322372	0.0339563927604183	0.636686119608522
AT2G34700.1	-9.80607860706998	0.653246292129673	2.04928873205909e-05	0.00156799861283721	0.722328474134272
AT2G35215.1	-9.3376129971961	0.203397849508837	8.91868643919794e-05	0.00543900828681777	0.782387040828521
AT2G35300.1	-9.32005052273542	0.185882156083732	8.95929765120151e-05	0.00545163307300444	0.779452497176869
AT2G36570.1	-3.71388455413543	6.14286916384912	9.99420740577811e-06	0.000866017048053848	0.264782523965434
AT2G36620.1	-2.89445202698679	7.07785155512497	0.000333517675216982	0.0161682760953615	0.262731541049776
AT2G36660.1	-5.94038006459842	3.19375187894678	5.83905614577683e-08	9.86944662862106e-06	0.347354751057665
AT2G37010.1	-11.589042892011	2.40114009183111	2.03971411961926e-09	4.69339932969869e-07	0.474380976979237
AT2G37540.1	3.92178552917058	4.58243385603889	7.60552624962933e-07	9.46611453487956e-05	0.230217781140498
AT2G38110.1	-4.18468975512563	6.8891550465751	3.71014942185008e-06	0.000372129346040655	0.293208724320662
AT2G38540.1	-3.31883311939808	10.5574018653797	0.000102153085433399	0.00612069099636179	0.283554453613871
AT2G38910.1	-10.3357367256447	1.1676255783129	2.64576094944044e-06	0.000278639331990685	0.648999175247238
AT2G39030.1.DE	4.10431234001226	2.75003014465063	0.000232537914297356	0.0120138739043211	0.430172731056217
AT2G39060.1	-8.21689099029684	1.38428111375339	4.300648249764e-06	0.000420572679910849	0.62081693877632
AT2G40000.1.DE	2.71149972966682	6.69990293469678	0.000606311494765563	0.0265632341594731	0.256357675534376
AT2G40010.1	-3.98711791179645	2.94038266651839	9.66665933456857e-05	0.00584310079247586	0.370533674047551
AT2G40085.1	-5.66200441302835	0.912630945178025	0.000340317905215064	0.016405959296829	0.672375607836327
AT2G40250.1	-9.84529119490724	0.691408501980079	2.1227944465109e-05	0.0015968779542407	0.731608010043403
AT2G40850.1	-3.67979915137215	4.13305700987005	1.04714708628799e-05	0.00089883954597924	0.259422108325632
AT2G41090.1	3.48196567663399	9.16017454753372	1.65672799731151e-05	0.00130733504387273	0.251247742381262
AT2G41450.1	-4.8541766560328	1.34242061640382	0.000473933721041825	0.0217374424615867	0.588509547690291
AT2G41650.1	-3.69828389397056	5.53864560314847	3.42428860893559e-06	0.000348564575055295	0.238152975421481
AT2G42470.1	-9.00509838866189	-0.111665301039645	0.000225854065965118	0.011802168004307	0.826661993704128
AT2G42570.1	-4.68292550765221	5.5954949222434	1.22846254782641e-07	1.90043850195383e-05	0.267214974764487
AT2G43010.1	4.30997516243525	6.03387930495415	7.21140868900944e-07	9.01656587773774e-05	0.267686720843746
AT2G43040.1	-3.71965992287689	3.74769209608003	7.51692233343994e-05	0.00473168660538511	0.325455774770242
AT2G43100.1	4.20717773791078	5.4196322318529	4.12851444915429e-07	5.59638527954172e-05	0.246545458012994
AT2G43470.1	-9.02135385592289	-0.096780279893478	0.000196235996271354	0.0106613770831393	0.81106058077289
AT2G43840.2	-4.15265449879665	2.19186554361138	0.000374540370411882	0.0178981927096303	0.465007130729145
AT2G44190.1	-4.80862931036076	2.15693699641907	7.92240993634788e-05	0.00493025974720631	0.471456625687873
AT2G44450.1	-6.25099414617256	1.93404367689758	1.6185525995196e-05	0.00128568369405549	0.556563968303692
AT2G45490.1	-5.8905606294735	2.07220572444834	4.17802521562703e-05	0.00286723524948119	0.57445619147907
AT2G46130.1	-8.19501741496841	-0.861536268216792	0.00119225264103805	0.0472449519781532	0.886426819698289
AT2G46950.1	-5.76342781989899	2.31207853865073	3.46406007161026e-05	0.00244466218765031	0.551301725840096
AT2G46970.1	2.57340307661474	4.82956026463306	0.00054821922153228	0.0244689949395421	0.229250923528943
AT2G47230.2	-3.46295419445585	3.57398562570202	0.000101805783030528	0.00611325866434631	0.298851355764576
AT3G01620.1	-4.41492455341182	2.18370996469204	0.000233351310684962	0.0120264738576852	0.479233520140463
AT3G02020.1	6.37765249669761	6.58633890298968	7.02280934607021e-12	2.63422692485061e-09	0.251794273179895
AT3G02110.1	-3.07381166560956	6.44214995554807	0.000211313148818522	0.0112606869980033	0.273206927582694
AT3G02210.1	-4.03678665087073	3.42957991358664	1.4884294525879e-05	0.00120580400209355	0.309594650407297
AT3G02310.1	-8.30548353423027	6.4341976029237	5.90329569788488e-16	4.25379059998641e-13	0.255581368179613
AT3G02480.1	-7.53963760081348	5.30319423090832	1.43961628465941e-13	6.56992885109068e-11	0.266253028574677
AT3G02640.1	-6.24348356376491	5.22299375657296	2.60397945081353e-10	7.2757311553241e-08	0.284554759426831
AT3G03130.1	-6.57668608795326	3.92391259298485	5.27773160816984e-10	1.33294739782086e-07	0.307328522108037
AT3G04620.1	-5.73800166792535	4.59432547046005	8.27953381530591e-11	2.57625221512166e-08	0.23751367309935
AT3G04720.1	6.10735036586221	4.44187669586631	4.32973201452072e-10	1.13996848097698e-07	0.280347820204449
AT3G05150.1	-7.04459216083615	1.96648212448238	1.86960531235221e-06	0.00021331169512889	0.524366933384907
AT3G05330.1	-2.82379759190266	3.80911659577517	0.000741078547314816	0.0315586512948278	0.280567352598121
AT3G05400.1	-3.79581580163349	4.45884150593012	3.05884181778675e-06	0.000314876716746755	0.244731857328204
AT3G05725.1	-8.31532736875043	2.29651205287053	8.97498111796545e-08	1.44560548807135e-05	0.498556786456272
AT3G06260.1	-6.10907871406782	3.14323228134498	8.00623760238709e-08	1.30492141683669e-05	0.367746815109431
AT3G07120.1	-5.67283856748235	1.18258346157121	0.000135915907624619	0.00783717019784569	0.606064245303802
AT3G07620.1	-7.079840526305	1.61403020253493	6.18273399813498e-06	0.000570018930427381	0.572331267264884
AT3G07850.1	-8.96975480373675	8.58097945962927	7.92258758018053e-18	8.34370358155782e-15	0.254068596022329
AT3G08770.2.DE	-8.83067206505114	9.05835540557114	7.50522164493929e-17	6.62928964779766e-14	0.265598420636876
AT3G09020.1	7.83427340416647	3.02613052818843	2.75039784361871e-09	5.93003100424942e-07	0.397558998733613
AT3G10000.1	-10.3381835633036	1.16994695044705	2.62939543276893e-06	0.000278591539815493	0.649206108851974
AT3G10116.1	-9.41195434428199	0.274096879752511	6.74009115049326e-05	0.0043425217854778	0.76717753649692
AT3G10180.1	-3.61042305401783	3.05543555535843	0.000252257439516154	0.0128627806495928	0.357086568418861
AT3G10290.1	-4.70174419433324	1.6984850545143	0.000308072491062822	0.0151720160976298	0.537743963768295
AT3G10610.1	-2.59653768399189	5.0710940653873	0.000800536424141286	0.0337235205628257	0.247347268438346
AT3G11480.1	-5.17522889667836	5.05321319577419	3.45572525931131e-08	5.98890310445963e-06	0.284631759646518
AT3G11825.1	-10.2580773216583	1.09224102846421	4.82337992545983e-06	0.000465048553235708	0.678468970533223
AT3G13062.2	2.77585519614272	6.44079089503062	0.000265561857967692	0.0134410624674147	0.236729967596045
AT3G13175.1	-4.52150667946455	3.15834042787889	7.22501508374291e-06	0.000652921990175077	0.342214008556356
AT3G13220.1	-9.80221576472065	4.99431701137167	2.09535714054943e-18	2.60795769193293e-15	0.24791439630698
AT3G13450.1.DE	-2.76400702672457	5.01411305183798	0.000244422335033204	0.0125098549119237	0.231452596204829
AT3G13662.1	-11.1891678520004	2.00604047457723	4.98556922436202e-08	8.47918363363234e-06	0.547280982653443
AT3G14020.1	3.39176197206369	4.37914173703167	2.70866840034452e-05	0.00196213645868343	0.250642877212084
AT3G14040.1	-9.34938435819332	8.3970890964863	2.23282724096675e-18	2.65822937009355e-15	0.258227953550525
AT3G15680.1	-2.70999091039751	4.40539626915911	0.000755180182332425	0.0320594476784906	0.263078289414613
AT3G15720.1.DE	-5.21895427504186	1.55488156912253	0.000458049099698307	0.0211505909746021	0.651074133373323
AT3G15830.1	-9.20664844793843	4.09074780547179	1.14383414734752e-13	5.49481870573155e-11	0.313340100904408
AT3G16360.2	5.88577365626602	3.6645972791842	5.43271132056197e-09	1.09381251014432e-06	0.298235353080166
AT3G16530.1	6.57324620066493	4.5377295553886	2.02144699267878e-12	7.90732307907577e-10	0.24371148347237
AT3G16660.1.DE	8.41368978712026	4.4336789231683	9.4571906054325e-16	6.31601934531592e-13	0.248205714202337
AT3G16720.1	3.29521061120492	4.12891972667396	0.000112435849322625	0.00663516902187956	0.280360027008599
AT3G17010.1	-8.06170227033548	1.23325086283376	8.13770013839553e-06	0.000725819235145102	0.640195751594224
AT3G17060.1.DE	-7.04509750404408	4.03994446656791	2.21107952343223e-11	7.8628285078729e-09	0.289480623654538
AT3G17220.1	-4.55962612564227	2.04308240903533	0.00032425076246674	0.0158523257570007	0.522844829110977
AT3G17630.1	-2.79095846436743	4.1966686835695	0.000436373079363219	0.0204602185943899	0.254347835423655
AT3G18130.1	-2.74395131192289	5.9322369847323	0.000358848007679284	0.0172083645293768	0.241909315808335
AT3G18360.1	-7.21259749186014	2.8919815677691	1.18301681119812e-08	2.24953932807132e-06	0.393748960220009
AT3G18362.1	-8.24060462658959	1.39047189158789	4.17156450658372e-06	0.000409411395409589	0.619476905235817
AT3G18960.1	-4.0080950761001	3.32379870035428	2.43218901308857e-05	0.00178070052289816	0.321739214283439
AT3G19210.1	-3.77440162165045	2.10316274091755	0.0011444635403956	0.0457484681213319	0.477602413609614
AT3G19590.1	-2.66598974610924	4.22739148885009	0.000589179078886595	0.0260628457804083	0.245530473522784
AT3G20520.1	-9.42805894977906	3.93600520028186	4.43685869184951e-15	2.76113783409598e-12	0.28116909043559
AT3G20990.1	-6.56773152153986	-0.192689765666165	0.00102279580185756	0.0416758848905709	0.84762151261706
AT3G21420.1	-3.35217165878007	2.77602728588903	0.00111270708332682	0.0448060961112573	0.395698026931611
AT3G21720.1	-7.3834240307943	2.28948620251035	6.47484326838118e-07	8.17023771312504e-05	0.515604278181485
AT3G21880.1	-6.79495467737794	1.34847073797355	2.35727664933011e-05	0.00174389705199549	0.616404252763313
AT3G21933.1	-9.01595677585671	-0.101726495446237	0.000202785929890024	0.0109520401030545	0.815204849158685
AT3G21940.1	-8.96985026156038	-0.145733349893683	0.000208088664626325	0.0111723212054863	0.808888654718508
AT3G22020.1	-8.47972779766881	-0.601390482663892	0.000730247340810268	0.0311944347676548	0.876725556511441
AT3G22050.1	-10.7411951359821	1.56500687654378	5.14892382041418e-07	6.77826115627793e-05	0.605722140680656
AT3G22060.1.DE	3.42127487456003	4.05475734252109	5.94806457817449e-05	0.00387785486379938	0.276174774400403
AT3G22160.1	3.65406950746384	2.55449556257255	0.000787973688753881	0.0332454476817547	0.427794042558127
AT3G22880.1	-3.93649383593242	3.77244385934228	8.63060628127571e-06	0.000764800198038484	0.283398147601741
AT3G23060.1	-9.02135397390913	-0.096780279893478	0.000195814759868632	0.0106596416594888	0.810790549652059
AT3G23550.1	7.52696335576084	3.34885971024021	3.24487908272081e-10	8.79715634089715e-08	0.344157870574878
AT3G23860.1	-8.65803929467752	-0.437123266003089	0.000453971956746207	0.0210113189138906	0.847008454830908
AT3G24360.1	-4.07782448517515	3.00955586663859	6.5146361687616e-05	0.00421711034451608	0.364322743024806
AT3G24600.1	-6.04339763344625	0.612915391993303	0.000280727285251572	0.0141003860998636	0.691733451138006
AT3G25130.1	-4.35678807708349	3.70300639515446	3.01935244393301e-06	0.000311984560829335	0.301867579967336
AT3G25760.1.DE	2.81087884055666	5.20593493715249	0.000220156260682837	0.0116066879144242	0.234839893244259
AT3G25770.1	4.48871535481886	6.44594711777943	9.33134097135467e-08	1.48552778184671e-05	0.24672255911739
AT3G26050.1.DE	-5.10840242174843	2.75523295331853	2.66405904034356e-05	0.00193494070670259	0.458391176486158
AT3G26280.1	4.91746963783718	5.70699132213902	6.72965926080403e-08	1.13050018330881e-05	0.276260734454533
AT3G26830.1.DE	4.41305102394255	2.25643546869112	0.00024102340985154	0.0123821820047934	0.478691015642757
AT3G26932.1	-2.62987530934281	4.95873920082507	0.000399872877315944	0.0189434586966525	0.227531731785761
AT3G26940.1	-9.39621845870223	0.257976766348541	8.9171520933874e-05	0.00543900828681777	0.794023399774128
AT3G27060.1.DE	-3.3911739189552	5.73962790710865	7.50542930565441e-05	0.00473168660538511	0.282419875850766
AT3G27200.1	-4.56337720603514	4.42385331461705	1.15367978594391e-06	0.000137348086516157	0.301189840736851
AT3G27440.1	-7.46796509735256	2.01689089247916	2.09952753199881e-06	0.000236581328729182	0.567198191091406
AT3G27503.1	-10.3574551586231	1.18910012520231	2.68699243661172e-06	0.000280821476714893	0.652998908347846
AT3G27660.1	-4.32555778465116	2.17554347249249	0.000315091383756977	0.0154898245422505	0.481503469085358
AT3G27810.1	-9.80799897565835	5.01765594264347	1.34313426933993e-18	1.8388851281533e-15	0.245809015875481
AT3G28007.1	-3.87130708496143	4.78628137330682	9.50847290960314e-07	0.000115203984606528	0.229498786655045
AT3G28510.1	6.91483953542091	0.930837271908317	5.3901988057534e-05	0.00353943462108248	0.662885190113125
AT3G28780.1	-10.8410129182111	7.6762157140861	1.28792483858728e-21	1.17553193100656e-17	0.254485988824598
AT3G28790.1	-9.99861880432433	8.72779608147141	1.27441354362078e-19	3.48959916514241e-16	0.261368618531497
AT3G28830.1	-9.0181169272889	9.11482309155463	3.40099683867114e-18	3.72504381745973e-15	0.250761549995338
AT3G28900.1	-2.78695433862291	5.86382732518757	0.000274319212369752	0.0138077365314495	0.239263651176394
AT3G28980.1	-9.95474313598747	8.70361093163423	4.79765394412585e-20	1.64211700372567e-16	0.254636035789418
AT3G29020.2	-9.31768904928579	0.184650486808085	0.000103869653638005	0.00620995383387738	0.795900262412356
AT3G42450.1	-7.12867217858385	1.13212109338581	3.99461429727893e-05	0.00276912730855928	0.672784284606113
AT3G42520.1	-6.46793720402613	0.511647861618188	0.000255843506130431	0.013021388261828	0.728613769798577
AT3G43083.1	-10.8823901276968	1.70383606952863	3.07362311248695e-07	4.36072269772631e-05	0.595883447003726
AT3G43860.1	-7.13865513475617	4.86528573349336	8.39728592117344e-13	3.43185795662047e-10	0.263295583135835
AT3G43960.1	-6.24921862807067	4.14050451864199	4.05877951700916e-06	0.000402672104111394	0.523153937905343
AT3G44042.1	-5.77051313730633	0.367238303762544	0.000681551240016485	0.0293431384498921	0.735449988385573
AT3G44860.1.DE	4.38150532728693	6.28453328706012	7.44193095068225e-08	1.24253020299745e-05	0.234096131057951
AT3G45860.1	8.85084967888316	7.64412680964638	1.61422065773234e-14	9.02052858163816e-12	0.310195701723975
AT3G46900.1.DE	4.18837539758886	3.23568834955148	4.08102962208406e-05	0.00281477967536287	0.363862702804355
AT3G47090.1	3.77268103297161	3.39068591107436	0.000192209316842366	0.0105051407460632	0.370489393929428
AT3G47340.1	-6.21335556328436	6.74662052580965	2.25152199330578e-06	0.000250614533417475	0.501195834475138
AT3G47410.1	-8.64945205225377	-0.44527823436001	0.000458838497400461	0.0211513732926253	0.845209181357074
AT3G47440.1	-6.38782686765667	2.44178900905501	9.14901075736007e-07	0.00011134142780357	0.453358054355228
AT3G48720.1	4.70993188253503	5.02062341864931	1.21980163525505e-08	2.28771290250368e-06	0.232228039406868
AT3G49540.1	-8.37431227424843	6.64945861520466	1.48391076868007e-16	1.23128620206053e-13	0.249014657069687
AT3G50330.1	-9.47304129596005	0.333128178737081	6.85953300123659e-05	0.00439877594004357	0.779742011784727
AT3G50740.1.DE	6.6311350129699	6.16945881296563	1.64467192498496e-11	5.92557982236028e-09	0.274916515572397
AT3G51070.1	-2.79169319257697	4.15482823665534	0.000581718827974149	0.0258112368078455	0.265780750890679
AT3G51240.1	-2.93859767063655	5.31678358496124	0.000548680260495173	0.0244689949395421	0.288931323306765
AT3G51280.1	-6.12388376009481	4.22692783716548	2.52647575172600e-09	5.57902895433558e-07	0.308033288943473
AT3G51590.1	-11.1654233465989	7.34245926979	1.2993735958206e-20	5.92990796679326e-17	0.273955203541898
AT3G52780.1	-7.55485321516063	0.742227502875246	5.22526880289498e-05	0.00347743229560919	0.703614647687687
AT3G52810.1	-10.400978547278	4.37958674953736	2.96519674670079e-16	2.25536159217114e-13	0.287436245607385
AT3G52980.1	-9.36203752973208	0.226737567579304	8.3979887678277e-05	0.00517913802794275	0.780875332008462
AT3G53280.1	4.46105490435832	4.74035259860314	3.13079694539802e-07	4.41894236901487e-05	0.263737280137679
AT3G53750.1	-2.80393180688423	6.10434411468588	0.0005738904093896	0.0255101740095877	0.269214718769941
AT3G54250.1	-2.97394799613915	4.52567980843242	0.000118207068341394	0.00691612381479497	0.238183706593946
AT3G54560.1	-5.77231441089536	5.55451586630454	4.38725348863308e-07	5.88881250126231e-05	0.396276724852815
AT3G54820.1.DE	-3.15747433680169	5.35472047227651	5.232277064462e-05	0.00347743229560919	0.240167140115459
AT3G55100.1	-8.73680779749057	2.71387845941993	4.54428079833131e-09	9.35575164059458e-07	0.443928118682884
AT3G55660.1	-5.88831133223975	3.61835889677298	2.63400958490459e-07	3.75648179447174e-05	0.382424961004403
AT3G56070.1	-2.837584409732	5.43786574400864	0.000263401779243192	0.0133812013343916	0.244869532760778
AT3G56100.1	-7.75761679089279	3.22742074439533	2.19203964103283e-10	6.25233640112095e-08	0.348794992050371
AT3G57240.1	6.04595136807512	3.09477413477666	1.73257882398612e-07	2.59243023816328e-05	0.383234369309573
AT3G58260.1	-9.47303555652549	0.332646656674466	5.78082133231323e-05	0.00378685286414834	0.762036240816798
AT3G58360.1	-9.25202339244778	0.121556935491787	0.000106919451318325	0.00636449655651822	0.786580230698113
AT3G58650.1	-5.34522335226736	3.27560054694567	6.29983965892466e-07	8.02335858328722e-05	0.354683778561917
AT3G58780.3	-4.48010940577863	3.67806741113479	3.29953808068184e-06	0.000338381841667529	0.316668880304748
AT3G59455.1	-11.0960470902693	4.22112503728407	1.92046543188224e-16	1.5466524839941e-13	0.290239034073868
AT3G60330.1	-4.70047626969215	3.09890872544889	5.84470526684693e-06	0.000544559040031297	0.355014668984414
AT3G60840.1	-4.13316664463585	3.39055240820364	2.08785689744962e-05	0.00157927341342446	0.332690127120236
AT3G61035.1	-6.81563885975239	0.0375055647832245	0.000481028362673603	0.0220259508808171	0.798923745060729
AT3G62150.1	4.13415756436185	4.51280298797898	2.40026661588725e-06	0.000262490354391755	0.27447266196832
AT3G62230.1	-7.15950950834805	5.43388610543749	4.8114258516862e-14	2.48578231454475e-11	0.240743557073438
AT3G62410.1	2.5092428126143	8.83929431020601	0.00108240837310799	0.0437791817909055	0.246084460683018
AT3G62710.1	-6.89659758849719	4.86248685379972	4.84366708027295e-13	2.07233268737553e-10	0.247433010116168
AT3G63110.1	6.37961564872246	3.13985253155985	9.27458248593246e-08	1.48512641888773e-05	0.392099644838789
AT4G00140.1	6.77368445182531	-0.0519026955414722	0.000751555408208832	0.0319551089869165	0.83951022650316
AT4G00360.1	3.8320014553831	6.67335035288084	3.63699426277719e-06	0.000366133003321195	0.254559126952128
AT4G00910.1	-5.55724892366716	1.0975760915411	0.00090533084333881	0.0375401126971092	0.780580219774057
AT4G01010.1	3.59950858921427	3.53821598618295	0.000233660218110018	0.0120264738576852	0.353330755159293
AT4G02250.1	-8.29666478188978	4.71621726801996	3.74459603782828e-16	2.77120347858957e-13	0.240546363884498
AT4G02410.1.DE	3.92952466639679	5.50030812452065	2.00392130987478e-05	0.0015500387939828	0.309900557301777
AT4G02520.1	5.85723590512849	7.69850253444713	4.85980778210442e-11	1.64285502085905e-08	0.243971539786517
AT4G02800.1	-6.05316698340859	4.54603292787373	5.08216911407773e-10	1.31282976114789e-07	0.278327863750005
AT4G03620.1	-6.62749233512943	2.08375252595428	1.61989947574737e-05	0.00128568369405549	0.601764053275303
AT4G04080.1	-7.63369150087454	0.818915721387996	5.00220642807349e-05	0.0033571180493507	0.712787882833181
AT4G04460.1	-7.94668607399191	8.2075978696876	8.00866573673585e-16	5.48233213008253e-13	0.247885905674858
AT4G05190.1	-5.56728540060809	4.13949682128701	4.98997840986419e-07	6.60075308303871e-05	0.37610519085115
AT4G05330.1	-3.02728662094837	4.06812450006403	0.000164102310639272	0.00921194281649695	0.25526723336125
AT4G07960.1	-6.33134588382265	4.53959526203497	1.20642672446216e-10	3.67048628546922e-08	0.275708761524877
AT4G08150.1	-7.9059842401453	4.81088913673445	5.39684993806425e-14	2.73660268526065e-11	0.268854091529705
AT4G08550.1	-9.32886123846648	0.194670412212535	8.619572789797e-05	0.00530384589056677	0.776961042450882
AT4G08850.1.DE	2.64109804095082	7.19625300406176	0.00108744593939511	0.0439180600479602	0.269145297682658
AT4G09060.2	-6.19136009782056	2.92528390182129	1.66573404224774e-05	0.00131066464209275	0.571337966020054
AT4G10010.1	-7.7589027262469	2.26925708788172	3.66609439496915e-07	5.06994932944674e-05	0.517681155684156
AT4G10120.1.DE	3.04721025626317	8.62828615369425	0.000176685861020276	0.00979354705760566	0.263238590894144
AT4G10500.1	8.51278242962346	4.20008215047765	1.33920079277353e-13	6.21525357758047e-11	0.295194438572979
AT4G10630.1	-4.28448805792972	1.78637553382134	0.000625609884675134	0.0273212916462114	0.522008874643887
AT4G10850.1	-13.5257406403465	4.32718515730185	5.95883862322251e-19	9.06471773228215e-16	0.263730586958686
AT4G10950.1	-10.1181178169284	0.95577400119678	6.89209095981954e-06	0.000624898128019135	0.684064891182308
AT4G11000.1	4.23627756023199	1.94217548577263	0.00053854760070484	0.0242839332772373	0.50065971110086
AT4G11190.1	-5.55862890036043	0.814413305266349	0.000505330403090759	0.0230615951623853	0.692835988541575
AT4G11290.1	-5.26556783661904	2.56160217211562	0.000448827349675427	0.0208998906309076	0.686952669665361
AT4G11320.1.DE	-6.13896743977978	6.84232241582167	5.30608671252917e-10	1.33294739782086e-07	0.290589933923424
AT4G11330.1	2.53044485592127	4.79509016356161	0.000858812939625545	0.0358475852329675	0.238811561001092
AT4G11720.1	-8.80075476706683	-0.304410331018812	0.000328954314527049	0.015998982309733	0.83218746880447
AT4G11810.1	-4.65829599656001	2.41452568507176	7.5448107150166e-05	0.0047383487843712	0.452232388378788
AT4G12320.1	6.97906170022214	6.42791893532709	7.86224784784445e-11	2.47452954677789e-08	0.314881073313768
AT4G12600.2	-2.79680039638967	5.51686259958203	0.00026802335322478	0.013540618926201	0.239393004445375
AT4G12830.1	3.1422048520853	5.57482944447823	3.9467997151914e-05	0.00274292562947642	0.230917690463437
AT4G12860.1	-10.4528123700541	1.28234561542962	1.86965184540697e-06	0.00021331169512889	0.642661490862267
AT4G12870.1	-9.24072928098811	4.69458857755011	1.13587228799322e-16	9.71951718432203e-14	0.258991353199929
AT4G12920.1	-10.7551129267831	1.57855015646227	3.97544801412858e-07	5.41570733944621e-05	0.593973065928122
AT4G13210.2	-5.68702062251552	3.38303991024925	1.19117029572246e-07	1.85321733167457e-05	0.343615376592411
AT4G13266.1	-8.96929367471554	-0.145935953876842	0.000213476988850672	0.0113283467223045	0.812135497382315
AT4G13710.1	-4.37591938912572	4.73570887703481	8.27414963073863e-08	1.34060807804074e-05	0.233613987069619
AT4G13770.1.DE	3.51019372849435	8.06596547425431	1.37291985140111e-05	0.00112218780212135	0.249836566670573
AT4G13960.1	-10.205143047334	1.04045215728789	4.8201068421033e-06	0.000465048553235708	0.670899987968871
AT4G14090.1.DE	3.16168757168922	3.42617224789811	0.000976841756652393	0.0398627138310817	0.354050064977072
AT4G14400.1.DE	5.9640468321308	9.68647979492386	2.55294388549334e-09	5.59237675780628e-07	0.304025363317987
AT4G15210.1.DE	-3.9693255221066	7.87302633644257	5.19690243680661e-06	0.000494102717099439	0.278091756222144
AT4G16050.1	-8.85454906202434	-0.253436214564661	0.000303699616086927	0.0149836088066527	0.832588137795984
AT4G16230.1	-10.6732957099057	1.49820253738935	5.70214813126854e-07	7.33033897325799e-05	0.602825056371069
AT4G16260.1.DE	7.76678652406426	3.22132216473905	1.49381051929123e-09	3.46639996942648e-07	0.385696228026819
AT4G18220.1	2.8481439838066	4.11769924817321	0.000454265605033353	0.0210113189138906	0.264820203426931
AT4G18900.1	-5.62616725597286	0.88804102417063	0.000285106344555324	0.0142719962095318	0.64986187077959
AT4G19370.1.DE	4.10398321345994	2.69934467723415	0.000205962000272684	0.0111016761643044	0.423406042321411
AT4G20080.1	-8.6734165868076	-0.422884323217061	0.000442661156187999	0.0206842112265184	0.846619259007773
AT4G20160.1.DE	-6.95303112928686	1.89744660405864	9.16664320037573e-06	0.000804490461899642	0.598648361315614
AT4G20460.1	-4.34089132596557	4.45500294308607	1.69358358574168e-07	2.56208319031926e-05	0.241402829767342
AT4G20680.1	-9.63427857042923	0.487672690292492	3.8661879698408e-05	0.00269373941450842	0.751083722179163
AT4G20860.1	5.96982867678498	1.66031455838895	2.74516553002438e-05	0.00197810848797704	0.547326609829022
AT4G21270.1	-5.58680855291012	4.13916366107725	2.36132692919436e-08	4.28197708445033e-06	0.307862591135705
AT4G21390.1	4.59187209441383	1.46153006203938	0.000929776326504804	0.0379987095109769	0.600618429257588
AT4G21650.1	-3.08022202513018	8.34045465342058	0.000316296102482049	0.0155211825773539	0.289925635858191
AT4G21895.1	-7.92996498224389	3.13030205899809	5.79292136147084e-10	1.42902497945761e-07	0.372260515356167
AT4G21960.1.DE	2.91638535314223	11.2216561460744	0.000714575722771126	0.0306685147976786	0.298315106272439
AT4G22690.1.DE	4.21624511158832	7.25619984836921	2.91959537269751e-06	0.000302819547330315	0.290638647410253
AT4G23160.1	6.6083575881577	3.13769094088329	3.20848487212026e-08	5.63171363899981e-06	0.380225065517613
AT4G23270.1	4.75810777613705	5.17103047772754	5.55776650256664e-07	7.17843218741885e-05	0.303640867869164
AT4G23290.2	4.68207039919826	4.96796436967948	1.00287546958827e-08	1.93385465551169e-06	0.227367227252415
AT4G23320.1	6.66969568419909	3.14526543683708	2.68559106115054e-08	4.80633035532184e-06	0.384671825827875
AT4G23810.1.DE	2.76700924973244	3.89725144053928	0.000732804784518199	0.0312549230680332	0.271034403207898
AT4G24170.1	-5.0006476405262	0.748609585858142	0.000867636223938012	0.0361607535523145	0.655294131779981
AT4G24860.1	-4.36134077318901	1.97620576037948	0.000404902731357937	0.0191486124180363	0.505500141896546
AT4G25040.1	-13.4733170719613	4.27490412461683	6.44669301375292e-19	9.29070253171486e-16	0.262240283132559
AT4G25100.1	4.35261881747623	7.87629032712034	1.11188248618388e-06	0.000132950070902563	0.282287599960415
AT4G25150.1	-4.22215615040788	3.40956936164075	1.01009099957012e-05	0.000872501947956748	0.318515305154638
AT4G25590.1	-9.40453142543621	3.39747881497761	3.15600874129137e-12	1.21715255428226e-09	0.345950922219549
AT4G25780.1	-4.36854838287435	3.51325844802822	3.50481486017417e-05	0.00246706530851643	0.382065568962942
AT4G26330.1	-8.30801614377897	-0.761253085218099	0.00115270912225091	0.0458771528858639	0.911180314443291
AT4G26390.1	-5.89466398895676	1.9435895791768	1.59218191921296e-05	0.00127850807366244	0.516676949114726
AT4G26440.1	-7.84672823683889	1.00609923080208	2.06589495507112e-05	0.00156799861283721	0.671515415109703
AT4G26760.1.DE	-3.69032271763589	5.42431766345541	2.8933632193715e-06	0.000301239816246504	0.233799850909629
AT4G27250.1	-5.77330820484593	0.343327744820326	0.00120972697174817	0.0478681270815149	0.808307616395315
AT4G27420.1	-9.32919033083325	3.85339416443866	6.41110821947634e-14	3.1917993684673e-11	0.305372697133582
AT4G27435.1	-2.80803369388151	3.7611561695753	0.000809647486991952	0.0339563927604183	0.281679648808841
AT4G27590.2	-4.99557522606107	1.78306956131514	0.000191071969124904	0.0104638653171562	0.547579149488353
AT4G27790.1	-6.92696079551157	3.24127415873688	1.3901310252575e-09	3.25338185757273e-07	0.337587851920793
AT4G28090.1	-8.57124321097594	3.08400930698879	1.87675883264309e-10	5.49434459904867e-08	0.377533978511115
AT4G28190.2	-4.35467203773025	3.77771137612332	9.09605710244017e-05	0.00552257728556578	0.426006005493931
AT4G28310.1	-5.05375262696391	3.50048426070476	2.59840553088677e-05	0.00189227500656228	0.460211114865296
AT4G28680.2	-8.8494352401612	5.1414968181503	2.76617398197238e-17	2.80531022127288e-14	0.243049822882813
AT4G29150.1	-6.35067176541686	2.03141293061102	1.05661397005625e-05	0.000901014207761732	0.54627920892872
AT4G29240.1	-3.70441800705191	3.32785180663855	0.000110714777905454	0.00654771500779078	0.337241915621604
AT4G29700.1.DE	-4.76957604256996	5.75817625770479	1.84635193258397e-07	2.72535634249566e-05	0.282712322128913
AT4G30140.1	-7.37564187303275	3.39813193588345	1.58771520469073e-10	4.77745249833423e-08	0.326959147115163
AT4G30770.1	-9.95267628376904	0.795018509451456	1.15748824545721e-05	0.000978220467194732	0.698627424067682
AT4G30800.1	-4.05771260916975	3.73558749210909	5.68120346143291e-06	0.00053475517729181	0.285604235219366
AT4G31370.1	-3.83846036844674	2.7602381760427	0.00091583892879894	0.0376539062287876	0.478146699845643
AT4G32105.1	-8.60547712265108	-0.48502194913447	0.000590496017609089	0.0260789708938259	0.873235339858319
AT4G32280.1.DE	5.97891340810203	3.41463528430781	7.66823833877803e-08	1.26488977224349e-05	0.3586383832015
AT4G33010.1.DE	2.76184693317111	11.6639549097315	0.00071678688876561	0.0307152716559936	0.271934239856879
AT4G33050.2	4.15716022957433	6.39046854494025	1.66026833116932e-06	0.000191820537738727	0.270611500253051
AT4G33230.1	-6.98976600185262	2.21824802732564	6.24052939506977e-07	7.98496149045797e-05	0.482567036043799
AT4G33260.1	-6.00688053411498	4.1945199576762	1.66944317897708e-10	4.9687709920381e-08	0.259417663702124
AT4G33400.1	-3.29801520065525	4.79917180643783	1.77593386962606e-05	0.00138938917766002	0.229359766072359
AT4G33800.1	-9.3869661839549	0.250203039532808	7.3064632842492e-05	0.00464072213023766	0.770876770419448
AT4G34160.1	-4.30561527182654	4.40700218735223	1.46812600921124e-06	0.000171795839248813	0.280839271793509
AT4G34950.1.DE	3.63821498511307	5.71598382358729	2.03069814134657e-05	0.00156632609877048	0.274315445688857
AT4G35090.1.DE	2.83162792307692	10.5126340558419	0.00044060753526102	0.0206234453513115	0.263603232400572
AT4G35180.1	-2.98961183608981	3.46140521088897	0.000784385021239439	0.0331451090302135	0.311233503697206
AT4G35610.1	-8.11211434586079	1.28223919326111	6.48792333765987e-06	0.000594154905791982	0.631867911386011
AT4G36350.1	-10.389821000194	3.51724775451321	1.91907562075909e-13	8.61444731928287e-11	0.332507022613775
AT4G37050.1	-7.68870329128977	2.60004939699931	2.30141858111022e-08	4.22935863006442e-06	0.432415712912591
AT4G37780.1	-9.36057397060246	0.224825433189357	7.71093520459148e-05	0.00483159788952228	0.771705143714687
AT4G37900.1	-7.45264371697391	8.05092799609461	8.64769674048809e-14	4.22841485978651e-11	0.264876755284637
AT4G38660.1.DE	-4.71405603816492	5.57167615582222	1.88501118936448e-06	0.000214171686253851	0.330903744279754
AT4G39330.1	-2.65552631237791	9.172996363651	0.00113946468372931	0.0456820233819559	0.274032695840287
AT4G39630.1	-4.58742830921802	2.16946969880606	0.000231403007428936	0.0119846716392318	0.502726108643875
AT5G01250.1	8.43892510991559	-0.640852808313646	0.00102534328946615	0.0417176076555157	0.922485548247317
AT5G02660.1	-8.98611127014287	-0.129637422904489	0.000230373948238811	0.0119698281796492	0.824394888707978
AT5G03390.1	-5.67305617072633	2.96140975925016	1.93246208258154e-05	0.0015032578620809	0.516245520662825
AT5G04500.1	-8.23625008310351	2.23081876053111	7.61015220580143e-08	1.26291628908639e-05	0.486152952730487
AT5G04770.1	-4.95934078044759	3.46315049871065	3.85215373973461e-05	0.00269080800258707	0.466205057289285
AT5G04980.2	3.18401304000002	3.80183742534685	0.00044956670738458	0.0208998906309076	0.318928159177462
AT5G05810.1	-4.89987099868418	2.25291941111532	5.94724383416156e-05	0.00387785486379938	0.470913542394883
AT5G07420.1	-8.78102261580853	4.9577017896744	4.13116439036267e-17	3.90067390816933e-14	0.242428737916352
AT5G07475.1	-8.29131220323426	2.27272616479009	1.05720233829966e-07	1.67331297267753e-05	0.502073426517083
AT5G07510.1	-11.3211304142446	6.22195598780469	2.87518711247362e-18	3.28034889640636e-15	0.303390274671502
AT5G08020.1	-5.48308568152811	3.51466740321621	1.34311810316249e-05	0.00110111556589207	0.484576505572394
AT5G08030.1	-5.41833027475889	2.72636883560125	7.35392398512849e-06	0.000662385350528909	0.439370983223369
AT5G08480.2	-4.16500262512733	2.24049822735371	0.00033786044076992	0.016345043443749	0.46066672208527
AT5G09430.1	-6.32066539889401	1.26185602069182	4.14285119111859e-05	0.0028502399827942	0.600411678908148
AT5G09480.1	-4.96708122755874	1.5496879429621	0.000637251332926967	0.027697168251121	0.639221218466707
AT5G09970.1	-4.68696764935634	2.21463210496497	0.000161295002527636	0.00908761267327516	0.496180289857467
AT5G09980.1	-4.7424996938637	2.36459915000592	0.000137042003964706	0.00788337006840668	0.494491472397508
AT5G10180.1.DE	2.61190020148153	6.41673908713168	0.000697611579767835	0.0299874415654676	0.24544331887739
AT5G10380.1	3.30906550565566	6.91346070170601	0.00032478105140886	0.0158523257570007	0.327670360780317
AT5G10500.1	-8.80569628366814	1.94558108064015	2.40629088579754e-07	3.45326313522604e-05	0.542426634461538
AT5G10510.3	-3.73935423106916	2.54983552378636	0.000539209386916963	0.0242839332772373	0.420215250905732
AT5G11130.1	-12.0311703187734	2.83953502532983	7.34884496478606e-11	2.36007777449076e-08	0.424130477786871
AT5G11160.1	-3.46562110544278	3.39021385263604	0.000386605245420632	0.0184104779654048	0.357253248341357
AT5G11400.2	-7.63283179975523	0.798963640782433	4.29268066597352e-05	0.00293855454989218	0.696593505799053
AT5G11540.1	-4.05222112346868	1.9129965349685	0.00111114096080876	0.0448060961112573	0.525044956806127
AT5G12960.1	-4.71251055223038	3.64669875785606	6.33600218470782e-06	0.000582189301414999	0.362234850196792
AT5G13130.1	-9.4909462501119	0.349619402986881	5.30390329214427e-05	0.00350800676196846	0.756290521002278
AT5G13940.1	-5.13486363085813	1.37263953285615	0.000246120286825511	0.0125732568915227	0.58232809627858
AT5G13960.1	-3.01609369142233	3.74734617825697	0.000356906347443236	0.0171452800099837	0.281206847492567
AT5G13990.1	-6.25426838101488	3.55219385046394	2.68215338011476e-09	5.82878760748432e-07	0.310923096743728
AT5G14000.1	-4.37905391078024	2.08739927158006	0.000268855901490293	0.0135576653676008	0.479719929823251
AT5G15520.1	-2.67157387644835	4.01442258894375	0.000906216291461149	0.0375401126971092	0.26394055416426
AT5G16960.1	-9.52780205102928	6.6039731419364	1.82303314716171e-19	4.53802669414381e-16	0.242162312940966
AT5G17000.1	2.83077406882158	4.76081845152455	0.000231534997339625	0.0119846716392318	0.238985219316512
AT5G17160.1	-5.30365747402029	4.17866496000234	4.75050226513152e-08	8.12989081398945e-06	0.298666745360922
AT5G17340.1.DE	-12.77533392307	3.5793629002552	8.61156064755589e-15	5.12612507937773e-12	0.321274064799859
AT5G18000.1	-7.57111767896211	2.76595924156469	1.08410732687075e-07	1.70603602438936e-05	0.476506634588565
AT5G19600.1	-6.72834159234216	3.64650909681048	8.05117253253584e-10	1.91701918509475e-07	0.320755504332641
AT5G20330.1	-8.70278859985397	2.68005214732406	6.76453266308626e-09	1.33256426892538e-06	0.452041533638381
AT5G20810.2	-4.90002555812464	3.33963406939054	3.74801314693514e-06	0.000374555094851744	0.363043800299471
AT5G22200.1	-6.42494436919863	2.30607190314416	1.02392210281059e-06	0.000122969451838419	0.456839835794214
AT5G22260.1	-9.36619002519545	2.51368035495096	5.01835406505769e-09	1.02546694783142e-06	0.462017810528437
AT5G22420.1	-9.27895787032432	0.147416078355152	0.000101389897138771	0.00610166629330512	0.786081495062318
AT5G22880.1	-4.56250437871754	7.27340960339217	1.51721815911925e-06	0.000176784968651078	0.310960919103393
AT5G22940.1	-4.35842898428754	4.58881217687795	6.00358873453519e-05	0.00390475692943094	0.40785900360148
AT5G23010.1.DE	5.48641802717966	7.37105571491815	7.17948037806259e-10	1.75525474742955e-07	0.251915340177033
AT5G23960.1	-8.43272853151258	3.65817074530138	6.57619986475136e-11	2.16951210477858e-08	0.368467820361404
AT5G23980.1	4.99235299616369	1.76904705275527	0.000152693522844153	0.00865642658906545	0.529051717648148
AT5G24200.1	4.66566871954938	1.53162961563471	0.000543896568415895	0.024454804329005	0.565866046427807
AT5G24280.1	-3.17991922887313	4.37683896990099	0.000229363499681151	0.0119399835518427	0.289902525766281
AT5G24880.1	-4.17581433144364	1.8589832678967	0.000819290700206131	0.0343024739343185	0.52686504596307
AT5G25120.1	3.71058611219917	4.75134027916125	1.60123933925137e-05	0.00128202150840296	0.275617371225057
AT5G25140.1	4.41811499364144	4.08900291622913	3.69040704315718e-07	5.07792591234823e-05	0.261475928294983
AT5G25290.1	-6.78078219018972	0.00552417511834645	0.000516318092989099	0.0234458076653856	0.799135623674486
AT5G25320.1	-11.5712744857696	2.3835519916092	2.21528940456392e-09	5.01314499799746e-07	0.475362059853634
AT5G25550.1	-11.5647827254851	2.37712807343073	2.35729881347852e-09	5.29078328775973e-07	0.476714567703088
AT5G25590.1	-3.41655745468404	4.85982185623033	6.81746917198711e-05	0.00438206433960918	0.281488997299865
AT5G25840.1	3.15738106584824	3.84077878378219	0.000146588328411889	0.00834486820909424	0.269660397406676
AT5G25950.1	-9.99193134507274	0.832802259665293	1.02969983704369e-05	0.000886642796790261	0.695657614838597
AT5G26310.1	-8.35261408903975	-0.72084959534298	0.0011466605552604	0.0457694742334405	0.919918385987167
AT5G27200.1	-7.39033965311453	0.565416139553873	0.000108448682417085	0.00642757970117885	0.738940295084201
AT5G28237.1	-4.43973946325111	3.26451279195342	1.16748248239953e-05	0.000979876352953405	0.347643706895405
AT5G28640.1	-7.03667880669885	5.35981168102619	3.73294709977635e-14	1.96568379780915e-11	0.233740928953652
AT5G33370.1	-10.2749532909528	9.2331381639424	3.09955518927106e-21	2.12180050481551e-17	0.249194057400663
AT5G35390.1	-6.62608891266324	0.677116141802829	0.000265280132897007	0.0134410624674147	0.767621943964824
AT5G35450.1	2.4928420361115	4.50882411162264	0.000909233579590427	0.0375514839763878	0.234760679358136
AT5G37300.1	-2.87930801867597	5.83392762411712	0.000178657032637971	0.00988280175291497	0.238920122601133
AT5G38250.1	8.84116630376334	2.00397917216367	3.8726673820724e-07	5.30206891279533e-05	0.570260573713988
AT5G38450.1	-9.40503192774021	0.267107819352712	6.91126041966062e-05	0.00442159188811091	0.768221643780484
AT5G39020.1	3.85384345847808	3.78440933883777	0.000202039939525049	0.0109333154625986	0.38750003909542
AT5G39220.1	-7.18983864933203	3.92025648846106	2.30703724720714e-10	6.51250452608513e-08	0.329694443502275
AT5G39310.1	-11.6961980572041	2.5071284871315	3.38600444868243e-09	7.18725378401724e-07	0.499128560959503
AT5G39493.1	-9.26000445767193	3.77661672486145	1.24134471347402e-13	5.86043119730099e-11	0.309069124782885
AT5G39520.1	3.90928722622864	2.09336942314449	0.000880318987213982	0.036633578279473	0.48452701087235
AT5G39670.1.DE	4.28157982299635	3.04208351934443	2.72044340641587e-05	0.00196546652650341	0.356884809227723
AT5G40460.1	-4.55558158132102	1.37011775992027	0.000914207207242975	0.0376433409755295	0.59644232521555
AT5G41310.1	-6.78066433900032	0.00467194665753804	0.00051443546330672	0.0233991226848249	0.798648709027537
AT5G41761.1	4.83531161364719	2.43530983163325	5.20360540776262e-05	0.00347524690915503	0.458625965880033
AT5G41890.1	-5.49521162538423	1.41777407675759	0.000146303878411364	0.00834486820909424	0.597204062897074
AT5G42630.1	-4.70578561396763	1.43490312714885	0.000603340930182818	0.0265179475927222	0.589573856513277
AT5G43020.1	-3.55141516679049	4.96894228254531	4.16357767297929e-06	0.000409411395409589	0.226207955327647
AT5G43060.1	-3.2991715676428	5.76056073172668	2.0672248164277e-05	0.00156799861283721	0.23409874012326
AT5G44040.1	-3.14283866887398	4.10823777610271	0.000190066902661625	0.0104296832238089	0.276919347519645
AT5G44130.1	2.91957140222229	4.74583396950855	0.000385605688601731	0.0183948692775132	0.270841470980301
AT5G44265.1	-11.5387889427122	2.3514267100317	2.7910422285146e-09	5.97064986728022e-07	0.479449568455961
AT5G44568.1.DE	4.74181933740122	2.77319987625844	3.12855040825018e-05	0.00221932557716856	0.420086568162928
AT5G44630.1.DE	-10.2330341604063	5.68988382409472	4.58021417317494e-19	7.37737791116919e-16	0.257692508177648
AT5G44635.1	-5.30185421204058	4.41374656935058	7.74447542680009e-08	1.2698157253691e-05	0.308611135314384
AT5G44870.1	2.73017621152017	5.48000884816114	0.000632997605024591	0.0275999051286359	0.260445424938223
AT5G45276.1	-5.70428995882902	0.981332471274081	0.000299044784300898	0.0148073133521288	0.673141275009026
AT5G45700.1	-5.97049012603753	3.24855273815682	2.26703308808096e-05	0.00168684510918024	0.574225449930954
AT5G45810.1	-5.20437845364118	1.67137500778806	0.000185569994783308	0.010203368668989	0.574935878292519
AT5G46280.1	-2.89987297008778	5.08867606377856	0.000174765875147547	0.00972650242538645	0.240285764694381
AT5G46970.1.DE	-10.2676960926599	1.10171973359047	5.27975055460425e-06	0.000500242663273957	0.6862183730324
AT5G47150.1	-7.99420007757939	1.16776553731125	1.16555984531391e-05	0.000979876352953405	0.654660322767948
AT5G47220.1.DE	3.76763027085119	4.34961628056372	2.61462413392098e-06	0.000278591539815493	0.238288169129475
AT5G47850.1	6.34237853499713	0.382786137070138	0.000293839206939598	0.0146151799503946	0.717803161354672
AT5G48360.1	-3.7634219184652	5.82863301661759	7.4395707314871e-06	0.000667902707441245	0.262998994862921
AT5G48650.1	-7.99306436285222	3.65886153865824	5.26151407472611e-12	2.00098303325209e-09	0.309744239533757
AT5G48657.1	3.80318996785111	2.4652319166681	0.000669708130949788	0.0290157405722581	0.442148310761855
AT5G49130.1	-6.66477277973249	2.11960175134722	2.04900099870264e-05	0.00156799861283721	0.622050573435572
AT5G49240.1	-9.49224776862526	0.350842425446951	5.26832051431269e-05	0.00349290925721332	0.755618776875655
AT5G49740.1	2.90477381783303	8.83336823861625	0.000293291632596875	0.0146151799503946	0.259776437329395
AT5G50040.1	-7.34416776852605	2.26996733882128	5.30316404493064e-07	6.94790611857851e-05	0.505189163550634
AT5G50790.1	-9.95697794863869	5.80429977922943	1.17163879638569e-19	3.48959916514241e-16	0.243742043493371
AT5G51380.1	-3.89773707929997	2.62531008277504	0.000298064361885193	0.0147855042701818	0.412541502538774
AT5G51600.1	-5.58530161782323	4.39879121128592	4.1523734767935e-10	1.10388631593747e-07	0.246199674341284
AT5G52330.1	-6.35316900782144	1.59714960578634	1.9877112950741e-05	0.0015418558266776	0.571083257318581
AT5G52340.1	-4.65926190609029	2.49632634833644	4.86351658891472e-05	0.00328011850339071	0.42890093036814
AT5G52400.1	-7.59094566789104	0.777007909823615	4.65182189175179e-05	0.00316323529625254	0.699559791449703
AT5G52760.1	3.91660203512331	2.79728983820031	0.00022718810821876	0.011849266246183	0.39934890305185
AT5G52860.1	-4.9159542183265	3.1774702662401	5.03354186307286e-06	0.000481917633897416	0.374941920082672
AT5G53390.1	-13.0976167354933	3.9003730331389	6.33827355056957e-17	5.78515354538986e-14	0.284787204449287
AT5G53510.1	-7.42426970087741	2.88432182584133	1.21375677999841e-08	2.28771290250368e-06	0.406997054809978
AT5G54510.1	-3.30337738458847	4.68786778523886	2.36281428051394e-05	0.00174389705199549	0.236562570459387
AT5G54570.1	-3.54613320862402	2.7701337757	0.000598962003741558	0.0263678096245198	0.393595728933027
AT5G54585.1	5.19108959160258	4.40006353600803	5.65828233147054e-09	1.12861962370927e-06	0.255198766844897
AT5G54670.1	-3.06038203972067	5.07286980899798	5.34515255237291e-05	0.00352677029371265	0.227900468054518
AT5G55520.1	-6.55306019626978	4.1776359148624	4.70898813495049e-10	1.22801441058299e-07	0.305954408193637
AT5G55620.1	3.16558274811445	6.57447341183576	7.50450392876596e-05	0.00473168660538511	0.25233129993231
AT5G55820.1	-5.0296602159671	3.97893445777286	2.40878408745955e-07	3.45326313522604e-05	0.307946784938859
AT5G56490.1	-6.19723068585023	2.50898089225122	2.40153135820515e-06	0.000262490354391755	0.472049482592166
AT5G57130.1	-2.87914854038677	4.49884267037781	0.000193306828107261	0.0105440788191893	0.239639814796688
AT5G57345.1	2.43944826038444	6.85045284322314	0.00125423210151813	0.049486143233097	0.239913853894452
AT5G57410.3	-2.90961368006172	3.62517560769593	0.000677041813204862	0.0291948959514575	0.29071796469214
AT5G57420.1	-9.32501914598692	0.192079607371595	0.000128102121345308	0.00744732969570535	0.822020768189412
AT5G58770.1.DE	3.18514264375149	5.3843829860405	3.72927206036009e-05	0.00261163497587673	0.234737819387696
AT5G58880.1	-10.7755848702499	1.59865579117078	3.61088087407767e-07	5.01894112152258e-05	0.591454726910079
AT5G59680.1	4.26610885844416	3.93942253717394	0.000211379487143878	0.0112606869980033	0.458144713538014
AT5G59690.1	-2.74132383831985	7.04722105794222	0.000522557695609993	0.0236898589754848	0.255491437070224
AT5G59780.3	4.66803531734804	5.53874299419441	2.65469388292948e-08	4.78229130936679e-06	0.2409238436416
AT5G60020.1	-3.61435762518534	5.22460433500395	2.7866823285074e-05	0.00200061571544665	0.280165550477822
AT5G60080.1	-10.1220444110226	0.959607442459905	6.84337937398126e-06	0.000622542903715465	0.684306592683661
AT5G60090.1	-8.46779239415987	1.6300330981933	1.68270030801464e-06	0.00019359537745402	0.599061788963611
AT5G60500.1	-10.3126547643531	3.45125421155287	2.78661368557021e-13	1.23069445061748e-10	0.333858074488082
AT5G60760.1	-3.37585024856251	3.7510420362965	0.000399470490631653	0.0189434586966525	0.344896318292685
AT5G61010.1	2.78296992628355	6.10654464065294	0.000220841589489993	0.0116066879144242	0.231820057367265
AT5G61160.1.DE	7.41690570311594	0.621742754138498	0.00011814656844594	0.00691612381479497	0.758906921185885
AT5G61420.2	2.4984579023784	6.17661277264132	0.000831195853121984	0.0347477936644064	0.233443865918277
AT5G61610.1	-5.11149425160618	2.86550242659653	4.88164420193013e-05	0.00328425507462533	0.492677017893697
AT5G61620.1	-9.88687752643427	0.731204142298912	1.43845314155184e-05	0.00116877519056298	0.70579253513838
AT5G61630.1	-10.5724800652372	1.39959227067746	1.26869505969767e-06	0.000149738828123455	0.635172141375023
AT5G61690.1	-8.59516061940573	1.73814232746906	7.68368727620766e-07	9.52012330303702e-05	0.571753889849392
AT5G61980.1	-4.5307686656083	2.96088832869038	1.68525377290425e-05	0.00132222403466086	0.370537332323172
AT5G62065.1	-8.3577110245115	1.50517028343003	2.61691550971264e-06	0.000278591539815493	0.607454487546213
AT5G62310.1	-6.20727083072776	2.6628521213547	4.57892960263424e-07	6.1161097746015e-05	0.417742654628066
AT5G62410.1	-2.95617255099505	4.76071308216412	8.26040029376393e-05	0.00510578512062853	0.225727843482369
AT5G62500.1	-3.86043905530261	4.17828023666089	1.25500741599028e-05	0.00103628645377641	0.285158266282341
AT5G62750.1	-8.40250121334877	4.07134534297933	1.35415569792983e-14	7.72489402514886e-12	0.265470737263607
AT5G62920.1	-3.89403865749008	2.74886029938671	0.000281163202487967	0.0141003860998636	0.406232753554074
AT5G63920.1	-4.33536686522739	3.27141769825694	1.28896769831796e-05	0.00105989530076103	0.340525482793708
AT5G64770.1.DE	5.17323655721369	5.92968110963991	1.20756847107905e-09	2.85048619612815e-07	0.236438975701151
AT5G64790.1	-7.9831888450847	3.85374976629969	1.11596680815592e-12	4.49373575601843e-10	0.293834723552823
AT5G64820.1	-8.75256468115771	-0.348296956523609	0.00042802124861253	0.0201030494502715	0.857752840859621
AT5G65280.1	-2.65525151583828	4.5410087904176	0.000471513467991478	0.021662721108293	0.236144425213641
AT5G65350.1.DE	-4.22195227638085	1.71964654245293	0.000907952659882517	0.0375514839763878	0.539183479620856
AT5G66020.1	-6.15210247384857	2.91230177643167	1.41712931553985e-07	2.17999072573664e-05	0.381760939560251
AT5G66170.2.DE	-2.92944469014861	3.9606670833614	0.000350090497053054	0.0168474129882368	0.267562233170504
AT5G66310.1	-2.77174196717463	5.27710188456257	0.000531929307605449	0.0240351292093274	0.260107119128476
AT5G67100.1	-3.88788766823652	4.28726825440805	5.68306758424939e-06	0.00053475517729181	0.267968251976964
AT5G67260.1.DE	-2.69967097298659	5.97065350569238	0.000410658237192268	0.0193206939017159	0.239827226142776
AT5G67265.1	-7.3094364984399	0.487820089846409	0.000147758417586709	0.00839402695095286	0.756214718955058
AT5G67340.1	3.18017586713385	3.56447392742763	0.000582548548215928	0.0258112368078455	0.329657854497801
