logFC	logCPM	pvalue	padj	dispersion
AT1G02190.1	-8.92202519097348	6.44408279830634	9.9882917649837e-15	3.21504489675941e-12	0.305561028881988
AT1G02670.1	-3.97513843867746	2.01558485107029	0.000889576445287981	0.0251398010006905	0.49615759973465
AT1G02813.1	-10.0958084893985	4.94574603220014	3.9479253504018e-19	4.41029707820474e-16	0.242041062782008
AT1G02820.1	2.96396597034704	4.51867254409616	0.00105576770673921	0.0291849847433543	0.324340768273036
AT1G02920.1	7.12310989561582	5.57117550917104	3.31350459520214e-11	5.99302531118894e-09	0.30951725198344
AT1G03110.1	-2.88005543461218	3.66632470185472	0.000511893858268114	0.0157558772485733	0.274311568976621
AT1G03470.1	-3.06951206738027	3.1234369747498	0.00186246393626701	0.0476726548277532	0.375974626818945
AT1G04150.1	-6.9051239733971	0.852945151887274	0.000155510171524992	0.00572343733998281	0.749116150441884
AT1G04450.1	-10.9539316452205	1.75490290194279	1.98550218189826e-07	1.61831210027596e-05	0.582171517474412
AT1G04700.1	-3.99683160447182	3.50283758724809	1.63121478949479e-05	0.000815221054402514	0.306594395264347
AT1G04880.1	-7.42615069129555	3.27020297404911	1.63390817280935e-10	2.56442562891094e-08	0.328041625256333
AT1G05010.1	3.16955112739608	7.17694554405912	0.000104134395116947	0.00403595162788968	0.263041813800121
AT1G05290.1	-9.43920471214739	0.281615526604836	9.19641247791486e-05	0.00361592276124391	0.80548024926386
AT1G05835.1	-6.21134944776767	4.62220040983777	1.10453035928365e-10	1.80828759078929e-08	0.269507441071768
AT1G05950.1	-3.60318574291656	3.40755024468721	7.02641875732309e-05	0.0028758344530242	0.305032562533853
AT1G06250.1	-3.67474719220001	3.89649100488642	1.26601118182299e-05	0.000656907605300556	0.263133812397975
AT1G06260.1	-9.52998224497084	6.05162151225413	2.83096616461576e-19	3.36017990201362e-16	0.241065883508941
AT1G06645.1	2.47347527947542	4.2675011377127	0.00114813219649584	0.0314634611019516	0.240374858766262
AT1G06970.1	-6.80006531672919	0.862923065348995	0.000262724074737924	0.00895761742073233	0.807558521286819
AT1G07410.1	-3.8748917735078	2.64109313980053	0.000355194250944882	0.0116101446122104	0.419764927204466
AT1G08065.1	-11.8356415906227	2.62649944953221	2.74500361401695e-10	4.13733044712667e-08	0.44012094840419
AT1G08135.1	-9.21981246436657	0.070397960199618	0.000173916843778254	0.00626727662275676	0.836914179197889
AT1G08260.1	-3.0853592322567	4.45475116303466	6.67268137773748e-05	0.00276080374824864	0.236662322181967
AT1G08320.1	-6.88534340030133	3.04844124512384	2.7779837578912e-09	3.44814964353672e-07	0.345185477998522
AT1G08340.1	-3.46351843726758	2.52523233655959	0.00107968193131706	0.0297594188064473	0.414979910954723
AT1G08730.1	-4.38061009513542	3.80037804466334	7.25112870066082e-07	5.13829049083021e-05	0.270779510420717
AT1G08860.1	-7.20201934732318	1.73696214057456	4.32605220291531e-06	0.00025278786887866	0.571087468875229
AT1G08900.1	3.17754018130749	5.04791927056408	4.18106478604275e-05	0.00182955302653774	0.236416267102922
AT1G08930.1.DE	4.89173466029887	6.32078891800741	6.75866613203139e-08	6.05442587327397e-06	0.274942257294174
AT1G09380.1.DE	-9.94454206484984	3.07620856212001	1.38186413122559e-11	2.73364392876095e-09	0.37263378878942
AT1G09450.1	-6.27434180197252	2.77961536056616	1.09106437376346e-07	9.46137147129769e-06	0.379871063201297
AT1G09740.1	3.23008034441255	2.92203180224505	0.000939709464461353	0.026438551762349	0.3614649109544
AT1G09930.1	-5.06314124451968	1.60244780215032	0.000332738927423255	0.0109326037555278	0.594057689514108
AT1G10060.2	-2.49887222524469	6.35773246252028	0.0017374547916933	0.044770697352846	0.265038749654616
AT1G10155.1	4.69422031126304	1.46026275136003	0.000979171063837453	0.0274674116297446	0.627623337264579
AT1G10747.1	-8.69812745745787	-0.419712780293583	0.000465868820473346	0.014575004812548	0.857507008980946
AT1G10780.1	-5.383342720614	2.95275815983668	5.85509101460675e-07	4.18993661931033e-05	0.356888903084212
AT1G10980.1	-8.73453699112179	3.17988379116145	9.08772863139932e-11	1.54093798606165e-08	0.371661080732865
AT1G11040.1	-9.05345249847395	-0.0857572789828231	0.000222837801473699	0.0076943867050673	0.834342309388769
AT1G12000.1.DE	-2.69515136614837	6.24162614693647	0.00043717527323953	0.013814302186509	0.241427909069948
AT1G13130.1	-5.81285823929832	3.03849405945978	4.52721351706657e-07	3.31954872210854e-05	0.387039788520552
AT1G13140.1	-7.43395883087107	6.11375115566907	4.07415579532466e-15	1.38164808408948e-12	0.235298721627655
AT1G13245.1	3.41206036965289	5.24428889337291	5.97911098697733e-06	0.000341105792006873	0.219027894948761
AT1G13260.1	4.46535361839256	5.97808831724528	3.40183725913318e-08	3.27183280108325e-06	0.229047921526626
AT1G14040.1	-4.299373645739	3.44876694888973	4.10949925532694e-06	0.000240875001104672	0.301534804651892
AT1G14880.1	8.89617780303633	6.42075355339078	1.05577484573168e-16	4.77386192745008e-14	0.262957018413424
AT1G15125.1.DE	8.49030604570969	7.6317355287755	1.14901838112235e-10	1.85321822610162e-08	0.415297332650427
AT1G15415.1	-7.62079465856539	4.20720680679814	1.08375418664027e-11	2.21307266220274e-09	0.308981792263224
AT1G16520.1	-3.27227833611558	4.34340562564228	3.54183405066011e-05	0.00157894296845273	0.242809095123167
AT1G16630.1.DE	-5.87374011898091	3.80571047387664	4.46597555673722e-09	5.24066504685505e-07	0.297769870927476
AT1G16730.1	2.3715532407566	4.37127167301735	0.00151637051496546	0.0399409049233135	0.234488506738146
AT1G17030.1	-5.8700379659792	3.93017995355064	2.80253455257473e-09	3.45603465506147e-07	0.288600874774203
AT1G17540.1	-6.78834238439462	2.98867456790362	2.87621118850918e-08	2.81557354025659e-06	0.392228453245037
AT1G18140.1	-8.11703239335097	2.13498762214715	2.30871566794532e-07	1.85191393005739e-05	0.519171401199597
AT1G18520.1	-9.42604221623264	2.5181286926862	2.44397209534363e-09	3.05351803043887e-07	0.443762773288823
AT1G18590.1	2.81125236221318	4.96127852016701	0.00013421882936378	0.00507758922001505	0.220097137076236
AT1G19790.1	-5.23375859264387	1.48253480361554	0.000389394267995259	0.0125217368998233	0.64699160880921
AT1G19890.1	-7.82124039660838	1.7997197519508	1.26143477361371e-06	8.3180235367007e-05	0.555713517143792
AT1G20150.1	-9.89278503279988	5.06012208157387	1.14477736417597e-19	1.81170557692215e-16	0.232410782456325
AT1G20480.1	-3.81022069886703	2.20755428175064	0.00129113434731308	0.0348789934421376	0.494348774656841
AT1G20610.1	-5.58157117710442	3.50832769892264	1.66426037899537e-08	1.71771569877723e-06	0.296943056925596
AT1G20790.1	-9.2317529189506	0.0826288459214307	0.000146404765624189	0.00545171157640977	0.817608795529748
AT1G20930.1	-5.41373412744719	3.88134105160407	7.58064709581667e-09	8.56928982122943e-07	0.272642575448017
AT1G21110.1	7.80270456037021	1.73034617689743	3.42692475202649e-05	0.00153131124625259	0.759414023890658
AT1G21520.1	4.26710145959625	3.48658993249188	3.75250726457081e-06	0.000222699579567076	0.29553929343071
AT1G22015.1	-9.63315652996565	4.10705300274938	4.07158882979081e-16	1.68094659709907e-13	0.267829690724838
AT1G22130.1	-7.10923739141764	2.55957573589206	6.74484798447963e-08	6.05442587327397e-06	0.425781833563781
AT1G22350.1.DE	4.35239336926346	3.60836046079173	4.34240260425126e-06	0.000252964932077717	0.309926808029324
AT1G22690.1	4.40540086341163	4.34237795697936	3.95309473523908e-07	2.97414852435728e-05	0.262448083947702
AT1G23350.1	-6.98926432986492	2.44154978613953	1.17329700633216e-07	9.94735868180986e-06	0.430947224434997
AT1G23610.1	-8.75813160035246	1.85461069669259	4.40976403862445e-07	3.2585925625493e-05	0.560820401299118
AT1G23640.1	-11.4032143863258	2.1981291411336	7.31580703683281e-09	8.31943062493963e-07	0.497535458266848
AT1G23700.1	-6.38645294816524	1.26705490625799	8.55778881365334e-05	0.00340129194682795	0.659678549090077
AT1G23840.1	3.81712112864889	2.99022766859296	0.000157658226655779	0.00579127153272708	0.365893417020525
AT1G24070.1	-3.93865288080814	6.32107042251167	6.21632834422512e-05	0.00264103560593242	0.352158774321484
AT1G24147.1	4.4986353168556	5.35928092864603	2.41066950304978e-08	2.42227643028669e-06	0.226029552300961
AT1G24220.1	-9.67477586501209	0.506693103285396	4.08040277591777e-05	0.00179793339019616	0.762517314946557
AT1G24260.2	-9.28855422056144	6.89814936220189	2.3152336505755e-18	1.75874409032317e-15	0.252409514826373
AT1G24400.1	-2.84796732739056	5.18501981417545	0.000168689155076657	0.00611369416805494	0.232018999234515
AT1G25330.1	-9.69501421696668	3.65199459780526	1.71569035176206e-14	5.34142220824807e-12	0.294107012177151
AT1G26320.1	-11.9975221942213	2.78704876367008	2.68187312706471e-11	4.96778175059158e-09	0.399969817529315
AT1G26770.2.DE	-3.30323496411913	4.57639668259283	7.26120956499283e-05	0.00294653057369185	0.268088387320731
AT1G27860.1	-8.67256608631941	-0.444518014075871	0.000532552123773037	0.016233864177486	0.871158492272993
AT1G28306.1	-9.69909885549455	2.79036425244745	1.55426143125464e-10	2.45974823674641e-08	0.39961311837372
AT1G28370.1	4.67743691506749	2.28223693095424	0.000160849585613751	0.00589709359148791	0.501455630933512
AT1G28430.1	-9.79337897262046	5.79673875422685	1.35808568056954e-19	1.98395424305355e-16	0.240969999503378
AT1G29010.1	-9.2159590703105	0.0672936924085235	0.000155348855783895	0.00572343733998281	0.822874080231461
AT1G29630.2	-3.50883966464183	3.07047031137315	0.000270968002116642	0.00915253630915245	0.345140195685947
AT1G29660.1	4.5869195686681	6.41508669744724	6.68388227548351e-06	0.000378906293414052	0.355103559164434
AT1G29980.1	-4.49480856909479	4.50233530802371	5.52321516222773e-08	5.0672163838583e-06	0.236715443443742
AT1G30260.1	3.33135534773116	3.83784833704183	6.39579782179006e-05	0.00268129351950585	0.266338531526399
AT1G30780.1	-9.96701447418961	0.789531982596079	1.57542587755852e-05	0.000793605115138301	0.725475584476351
AT1G31580.1	3.40003176965322	10.740915453885	3.70234459345832e-05	0.0016427856582796	0.262718707176468
AT1G31740.1	-6.59105421955795	0.550975762195616	0.000326621044341142	0.0107688546060462	0.768681027795305
AT1G31760.1	-4.00039525129947	2.09155528752145	0.00122677156133505	0.0333299266399341	0.524225147687246
AT1G31860.1	-2.61498946849908	4.30320915851793	0.000669131833328774	0.0198554416355418	0.242749939901493
AT1G31990.1	-5.80539216319307	1.26077116974188	0.000190989441175393	0.00669203040103669	0.651756812161775
AT1G32250.1	-10.1470818593211	0.965073512832533	1.13713010533158e-05	0.000598206034081775	0.726479534385602
AT1G32300.1	-9.38977923049787	0.233997109323756	9.72335022018234e-05	0.00381520958742733	0.802051978126498
AT1G33720.1.DE	3.27832582880578	3.54944596541432	0.000270148004433042	0.00914506372939021	0.309813126779655
AT1G34420.1	2.78175519357923	3.50315359217294	0.00186438862130342	0.0476726548277532	0.319292256777833
AT1G35780.1	-2.48348696573355	5.40642323525866	0.00054657848170439	0.0165815845783515	0.215998732722881
AT1G43630.1	-7.46419311398762	1.45046622335676	1.32321156751451e-05	0.000679165158882921	0.643806064904124
AT1G44110.1	-5.27065442995124	4.00647772864112	1.21925472699659e-08	1.29356796203309e-06	0.270662635433869
AT1G44191.1	-11.37596666504	2.17083911771585	1.14738148526959e-07	9.83331626063582e-06	0.602437598754565
AT1G44542.1	-7.02692545853873	3.3457968065101	9.65628374254597e-10	1.27756508643476e-07	0.339819830427712
AT1G44970.1	-9.26801794728283	6.72802276973681	9.16233298194593e-18	5.27278380788289e-15	0.260665863445252
AT1G47210.2	-3.04660214675805	3.4487126612299	0.000603392466370666	0.0181027272177651	0.308480755968667
AT1G47520.1	-4.44531045267071	2.41552037204681	0.000171150590402214	0.00619108735681607	0.466653293371607
AT1G48100.1	-2.7596701596236	5.19276895067168	0.000329194994244324	0.0108349083807521	0.240606368605203
AT1G48470.1	-6.13307147022659	3.87881906272047	4.86268753460507e-10	6.9434059375703e-08	0.280597065869437
AT1G48630.1	-2.98688266844129	6.3673641347476	0.000145823701508093	0.00544074246628723	0.247973345107842
AT1G49290.1.DE	-6.10025912121063	1.94660749368964	1.13197347687305e-05	0.000597147452758224	0.520137524285948
AT1G50010.1	-3.51149494692175	8.2004788812937	6.41766601891313e-05	0.00268453514020219	0.294445171868368
AT1G50490.1	-4.95792767660309	4.5526892181552	6.33370272971992e-09	7.24598485181391e-07	0.240517943810474
AT1G50610.1	-8.02551806269184	1.95394887766503	8.66607681045312e-07	6.00647681413559e-05	0.556412233707785
AT1G51210.1	-7.57318960068028	0.692899887155565	8.58334295946897e-05	0.0034030535729285	0.743176688581743
AT1G51410.1	-9.29002146895245	2.38271366731206	8.29920741299591e-09	9.21697356609388e-07	0.466749889433629
AT1G51420.1	-4.63054181190937	1.70900746331027	0.000535902140118793	0.0163098037548013	0.573903997657528
AT1G51800.1.DE	3.78526418238547	3.51025446133049	3.00992793293691e-05	0.00137407551380781	0.300062908996257
AT1G52343.1	-11.2522544335794	2.04921978190451	3.00486099834268e-08	2.91149567446561e-06	0.533423737252613
AT1G53020.1	-8.48094432786617	-0.620492497784663	0.000665380447677434	0.0197750236022569	0.861654416943463
AT1G53130.1	-12.386957984759	3.17389453151771	6.52376277978688e-13	1.67422674258017e-10	0.358989500448215
AT1G54240.1	-7.64411381433436	0.762482612094142	6.6349921738909e-05	0.00275422563553537	0.731444141608954
AT1G54385.1	-4.53029923736457	3.99651602324766	8.98931357057174e-07	6.18536427604087e-05	0.290006715770212
AT1G54560.1	-10.9930187015873	4.11447869316927	6.6193195327368e-17	3.14268743115511e-14	0.276507293271449
AT1G54840.1	-5.42776637413805	1.82999214951135	6.36138381208226e-05	0.00267276637113394	0.54762279065764
AT1G55020.1.DE	-2.38655240465833	5.43175091162157	0.00136680044293965	0.0366622983218459	0.23379493744216
AT1G55570.1	-10.5179349492421	6.66086468162026	2.45772271783421e-20	6.66780173348421e-17	0.256211735018459
AT1G55920.1	3.7487719616179	5.02480277769072	2.94260088479416e-06	0.000180267527106858	0.239766853052083
AT1G57630.1	5.48979289560624	0.932618313186033	0.000645713581970258	0.0192206060112808	0.706725053303051
AT1G58602.1	3.29238757769461	8.14572789957559	7.08176464620716e-05	0.00288909713751221	0.267807295171647
AT1G59540.1	-5.4721809839036	3.73564155995005	2.4424420217219e-08	2.42850347824715e-06	0.297146098536992
AT1G59640.2	-3.5804515053719	5.75895508960714	3.1428629973392e-06	0.000191301638405348	0.224388985328013
AT1G60240.1	-10.7115213624544	1.51671045124321	1.62733250802156e-06	0.000105837916643279	0.667405194454524
AT1G60740.1	-6.8528416513457	4.30101259820613	3.41859817007309e-13	9.40907215186347e-11	0.237780020860971
AT1G61110.1	-10.2974850182745	5.91354503777973	3.25879558320767e-20	7.73597336508711e-17	0.24453930718986
AT1G61590.1	-9.61708675063396	2.70832267689159	4.39788812260152e-10	6.4246379489481e-08	0.416406167045558
AT1G61860.1	-4.9918603283194	2.97356557705198	2.05158032461073e-06	0.000131626898461765	0.352690433392683
AT1G61940.1	-8.67996166252109	-0.435554207271276	0.000496796904183518	0.0153659120640866	0.863882033959297
AT1G62180.1.DE	3.11039568748467	8.55680309109055	0.000123227486005693	0.00469922326653435	0.260326925250496
AT1G62422.1	2.89755445800078	3.38907623026955	0.00141898370500299	0.0377903715389713	0.326162013231111
AT1G62450.1	-9.66474322999146	2.75611203467174	2.19256163792586e-10	3.35797887627823e-08	0.404467190696235
AT1G62480.1	-3.65270096114473	7.33013931062512	1.76147744697225e-05	0.00087115151550651	0.273209855618125
AT1G63060.1	-8.78347305493107	3.26056693427918	1.13942611846065e-11	2.30200440592406e-09	0.341625942637356
AT1G63160.1	-3.05477359559354	2.84914230160959	0.00152350480346558	0.040070440185224	0.358846617983576
AT1G63650.1	-5.29837945171605	3.18658317210927	4.24679491836497e-07	3.16277969783016e-05	0.340634036995808
AT1G64235.1	-7.10949940997417	0.3189621531112	0.000272560921650232	0.00917766748769424	0.793335525257584
AT1G64450.1.DE	-3.04848087533675	3.55228236829043	0.000441231366289001	0.0139193104272332	0.294591654980139
AT1G64710.1	3.54381766507627	5.31020201635746	9.94510314627095e-06	0.000538083914104933	0.244567777683915
AT1G64760.1	-2.93441537196365	3.81784204460102	0.000390707844443705	0.012533670057146	0.27223957089408
AT1G64800.1	-7.97658505822044	1.0853858077707	2.76930187156319e-05	0.00127650028744798	0.709933204835726
AT1G65140.1	-7.49159870577168	0.615013894031497	0.000100614932557079	0.00391552906596618	0.745014713029489
AT1G65450.1	-2.25307115461105	4.82302445989674	0.00154133389201072	0.0403744440595526	0.214769899785588
AT1G65470.1	-2.90388607146528	3.75273933542465	0.000558720933311764	0.0169229174553807	0.281610423440167
AT1G65480.1	2.54771311563865	3.97519115059793	0.00126424774040225	0.0342501124650202	0.256857654527544
AT1G65710.1	-6.024774502855	2.39368890437621	3.47001279095139e-06	0.00020788332149198	0.475056528527559
AT1G65860.1	4.30286964417639	4.25920611916743	7.89740134833331e-07	5.53430070133571e-05	0.265812119036575
AT1G66170.1	-5.47571016256731	0.0405930833378875	0.0018389666921277	0.0471943465543205	0.794464252721225
AT1G66235.1	-9.84170460670709	0.668497930777172	2.3755891289536e-05	0.00112225903353129	0.740493033332516
AT1G66620.1	-4.01861484235298	2.09443610121124	0.00110255252409175	0.0303457608478644	0.523134065259452
AT1G66760.2	-4.44662360051774	2.94815327810907	0.000481481444416742	0.0149653258771168	0.545808335709164
AT1G66880.1	2.68132560618313	6.20360249996237	0.000520625952874986	0.0159471088242724	0.245538698696392
AT1G66920.2	6.09231053808897	4.15423357212961	1.04000483096775e-10	1.71745493433987e-08	0.258377203113494
AT1G67481.1	-7.62890596480619	0.747767207262048	6.78370887561836e-05	0.00279929213730792	0.731447211722874
AT1G67800.2	2.53530663846884	4.20545706810145	0.00151040838633951	0.0398391189791299	0.263148351486152
AT1G67970.1	3.01972940111467	4.42237129897792	0.00059618403180033	0.0179431552264977	0.305145635792017
AT1G67990.1	-10.6176080478104	7.31677684392807	5.86804134017837e-21	2.78599932728319e-17	0.254731800076694
AT1G68480.1	-10.0494036302249	0.868728281647564	1.97273565922113e-05	0.000958164268651366	0.757388521983913
AT1G68610.1	-5.30953524801693	1.85555799440823	7.08924893939599e-05	0.00288909713751221	0.526157728991071
AT1G68640.1	-5.61627481339914	2.14928336897592	7.92897997222198e-05	0.00318349384043272	0.581710117644433
AT1G69700.1	-2.68733780695295	5.45527881131877	0.00157445135886205	0.0411284810951158	0.295182098355784
AT1G69720.1.DE	3.2379182626412	4.18894679697986	6.82163113106975e-05	0.00280410382705943	0.256456830704523
AT1G69940.1.DE	-9.96882351841187	7.63867370877512	1.01142829296978e-19	1.74618497379901e-16	0.256588952309339
AT1G70720.1	-10.8039549917613	3.92880909755331	2.19744759824935e-14	6.66344177168775e-12	0.327711257251669
AT1G70810.1	2.92337512912274	4.93145728239844	0.000144840438989307	0.00541469444261009	0.237677456277835
AT1G71030.1	3.20571844678077	6.08182022987298	0.000168106913785261	0.00610424168201893	0.284332911971013
AT1G71770.1	-8.50912347353307	5.14444850052753	2.12754391107148e-17	1.12233851153218e-14	0.231878734007583
AT1G71790.1	-2.94901794559044	3.7948586526977	0.000375660517472233	0.012195160491137	0.273016686856788
AT1G71830.1	-3.56998944264001	4.0680457199562	1.51123828530974e-05	0.000765331367368459	0.255729962471975
AT1G72430.1	2.57381673529488	4.1377232119209	0.00139415163511353	0.0372906108485086	0.266232010221439
AT1G72890.2	2.82084544014081	3.73613674517603	0.000713978884302656	0.0210219736306849	0.278595780802944
AT1G72900.1	2.97940423726697	4.11120082069684	0.000362259516626913	0.0118004639455604	0.276618753299956
AT1G73010.1.DE	-2.62799894214688	3.60430274013449	0.00155460223950977	0.0406659106481129	0.28091102186356
AT1G73220.1	-8.26431773596171	5.46097333365008	8.40359129083824e-18	4.98726881888466e-15	0.220518348650075
AT1G74420.2	-4.30049258513697	2.33785509693426	0.000198384589933838	0.00691288394024499	0.448029106473966
AT1G75030.1	-5.51534553326594	5.46691399154701	1.97626549529324e-07	1.61772663884112e-05	0.351252192797096
AT1G75040.1	4.41871300543917	6.60185542613254	2.31111369292613e-07	1.85191393005739e-05	0.256379666756444
AT1G75160.1	-11.5897836410383	2.38288034107417	1.80442548436209e-09	2.29985532708191e-07	0.470646531928629
AT1G75580.1	-3.95434691358008	3.41760296110331	1.74572162775347e-05	0.000865613562210603	0.3030694469687
AT1G76310.1	-5.97091523326835	3.25449788922955	1.19328274659162e-07	1.00718367291206e-05	0.366294019681601
AT1G76370.1	-6.41184106933965	2.80760086667378	6.79268849183197e-08	6.05633554687235e-06	0.378941889776087
AT1G76420.1	-6.70578824018674	0.770895819708142	0.000182422889886929	0.00647550112493956	0.748449276876979
AT1G76800.1	3.46072421725457	2.60330281640474	0.00177286735452712	0.0456213061379736	0.453161668976072
AT1G78050.1	-2.99874214221036	4.00587009162687	0.000420485619592532	0.0133312894852784	0.285045715191771
AT1G78210.1	-2.35268796461198	6.48124480244224	0.00194776123153651	0.0495843613245441	0.24340580243657
AT1G78950.1	-5.81411998558845	3.62964278437846	6.11726211095105e-09	7.04078331812554e-07	0.295508271873147
AT1G79800.1	-5.8612551706784	1.73732010508521	3.89052380666836e-05	0.00172225961800557	0.560017577215968
AT1G79860.1	-7.81576694484225	1.7409565314456	1.69784666239373e-05	0.000846294119829904	0.704774685726639
AT1G80160.1	-4.22854510623999	2.69689049852129	8.49787827703294e-05	0.00339040349493976	0.397865843358568
AT1G80440.1	2.60978790403587	5.17399702831405	0.000853485580916787	0.0242778454430487	0.252230362730393
AT1G80990.1	-8.75044936358954	-0.369604419668003	0.000454237822475686	0.0142585627878277	0.86660274429345
AT2G01420.2.DE	2.31544058840429	5.75814750668153	0.00150815362328661	0.0398349728231377	0.225582829497582
AT2G01610.1	-4.76421913759923	4.51095495440158	1.02176880247987e-08	1.09629442530482e-06	0.232426522965425
AT2G02080.1	2.45021075952428	5.41170114591073	0.000670198809217213	0.0198560773570111	0.217653172574211
AT2G02850.1	-5.35510874900059	5.17030470341654	1.8878930575374e-09	2.39019847037952e-07	0.253357418724308
AT2G02990.1	-5.14520420639593	4.85270922336571	1.62918583280614e-08	1.69070317764051e-06	0.269588313450866
AT2G03000.1	-8.43572651643746	-0.661581137990994	0.000734049179794991	0.0215794550673168	0.865107441947114
AT2G03210.1	-7.02919049765827	0.97406379460088	0.000119686890817817	0.00457338781392588	0.745158371351529
AT2G03830.1	-6.33591701001365	1.80288197217475	1.09270647594636e-05	0.000581276993969114	0.541166486872697
AT2G04032.1	5.10568850514358	2.15622443353904	3.42487701611665e-05	0.00153131124625259	0.46852223856521
AT2G06925.1	-2.50101503279735	4.43405264730625	0.000796645134406429	0.0231254948147472	0.230699414051251
AT2G06983.1	-10.0853342949232	0.904830162398029	1.23090708545174e-05	0.000640442642734632	0.72330448726252
AT2G07170.1	-6.33872476097424	3.57663014032599	9.68718721745069e-10	1.27756508643476e-07	0.301237652695934
AT2G13350.1	-7.75265301102267	3.63019624229421	6.83770097886292e-12	1.49258366999524e-09	0.304500682526351
AT2G14900.1	-5.22383788314387	3.35616766190781	5.32883703313785e-06	0.000308536414927808	0.413150707899755
AT2G15480.1	3.37677845487753	3.12788465875202	0.000822037428158186	0.0236535042396244	0.383479935433918
AT2G15535.1	-10.7743522078364	1.57849162211877	1.09428906907692e-06	7.34333700029676e-05	0.651416268111584
AT2G16450.1	-9.35447595421908	0.200498832196057	0.00011446298299677	0.00439144749513466	0.814003773965418
AT2G16570.1	-5.16505725892564	2.38986704072392	2.60073767610911e-05	0.0012105541472301	0.460516212519717
AT2G16750.1	-4.75662689435434	6.40984690406734	9.64193290085426e-08	8.43824643871536e-06	0.27010252781516
AT2G16760.1	-7.87763544097578	3.34019878269107	5.64882741987266e-11	9.8419157367708e-09	0.334622903970738
AT2G18340.1	-7.24068550615553	1.77464418201787	3.31638033790408e-06	0.000199940885705195	0.561849774048398
AT2G19010.1	-11.2345898309328	2.03155023712723	2.72611920956535e-08	2.69644426608622e-06	0.527838522073213
AT2G19090.1	-4.23811335606921	3.29451313233341	8.90246508765632e-06	0.0004877637075832	0.315850062862978
AT2G20430.1	-8.35188633811239	1.45248646958483	8.75778385251958e-06	0.000484895256977257	0.679172999127165
AT2G20530.1	-2.35546024702637	5.60453924882581	0.0010688554057512	0.0295038270503214	0.219019643374348
AT2G20570.2	3.63686256005175	7.87335250758023	2.28674535009898e-05	0.00108298206842219	0.278604995120637
AT2G20700.1	-3.86078376168692	2.84621007883643	0.000202051758209627	0.00702632045454217	0.385789522641737
AT2G20870.1	-10.6171814708612	9.16091446363079	2.22304067482434e-20	6.66780173348421e-17	0.270339552467244
AT2G21050.1.DE	-2.70511660950601	4.55568919796562	0.000560086618873982	0.0169372690748978	0.250866640148077
AT2G21460.1	4.96130157721795	2.68637087560907	0.000525614876382918	0.0160739969684187	0.635404077725007
AT2G21720.1	-10.3113426605731	1.12453998665449	5.83894995967909e-06	0.000336022723285653	0.699468858778189
AT2G22030.1	-9.37091145369504	0.215640826131388	9.82092678562006e-05	0.00384466929898511	0.799851218277534
AT2G22807.1	-8.29598435536465	1.39771008550468	1.00099629891278e-05	0.000540054565700356	0.680741527980434
AT2G23910.1	-5.79457982752535	2.38725302801176	5.98116100986197e-06	0.000341105792006873	0.46172801136982
AT2G24160.1	2.92075584329933	4.67052759901145	0.000127111264151055	0.00482794003498538	0.233233388502621
AT2G24800.1	-10.0165489746718	0.83792674319347	1.4228907903257e-05	0.000726401048362243	0.725034061583734
AT2G25060.1	-5.9125846041892	5.12967332776458	2.76977605131381e-11	5.05777086447121e-09	0.238235473766604
AT2G25440.1	8.36833330576931	2.38802808734462	3.14675501782637e-07	2.45926026928151e-05	0.559470644582875
AT2G25880.1	-5.62105653033382	3.70470450995246	9.43611466173297e-09	1.0238517154675e-06	0.291089952995154
AT2G25890.1	-11.8603569536514	2.65100432264415	1.94383795976186e-10	3.00125420275101e-08	0.433660117699578
AT2G26010.1	9.05487732405584	5.04834300179776	3.41121001850605e-08	3.27183280108325e-06	0.588739095763635
AT2G26490.1	-8.98853621707996	3.46485592285675	4.97155524574045e-13	1.32978599537827e-10	0.309843302121556
AT2G26560.1	7.21709371809877	5.84977259906096	3.14418843539601e-10	4.70167579343351e-08	0.350166427381895
AT2G26610.1	-7.77640519425435	1.7555095367577	2.07854424958193e-06	0.000132907858059968	0.575524607985481
AT2G26650.1	3.46800495332892	3.45910078276083	0.000290752877142711	0.00972128149615709	0.342866885698368
AT2G26850.1	-6.73857595199191	3.65763911112426	9.83719065216505e-11	1.65325741305546e-08	0.290453844700362
AT2G27180.1	-4.06036794064968	3.67664130468579	1.12858560611871e-05	0.000597018641944303	0.304104983089537
AT2G27740.1	-4.05701056213951	3.04120793313176	7.97423982302788e-05	0.00319491114934857	0.374014691271066
AT2G27880.1	-9.9867068782851	4.45967770747516	9.97192901516221e-18	5.56990893902781e-15	0.253155826179541
AT2G29165.1	5.22945127932671	0.991809554301163	0.000781702332887208	0.0228038540765913	0.7026040848021
AT2G29340.1	2.28678686952371	5.56699837697662	0.00152550830677252	0.040070440185224	0.220970893380223
AT2G29550.1.DE	-3.48879922398232	7.2304814946869	5.73847027296518e-05	0.00245448848995229	0.287559763973622
AT2G29710.1	-4.43787797159018	1.46789239947842	0.00140525555718837	0.0374820341103431	0.630282722663763
AT2G30250.1	5.88613248129124	4.6475064328481	1.33538282127687e-11	2.66950054303885e-09	0.226693821835478
AT2G30370.1	-5.98322608094033	2.75351854041693	2.63774193031186e-07	2.09595635977208e-05	0.384693821221405
AT2G30630.2	-4.85698902204666	2.53144892084228	2.66283882865078e-05	0.00123640944398703	0.428096659714055
AT2G30690.1	-6.95575546309256	1.85799178107542	2.91797331077865e-06	0.000179337317621351	0.533861311646483
AT2G30930.1	2.76488255031165	3.9911873380232	0.000796203962899924	0.0231254948147472	0.274078829623345
AT2G31210.1	-9.88313298685116	2.97402193987025	1.94515107953177e-11	3.76942491340692e-09	0.371918977389873
AT2G31270.1	-4.39524602182348	4.19165733322971	1.74816061141326e-06	0.000112922850922956	0.293764740332191
AT2G31880.1.DE	3.45861987485906	7.03438458172961	4.20222395770626e-05	0.00183458471679999	0.273713253360667
AT2G31980.1	-9.43753594514484	7.57962700914606	6.47799368637759e-19	6.83464322766649e-16	0.251084948642954
AT2G32530.1	-3.78201035548228	3.07402381067902	0.00012526052445727	0.00476717959913429	0.352097403917547
AT2G32590.1	-5.68210509501744	3.04953634712429	2.56506868128702e-07	2.04677392127402e-05	0.360623124716078
AT2G33050.1	3.34229225146519	4.38164207477032	5.09462390599163e-05	0.00220391805463979	0.262041603880081
AT2G33100.1.DE	-5.11802296131498	2.90280642294773	1.49859956205716e-05	0.000760960007567579	0.435982655262501
AT2G33190.1.DE	-8.98608571735746	-0.149271250981602	0.000263725566081081	0.00895959253210343	0.842315081572786
AT2G33240.1	-3.55637356812345	2.59072685206649	0.000809696455541427	0.023404787499524	0.413858435179855
AT2G33270.1	-8.75368837866821	1.90650499702386	3.37665405787435e-07	2.60674948020698e-05	0.554681873789242
AT2G33420.1	-7.2235668504277	3.73082774496843	2.69433689806188e-11	4.96778175059158e-09	0.29729182323731
AT2G33560.2	-5.38126479695512	3.09163828055867	4.48272160032366e-07	3.29966534541654e-05	0.34946545465089
AT2G33690.1	-11.198654754328	1.99613797317319	3.55569263630537e-08	3.39327431437564e-06	0.534628092530034
AT2G34700.1	-9.81367427265038	0.64144525351303	2.66930583979085e-05	0.00123640944398703	0.74676577179296
AT2G34790.1	-2.95202426397761	4.35547764045603	0.000106673908196015	0.00412595558156929	0.231796577693394
AT2G36020.1	-7.81414830426077	4.69043635800441	4.7582117900909e-16	1.9226212788429e-13	0.225553332377236
AT2G36890.1	-4.5615541574985	2.20608333388839	0.000310746413407069	0.0102991014607568	0.523988426183141
AT2G37190.1	-2.93509300295792	6.89615414727116	0.000211134694151025	0.00731238996599511	0.252680774157711
AT2G37370.1	-6.15076792823845	1.59455199130731	5.03218666818019e-05	0.00218187801405046	0.604890258713311
AT2G37460.1	3.07454957874432	5.16893716754299	8.28732757785279e-05	0.00331336080065268	0.242049989310839
AT2G37510.1	-4.16245365415177	1.68082400859833	0.00148435122874098	0.0392608832660446	0.568550983792616
AT2G37600.1	-2.51753138817292	5.37891640878706	0.000605700654101184	0.0181433140726113	0.224693395684424
AT2G37710.1	2.59248396367951	7.46991887525892	0.00120767113627019	0.0329524174553264	0.265307542144903
AT2G37770.2	-4.3160936232492	3.51177103190628	2.59346229708228e-06	0.000161483417979966	0.292804975137107
AT2G38470.1	4.34777125092718	5.90810157225882	2.41489297179852e-06	0.000151858385521277	0.298976246865196
AT2G38540.1	-3.36835568019584	10.5416804646707	6.79518548417118e-05	0.00279929213730792	0.276892184925256
AT2G38810.1	-4.86714583029219	3.62288165917547	3.3793948955501e-06	0.000203095216649975	0.359196801724645
AT2G38905.1	-5.70474289487069	1.64552172755697	0.00046081471375607	0.0144411422919827	0.751767581988991
AT2G39030.1.DE	4.04826335333061	2.68905213744171	0.000184216106730415	0.00651480089928735	0.408943486363402
AT2G39900.1	-3.48996731585021	4.02672216643123	3.16646471338083e-05	0.00142649724236229	0.266372295791701
AT2G40000.1.DE	2.72278417625359	6.70494231339964	0.000852968347395348	0.0242778454430487	0.272492868933716
AT2G40550.1	-3.90424998206416	4.00813804241523	1.88154300163553e-05	0.00091857026077276	0.302178813522959
AT2G40850.1	-3.7067589382085	4.12607927636216	8.49338009043185e-06	0.000471630939466056	0.257188015282027
AT2G40990.1	-6.78582366550562	1.33298527609919	4.76255791728608e-05	0.0020744435185133	0.668038197186432
AT2G41415.1	-10.2742247552256	4.22844508151145	1.77593189204812e-17	9.63620644625312e-15	0.257743389971829
AT2G41470.1	-5.07400910479171	0.814915763089429	0.000935564548416212	0.02636098863349	0.682454657816051
AT2G42140.1	-5.93353881303246	1.18312466663859	0.000185923736036303	0.00655079345281157	0.670680397958015
AT2G42260.1	-4.59754718890972	1.57889857172224	0.00134309237167455	0.0361284238391945	0.65277903908332
AT2G42410.1	-10.8357056762976	1.63866054589881	5.14561434581836e-07	3.7078937443842e-05	0.616563646809637
AT2G42660.1	-8.55045701942689	-0.556624124804234	0.00059880023291539	0.0179933785178737	0.860615825155291
AT2G42740.1	-3.11683958341723	3.85844107480687	0.000167733660845618	0.00610424168201893	0.268000400448372
AT2G42830.2	-9.35989959084902	3.31915671547419	2.26006991511344e-12	5.23426679974626e-10	0.337154658053983
AT2G43060.1	4.56870897883471	3.57163426327667	7.76236275855327e-07	5.47630320989559e-05	0.288591822813572
AT2G43470.1	-9.02929719312167	-0.108497068644422	0.000235650771502338	0.00807805740361174	0.836995824322221
AT2G43550.1	-3.18915775870958	5.8479995446999	0.000235086797706468	0.00807329724275505	0.294422708210428
AT2G43610.1	-6.56430491807244	3.1784618271232	5.82317909996544e-09	6.74317038338071e-07	0.33993283801046
AT2G44740.1.DE	-2.88964474691429	3.66760714916528	0.00147856277581925	0.0391623231179685	0.328126640089393
AT2G45490.1	-5.95476217652841	2.05815294997401	2.48010618174171e-05	0.00115724070018322	0.560577154328422
AT2G45580.1	-7.6590571345835	3.32528518982255	1.41258644676394e-10	2.25432178239445e-08	0.338648812770946
AT2G45800.1	-4.92421152132331	4.25878535443926	1.16852893687518e-07	9.94735868180986e-06	0.284538175942959
AT2G46300.1	-5.9656655786989	1.41462225077114	0.000142630782015546	0.00535316438983644	0.654779549880271
AT2G46440.1	3.64068497343608	6.70554310540739	1.14174263983619e-05	0.000598973327986989	0.260243268253907
AT2G46455.1	-4.64659593803671	0.886698252340694	0.00165495490399928	0.0428775560461805	0.668564285348724
AT2G47010.1	-2.81234738040842	4.26073138557835	0.000405150787000376	0.0129097627448392	0.25483548694409
AT2G47040.1	-8.31997278948023	8.50011030910574	5.17784983509715e-16	2.04859471288187e-13	0.259596142539242
AT2G47130.1	3.0173335544205	3.9568147744476	0.000388232710183087	0.012517703563815	0.284782568890351
AT3G01020.1	-10.5959073591657	1.40325279273759	2.33487119407127e-06	0.000147314082546869	0.675414717728776
AT3G01230.1	-7.55882045898819	4.60679879541338	1.18932794544538e-15	4.51730540239066e-13	0.22286437345842
AT3G01270.1	-8.41643898165291	7.82315872491896	1.19051442438057e-16	5.235025974652e-14	0.251714916129934
AT3G01630.1	-4.55146727034662	2.07933904333501	0.00018168452609105	0.00647550112493956	0.482636722554418
AT3G02030.1	-4.59649839214108	5.12411920269493	3.65298458438763e-07	2.80865709482208e-05	0.279951470190655
AT3G02970.1	-7.00416356113627	2.65749264034209	4.05600540321004e-08	3.79446298583063e-06	0.405901884028823
AT3G03130.1	-6.62627674664705	3.91106491728643	1.82554848166633e-10	2.84172059142011e-08	0.2953426167449
AT3G03450.1	-4.60711483585732	6.31510693851827	8.15989465177481e-07	5.6972264460241e-05	0.29961275726865
AT3G03650.1	-7.70310054457286	3.48655884107568	5.38478046320063e-11	9.46873757191141e-09	0.333725498164201
AT3G03670.1	-6.52500159221817	0.599824773186073	0.000527970944680021	0.0161200903704474	0.838455772530218
AT3G03800.1	-9.25483177484969	2.34754994427427	1.17278193757412e-08	1.25125290879045e-06	0.474085076492571
AT3G04620.1	-5.762461338917	4.58337934327494	1.85954370901504e-11	3.64067985339223e-09	0.223625335988646
AT3G05020.1	-4.50516342136058	6.46857392426759	7.83604059040819e-08	6.92159287685776e-06	0.245403312820088
AT3G06220.1	-7.01818319193821	3.96582522618838	1.03321850723314e-11	2.13281007292006e-09	0.28048314759986
AT3G06490.1	-4.55450390723113	2.16473774328015	0.000136251031266299	0.00514422134150751	0.462575737245559
AT3G07820.1	-8.48955253472648	7.70100040566249	8.49033920831668e-17	3.93268370500346e-14	0.251564467312569
AT3G08770.2.DE	-8.85880964612161	9.04546851872259	5.8252864958577e-17	2.91126357481141e-14	0.264784530362176
AT3G08870.1	4.22285538622224	3.65969370341	3.62513709924697e-06	0.000215814980099684	0.291060995553299
AT3G09940.1	5.58349550281531	1.76275967594051	5.8757728736544e-05	0.00250194624761369	0.549830772157638
AT3G10290.1	-4.69842985788603	1.69095623653423	0.000411325077559137	0.0130845469814499	0.56194383070686
AT3G10430.1	-9.24359929417092	0.0947342254294283	0.000148284323167804	0.00550013199468703	0.823023664975897
AT3G10880.1	-5.59722417207097	1.38134050653613	0.000812790777195713	0.023455522516066	0.795988002631172
AT3G11010.1	3.2706649509727	6.66080999983315	0.000179148924345088	0.00641927777780672	0.296609720318216
AT3G11160.1	-7.41396472992704	0.540089933645523	0.000129148528466941	0.00489552835152829	0.755507175588094
AT3G11825.1	-10.2637036340619	1.07864447995981	7.99301044189713e-06	0.000445147393847708	0.716312879468619
AT3G11840.1	4.283586650727	3.29993872656868	2.46803831176051e-05	0.00115724070018322	0.355893087120065
AT3G12110.1	-3.15034647145124	5.05803762887989	0.000238759916039267	0.00816989110901212	0.288316053626734
AT3G12143.1	-6.16975443325453	2.24565695984461	2.80126004470576e-05	0.00128810483072656	0.5963444109126
AT3G12470.1	-6.78314401171634	0.790496643219058	0.000102970238445014	0.00399899345257516	0.696748232843341
AT3G12870.1	-6.73033922749998	3.40770967165298	3.71208858493596e-09	4.46178951370372e-07	0.349222049936181
AT3G13450.1.DE	-2.77495976037831	5.00786342989678	0.000182017193986597	0.00647550112493956	0.22395173261178
AT3G13640.1	-4.80447189031377	3.1322775892654	4.06259139592977e-06	0.000238862765325394	0.35653137424615
AT3G13650.1	-4.37987245121588	2.33677437357183	0.000174450813839432	0.00627461251065274	0.453939039936971
AT3G15536.1	8.62867928405514	3.511498767614	5.85024189801111e-13	1.52194443678259e-10	0.302425903520311
AT3G15630.1	-2.90078657031834	3.43277019607846	0.000966429210882279	0.0271500845323452	0.306380248591951
AT3G15720.1.DE	-5.29050053635848	1.54115687325331	0.000595306108046763	0.0179431552264977	0.702143864469085
AT3G16660.1.DE	8.39745928881268	4.40950912070369	2.68793593558997e-16	1.13436869672865e-13	0.238190502438866
AT3G16800.2	3.22523500641959	5.22833841711523	1.71340815215648e-05	0.000851815031874441	0.220724342355784
AT3G17060.1.DE	-7.09631899556121	4.03210399543496	8.84239661094784e-12	1.84534015426935e-09	0.282526169859463
AT3G17675.1	-9.05878009397801	2.98259323549904	4.51343245775413e-10	6.54309891642815e-08	0.410030904276642
AT3G18010.1	-4.77114737911929	1.75753654131655	0.000403722523183111	0.0128858730046562	0.57398774738667
AT3G18360.1	-7.23614008651206	2.88628744499302	4.11420637558921e-09	4.89956406133327e-07	0.370339458883959
AT3G18570.1	-5.2626767002371	1.18651696924757	0.000474488366216925	0.01477214518496	0.658885327459205
AT3G18590.1	-8.33681390974548	2.26392951240768	7.04957976732482e-08	6.25600791407783e-06	0.488388343680466
AT3G18720.1	-6.57128970702447	-0.259717522816737	0.00111362158350187	0.0305618316362487	0.848789840252746
AT3G18850.1	-4.24714432050989	6.51679019667257	3.83150060301383e-07	2.89896525704525e-05	0.24996839524894
AT3G18900.2	-4.89989601080896	1.79161367960649	0.000196190091976049	0.0068489816851418	0.538898083850433
AT3G18950.1	4.00298424337614	4.39904642996609	8.97668954347868e-07	6.18536427604087e-05	0.239947639729471
AT3G18960.1	-4.01024828803022	3.31404874667033	2.16247550075052e-05	0.00104497639274181	0.316526402161367
AT3G19030.1	5.73185026599812	2.19646786048175	1.40555059990504e-05	0.000719482788215545	0.500852250681531
AT3G19100.1	-2.66042332283665	5.32771751782201	0.000282800254778603	0.00948879794788065	0.221273304898879
AT3G19210.1	-3.77569828315445	2.09533083059981	0.00121368433416385	0.0330689801866651	0.477232127371373
AT3G19710.1	6.41784877643536	6.86090560389104	8.19657054774692e-12	1.72956745858069e-09	0.256308915957143
AT3G19820.1	-2.6840968197536	8.44667692180273	0.000846576616905449	0.0241924551288275	0.265742070813707
AT3G20450.1	-5.12626091194556	3.18489670366507	5.15446236910867e-07	3.7078937443842e-05	0.329861777278335
AT3G20520.1	-9.45050639038845	3.92500131444379	2.73862109329991e-15	9.45620966961065e-13	0.27673732306655
AT3G21090.1	-4.1170120243831	2.42153917899457	0.000279200583356286	0.00938459872304287	0.440422978563303
AT3G21180.1	-8.50483064540656	5.56722833042355	4.50479127088723e-18	2.85168303418065e-15	0.225103752611529
AT3G21420.1	-3.37664627005795	2.7636041584319	0.000708641476671431	0.0209297205030593	0.371296867274633
AT3G21780.1	4.83419097076913	2.98264655248154	7.64101475691865e-06	0.000428054605453222	0.379366702301209
AT3G21940.1	-8.97996469213625	-0.155495028528922	0.000263384962453708	0.00895959253210343	0.839648391135993
AT3G22000.1	-10.3097765037134	1.12342366122759	6.1117339323148e-06	0.000347508799726319	0.702827604888604
AT3G22060.1.DE	3.39942145068131	4.03212693867055	6.64227971710388e-05	0.00275422563553537	0.276630081845904
AT3G23030.1	2.43391853451058	5.87667946841908	0.00102025524790951	0.0284459384480435	0.23047736136285
AT3G23350.1	-10.1382093041321	0.956105323845922	9.73337305216783e-06	0.000528132821810627	0.712546261287203
AT3G25010.1	4.93148394579983	5.47318895136181	9.4885946986615e-09	1.0238517154675e-06	0.24589556394263
AT3G25130.1	-4.40015275930481	3.69312667980436	1.15180028741529e-06	7.64819554486146e-05	0.282481043718512
AT3G25510.1	5.23233123278588	2.77767937819113	2.08586556418829e-06	0.000132928432649328	0.375326212680454
AT3G25717.1	3.629927696468	4.50338352288638	2.77411928021734e-06	0.000172167644609828	0.22563726053706
AT3G25760.1.DE	2.77460906091203	5.16556231868928	0.00016366239083824	0.00597713935463273	0.220829584319191
AT3G25810.1	-11.4078074826255	2.20262068930679	8.80969690544019e-09	9.67080658561934e-07	0.504128020468126
AT3G26050.1.DE	-5.06470443850248	2.74599405432189	2.21226606196234e-05	0.00105826561165559	0.443801621586687
AT3G26170.1	3.7348092655635	5.13175193537845	0.000339678769857008	0.0111413463184014	0.399869574374575
AT3G26210.1	4.63406053184716	5.09702309139821	3.58079041163288e-08	3.400139535366e-06	0.241665797769372
AT3G26320.1	5.13938223669652	1.99787181014295	6.92339008410436e-05	0.00283978620058803	0.505922025181807
AT3G26830.1.DE	4.43726156056366	2.27117184669845	0.000202379932001188	0.00702632045454217	0.473029392989179
AT3G26860.2	-7.16772123359747	3.77514158337615	7.43010899039183e-12	1.60346817996058e-09	0.278496830399535
AT3G27060.1.DE	-3.44987848137393	5.72353775577895	2.74348103188529e-05	0.00126767514054826	0.259685097993353
AT3G27440.1	-7.43532867253988	2.00595134338852	2.19741976200258e-06	0.000139103995667303	0.569803496818961
AT3G27730.1	-5.42334917602284	0.864452856793555	0.000759120706846818	0.022213345676006	0.710040650313432
AT3G28770.1	-7.38719054021675	5.78188782389431	1.3778542809801e-14	4.36113844168218e-12	0.242150119925229
AT3G28790.1	-9.98669638369862	8.72125484146862	8.83703237813033e-19	7.62836735877605e-16	0.273553203876796
AT3G28820.1	-11.0075481768863	5.47853932936563	2.24370527523305e-21	1.42034022939836e-17	0.236298320865684
AT3G28917.1	-11.1592068451046	4.24866469786916	3.90688381234722e-18	2.55847001656159e-15	0.259081929189554
AT3G29040.1	-11.7437148146435	2.5353576050969	5.00358568838244e-10	7.03874783763489e-08	0.448107322772731
AT3G42450.1	-7.18007594266315	1.12103538518662	6.34119604947993e-05	0.00267019188859586	0.712138469754897
AT3G42850.1	-7.24292129002185	4.54400923934521	8.06780324916584e-14	2.28680076872998e-11	0.242462187173583
AT3G42960.1	-9.82095565301958	4.67183435553711	1.09023271170143e-18	9.00200409909644e-16	0.23840059030878
AT3G44450.1	3.02125685751929	5.07761389091703	5.81509552870855e-05	0.00248167368956638	0.225340972778849
AT3G44860.1.DE	4.37784233097462	6.27393022247551	1.14948986881215e-07	9.83331626063582e-06	0.240643685439745
AT3G45260.1	4.63196556202446	4.56486036633085	1.34711737721003e-08	1.42128367281087e-06	0.226601203538712
AT3G45480.1	-8.94360169683665	-0.189022460975156	0.000299155747336522	0.00998465166549716	0.849365134274771
AT3G46520.1	-7.26862569541246	4.96452712941277	1.83412945272178e-15	6.82979459541946e-13	0.217579583659169
AT3G46900.1.DE	4.22079952442225	3.25722424727908	3.59548801814212e-05	0.00159910803167534	0.361571934911219
AT3G47410.1	-8.65927186390079	-0.455490500495181	0.000504496235387561	0.0155786796849515	0.859432260578739
AT3G47480.1	5.59639292508772	3.36456291676724	5.44906853427636e-08	5.02345924924477e-06	0.318011142178985
AT3G47870.1	-12.2787694210128	3.06637315902724	2.59235085130996e-12	5.9314861466539e-10	0.375044808750591
AT3G48320.1	3.26188407394836	4.65946760455216	2.93929043998832e-05	0.00134506180110405	0.236995906682311
AT3G48900.2	-4.46483462231925	1.58116138618252	0.00142863393699378	0.0378927194098449	0.626279382444134
AT3G48930.1	-2.56127262874591	7.72594005933731	0.00133982102573476	0.0360915476591898	0.264494291715065
AT3G50070.1	-4.35408156442812	5.2509944243832	1.71695894977868e-07	1.41768553979334e-05	0.244312741301767
AT3G50740.1.DE	6.66798096567506	6.19748737250519	4.56983433252452e-11	8.11081530924982e-09	0.289239470369347
AT3G50890.1	-3.87037844686403	3.79927058081643	1.28834946940554e-05	0.000663063543996763	0.285904442944979
AT3G51230.1	-5.08859837646643	2.02047621179118	0.000415784665529651	0.0132042919449391	0.629597043839299
AT3G51410.1	-9.50133926478795	0.339891394312867	7.11331752137684e-05	0.00289269835221558	0.788065768521628
AT3G51470.1	-4.20871824776927	3.23984038620587	4.13687320769243e-05	0.00181439628377106	0.367318213446968
AT3G51740.1	-3.91932977624022	4.70953755274828	3.25468863612314e-06	0.000196846470982849	0.259424298338227
AT3G52310.1	4.27779683146485	2.70292207310579	5.69864921396734e-05	0.00244848523127723	0.385115957140846
AT3G52400.1	5.66015734623335	4.74251685394442	7.11450658349855e-10	9.79069525559573e-08	0.259011308575685
AT3G53075.1	-10.7505460300137	1.55511925900006	1.43011277750406e-06	9.36526612330329e-05	0.664627769722362
AT3G53480.1	-4.86330461000554	1.88350012561831	0.000185493101454996	0.00654776856827478	0.52520039699353
AT3G53750.1	-2.86105153997521	6.08871004864346	0.000386307889501898	0.012476825050222	0.2628457337148
AT3G54140.1	2.25915668585291	5.4959674291294	0.00161442782839803	0.0419994505330234	0.218417421615912
AT3G54150.1	6.353682437976	0.874543808455422	0.000306070372653799	0.0101618574249446	0.758471160872221
AT3G54240.1	-7.86142738021455	1.79038148068983	3.13324788859228e-06	0.000191301638405348	0.60201235407072
AT3G54340.1	-10.5159068750708	6.50245091051671	1.43534436518181e-20	5.45172496783354e-17	0.251273318327987
AT3G54820.1.DE	-3.19491246637302	5.34173093746811	2.2591521365041e-05	0.00107258895560873	0.223653786787897
AT3G55180.1	-7.67514663718749	1.60647441160925	8.84671323474036e-06	0.0004877637075832	0.639885211032916
AT3G55190.1	-8.79372691842455	1.94593072495662	2.95105646629822e-07	2.32545698553815e-05	0.552978640106365
AT3G55290.1	-2.85409492011382	4.91375109241945	9.04236304003598e-05	0.00357013547803167	0.215075584755832
AT3G55990.1	-3.3978966759183	3.97845815837119	0.000264660404339771	0.0089752959621725	0.329634794368089
AT3G56200.1	2.49816780782181	5.49626073980177	0.000910910036172237	0.0257044465036359	0.236721287901485
AT3G56230.1	-6.3153262922029	1.72639086153638	3.05296832565714e-05	0.00138705553762093	0.591710738379203
AT3G56710.1	4.37518880818582	5.09211368957901	1.81962487500821e-07	1.49595220784766e-05	0.247048646496837
AT3G57010.1	-3.53737430701518	2.3287927205945	0.00120239351403745	0.0328556190288997	0.436634829628426
AT3G57130.1	-5.17018108840113	0.653837665274684	0.00132306792264975	0.0356908848281838	0.727884431226745
AT3G57510.1	-9.24532494261808	2.38768305110367	7.8027476340233e-09	8.7681645158424e-07	0.465235026007223
AT3G57540.1	4.51615063529889	3.27900870084263	0.000190029939287125	0.00667071825693492	0.48913686067374
AT3G57690.1	-8.13479349063475	5.71037631092267	6.59422039546119e-17	3.14268743115511e-14	0.231460969739963
AT3G58240.1	-11.0264105231697	1.82640917704416	1.31009038344008e-07	1.10088170229693e-05	0.571164130181118
AT3G58290.1	-7.35971654064269	0.487940940951283	0.000167940464101801	0.00610424168201893	0.772841591486645
AT3G58780.3	-4.4525202615176	3.67141450555765	2.81684378887299e-06	0.000174249773271945	0.309476782457758
AT3G58990.1	3.76230606415697	5.56968789924977	1.98038947709291e-06	0.000127490090032107	0.233927825906386
AT3G59060.2	3.04243153915621	6.73325679353899	0.000179922276170892	0.00643484735736611	0.262924444410681
AT3G59455.1	-11.1182262845602	4.20659334067019	1.21289633449891e-16	5.235025974652e-14	0.285996341545615
AT3G59530.1	-5.05814683590147	6.17501929603024	2.97541649285511e-09	3.62218811639816e-07	0.240250322694399
AT3G59850.1	-6.21808717660802	0.193574888166142	0.00102694567835245	0.0285545027490357	0.835831852268454
AT3G60420.2	2.71328632461246	3.79360443272014	0.00100324492045386	0.028059829579292	0.275611445071639
AT3G60780.1	-7.88244772056929	2.44016132996999	7.9349258819328e-08	6.97648969554564e-06	0.480022371323042
AT3G61210.1	3.26245156613327	5.03182900430171	3.06739478086916e-05	0.00139028387311423	0.238735720658328
AT3G61230.1	-5.93632338612833	3.41629328929617	1.58091876890617e-08	1.64962793078555e-06	0.321195042436208
AT3G61250.1	-5.03606648055374	3.28677195294325	6.29124981818011e-07	4.47479870026436e-05	0.324758424943886
AT3G61280.1	6.76372482317908	6.0136345152799	2.36267631897386e-10	3.58956687789061e-08	0.316865127272815
AT3G61950.1	-3.61902518179394	3.54832972561054	8.56098968239566e-05	0.00340129194682795	0.31486445723255
AT3G62180.1	-7.83456745214519	3.67429841851379	1.32121648018943e-12	3.25860028250357e-10	0.286623798444644
AT3G62570.1	-4.37640729701373	3.09451191005268	2.24159803683775e-05	0.00106960272154738	0.362517175438626
AT3G62640.1	-7.94398330670974	3.38343976291261	2.0914269235612e-11	4.01194835407583e-09	0.322140126431264
AT3G63110.1	6.41513767723859	3.16745233000069	6.42107099428688e-08	5.80678853583344e-06	0.386400550625362
AT3G63470.1	-4.25190100509201	1.79251042467026	0.00102154336378104	0.0284459384480435	0.558064783279473
AT4G00050.1	3.02200094129566	4.92939242033162	7.33170780509063e-05	0.00296879451868819	0.231465256240618
AT4G00140.1	6.81268648430072	-0.032789503958386	0.000869533991838214	0.024646746326865	0.869134597454444
AT4G00460.2	-4.53064957478439	2.52467780849868	6.24483253842817e-05	0.00264722354324307	0.423085875078015
AT4G00970.1	7.07594005340249	4.15214492784765	7.20513165689894e-13	1.8244354039489e-10	0.254374046774559
AT4G01010.1	3.60995842315657	3.54716623042912	0.000193935794701395	0.00678275262831344	0.346979682516836
AT4G01180.1	-8.91109465866916	-0.21998753256529	0.000304828701299418	0.0101383570339356	0.846701201325743
AT4G01470.1	-9.24384963787435	3.71914397242175	2.21050408939144e-14	6.66344177168775e-12	0.287525611698674
AT4G01525.1	-4.17106692431458	4.5231950982886	5.15003072986169e-07	3.7078937443842e-05	0.246096034266056
AT4G01730.1	-6.12700019800638	3.46651250213171	2.75162733259998e-08	2.7075727810055e-06	0.345980290268848
AT4G02060.1	-4.3766376143555	4.51936919513438	9.56832818670585e-07	6.53640721560183e-05	0.278076529570383
AT4G02290.1	-9.12381962461639	7.42784444896647	4.68230999522495e-15	1.56003068630381e-12	0.310071632394703
AT4G02410.1.DE	3.95222919034435	5.52175907160531	1.78223997771568e-05	0.000876852834632087	0.30885938430995
AT4G03210.1	-5.28300617956152	8.48074117321138	9.70147525091222e-07	6.60360991003849e-05	0.373511794889471
AT4G04077.1	-10.314901997355	4.78703506047759	6.93118336611764e-19	6.92790017399685e-16	0.247141718937396
AT4G04080.1	-7.61859642930944	0.805733316291479	6.58232871601765e-05	0.00274133782118182	0.738783843116491
AT4G04460.1	-7.96679222087963	8.20066288119805	1.97903971975914e-15	7.22768140729728e-13	0.255476273527615
AT4G04655.1	5.24115900144312	2.17583063429049	0.000138950898957088	0.0052294659346199	0.569097589184956
AT4G04840.1	8.12257884018261	2.97720957063213	2.77431021854512e-07	2.19528855668293e-05	0.555963539160739
AT4G04930.1	-7.4891317786624	4.28562018444875	4.5833092364719e-14	1.31881251075512e-11	0.245811436778604
AT4G05190.1	-5.65335847848536	4.13180570097287	2.14157962175455e-07	1.73806575199747e-05	0.362041063702826
AT4G05520.1	-3.35275288913238	3.88861472079698	6.32172504028482e-05	0.00267019188859586	0.26917739929183
AT4G08850.1.DE	2.65431651650926	7.20435763425723	0.00142079539143939	0.0377903715389713	0.284245487541566
AT4G10120.1.DE	3.02922427663054	8.60912368842927	0.000226186336183321	0.00779583432024944	0.2692443733988
AT4G10850.1	-13.5346435035698	4.31700347844066	1.59917405325857e-19	2.16927960324525e-16	0.254261659301337
AT4G11050.1	-5.23932926820046	0.945061619808967	0.000615889871322749	0.0184194717264415	0.666260476102921
AT4G11290.1	-5.3668723535835	2.55405079647859	0.000271332628195084	0.00915253630915245	0.653770242791685
AT4G11310.1	-10.4282397164161	1.23879515594853	3.96751054130756e-06	0.00023465838226736	0.688552810345677
AT4G11320.1.DE	-6.20139628961118	6.83731363843934	4.08995810864194e-10	6.02111584815652e-08	0.29128196918059
AT4G12470.1	10.1231285835214	0.941656551014866	1.07983006649331e-05	0.0005760408087858	0.718404397632854
AT4G12620.1	-4.04926722886372	2.62966875387513	0.000448780387716458	0.0141105767270253	0.466504546203481
AT4G12830.1	3.13104504264254	5.55599572938506	2.25257079305285e-05	0.00107214465992147	0.216213976062205
AT4G13770.1.DE	3.48477508089642	8.03655522502737	1.91449966005193e-05	0.000932263154975542	0.255201196279713
AT4G14090.1.DE	3.19825102437596	3.45152672880382	0.00081392182286807	0.023455522516066	0.350355953224724
AT4G14400.1.DE	5.97028145356701	9.69251194552938	4.83660790715315e-09	5.63509329845064e-07	0.315205284178088
AT4G14723.1	-9.33228269198105	0.178254860301619	0.000112233251056704	0.0043146187668378	0.806506856421623
AT4G14780.1	-7.6286300125229	3.81472637200421	2.77798437129184e-12	6.20667072884744e-10	0.290430171694076
AT4G14805.1	-6.50122818375937	-0.325359784228609	0.00123725988327892	0.0335668606333571	0.849523205698843
AT4G15210.1.DE	-4.02469652134426	7.86406620211328	3.97872671739718e-06	0.00023465838226736	0.277628385562489
AT4G15250.1	-10.129366249045	0.947742918440298	1.12780784818016e-05	0.000597018641944303	0.723465692048616
AT4G15540.1	2.55581500204505	6.52868924069394	0.00172024443519087	0.0444438363360552	0.275259637219997
AT4G16050.1	-8.86172760175966	-0.26591407308832	0.000348715553857441	0.011418029453977	0.85467686038186
AT4G16160.2	-8.12031094832035	2.04843828992323	3.78676145393685e-07	2.87657547086859e-05	0.530326708874732
AT4G16230.1	-10.682421919511	1.48804601734206	1.70325048805438e-06	0.000110397372077272	0.666658711163534
AT4G16260.1.DE	7.70788239873805	3.15411987012243	9.56611414078426e-10	1.27756508643476e-07	0.372520098059812
AT4G16270.1	-8.80320864361589	5.33904113616403	2.8711819473766e-18	2.08019237163089e-15	0.229607373574531
AT4G16610.1	-3.95371467236833	1.84819521693067	0.00134585240046936	0.0361514610145878	0.520878320622018
AT4G16790.1	2.43054893091045	4.78036294721377	0.00195622057661465	0.0497330454758886	0.256635154610149
AT4G17190.1	-2.83021556517888	5.24803717144659	0.000116500867021259	0.00446062089838856	0.218974672702403
AT4G17210.1	-5.99500382033675	1.20908014324436	0.00014348819703788	0.00537472258372066	0.653219407138918
AT4G17390.1	-2.38601444091785	7.46088108636472	0.00194205755265182	0.0495055234663231	0.249596760175153
AT4G17483.1	-3.69113806873793	2.18823588892503	0.00172242975848226	0.0444438363360552	0.49389152691108
AT4G17690.1	-9.473928489043	2.56578117528247	1.56644496745633e-09	2.02369771271859e-07	0.43609278427268
AT4G18190.1	-11.3128457996918	4.43208077988364	7.66342563913868e-19	7.1491201753812e-16	0.254360176745566
AT4G18205.1	5.41707676213179	5.80123157519312	1.12271927264942e-07	9.69161895767503e-06	0.329766620822038
AT4G18900.1	-5.6485163386722	0.877063426906926	0.000375652841695268	0.012195160491137	0.67795221515238
AT4G19370.1.DE	4.11438814961961	2.70470080070401	0.000147403151332289	0.00547814725430822	0.408622965150195
AT4G19380.1	-4.89394335436331	2.78097614082321	1.5371105464936e-05	0.000776363467778189	0.409124085397416
AT4G20160.1.DE	-6.91404650809361	1.88948790909151	1.06120673592237e-05	0.0005693044384718	0.608223898767927
AT4G21070.1	-4.10592399007111	2.57333385739801	0.000485594396820256	0.0150439203752259	0.477650974089558
AT4G21650.1	-3.13909411725184	8.32993392779797	0.000231644017275084	0.00796947741317233	0.286800523103092
AT4G21960.1.DE	2.89093500462169	11.1993253550805	0.000834717926420543	0.0239458129012878	0.30124454942723
AT4G22080.1	-10.7527876581416	3.87569082031722	6.44773189477822e-16	2.49895666150476e-13	0.286665937229625
AT4G22690.1.DE	4.22806121494412	7.26648150186554	5.08401341736129e-06	0.000295261464248037	0.306360726872093
AT4G22960.1	-5.16130128721995	3.79491730793734	4.2187331825022e-07	3.1542504672795e-05	0.330537075882193
AT4G23160.1	6.64013156697442	3.15819274843034	2.09515897467456e-08	2.13920237032498e-06	0.373199429962697
AT4G23300.1	3.92354963968011	4.65730944244153	5.86869117337974e-07	4.18993661931033e-05	0.225894091069504
AT4G23500.1	-2.98580009533009	4.94392845870738	9.064692088934e-05	0.00357152629587024	0.232730871831002
AT4G23810.1.DE	2.77888934818875	3.89997979331426	0.00074175074662732	0.0217721614052541	0.273173793795136
AT4G24350.1	2.72949209425489	5.56901004608716	0.000174917585583238	0.00627950825673207	0.217137122296809
AT4G24640.1	-7.44328140661054	4.14090719917911	1.38167657368008e-12	3.35153468188513e-10	0.275587479497406
AT4G24860.1	-4.35132187214849	1.96813625001802	0.000512740600551761	0.015756402500127	0.515473117702665
AT4G24890.1	-8.06528121441236	2.08458180647002	3.24479185252666e-07	2.51517722740138e-05	0.527682749496434
AT4G25010.1	-6.16517857998227	3.64013712591842	8.47477819715112e-09	9.35723911291261e-07	0.327461922303622
AT4G25100.1	4.34055991673588	7.84870138660233	1.41344600301364e-06	9.28814984194878e-05	0.286494868892812
AT4G25110.1	5.18681009973807	2.49706048904767	2.40937422596962e-05	0.00113258480013339	0.463645910377966
AT4G26255.1	-5.59220227792246	3.56905340147177	9.23667633008354e-07	6.33262527742298e-05	0.39461217288721
AT4G26390.1	-5.92786619167868	1.93367595073567	1.61793295434866e-05	0.000810716747652648	0.518626609475468
AT4G26440.1	-7.88675505402341	0.997713044422473	3.16982695106569e-05	0.00142649724236229	0.707197214448775
AT4G26760.1.DE	-3.71391537428516	5.41675771695611	1.13582036726038e-06	7.59519880093025e-05	0.218521666942048
AT4G28090.1	-8.60072660831897	3.07886416644334	7.23629955007964e-11	1.24931422505057e-08	0.360503544371117
AT4G28680.2	-8.88570402387706	5.13185151719708	3.54999905266811e-18	2.40778685747215e-15	0.229750104687835
AT4G29360.1	-4.47382482367102	5.02552632718103	3.73656572318688e-08	3.53040396263891e-06	0.229799323553225
AT4G29700.1.DE	-4.83267979516959	5.74802646505574	4.23714125452758e-08	3.94448772376144e-06	0.261721417048795
AT4G30130.1	-4.02756885506809	4.53162582017037	2.45586416778714e-06	0.000153418803981729	0.263762320686348
AT4G32280.1.DE	5.93899115254012	3.3609531887594	6.11406057459291e-08	5.55560403694229e-06	0.349797712824898
AT4G32480.1	-3.82917813312743	3.87610249708346	0.000322383742887897	0.0106661840787179	0.411525130640852
AT4G32500.1	-10.1627026627848	3.29203166735057	1.98872373464214e-12	4.72098155557361e-10	0.354082879400184
AT4G32940.1	4.02922269597809	10.045769595269	4.09294780815744e-05	0.00179928638483143	0.349050953262982
AT4G33010.1.DE	2.73806963241469	11.6407954489704	0.000836351314799518	0.0239564823821382	0.27457823955232
AT4G33070.1	-5.53748272470739	1.6641327263465	0.00028592249419895	0.00957663860199694	0.654361195644719
AT4G33260.1	-6.04419991797103	4.18689832001645	8.28339901400017e-11	1.41720748355745e-08	0.253482595756342
AT4G34510.1	-7.56667087578162	4.3141498795834	1.39419324874375e-12	3.35153468188513e-10	0.285270146392579
AT4G34850.1	-10.42861616697	6.09898238082981	1.94238032128217e-19	2.45918297876464e-16	0.262105119536469
AT4G34950.1.DE	3.65797909936301	5.73151021960066	1.82467157762345e-05	0.00089310149305791	0.273776456916799
AT4G35070.1	-2.65341635225681	3.69864158907265	0.00119715909430188	0.0327597238615087	0.272963278703444
AT4G35090.1.DE	2.80691261987477	10.4874243694215	0.000514812753030364	0.0157945217977377	0.265731822496553
AT4G35100.1	-2.77740106661402	9.45323771346351	0.000466621185089208	0.014575004812548	0.25713482753048
AT4G35420.1	-4.91499596352199	6.24992451195564	9.20660319208902e-09	1.00484253575266e-06	0.245267586072037
AT4G35620.1	-6.09133907267342	3.05857154876463	9.02834528915306e-06	0.000492693406282488	0.536854448043079
AT4G35670.1	-9.31020100730524	2.40266109965952	8.22619838656673e-09	9.18963138584052e-07	0.468300237502884
AT4G35730.1	-4.93920183199491	3.47060007031654	3.18108936803728e-07	2.47590443395066e-05	0.304071267701875
AT4G35880.1	-2.31446161023539	4.50115867701486	0.00165438457876107	0.0428775560461805	0.227891516860213
AT4G36600.1	-5.43985870337746	2.18399036389919	6.4770493691938e-05	0.00270342075978812	0.545023793884999
AT4G37490.1	-6.5800536090697	3.73094991969276	6.80332732318052e-10	9.43080213098696e-08	0.311030381722695
AT4G38660.1.DE	-4.79518992481126	5.56330385175447	4.55272354028288e-07	3.32541433667354e-05	0.30428970384086
AT4G39000.1	-10.0635909282022	0.883076632954919	1.26993018163469e-05	0.000657145615243171	0.722529020597527
AT4G39590.1	-7.23601190553692	0.439007212966567	0.000187092436478899	0.00657976381698291	0.774801014218295
AT4G39770.1	4.06077425423223	2.55469527779423	0.00057432499829237	0.0173402321821469	0.480102274155671
AT4G40100.1	-6.15923772031362	0.253423333487916	0.000847137205027132	0.0241924551288275	0.822344580567195
AT5G01630.1	-3.41350551662802	3.18747280488285	0.00038967650507059	0.0125217368998233	0.348520052087507
AT5G01910.1	-6.11931045706435	2.36865613385771	2.87958024435755e-06	0.000177552300066865	0.477739211795653
AT5G02570.1	-4.73842107195169	1.93429861379187	0.00032341104989461	0.0106815639105192	0.55024034090012
AT5G03170.1	-2.88664999354673	4.12334560168818	0.000710164053976406	0.0209421204178042	0.29043366711196
AT5G03620.1	-6.5036769527391	3.66107539977835	1.15149149955237e-10	1.85321822610162e-08	0.280037460098486
AT5G03640.1	5.44628727540522	1.85136739461767	0.000139059570163922	0.0052294659346199	0.588715452987987
AT5G03670.1	-5.38037586231908	3.33940142739972	1.56345892682852e-06	0.0001020331562866	0.3859241833492
AT5G04180.1	-6.48955242684105	4.52955432356036	5.27440417689467e-13	1.39119735726954e-10	0.227919165875504
AT5G05510.1	-4.4562807988966	1.37238309555919	0.00153424932210865	0.0402443769007808	0.635882437227429
AT5G07520.1	-8.35147331936569	4.98899323426548	3.72612737844885e-14	1.10567007881441e-11	0.285533494808836
AT5G07530.1	-11.0548953892639	10.0326022418651	7.2841574409759e-20	1.53703815512859e-16	0.292924299038952
AT5G07550.1	-11.0629537619088	9.14847371898352	1.50882325215051e-22	2.86540623815902e-18	0.254453505391711
AT5G07600.1	-10.5072859451543	4.43392988142839	2.95746374777706e-18	2.08019237163089e-15	0.252660282182794
AT5G08000.1	-7.0041609809849	5.7737870222999	1.58337698603731e-13	4.42204593262273e-11	0.246107878738469
AT5G09430.1	-6.33321973664266	1.25287325225327	7.6874469173394e-05	0.00309962429739262	0.648141324167435
AT5G09480.1	-5.02678523896928	1.53285876778072	0.000829416258474707	0.023829718857327	0.68871371514269
AT5G09550.1	-11.9442530272562	5.06099801869171	1.03872089986299e-21	9.86317430464899e-18	0.235019094742431
AT5G10180.1.DE	2.57950925824242	6.38436299475293	0.000873695165262978	0.0247277867116382	0.248951179194226
AT5G10200.1.DE	-2.44801407313363	4.55157170470629	0.000853962443049684	0.0242778454430487	0.224970024268005
AT5G10390.1	-3.85224084355048	4.73423955328184	3.15263900713554e-05	0.00142551827105979	0.31403875296352
AT5G10400.1	-4.83697777815087	6.08066766712035	4.3137644613705e-07	3.20010550335497e-05	0.307387210681165
AT5G11130.1	-12.0380264897245	2.82725833829586	2.21308737064165e-11	4.20287422558555e-09	0.398914585460003
AT5G11550.1	-2.80022495971217	5.14876880838471	0.000162708176804769	0.00595373985683885	0.224406931317768
AT5G11610.1	7.46482737702031	4.42445635020592	2.13516089079314e-12	5.00602968852501e-10	0.284410208856586
AT5G12330.4	-5.33665039468341	0.684049250816028	0.00190612523079564	0.0486548713145699	0.836897396183027
AT5G12970.1	-7.37346544902969	2.26732467961737	1.46693497670602e-07	1.21653109793118e-05	0.459119297193032
AT5G13180.1	2.61627501600506	6.49218805894996	0.000779349901647236	0.0227702061264348	0.250581035525444
AT5G13490.1	-2.92598378131773	5.72438191798012	0.000182958973439959	0.0064824139264893	0.246249176349752
AT5G13580.1	-4.97531134813097	3.15235136934054	0.000508778108944885	0.015685397835994	0.647457969197256
AT5G13600.1	-8.02761850938049	1.20054147361903	1.78944258640951e-05	0.000878121554483281	0.693400889234928
AT5G13990.1	-6.28734226368802	3.54543191242023	9.1980158676788e-10	1.23886183931268e-07	0.294066792458653
AT5G14380.1	-7.2850472110517	5.63020910918415	3.86496625633692e-12	8.53483420629006e-10	0.290606421362683
AT5G14610.1	-2.30732812446398	5.00558112909165	0.00178712173364132	0.0459258847680409	0.230415433773848
AT5G14670.1	-5.48391700082566	2.22743472848714	1.20241360207063e-05	0.000629064372367035	0.460380537950011
AT5G15070.2	-2.7526142875007	3.57834804386048	0.00122342799019202	0.0332867062489064	0.291551644852482
AT5G15120.1	-6.99627011847156	2.15520094728348	9.80168096147805e-07	6.64269402339842e-05	0.49526569148011
AT5G15430.1	-4.46548883820117	1.53997399283693	0.00161219829446894	0.0419989819070776	0.646475890777571
AT5G15520.1	-2.6776233851724	4.00132525855266	0.000867573853826858	0.0246279447803077	0.263311692285116
AT5G15800.2	-6.98317995971618	5.71082017521791	3.56731429945368e-13	9.67812369441783e-11	0.251405086438162
AT5G15830.1	4.77698238011297	2.08192296812147	0.000173459395465355	0.00626267562601245	0.509718349539942
AT5G16130.1	-2.48407657309351	7.45229444129418	0.00142496833676865	0.0378483548022005	0.253375987037333
AT5G16250.1	-5.91674996682859	5.79239872505707	4.78039233336091e-10	6.87760839415583e-08	0.273815805050858
AT5G16690.1	-3.86227480684683	2.25033009796299	0.00103096640686598	0.0285826029675792	0.48499058943965
AT5G16960.1	-9.53643442947095	6.59648140975145	7.90540380617162e-19	7.1491201753812e-16	0.251498875210608
AT5G17030.1	-5.20648622919481	2.67905038231198	3.56354040772804e-06	0.000212815081393595	0.387462663604404
AT5G17340.1.DE	-12.7874175161137	3.5723283749523	2.33754964747536e-15	8.37592553871784e-13	0.306551562504412
AT5G17590.1	-7.85478919978549	1.83257275392556	9.82885061647599e-07	6.64269402339842e-05	0.547806990114061
AT5G19240.1	3.52322782754188	6.12407205581658	7.9164046655772e-06	0.000442177767658755	0.237835536850893
AT5G19580.1	-5.33226674758532	7.44184112098152	7.78580309974097e-07	5.47630320989559e-05	0.371682371544737
AT5G19640.1	-10.8664333478387	1.66877599734515	3.69107373974846e-07	2.8264992496598e-05	0.602595967599188
AT5G20100.1	-5.82806519292032	0.323177539237299	0.00138334200911897	0.0370536644501811	0.826227930476171
AT5G20230.1.DE	-2.55112057919549	5.56287272009373	0.000799925540702914	0.0231576005236113	0.240514920480772
AT5G20330.1	-8.74916046134953	2.6745197260463	2.83936028211215e-09	3.47885749145753e-07	0.429682410259489
AT5G20630.1	-3.58566002018582	6.84655930120483	0.00103055873847792	0.0285826029675792	0.444743182173437
AT5G20740.1	-8.5889131594064	6.11319950916092	3.36355011852142e-17	1.72641027840109e-14	0.244495534440771
AT5G21080.1	-12.3531162532172	3.14021912925896	7.75939583231288e-13	1.93893008225597e-10	0.359672117776478
AT5G23010.1.DE	5.45387151082458	7.33382475203839	1.15228716968318e-09	1.50917831996229e-07	0.255948083091081
AT5G23190.1	-6.40148073878343	2.01604739408471	9.19500251591099e-06	0.00050035040911079	0.538810251182814
AT5G23910.1	-5.2491689084506	3.86471740247163	2.43118486358412e-08	2.42850347824715e-06	0.280228592032239
AT5G23960.1	-8.40721118442227	3.65505166878134	2.5542782141357e-11	4.80280173907436e-09	0.353177177887681
AT5G24160.1	3.54632041423707	3.47456686444067	0.000211389715724886	0.00731238996599511	0.340229991360508
AT5G24240.1	-4.63705943568183	3.45000674861517	8.39999864827006e-07	5.84338367506581e-05	0.297033956131588
AT5G24770.1	-5.60299349431276	8.79985653502581	1.1452550503077e-06	7.63141707382228e-05	0.411798804696923
AT5G24860.1	-5.37698138329945	2.10790583020205	5.72144668104621e-05	0.00245273123972345	0.525351054149354
AT5G25140.1	4.40169109758143	4.06826930178509	3.9621903884071e-07	2.97414852435728e-05	0.261105143413002
AT5G25475.4	-2.62544841907508	4.28008082241256	0.000986771316125032	0.0276397847559447	0.260227645379926
AT5G25830.1	-3.18509696344501	3.03663118756734	0.000675848114675159	0.01999226097476	0.336106265443083
AT5G26670.1	-3.95919877723238	4.55917288589012	7.57334902972241e-05	0.00306011641326507	0.360988028038468
AT5G26692.1	-7.41300500604846	3.71055107267556	2.66732085661341e-12	6.03036790332682e-10	0.278157986726418
AT5G26700.1	-5.82683508435739	4.49703035426928	3.37842533195531e-10	5.01247464680963e-08	0.25883523576939
AT5G26850.1	-3.69706271767515	7.14634772520636	5.93983974919402e-06	0.000340796062468108	0.251080743805388
AT5G27450.1	-3.42394233475339	4.27042069263537	2.40192499362211e-05	0.00113188480282574	0.251439243305531
AT5G36110.1	-5.978840742301	-0.0307986902198533	0.0015794839217449	0.0412032680739799	0.844925191283387
AT5G36150.1	-11.2800488708686	2.07636295894475	2.3964000985689e-08	2.42074650382564e-06	0.527632280229374
AT5G37010.1	-4.75193435014028	3.95783304095129	1.45553867632444e-07	1.21237434219638e-05	0.272767432590937
AT5G38240.1	3.65043131156085	2.93345414316821	0.000378571302434089	0.012268681918986	0.38499797548952
AT5G38250.1	8.87203201761021	2.02650733415074	3.74655047522977e-07	2.85745944076661e-05	0.572809747870455
AT5G38435.1	-8.31213734460838	2.23916311077698	9.72035391258375e-08	8.46785509880174e-06	0.497355327897373
AT5G38450.1	-9.41686797714721	0.259155065395993	8.65748858390437e-05	0.00342529928535267	0.793989245009378
AT5G39670.1.DE	4.26125421267877	3.01420710142458	1.77666681743827e-05	0.000876381286492731	0.339577042643874
AT5G40030.1	-5.33489971047147	1.47750768064468	0.000355878111384068	0.0116125106757643	0.66208198205628
AT5G40350.1	-8.13930665892308	3.26158176100783	4.96952134391133e-10	7.03874783763489e-08	0.379992441555615
AT5G40450.1	2.78908384179267	8.22697494526401	0.00186513519756835	0.0476726548277532	0.325123730784959
AT5G40730.1	-6.01145763464086	3.73015541934929	5.8283692451607e-10	8.13871767167991e-08	0.27280714045745
AT5G41080.1	-6.08816944963665	3.5301190520676	1.75654433587797e-09	2.25395496504449e-07	0.295192389790944
AT5G41310.1	-6.77017908935546	-0.00214410666914839	0.00063300157366694	0.0188717941687737	0.829502992512611
AT5G41730.1	-5.68536272664577	0.593937602130478	0.000623903640449879	0.0186298019430561	0.71969466867792
AT5G42250.1	4.19803701204762	4.47416896600422	2.19240489229164e-07	1.77174303444726e-05	0.23339713955361
AT5G42530.1	3.39904868298771	10.4011722751109	3.97873457180078e-05	0.00175721275007136	0.264652744646602
AT5G42700.1	-8.58309927107626	1.74071980886386	1.25749231668602e-06	8.3180235367007e-05	0.598985679186997
AT5G42880.1	-4.78243320662939	3.30514806649668	2.45539345313956e-06	0.000153418803981729	0.338334238887566
AT5G43110.1	-9.8725481969578	0.698336951026843	2.1971802297123e-05	0.00105370327632491	0.738694030180926
AT5G43340.1	-9.70691243739016	3.69525118570696	4.12111875877995e-14	1.20406409766139e-11	0.306108313990158
AT5G43740.1	2.44597263165547	5.19055739441296	0.000788109180282959	0.0229554930103584	0.222242406145077
AT5G44560.1	-4.59631386593369	4.2981760976087	3.02057449787689e-07	2.37040207806529e-05	0.274763342230173
AT5G44568.1.DE	4.69154540206632	2.71605424077338	2.17334710719658e-05	0.00104669304404806	0.398204265499245
AT5G44580.1	5.60891702316521	6.43044936024013	7.91895154686109e-10	1.0819338764492e-07	0.260685863753413
AT5G44630.1.DE	-10.2295491631371	5.67711624832132	8.63029454354319e-20	1.63897923676429e-16	0.247039699904772
AT5G44635.1	-5.366497483854	4.40054055769919	1.7570488600095e-08	1.80368188651029e-06	0.287147525616862
AT5G45700.1	-6.06086427503069	3.23338000278733	1.23033673461176e-05	0.000640442642734632	0.548583216169292
AT5G45810.1	-5.24908279911554	1.65758418210738	0.000182298877952373	0.00647550112493956	0.592787472694609
AT5G45960.1	-7.75750881157127	5.40597585634288	6.83493701723567e-15	2.23797049817798e-12	0.250883804331251
AT5G46200.1	-8.37506061553861	2.34442060492158	2.96151580567817e-08	2.8842126495197e-06	0.467333680227965
AT5G46280.1	-2.93063169493279	5.07300357145062	0.00010056605016183	0.00391552906596618	0.228122349492613
AT5G46490.2	3.36358968734907	5.61853506126413	1.06666609979364e-05	0.000570621292991014	0.22637984863561
AT5G46910.1	-2.7493565408752	4.07094064391054	0.000544718093365756	0.0165515860977745	0.25603182179451
AT5G46930.1	-9.37852366546781	0.2234913648838	0.000107712253452216	0.00414921583227392	0.81037420067616
AT5G46960.1	-7.68751742472581	0.871341254358007	4.7821309806664e-05	0.00207820250466443	0.721077262177843
AT5G46970.1.DE	-10.272092618536	1.08694531467926	8.86976308485666e-06	0.0004877637075832	0.725802534829946
AT5G47150.1	-7.98182273294567	1.15645657944388	2.17705098414503e-05	0.00104669304404806	0.701973289376383
AT5G47220.1.DE	3.75174604733755	4.32597328291922	2.13952767037147e-06	0.000135892207317808	0.232598634368843
AT5G47500.1	-6.81093709715023	6.26794311663901	1.0288647808737e-10	1.71396237312038e-08	0.309622805510318
AT5G47740.2	-10.0381582167031	0.858694362101195	1.28495133881951e-05	0.000663063543996763	0.719258714215187
AT5G47850.1	6.33617559610043	0.36677042918225	0.000380794117218644	0.0123196951960805	0.746885939964987
AT5G48140.1	-7.79082224011772	5.44678661623434	2.56611737681223e-15	9.02465464871131e-13	0.2429529189446
AT5G48543.1	-11.5084024937055	2.30240629447733	4.47047410663218e-09	5.24066504685505e-07	0.491079644854103
AT5G48600.2	-3.69349626408684	4.77089436510881	1.05321126575818e-06	7.09274296028848e-05	0.214724120463343
AT5G50200.3	3.12528442134471	3.43954073202316	0.00079759881542096	0.0231254948147472	0.335902221516666
AT5G50830.2	-7.04967039263312	3.84980506050162	7.90381773315926e-12	1.68653261315087e-09	0.274599170782007
AT5G52160.1	-9.80792563909492	5.96715758313026	1.27784086464774e-18	1.01114482752188e-15	0.257561652442883
AT5G52340.1	-4.67701439032504	2.48728446244396	3.39038606339275e-05	0.00152214708581304	0.413023156103189
AT5G52390.1	-3.55613330786825	5.21538405761695	6.97654355028874e-06	0.000394320055248612	0.237764385151325
AT5G52400.1	-7.58137652774585	0.768833796701841	6.33900851239969e-05	0.00267019188859586	0.728228646110854
AT5G53190.1	-9.32384160379497	4.51294564129467	6.86852135821007e-18	4.20774481012153e-15	0.237960684226466
AT5G54570.1	-3.55506039060397	2.75894347668172	0.000400445863031706	0.012802807045177	0.371329317177533
AT5G54585.1	5.16005704915049	4.36550901659099	3.04693177736469e-09	3.68562301808489e-07	0.243839591409434
AT5G55320.1	-9.60761579532955	0.44298109044887	5.36190932748352e-05	0.00231427318268726	0.778182301756233
AT5G55460.1	3.3811772398458	3.55740563246483	0.000151725350151029	0.00561679556475282	0.302911108753994
AT5G55620.1	3.15581573232507	6.55190114773014	9.83891990578045e-05	0.00384466929898511	0.259260741985987
AT5G56530.1	-2.723019527949	4.48004689758436	0.000251621365696679	0.00859449884162883	0.225670421811145
AT5G56640.1	-8.25172785780391	2.73264275626058	1.20900865881688e-09	1.57262215339667e-07	0.391147182244276
AT5G57340.2	5.03805486277544	3.75317409043222	3.96877207433983e-08	3.73123517147464e-06	0.271138004092931
AT5G57345.1	2.42084988602074	6.82730265226577	0.00162188985093697	0.0421358552108674	0.247668948776078
AT5G57660.1	2.84544101306433	8.08701296120418	0.000748633513716735	0.0219402763256088	0.288048335817185
AT5G57790.1	-3.27020946856547	4.03001916483623	7.83498049303296e-05	0.00315241768099977	0.264900393887609
AT5G58080.1	-5.79641799397647	0.291122609514775	0.00166527772810614	0.0430862252513129	0.846836040101323
AT5G58770.1.DE	3.15385337924277	5.34983840468359	2.47959344931102e-05	0.00115724070018322	0.220917304040646
AT5G59310.1	-4.76855347324089	6.84857951147461	1.44600379336679e-07	1.20973823964003e-05	0.278744221477777
AT5G59590.1	-6.99704072272012	0.943186273912349	0.000107648836655738	0.00414921583227392	0.729336549371121
AT5G59780.3	4.66918591028511	5.53504000300738	1.49210077391836e-08	1.56555170151843e-06	0.232725441643794
AT5G59850.1	-2.61220733241018	6.97146446787638	0.00101611817116302	0.0283780885125838	0.261046411172454
AT5G59970.1	-3.41964762023464	5.69118477628073	3.05008540228545e-05	0.00138705553762093	0.258775196205965
AT5G60080.1	-10.1295614738621	0.947799972733475	1.04751812800594e-05	0.000563552882973396	0.71756092807787
AT5G60660.1	-4.05623057506566	3.42725519956016	2.89692241066025e-05	0.0013288756884263	0.333467451682959
AT5G60740.1	-7.83414268158643	2.35497171006533	5.34867349139148e-08	4.95495894024466e-06	0.458795155341977
AT5G60760.1	-3.3405152449563	3.75069630269803	0.000445925563249582	0.0140440669513645	0.344205676899716
AT5G61160.1.DE	7.36098063751747	0.562265714433284	0.000153759897209118	0.00568103931497737	0.778028868953998
AT5G61260.1	-4.27454378388656	1.97379965573146	0.000485467824929185	0.0150439203752259	0.50253025430376
AT5G61320.1	-5.60557775296906	0.160807489281757	0.00127694092431018	0.034544708110505	0.771956958746449
AT5G61430.1	-5.15335225905909	4.2428526394658	2.13797638084784e-08	2.17124649458189e-06	0.271429670171212
AT5G61630.1	-10.5774500981416	1.38540469910969	3.19423193348538e-06	0.000193807216130418	0.693838202606157
AT5G61680.1	-8.76316703179691	-0.359822819299811	0.000430800399924649	0.0136355506582817	0.861825007072074
AT5G61850.1	-9.89896363994507	0.723346617642001	2.00332209867556e-05	0.0009705380095905	0.734595425418512
AT5G61980.1	-4.56179842963458	2.9524934393276	8.91232723560478e-06	0.0004877637075832	0.352491482987156
AT5G62065.1	-8.39296790765772	1.49288699307964	7.08923599508152e-06	0.000398318582197021	0.67008471066336
AT5G62240.1	-7.23907748611836	3.02463485063868	4.12790400617831e-09	4.89956406133327e-07	0.381528207188498
AT5G62250.1	-5.25899891867079	0.541235238648915	0.00104559379423718	0.0289458771812804	0.717003394390581
AT5G62320.1	-8.6442831849473	2.61011616699308	2.33989123664369e-09	2.94283936921194e-07	0.419439687523165
AT5G62410.1	-2.96345678753103	4.75151301763142	5.4456904693448e-05	0.00234510448306864	0.215861105336714
AT5G62500.1	-3.90568066712925	4.16267109321835	7.01801661853444e-06	0.000395487102678301	0.274796065820753
AT5G63650.1	-3.79197450427394	4.18503522996837	5.4037493553516e-06	0.00031192280853338	0.256352318062457
AT5G64310.1	-3.89140492367442	4.84504626586989	4.5787632761508e-07	3.33162043591493e-05	0.218982113465144
AT5G64770.1.DE	5.14226822907877	5.89174276342486	8.4266609084662e-10	1.14307655223344e-07	0.230142780619864
AT5G65350.1.DE	-4.24158069356362	1.70617574108746	0.00110632732385378	0.0304055893014576	0.55800035494047
AT5G66020.1	-6.1786534941563	2.90482476059374	5.79120191048261e-08	5.28753439817189e-06	0.359693504153379
AT5G66170.2.DE	-2.91826082608747	3.9542479982686	0.000400379848709135	0.012802807045177	0.27063391761059
AT5G66230.1	-6.39819375337813	4.24415657894799	4.00261656506213e-11	7.17110294217877e-09	0.266497381450894
AT5G66390.1	-9.97356733673446	0.795719402827109	1.58780254715538e-05	0.000797723761191213	0.727043801648475
AT5G66830.1	-5.97473046750733	0.0814007300215692	0.00140436668933331	0.0374820341103431	0.854297434711478
AT5G66940.1	-10.0093411223353	0.830953389589094	1.47421421513536e-05	0.000750584508301223	0.726219058494328
AT5G67260.1.DE	-2.73315092866566	5.95646401563399	0.000299967922161081	0.00999419440308964	0.234285108557964
AT5G67340.1	3.19067254561436	3.57103710649986	0.000469469102610137	0.0146398813262218	0.320197624645354
