baseMean	baseMeanA	baseMeanB	foldChange	log2FoldChange	pvalue	padj	dispersion
AT1G02310.1	35.3674550408276	69.7277655692861	1.00714451236914	0.0144439521924501	-6.11339063949526	0.000105315605901695	0.00656795138582371	0.154716902213089
AT1G02690.2	814.291750080482	1514.69071573094	113.89278443002	0.075192105719786	-3.73327498580735	0.000398814981340811	0.0200712436749058	0.000366666156095155
AT1G02810.1	147.555792955577	283.569229226847	11.5423566843069	0.0407038405252119	-4.61869126640658	8.83601609283878e-05	0.00567869597628498	0.0315109537251583
AT1G03050.1	990.689796062172	1969.56554670798	11.8140454163683	0.00599830020184645	-7.3812305569074	6.3712289331012e-09	1.58574096118586e-06	0.139131239669989
AT1G03120.1	59.0893641440851	111.530405683248	6.64832260492242	0.0596099562643393	-4.06830287496698	0.000860685062112101	0.0383151798870001	0.0893762096174587
AT1G05020.1	97.9566198731648	188.059850196423	7.85338954990705	0.0417600542683855	-4.58173260304222	0.000159182631982909	0.00929232856807691	0.0430418739681982
AT1G05290.1	42.2493248624254	84.4986497248508	0	0	-Inf	2.47603154458025e-06	0.000260726121644301	0.369799496011439
AT1G05950.1	384.88604493232	709.8188744036	59.9532154610408	0.0844626955170985	-3.56554190016455	0.000796054503276031	0.0359643237470152	0.0483954815176392
AT1G06080.1	625.910318992495	1241.95880352678	9.86183445821479	0.00794054877682759	-6.97654556819448	3.24092077354172e-08	6.11930544400174e-06	0.0494258800221818
AT1G06990.1	480.767104599978	961.064598035279	0.469611164676895	0.000488636420108418	-10.998950981864	1.72401837856179e-11	1.68572054172374e-08	0.0787090821444436
AT1G07410.1	225.540705562045	421.416297333569	29.6651137905208	0.0703938456538609	-3.82840688637764	0.00051773969969981	0.0250879247758963	0.0790777556710359
AT1G07795.1	91.972482289406	183.40743123112	0.537533347692243	0.00293081552957837	-8.41448211941108	1.44476200424239e-07	2.31314000889756e-05	0.0868549511061552
AT1G08320.1	298.975354860624	592.914987159402	5.03572256184569	0.00849316119663519	-6.879482652691	8.07117813856071e-08	1.41388285003442e-05	-0.00327921078340276
AT1G08560.1	1646.58195021296	3242.08875137645	51.075149049473	0.0157537788031832	-5.98815826549707	3.52466088760089e-07	4.89838404978361e-05	0.222316017556857
AT1G09155.1	53.3924899506446	106.784979901289	0	0	-Inf	7.32741910556297e-07	9.07737919783272e-05	0.0559752668455131
AT1G09380.1.DE	304.600137347175	608.662741346658	0.537533347692243	0.000883138249111417	-10.1450730801861	2.08287691588215e-10	9.83189727638301e-08	0.23461142423178
AT1G09790.1	135.742542925879	271.485085851757	0	0	-Inf	2.93494931395523e-09	8.45821498078591e-07	0.0171127980458131
AT1G09880.1	302.633646295672	594.528313870361	10.7389787209838	0.0180630231907264	-5.79081681427297	1.63389937840066e-06	0.000181104846890094	0.0241750082583886
AT1G10155.1	101.089043843078	7.16088378377354	195.017203902383	27.2336781032936	4.76731993672676	9.0271754758638e-05	0.00577443949014484	0.0753738135692778
AT1G10300.1	50.3281254657517	95.9542951683038	4.70195576319949	0.0490020353435171	-4.35101451566902	0.000651334821322877	0.03022414362403	0.0563992767713032
AT1G10540.1	226.104288774482	439.04777670515	13.1608008438141	0.0299757829149707	-5.06005875497442	1.47407518511862e-05	0.00123795185331833	-5.74432017311939e-05
AT1G10640.1	2074.09974013826	4037.15579063086	111.043689645654	0.0275054259494658	-5.18413994502003	5.81405871730408e-06	0.000534152011954199	0.0532684629769514
AT1G10680.1	39.305372087984	75.187621657199	3.42312251876896	0.0455277403822655	-4.45711033200331	0.00108964564295043	0.0470541299884809	0.274345066792186
AT1G11572.1	39.2609426318236	75.6362960925705	2.88558917107672	0.0381508524365746	-4.71214089700642	0.000645943456718142	0.0301271549540533	-0.00125458146942132
AT1G11610.2	17.0519166878266	34.1038333756532	0	0	-Inf	0.000363980945345883	0.0185783690312387	0.400249048070065
AT1G11920.1	50.1701475170273	100.340295034055	0	0	-Inf	1.05384061116884e-06	0.000124900641786062	0.052684088318335
AT1G12080.2	5007.21649041598	9927.80322763307	86.6297531988863	0.00872597403600434	-6.84046810365722	2.24809143491824e-08	4.62768776730763e-06	0.0261702093844437
AT1G12600.1	127.073299707509	237.025142704742	17.1214567102753	0.0722347701804918	-3.79116274473826	0.000705800330195033	0.0325309788553529	0.190498504790447
AT1G13340.1	217.793624078635	17.0964304092468	418.490817748023	24.4782570238567	4.61342892936557	5.71783853770719e-05	0.00390381504950991	-0.00062362682382678
AT1G14182.1	76.0392408867448	152.07848177349	0	0	-Inf	8.37334535180871e-08	1.44179527699257e-05	0.0486367227457659
AT1G14880.1	3175.82176719039	12.9788393299559	6338.66469505082	488.384556885671	8.93187377163832	2.51667461001785e-11	2.1531724210334e-08	0.279252952890913
AT1G15460.1	1377.20723474208	2752.93771380712	1.47675567704603	0.000536429018949281	-10.8643250953984	7.08367100510730e-13	1.93936744777828e-09	0.396301683676991
AT1G15760.1	113.63066407474	214.378060154158	12.8832679953222	0.060096019089164	-4.05658676340633	0.000497939907862032	0.0244750427243209	0.0767040621855085
AT1G16360.1	135.32994422011	262.534810158252	8.12507828196845	0.0309485750749425	-5.01398320294061	2.80439391324791e-05	0.00214465632840506	0.0763633626522968
AT1G16630.1.DE	506.983464589031	996.51754978557	17.449379392491	0.0175103583436596	-5.83564758142697	1.00360484274021e-06	0.000119985560631185	0.00232329637407707
AT1G17190.1	499.253695981966	917.749596774646	80.7577951892854	0.0879954570103892	-3.5064271469085	0.000934348822101249	0.0410603564229342	0.0110569699072295
AT1G17560.1	378.216269280104	723.875991482179	32.5565470780281	0.0449753099441336	-4.47472296603396	5.79341188614702e-05	0.00394557290096849	0.236248362545195
AT1G18280.1	858.720047395006	1716.97048362534	0.469611164676895	0.000273511495483209	-11.8361109098658	8.38709180213843e-13	2.08747090326315e-09	0.129006449513438
AT1G18410.1	164.744303437196	324.650806745162	4.83780012923019	0.0149015496919053	-6.06839381770677	1.38766405507739e-06	0.000155702731557003	0.122184334079491
AT1G18570.1	582.112754724277	13.6055686510082	1150.61994079755	84.5697795007108	6.40207031197439	2.07819546249711e-06	0.000223124844597043	0.497892591133822
AT1G18960.1	431.81477132946	862.622398146551	1.00714451236914	0.00116753809608133	-9.74231465966854	1.68838182126327e-08	3.63972578760203e-06	0.558716728627294
AT1G18990.1	337.722907447512	670.879703497855	4.56611139716879	0.00680615522181078	-7.19894423074632	2.83463009417985e-08	5.47684063402185e-06	0.00592512604831131
AT1G19780.1	117.728360541003	232.904898709575	2.55182237243052	0.0109564993547541	-6.51206926467482	1.19919212848473e-06	0.00013852946031078	0.00016254128904473
AT1G20080.1	224.692831357306	443.614484372459	5.77117834215343	0.0130094452400881	-6.26429674704554	6.7626576052139e-07	8.57166851460862e-05	0.0576603577551781
AT1G20120.1	2585.47084050393	5095.41753081304	75.5241501948242	0.0148219747916857	-6.07611851322612	2.62024624767236e-07	3.83620865073657e-05	0.11342089790444
AT1G20130.1	11179.1265964882	22349.9922703284	8.26092264799915	0.00036961635369182	-11.4016837892778	0.000233003799379203	0.0128612460068625	1.68115213028678
AT1G20150.1	1210.78357798069	2419.08325577197	2.48390018941517	0.00102679400698118	-9.92763750409168	5.62550569220256e-12	7.33405213529151e-09	0.121187236731188
AT1G20480.1	166.394462083518	309.970055414054	22.8188687529829	0.0736163650469455	-3.76382967420397	0.000859497901339211	0.0383151798870001	0.261117524315345
AT1G20680.1	65.891151866177	131.312692567677	0.469611164676895	0.00357628158782033	-8.12732394932705	9.5164023953352e-07	0.000115795584346439	0.228184050265978
AT1G21130.1	6046.29096027719	18.5286071660015	12074.0533133884	651.643871836372	9.34793992615826	5.97342030088293e-05	0.00403803212339686	1.13154108313497
AT1G22090.1	48.7837266743714	97.0299200010506	0.537533347692243	0.00553987211044204	-7.49593161303757	5.36933086479229e-06	0.000500005239511168	0.200419185498735
AT1G22350.1.DE	451.761305412591	41.1739211060017	862.348689719181	20.9440506649604	4.38846858725635	6.38172874534228e-05	0.00429284937567521	0.0471572700974054
AT1G23070.1	72.7044117628468	140.441023146863	4.96780037883034	0.0353728580689374	-4.82121339863244	0.000138230112556285	0.0082630218811484	0.00122302285145923
AT1G23250.1	258.235458441591	515.395850187798	1.07506669538449	0.0020859048341052	-8.90511094583431	1.6553208572028e-09	5.20912349752853e-07	0.101817982549148
AT1G23380.2	345.837726581275	663.80917361486	27.8662795476897	0.0419793528853182	-4.57417626221893	4.3197168361501e-05	0.00309443283658427	0.0186130293775808
AT1G23500.1	17.4545298675163	34.9090597350325	0	0	-Inf	0.000344585208812642	0.0179252356831945	-0.0333616254094446
AT1G23510.1	194.460047615139	388.382561882585	0.537533347692243	0.00138403059366694	-9.49690845090439	2.32200182961312e-09	6.90997457512479e-07	0.0497411585649842
AT1G23560.1	1009.79901978898	2007.71607197857	11.8819675993836	0.00591815135875967	-7.40063769023577	5.23169710932675e-09	1.32623521721433e-06	0.00802993954266041
AT1G23620.1	236.261224460099	472.522448920197	0	0	-Inf	1.37237536492232e-10	6.89766053234106e-08	0.0197701122781028
AT1G23640.1	164.876392225564	329.752784451129	0	0	-Inf	1.0770666831113e-09	3.63531173883896e-07	0.131790890337709
AT1G23660.1	510.33893889406	1020.67787778812	0	0	-Inf	2.16814898318225e-12	3.95730552410424e-09	0.0820576244946791
AT1G23800.1	1158.97625115073	2135.6264880782	182.326014223246	0.0853735497480725	-3.55006702341779	0.000730497526946242	0.0335001026678965	0.00836926531689198
AT1G24020.1	20211.2359517165	39821.1358479894	601.336055443647	0.0151009267475229	-6.04921909896423	2.40437316746448e-07	3.54987219440977e-05	0.146767431358374
AT1G24220.1	49.7225784632712	99.4451569265425	0	0	-Inf	1.1144006193772e-06	0.000130384872467133	0.0639254757749874
AT1G24540.1	66.9539870328787	133.907974065757	0	0	-Inf	1.75298805448179e-07	2.72689244065922e-05	0.0748536025172871
AT1G24600.1	290.360424086037	552.724568374784	27.9962797972898	0.0506514119312794	-4.30325370440352	0.000113843912266923	0.00701986177937797	-0.00193608372551972
AT1G24620.1	262.053332558792	523.099520605214	1.00714451236914	0.00192534015554802	-9.02067093113019	1.36550256644688e-09	4.45056300764079e-07	0.0434286696574392
AT1G24625.1	240.360621462735	37.0576564846492	443.663586440821	11.9722515811167	3.58162259549287	0.00104916882280767	0.0456663657087891	-0.000870408204539842
AT1G25330.1	455.397305258839	909.787466005308	1.00714451236914	0.00110701075800847	-9.81911504226254	6.83142839134111e-11	4.79566273072146e-08	0.119727296040513
AT1G25340.1	29.7621787008031	58.4492907062217	1.07506669538449	0.0183931521220334	-5.76468744732037	0.000271121693945493	0.0145544504643916	0.417540589621658
AT1G25430.1	216.770564124316	2.41678445975338	431.124343788878	178.387585226724	7.47887140506059	0.000108690377936169	0.00674767611595566	0.855322870266509
AT1G26310.1	138.381811727473	276.226090107254	0.537533347692243	0.00194599050177891	-9.00527961620283	1.60956940932418e-08	3.52534330307818e-06	0.136431334172883
AT1G26320.1	249.153357648606	498.306715297213	0	0	-Inf	9.17576632002905e-11	5.66518755546388e-08	0.136468658768107
AT1G26390.1	19.0397065769211	0	38.0794131538423	Inf	Inf	0.000231034875320315	0.0127977172273035	0.535613217952467
AT1G26540.1	257.845778945523	509.580768633816	6.11078925723017	0.0119917972446511	-6.38180829402218	3.49502478520959e-07	4.88197900864634e-05	-0.00255950861654519
AT1G26720.1	1023.64979639491	2046.82998162515	0.469611164676895	0.000229433401353654	-12.0896369426009	3.09985902525389e-13	1.21239914847716e-09	0.00112631521316351
AT1G26760.1	157.337083730574	307.290389075917	7.38377838523016	0.0240286668497334	-5.37909958219884	9.97686147700483e-06	0.000864387701004552	0.101640261076813
AT1G27260.1	22.9597839821417	45.9195679642834	0	0	-Inf	0.000414441874361057	0.0207433082929745	0.810477638644772
AT1G28305.1	355.98519884561	711.432864343528	0.537533347692243	0.000755564403379439	-10.3701576453691	7.39514995075355e-11	5.04679267288508e-08	0.186936630628004
AT1G28306.1	249.746262689214	499.022914213752	0.469611164676895	0.000941061324642381	-10.0534236397256	5.1337905753981e-10	2.03661394333742e-07	0.144523583122028
AT1G28700.1	252.639934691447	504.742336035201	0.537533347692243	0.00106496584359184	-9.87497712470007	5.79661934128849e-10	2.13800208490762e-07	0.252312540017764
AT1G29010.1	36.1618551481679	72.3237102963358	0	0	-Inf	7.07403859911534e-06	0.000637082331469013	0.0727920536949194
AT1G29140.1	1930.97889251701	3854.23439573371	7.7233893003069	0.00200387119912997	-8.96299450384764	2.65944039224591e-11	2.20636845633056e-08	0.0500888920157013
AT1G31720.1	84.7324349840256	160.134724741098	9.33014522695309	0.0582643473614972	-4.10124283840152	0.000552651317274535	0.0264057378086252	0.0905576028995124
AT1G32250.1	69.0579595229136	138.115919045827	0	0	-Inf	1.37769764629246e-07	2.23187018699378e-05	0.384133935472624
AT1G32300.1	40.8169270293476	81.6338540586952	0	0	-Inf	3.15398839636773e-06	0.000322201098193118	0.111394076627399
AT1G32320.1	17.8127398639472	35.6254797278945	0	0	-Inf	0.00029423035363261	0.0157332785581125	0.32003247801039
AT1G33430.2	4684.98174314522	9318.04989457905	51.9135917113794	0.00557129359669785	-7.48777193934806	1.76175998355792e-09	5.36799169431675e-07	0.0561510224458105
AT1G35210.1	88.129852276173	11.1887841912548	165.070920361091	14.7532491054847	3.88296080883113	0.00097766413535747	0.042895013938809	0.367548692438708
AT1G35730.1	18.8419718265277	37.6839436530553	0	0	-Inf	0.000231385419954535	0.0127977172273035	0.0013697897512103
AT1G45201.1	1994.47652554135	90.1361185457984	3898.81693253689	43.2547684040321	5.43478727905051	1.78950789073787e-06	0.000194323845677478	0.0804211492845596
AT1G48670.1	14.5452204799405	29.0904409598809	0	0	-Inf	0.000913703700421968	0.0404125685139784	0.273219532527917
AT1G48953.1	23.0044082417234	46.0088164834469	0	0	-Inf	7.66317102018784e-05	0.00504332442766112	0.374010009399546
AT1G49290.1.DE	138.258583050413	272.556510234366	3.9606558664612	0.0145315034414534	-6.10467221665108	2.32327170978591e-06	0.000245585068998142	0.095473315569459
AT1G49330.1	47.774312439647	92.7309578912326	2.81766698806137	0.0303853971978409	-5.0404780388623	0.000737980048463915	0.0337866517840218	0.590002671330634
AT1G49830.1	36.877969799447	73.2184062512017	0.537533347692243	0.00734150571166551	-7.08970830061613	3.06975813921581e-05	0.00230889665756732	0.306819581743591
AT1G50240.2	550.484724565309	1035.17128902798	65.7981601026401	0.0635625821543258	-3.97567845612712	0.000256292533980394	0.0138671482120854	0.343629995935978
AT1G50310.1	2068.28009878115	4122.9297855538	13.630412008491	0.0033060014886138	-8.24069691042047	2.41282903643589e-10	1.1009738893257e-07	0.00158742271162194
AT1G50810.1	119.518631309472	234.335306855745	4.70195576319949	0.0200650760924131	-5.639169562541	7.7423251335667e-06	0.000692710384009115	0.192727808351711
AT1G51420.1	117.146124908215	225.030026772493	9.26222304393774	0.0411599428608784	-4.60261521032187	0.000110709619010845	0.00685748404814235	0.0986028803238193
AT1G51460.1	1419.96220328313	2698.88326601958	141.041140546693	0.052259074085374	-4.2581746262395	7.95202582892205e-05	0.00519595616096009	0.199879813382986
AT1G51800.1.DE	420.277835495138	55.6752910934912	784.880379896785	14.09746342554	3.8173636949154	0.000427586623604137	0.0213232542459637	0.221391642501204
AT1G51860.1	92.2672777876611	1.43217675675471	183.102378818568	127.849008828683	6.99829716565748	1.09859602672368e-06	0.000129087390642236	0.0226120388408994
AT1G52343.1	148.633239118286	297.266478236573	0	0	-Inf	1.61817009770659e-09	5.15142569011757e-07	0.293057814164509
AT1G52690.1	86.8128686147232	170.338459076708	3.28727815273826	0.0192985082203773	-5.69536685866705	1.63176254512111e-05	0.00134853387511509	0.0271691952335151
AT1G53140.1	430.084198200379	836.206538769376	23.9618576313827	0.0286554296342226	-5.12504766286263	8.7432383264922e-06	0.000777183048385401	0.0257234359812579
AT1G53520.1	659.313876708056	1237.57125612676	81.0564972893484	0.0654964284990196	-3.93243995071601	0.00029942886903147	0.0159489563742093	0.0318183426897757
AT1G54020.2	2003.30910516887	3922.73235782747	83.8858525102708	0.0213845464993002	-5.54728757737685	1.45586309493732e-06	0.000162688244135485	0.242460493881428
AT1G54540.1	45.4150397906143	89.421246087198	1.40883349403068	0.0157550197036717	-5.98804463114306	5.41792565266766e-05	0.00375523970933507	0.0926778591712562
AT1G54870.1	253.178715678372	506.357431356745	0	0	-Inf	9.31161662633774e-11	5.66518755546388e-08	0.0128804991025579
AT1G54930.1	32.8163293767811	65.1630475888853	0.469611164676895	0.00720670966219503	-7.11644356021927	5.49903937069107e-05	0.0037922594430927	0.0274328018378203
AT1G56120.1	2613.85708981728	146.795575189642	5080.91860444492	34.6122054284061	5.11320896529145	5.46645418973076e-06	0.000507324009513385	0.216809763720742
AT1G56430.1	259.942723642012	8.68253013601483	511.20291714801	58.8771831643357	5.87963674569712	4.29255881535132e-06	0.000418226602301383	0.459000841320888
AT1G57550.1	61.6731806741005	123.346361348201	0	0	-Inf	2.71917531286712e-07	3.93891966749608e-05	0.291325614435745
AT1G58225.1	321.000290648753	6.80278432550409	635.197796972002	93.373208171631	6.54493674779105	1.92580177300262e-07	2.96205623265538e-05	0.0521036571553597
AT1G60060.1	998.716906763161	1873.17672598898	124.257087537343	0.0663349516430381	-3.91408696837367	0.000261644099616815	0.0141009688175377	0.00121380136731745
AT1G61630.1	88.1232737236732	176.246547447346	0	0	-Inf	3.48991579235347e-08	6.45587260561171e-06	0.08222453630683
AT1G61810.3	38.8355978393421	76.2623621846535	1.40883349403068	0.0184735097848069	-5.75839819957279	0.000135283862728397	0.00812237191617994	0.00318487951051241
AT1G62450.1	243.838505933061	487.207400701445	0.469611164676895	0.00096388347960393	-10.0188536247518	5.86525525905187e-10	2.13800208490762e-07	0.138109896795764
AT1G62480.1	5867.31073226602	10839.3372630568	895.284201475253	0.0825958432464878	-3.59778701198688	0.000629232424793178	0.0294985022705268	0.0100625648364108
AT1G63100.1	527.893945619114	1041.35994538285	14.4279458553836	0.0138549076324222	-6.17345909704927	3.76458799691984e-07	5.11836886757656e-05	-2.45900284873086e-05
AT1G63190.1	22.0196900005632	44.0393800011265	0	0	-Inf	9.96024423453684e-05	0.00626751490628925	0.147584607724231
AT1G63210.1	86.4792847596227	163.356735560231	9.60183395901448	0.058778316829637	-4.08857214307373	0.00051299555261338	0.0249463450079025	0.0337160263350892
AT1G63930.1	229.202412340949	453.369102120051	5.03572256184569	0.0111073351454644	-6.49234346067852	3.24184544768199e-07	4.55500711329831e-05	-0.00323545150649388
AT1G64030.1	95.5515977233543	190.565662099016	0.537533347692243	0.00282072510740652	-8.46971820913397	1.31722140404415e-07	2.14660045237623e-05	0.115602129299034
AT1G64800.1	75.2450355828258	150.020460000975	0.469611164676895	0.00313031412297925	-8.31947684765581	4.43962837853301e-07	5.92917784134033e-05	0.217850496763578
AT1G65240.1	159.492818113397	306.571979396148	12.4136568306453	0.0404918181208093	-4.6262257669385	8.59747256506134e-05	0.00557776312526657	-0.00197716162506646
AT1G65490.1	2183.04851044242	237.115938758168	4128.98108212668	17.4133426194424	4.12212126040468	0.000129591756644755	0.00781489672559493	0.373260942277804
AT1G65800.1	4740.50996776586	530.335504023474	8950.68443150825	16.8773999922737	4.07702076509566	0.00116335200579381	0.049993054677759	0.557314770040584
AT1G65845.1	179.678447846128	7.33982297474672	352.017072717509	47.9598859439326	5.58375632269041	4.58892832793564e-06	0.000440826946534113	0.192821845408399
AT1G66170.1	35.4687194589054	69.4606832407648	1.47675567704603	0.0212603102668498	-5.55569353847583	0.000194813571167842	0.0110426624253275	0.291699569319426
AT1G66235.1	55.8546724371105	111.709344874221	0	0	-Inf	5.08500344788651e-07	6.66111121513095e-05	0.0768942541627377
AT1G67110.1	45.7059201875735	90.94222921047	0.469611164676895	0.00516384048152219	-7.59733985025855	8.42633250845546e-06	0.000751453196796396	-0.0207064983960785
AT1G67540.2	75.3231525083674	150.646305016735	0	0	-Inf	8.85565748899668e-08	1.50335264163576e-05	0.0473292543219174
AT1G67990.1	5796.65270268405	11585.8537047999	7.45170056824551	0.000643172333960886	-10.6025070291829	1.12908788372763e-13	6.18243361613902e-10	0.0076007109318779
AT1G68110.1	523.94407242536	1031.24214342155	16.6460014291679	0.0161417001189829	-5.95306365180009	6.97627882418329e-07	8.76860548873713e-05	0.0329352115471727
AT1G68460.1	76.6775846399929	144.290868668664	9.06430061132224	0.0628196412909307	-3.99264048475481	0.000762334657355924	0.0346419024664929	0.016951569379693
AT1G68610.1	129.744478401429	253.044400746981	6.44455605587637	0.0254680840075979	-5.29516576163929	1.73847607489984e-05	0.00141234415366789	0.0108417916457506
AT1G69180.1	381.530289618392	763.060579236784	0	0	-Inf	9.52049643654024e-08	1.58934238682682e-05	0.708602139717682
AT1G69940.1.DE	7245.72965047143	14476.753822239	14.7054787038755	0.0010157994592189	-9.94316867364201	6.46333067329589e-13	1.93936744777828e-09	0.00165147111737042
AT1G72110.1	253.313167420827	506.088801493962	0.537533347692243	0.00106213246787018	-9.87882057612704	5.29083629818532e-10	2.0401762841087e-07	0.0154332185601809
AT1G73550.1	30.9144435702556	60.4200536464805	1.40883349403068	0.0233173161724385	-5.42245444615638	0.00039421672396377	0.0198763636623943	0.288733445150532
AT1G73620.1	325.983260997972	637.66857639016	14.2979456057834	0.0224222207823444	-5.47892701453031	3.79201714616003e-06	0.000378897246086019	0.0105992393446817
AT1G74150.1	131.927271731902	249.284909125959	14.5696343378448	0.0584457133363136	-4.09675897468811	0.000349727253417102	0.0180998728621048	0.0137209908598822
AT1G74550.1	2306.6222539746	4597.72980716558	15.5147007836292	0.00337442638744222	-8.21114200274312	2.5139148615964e-10	1.12829444394731e-07	0.24799629935223
AT1G74810.1	299.625957734801	12.262640413417	586.989275056186	47.8680981637479	5.58099258270324	0.000211068396581442	0.0118414560688662	0.666300823102968
AT1G75050.1	287.71646382245	557.378092721702	18.0548349231986	0.0323924373041574	-4.94819916485466	2.01208548177553e-05	0.00160440698356333	0.0124179088308366
AT1G75530.1	18.7526127692026	37.5052255384052	0	0	-Inf	0.000225876617396549	0.0125437120305937	0.337984907989495
AT1G75870.1	251.399720521101	499.913851871125	2.88558917107672	0.00577217286593731	-7.43666977812888	3.42638640173173e-08	6.38146985759261e-06	-0.00352918144957977
AT1G75880.1	3065.44885033123	5938.22050125289	192.677199409581	0.0324469593826851	-4.94577290073533	8.77224059737968e-06	0.000777237550404728	0.228374575931826
AT1G75920.1	1386.43136835266	2771.85559219295	1.00714451236914	0.000363346674771155	-11.4263656762357	2.31106591073696e-13	1.05453937506928e-09	0.00544223628077921
AT1G76470.1	953.701443813521	1895.31130936218	12.0915782648602	0.00637973202878703	-7.29228845767182	5.22575495477513e-09	1.32623521721433e-06	0.369704393515762
AT1G76740.1	390.048718528362	758.687401797771	21.4100352589522	0.0282198375882074	-5.14714650486442	9.18914351486832e-06	0.00080894010016098	-0.0012450447348872
AT1G76960.1	3892.26836246236	70.4441855621481	7714.09253936257	109.50644794604	6.77487201070527	2.44456038833651e-08	4.92111575822624e-06	0.229011119872556
AT1G78400.1	17.8122977113011	35.6245954226022	0	0	-Inf	0.000341383625522967	0.0178707474179116	0.29560876498378
AT1G79250.1	231.741378088504	462.945222829317	0.537533347692243	0.00116111652347782	-9.75027152399339	8.59484555320172e-10	2.94137101944446e-07	0.0102108735449978
AT1G80160.1	234.088312017035	443.875155487611	24.3014685464595	0.0547484315038167	-4.19103855645963	0.000203129164555789	0.0114665366334194	0.328867696284912
AT1G80470.1	250.447344224995	495.525199089498	5.36948936049189	0.010835956214453	-6.52802972070127	3.07672069138212e-07	4.43339258361367e-05	0.0729709738984635
AT1G80540.1	93.3241945463252	186.178777927973	0.469611164676895	0.00252236678048543	-8.63100620966478	1.57663931007464e-07	2.49510005960829e-05	0.342878464105805
AT1G80660.1	4568.85141219911	9111.65291144266	26.0499129555669	0.00285896677680212	-8.45029042972327	9.55197652945327e-11	5.68508724833417e-08	0.0258477710677089
AT1G80990.1	26.1820158775975	52.3640317551949	0	0	-Inf	3.82208928929691e-05	0.00279043094832989	0.280260554130899
AT2G01430.1	29.7392123918541	58.5392024543544	0.939222329353789	0.0160443308069689	-5.96179257227098	0.000257109166259587	0.0138838949780177	0.0851870120242478
AT2G01520.1	675.082083437071	1343.18207747057	6.98208940356862	0.00519817046451142	-7.58778033952592	4.57572163194347e-09	1.18183119659763e-06	0.0596994269175093
AT2G03160.1	17.2308558787998	34.4617117575996	0	0	-Inf	0.000355153073202964	0.0183114516726003	0.137246933743912
AT2G03520.1	16.380452569031	32.760905138062	0	0	-Inf	0.000464948110748251	0.0230187149657606	0.0263242856650602
AT2G05025.1	37.7393805448421	73.1307052662997	2.34805582338447	0.0321076600428536	-4.96093866228754	0.000457092416735886	0.0226707901909332	0.337655910448108
AT2G05300.1	117.406489003192	218.760743875062	16.0522341313214	0.0733780377913191	-3.76850786390976	0.000847290269075847	0.0378419461447937	0.167655205043089
AT2G05410.1	18.6630326355545	37.326065271109	0	0	-Inf	0.000236658892534426	0.0130105364654769	0.145663407755057
AT2G05520.1	8665.68671673056	1196.84844129569	16134.5249921654	13.4808422148242	3.75283872651055	0.000358459035662767	0.0184471644330362	0.223398245993875
AT2G05990.1	5518.06738968587	10334.8854434404	701.249335931389	0.0678526472082453	-3.88145108762054	0.000252735791340927	0.0137289692367697	0.0426920230013371
AT2G11570.1	37.9968661609353	75.9937323218707	0	0	-Inf	5.25459462248054e-06	0.000491559279123633	0.0281421923309149
AT2G12540.1	21.6931648746499	0.53703864924263	42.8492911000571	79.7880956249354	6.31810160745008	0.000729091216453479	0.0334917102752741	0.676447147365011
AT2G13116.1	28.7778500664856	57.5557001329711	0	0	-Inf	2.25270091488302e-05	0.00175710671360876	0.303797033772791
AT2G14560.1	11251.4768319003	511.807560086442	21991.1461037141	42.9676070044762	5.42517752620193	3.35827220788626e-06	0.000340528801879667	0.429819343631349
AT2G15080.1	2765.62977244251	51.557036785231	5479.70250809978	106.284279504393	6.73178441356511	2.5952742899139e-08	5.17095415294127e-06	0.134036736941771
AT2G15340.1	79.8874672620914	157.358956517783	2.41597800639982	0.0153532919883514	-6.02530816440294	9.63342995513471e-06	0.000839949188890695	-0.00996206184171265
AT2G16030.1	31.4744485284472	61.4042191968331	1.54467786006138	0.0251558912443764	-5.31295988621513	0.00038165160798995	0.0193139699141383	0.013051622956623
AT2G16380.1	436.699497156417	17.1859000047334	856.2130943081	49.820672415892	5.63867258825508	1.91507998271862e-06	0.000206421495145159	0.295258922198423
AT2G16450.1	39.8324298645105	79.664859729021	0	0	-Inf	3.54937095024193e-06	0.000355951201009977	0.242215771545538
AT2G16505.1	325.598111980143	650.658690612593	0.537533347692243	0.000826137198269276	-10.2413309867352	3.66137549179655e-09	9.63857098215441e-07	0.508344686530152
AT2G16592.1	55.7209101965268	111.441820393054	0	0	-Inf	1.30858720126203e-06	0.000148043390066744	0.540224267913551
AT2G17000.1	32.4021424508233	64.8042849016466	0	0	-Inf	2.17557842594043e-05	0.0017017996041542	0.584643745118293
AT2G17040.1	1388.94197098541	55.0485617724389	2722.83538019838	49.4624254027581	5.62826107927231	1.22884958536013e-06	0.000140888870432768	0.307531080290606
AT2G17170.1	40.2799989182665	80.559997836533	0	0	-Inf	3.31780589062436e-06	0.000337676169790014	0.259802184927645
AT2G17490.1	43.5024328236567	83.513820945529	3.49104470178431	0.0418019995045048	-4.58028423774988	0.000563490812685632	0.0267834226904639	0.215023143874115
AT2G17630.1	493.0439331103	919.814250836853	66.2736153837476	0.0720510856658846	-3.79483602067953	0.000354329156576753	0.0183034408467139	0.161394638259857
AT2G17845.1	66.930631117087	132.92203990482	0.939222329353789	0.00706596385389756	-7.14489791555468	2.99696015939814e-06	0.000307306274322106	0.017884007771307
AT2G17950.1	346.81528004177	693.160948918863	0.469611164676895	0.000677492241029095	-10.5275079554341	1.00924841033291e-10	5.75650062043636e-08	0.143762458160809
AT2G18500.1	48.1903078689252	93.8967155484353	2.48390018941517	0.0264535364725711	-5.24039558613529	0.00013750834630948	0.00823786325002394	0.0688591141045124
AT2G19000.1	715.839673093992	1421.0703677166	10.6089784713836	0.00746548426622272	-7.06554843745461	1.63009286775566e-08	3.54195893122338e-06	0.0652627664355416
AT2G19500.1	184.746822247542	369.493644495084	0	0	-Inf	5.87586240777358e-10	2.13800208490762e-07	0.293201205684224
AT2G19670.1	285.158377055422	545.477752216693	24.8390018941517	0.0455362327669861	-4.45684124817282	7.15530972770687e-05	0.00476637639233963	0.0639106844942149
AT2G19800.1	432.892820380523	839.86572805508	25.9199127059667	0.0308619721464177	-5.01802593360336	1.15179800727481e-05	0.000988524321102502	0.18866691159295
AT2G20430.1	97.6229355798201	194.776259994963	0.469611164676895	0.00241102876032756	-8.69613542420922	9.79541687682824e-08	1.61553568225183e-05	0.296613367099422
AT2G20800.1	26.3165781582137	52.0956229687352	0.537533347692243	0.0103182055815868	-6.59866409339722	0.000157996483791593	0.00926258615256154	0.416225108388548
AT2G21237.1	43.9495787911553	87.8991575823105	0	0	-Inf	2.13684995611454e-06	0.000227636879760716	-0.00868630882811647
AT2G21260.1	109.974963083422	212.76407021423	7.18585595261466	0.0337738225508626	-4.88795071569799	5.57825362033013e-05	0.00383715599730671	0.101139381821714
AT2G22180.1	122.984171977955	245.968343955909	0	0	-Inf	0.000181371139645014	0.01038824071381	1.16459916206568
AT2G22340.1	41.7231124652218	82.4390804180746	1.00714451236914	0.0122168334151908	-6.35498580054385	3.93696689760775e-05	0.00285148888155304	-0.00192959696238264
AT2G23900.1	563.82439032207	1124.69526929005	2.95351135409206	0.00262605474988478	-8.57288728977026	4.80193544382125e-10	1.93334394971968e-07	-0.00123057193014892
AT2G23945.1	79.1143228454736	155.744745501532	2.48390018941517	0.0159485328472333	-5.97043247746962	0.000595818550376291	0.0281732647188292	0.766082248875899
AT2G26700.1	57.5991863247147	110.36641663663	4.83195601279964	0.0437810355726993	-4.51355011013187	0.000423260288193719	0.0211460222083351	0.0179652859343455
AT2G26760.1	467.834363344566	913.727002198918	21.9417244902139	0.0240134355638066	-5.38001436736873	4.13475040007855e-06	0.000407198548393347	0.156348107257901
AT2G27180.1	463.495392433439	873.798359911067	53.1924249558099	0.060874942545353	-4.03800768421545	0.000175249049049304	0.0101009862418355	0.00105769635968495
AT2G27240.1	22.7917815813691	44.5764186503691	1.00714451236914	0.0225936614663592	-5.46793810092457	0.000886342195904234	0.0393933062328995	0.116846748615298
AT2G27650.1	51.2000427085769	102.400085417154	0	0	-Inf	8.57840738432178e-07	0.00010531822303496	0.0371187949090842
AT2G28355.1	442.542507299043	885.085014598086	0	0	-Inf	3.93765529935678e-12	5.98917371032167e-09	0.235836562330712
AT2G28790.1	3370.02036369307	6682.30556749888	57.7351598872565	0.00864000595364366	-6.85475197814265	2.04341414204714e-08	4.29423609797651e-06	0.275776057285779
AT2G29550.1.DE	5479.51856828255	10029.3084623344	929.728674230699	0.092701174534849	-3.43126857169126	0.00101324620296685	0.044176081286246	0.0703350202844626
AT2G29570.1	959.273822301554	1810.5407136297	108.006930973406	0.059654516554272	-4.06722481859732	0.000151628670416464	0.00893380586765654	0.240961381820691
AT2G29710.1	98.8195075073958	188.778480952515	8.86053406227619	0.0469361445095267	-4.41315685079887	0.000209282723227185	0.0117653847977697	0.150144390251072
AT2G29890.3	918.67603824838	1765.68195838452	71.670118112241	0.0405906158648267	-4.62270996015077	3.36599933939775e-05	0.0024974073147434	0.020296152182115
AT2G30250.1	929.09159832221	30.1647393346893	1828.01845730973	60.6011687032058	5.92127371145788	5.2013675883235e-07	6.78109723014861e-05	0.15066827029583
AT2G30650.1	183.831533830923	366.723845332492	0.939222329353789	0.00256111605860328	-8.60901165360192	9.74879288849353e-09	2.36196859912545e-06	0.00749852730741098
AT2G31230.1	700.464339073367	72.0544172045837	1328.87426094215	18.4426481053769	4.20497391628386	9.98113996326288e-05	0.00626751490628925	0.115370683649081
AT2G31760.1	28.3074777877455	55.6757332461373	0.939222329353789	0.0168695098311786	-5.88943813520091	0.00029860215848956	0.0159359257214955	0.105202019439013
AT2G31880.1.DE	4862.42854897801	793.853595426787	8931.00350252924	11.2501896495509	3.4918774166995	0.000727341186377252	0.0334674739506494	0.113589854340256
AT2G31985.1	134.992409190734	269.515207216791	0.469611164676895	0.00174242919175671	-9.16468425512626	1.70236428444844e-08	3.64119760778355e-06	-0.00582824862646638
AT2G32530.1	304.635593880079	567.03904042367	42.2321473364884	0.0744783768414503	-3.74703455818182	0.00059380453835079	0.0281266101227819	0.364823259585388
AT2G33190.1.DE	30.836424529808	61.6728490596159	0	0	-Inf	1.59282591463833e-05	0.00132548291461909	0.0537054401775098
AT2G33560.2	308.453819811599	602.140082852737	14.7675567704603	0.0245251183088437	-5.34959609377178	5.1816070395736e-06	0.00048749841075411	0.182212435120282
AT2G33850.1	1334.62848125204	2628.05533614568	41.2016263583971	0.0156776099010242	-5.99515055677372	0.000801042516019178	0.0360706282953504	0.877519288575629
AT2G34220.1	75.9399416426313	146.708316357386	5.17156692787638	0.0352506732834305	-4.82620537670613	0.000101426971576301	0.00635438816433859	0.140124693807658
AT2G35190.1	748.871507992216	1408.89520721176	88.8478087726706	0.0630620420297281	-3.98708430268301	0.000239519657104793	0.01311513834443	0.0402951559159549
AT2G35210.1	278.789986370957	553.081783527761	4.49818921415345	0.00813295492298141	-6.94200466690098	8.10795556488435e-08	1.41388285003442e-05	0.00896576976637602
AT2G36570.1	2556.01026266481	4750.18252696892	361.83799836071	0.0761734936092231	-3.71456712501055	0.000489622501916417	0.0241095051393303	0.0859223887268713
AT2G37370.1	107.903525581904	212.853539809716	2.95351135409206	0.0138757915735505	-6.17128611440846	3.4937100268404e-06	0.00035235855994395	0.111003346481065
AT2G37390.1	113.713225286623	218.763838943585	8.66261162966069	0.0395980051890322	-4.65842843564103	8.66210780993416e-05	0.0056040782357017	0.0459045488708377
AT2G37670.1	111.798576086954	213.927396031879	9.66975614202983	0.0452011117855559	-4.46749793156386	0.000161439584219366	0.00940402752501662	0.145311300607006
AT2G38060.1	159.392496959736	311.13537091861	7.64962300086101	0.0245861567531712	-5.34600995571425	1.34122750565916e-05	0.0011403766040353	0.0724816992098091
AT2G40116.1	271.282441824078	531.955905176772	10.6089784713836	0.0199433418599953	-5.64794901068685	2.5760222262221e-06	0.000270215848695436	0.0580382585358784
AT2G40550.1	584.677689073233	1093.4529154357	75.9024627107636	0.0694153919563323	-3.84860059272113	0.000391092208612111	0.0197552075412959	0.0167124079299997
AT2G41090.1	20952.3089437204	3402.25833986123	38502.3595475796	11.3167066405516	3.50038226466187	0.000700171163505017	0.0323259462300849	0.0196405747993187
AT2G41340.1	85.9845146223883	163.713950713208	8.2550785315686	0.0504237940359141	-4.30975151483756	0.000364401496448797	0.0185783690312387	-0.00907843269764837
AT2G41650.1	1677.34683032108	3110.50676571702	244.186894925147	0.078503894483206	-3.67109196364	0.000440081570108031	0.0219064604116685	0.186773752786382
AT2G41940.1	1151.90422385902	53.6168271683303	2250.1916205497	41.968011525285	5.39121820379688	2.72110717491261e-06	0.00028112631031984	0.00718143848686453
AT2G42260.1	106.90796105555	205.159154597869	8.65676751323015	0.0421953752451271	-4.56677130640032	0.000139565635482467	0.00830658253964997	0.188766220049814
AT2G42660.1	22.7802921003608	45.5605842007216	0	0	-Inf	8.89896089200802e-05	0.00570575529979849	-0.0381552867040651
AT2G42990.1	2062.0879028009	4117.39748274728	6.77832285452257	0.001646263904062	-9.24658865937448	1.43354577225307e-11	1.56990464610978e-08	0.0618795284550668
AT2G43060.1	440.513066989636	34.7296783914132	846.296455587859	24.3681051707379	4.60692216839179	3.72885549912519e-05	0.00273695994249463	0.0407560843759659
AT2G43386.1	37.5943635194072	75.1887270388144	0	0	-Inf	5.26067896790213e-06	0.000491559279123633	-0.00605846547339665
AT2G44010.1	17.4546404056778	34.9092808113556	0	0	-Inf	0.000332037413786165	0.0174482155751202	0.156034613450593
AT2G45430.1	21.8180581227676	42.6968939161814	0.939222329353789	0.0219974392328768	-5.5065206033456	0.0010591955227014	0.0460296111436808	0.350308580338653
AT2G45610.1	66.0570476285592	127.282139244319	4.83195601279964	0.0379625612948308	-4.71927885698648	0.000238288281867077	0.013073860883681	0.201261126398461
AT2G46130.1	17.9020989212723	35.8041978425446	0	0	-Inf	0.000301576522910569	0.016001089233034	-0.0155964052955054
AT2G47040.1	13160.1117973471	26236.2230670694	84.0005276247305	0.00320170046618351	-8.28694594125675	1.31782696869543e-10	6.80744655640442e-08	0.109684694126655
AT2G47340.1	94.0732491727563	187.60896499782	0.537533347692243	0.00286517943158254	-8.44715879421448	0.000925633223535552	0.0408741716031554	1.19910526604328
AT2G47550.1	176.901736257965	349.978661015499	3.82481150043051	0.0109286991650646	-6.51573450146367	5.65062466486878e-05	0.00386757005186944	0.658118386707186
AT2G48150.1	122.662726246231	233.443484893079	11.8819675993836	0.0508986901254741	-4.29622766066037	0.000221371658997362	0.0123436115682887	0.0376411452363031
AT3G02640.1	1346.1684360886	2657.57395775825	34.7629144189513	0.013080695014138	-6.25641699245465	1.6825886504627e-07	2.64746621105562e-05	0.108737319402509
AT3G03760.1	465.634311184085	930.731089020479	0.537533347692243	0.000577538833754823	-10.7577944228357	1.82575312486204e-11	1.72363686387837e-08	0.0605473247134981
AT3G03800.1	183.102876862823	365.73614256097	0.469611164676895	0.00128401628941719	-9.60512077962217	3.2846179222445e-09	8.99262694752099e-07	0.0822795127800265
AT3G04720.1	783.775075742141	22.3773473061865	1545.1728041781	69.0507584762252	6.10958535649421	9.7232097659277e-05	0.00616208418915668	0.704087033670038
AT3G05610.1	1288.80586635286	2558.14222017205	19.4695125336598	0.00761080145589027	-7.03773589984832	0.00114830905161518	0.0495092995513708	1.1609092331059
AT3G05780.1	33.2305163027389	65.521810276124	0.939222329353789	0.0143344990835218	-6.12436469903275	0.000130780024828594	0.00786922092254338	0.0555060530933129
AT3G05930.1	385.726577380126	761.987165167268	9.46598959298379	0.0124227677652626	-6.33086955113056	2.98292773333518e-05	0.0022622325618629	0.620899099927122
AT3G06160.2	494.983261429566	975.662733136917	14.303789722214	0.0146605883738379	-6.09191318541729	3.75752342733539e-07	5.11836886757656e-05	0.0114656524843197
AT3G07120.1	80.0561011723769	157.090768807646	3.02143353710741	0.0192336797384134	-5.70022138796529	1.59237709215735e-05	0.00132548291461909	0.0103747762841098
AT3G07195.1	171.986706487739	8.41390027323198	335.559512702247	39.8815652438617	5.31765012762354	9.96532929681045e-06	0.000864387701004552	-0.00507121030824828
AT3G07820.1	7568.06376392444	15093.0920025491	43.0355252998115	0.00285133922807489	-8.45414459559747	7.66167067015825e-11	5.04679267288508e-08	0.0556492453616272
AT3G07840.1	133.011288423984	266.022576847968	0	0	-Inf	3.59267345760159e-09	9.54953533225401e-07	0.0693380650313388
AT3G08770.2.DE	19228.1866909052	38371.253241773	85.1201400374082	0.00221833098598776	-8.81630964584515	2.00781482246077e-11	1.78729570562971e-08	0.268886136873509
AT3G10430.1	36.8784962173529	73.7569924347059	0	0	-Inf	5.62047049548025e-06	0.000519855544679926	0.155549453957238
AT3G10460.1	201.980773194865	403.961546389729	0	0	-Inf	3.00776947185517e-10	1.30709067619763e-07	0.0748058133821892
AT3G10570.1	3907.05630002199	7545.91345765373	268.199142390254	0.0355423029823146	-4.81431902519146	1.48680051904724e-05	0.00124482032447937	0.132985899333125
AT3G11050.1	246.623849702203	459.814008063609	33.433691340797	0.0727113370938711	-3.78167586422773	0.000532654419137545	0.0256743181111755	-0.00161677199992048
AT3G11160.1	50.942544439416	101.415477714155	0.469611164676895	0.00463056700280521	-7.75459542550675	4.34762527702321e-06	0.000420598179626648	0.0385215330357553
AT3G11680.1	24.8502192336282	49.2308273025796	0.469611164676895	0.00953896553049166	-6.71195146549115	0.000225268316563466	0.0125353576643792	0.0238971717477829
AT3G12145.1	15803.2450769152	31313.7821394424	292.708014388038	0.00934757778809949	-6.74119171279759	2.84064347297502e-08	5.47684063402185e-06	0.290830471104993
AT3G12410.1	134.413930895568	250.359649653414	18.4682121377212	0.0737667278384825	-3.76088594809943	0.000744434919410451	0.0340252741629705	-0.00426637199556508
AT3G12710.1	1015.47690229067	1875.494976724	155.458827857344	0.0828894930600613	-3.5926669501867	0.000845762194621642	0.0378354205299858	0.0815824345123933
AT3G12850.1	36.520507297245	73.0410145944901	0	0	-Inf	5.87865188387949e-06	0.000538280037715226	0.222808231853748
AT3G13220.1	1149.04695568363	2295.67793336086	2.41597800639982	0.0010524028528962	-9.89209722012431	6.46129567378279e-12	8.04078877076478e-09	0.0606566165800903
AT3G13640.1	316.973069687052	611.523115486352	22.4230238877519	0.0366675000828359	-4.76935428044831	0.00051269400929548	0.0249463450079025	0.591972678648726
AT3G13650.1	182.118939421732	347.12226624962	17.1156125938448	0.0493071584798214	-4.34205907555243	0.000141997818644481	0.00843300711246987	0.0667581116154803
AT3G13900.1	136.794834429139	263.784068350218	9.80560050806053	0.0371728306769533	-4.74960763748816	5.87715254210794e-05	0.0039827891657879	0.156580580928162
AT3G13960.1	441.860750552627	881.237600915839	2.48390018941517	0.0028186498020894	-8.47078004058605	8.5260095034825e-10	2.94137101944446e-07	0.32534002793804
AT3G15720.1.DE	104.032521287709	202.831397580957	5.23364499446119	0.0258029331596568	-5.2763211158175	2.7412783222213e-05	0.002102261005764	0.107000360992136
AT3G15830.1	615.686891012554	1229.4953373664	1.87844465870758	0.00152781763510485	-9.35431193541883	9.85975068922422e-11	5.74340966743789e-08	0.384745484612417
AT3G16300.1	63.4186115532198	126.83722310644	0	0	-Inf	2.31809617922505e-07	3.50239465849939e-05	0.261542192705373
AT3G16530.1	849.397300322854	17.1861210810565	1681.60847956465	97.8468888723364	6.61245407471433	6.8456247102886e-08	1.23302311393606e-05	0.0219943028116893
AT3G16660.1.DE	792.25896860304	4.4754694612373	1580.04246774484	353.045078606797	8.46370859573667	3.24003220728282e-10	1.38602502767171e-07	-0.000465530000540396
AT3G17010.1	82.976366416542	165.415199485392	0.537533347692243	0.00324960069790754	-8.26552183007182	2.69390942510213e-07	3.92307724683224e-05	0.00833946947102635
AT3G17060.1.DE	593.068613260325	1177.4125368244	8.7246896962455	0.00741005333591643	-7.07630035789546	2.42348398045849e-08	4.92111575822624e-06	0.0208584109244782
AT3G17320.1	33.9691868297772	67.9383736595543	0	0	-Inf	9.42082651760538e-06	0.000824036384661342	-0.0112350480888587
AT3G17580.1	84.0280970557155	158.522282335432	9.53391177599913	0.0601424079665057	-4.0554735584476	0.000617001450849359	0.0289747267947749	-0.00994814457419591
AT3G18010.1	121.218733840538	233.712777984831	8.7246896962455	0.0373308202121998	-4.74348898268548	7.52292902759868e-05	0.00497494567433809	0.128945841447433
AT3G18845.1	35.4575615923817	70.4455120200866	0.469611164676895	0.00666630351899481	-7.22889727933815	3.10572820235839e-05	0.0023295514171005	0.482592698051907
AT3G19184.1	21.2695562654184	42.0695013661599	0.469611164676895	0.0111627461564031	-6.48516420034479	0.000535700050666708	0.0257757398719739	0.0403986336268281
AT3G19310.1	262.943886849069	516.557628471185	9.33014522695309	0.0180621574684063	-5.79088596123779	2.10847995384127e-06	0.00022549204756354	0.236881193986707
AT3G19600.1	15.3959554041939	30.7919108083877	0	0	-Inf	0.000603245011881665	0.0284262339678076	0.390254610291086
AT3G19710.1	4372.75954964409	97.566295421324	8647.95280386686	88.6366830525039	6.4698319889861	5.89513789066763e-08	1.06885486868012e-05	0.309352426364898
AT3G20260.1	781.445242419682	1508.79390225278	54.0965825865804	0.0358541895654593	-4.80171448194486	1.81802553350866e-05	0.00146717942343604	0.121214096857852
AT3G20530.1	421.011534902923	830.74071362074	11.2823561851066	0.0135810801133521	-6.20225796702495	3.24384094041261e-07	4.55500711329831e-05	0.023182653312644
AT3G20557.1	15.1721708773158	30.3443417546317	0	0	-Inf	0.000649084759176326	0.0301708701812045	0.363309055689337
AT3G21000.1	126.780953488398	251.615540135072	1.94636684172293	0.00773547945678585	-7.01429356978284	3.77642819508534e-07	5.11836886757656e-05	0.235824198234193
AT3G21090.1	193.182226180339	364.750650552679	21.6138018079982	0.0592563763087153	-4.07688578556957	0.000313950316946143	0.0166253999561924	0.149231545598966
AT3G21180.1	1722.00148580693	3434.40113765484	9.60183395901448	0.00279578114907422	-8.48253285224012	1.3856794845451e-10	6.89766053234106e-08	0.0324722384176699
AT3G21320.1	425.217735611777	832.17686975131	18.2586014722446	0.0219407702087431	-5.51024201878154	2.73967891494333e-06	0.000281980937343302	0.00268442126423828
AT3G21940.1	30.701999060255	61.40399812051	0	0	-Inf	1.69526498485448e-05	0.00138960972321395	-0.0307641518541944
AT3G22050.1	104.727952972228	209.455905944457	0	0	-Inf	1.22633312335376e-08	2.82139060934278e-06	0.253554599208345
AT3G22060.1.DE	608.068523736129	102.577034921219	1113.56001255104	10.8558413041113	3.44039963090368	0.000927875218548864	0.0409071944177629	0.00328476962505492
AT3G22235.1	8482.70453067648	789.02002650728	16176.3890348457	20.5018738325984	4.35768387024989	5.23279980534562e-05	0.00364538404760184	0.212675591632316
AT3G22510.1	311.743341587365	619.593949491284	3.89273368344585	0.00628271739361234	-7.31439559778254	2.67026410923674e-08	5.25945976853839e-06	0.140111090673236
AT3G22790.1	2215.58513480299	4233.60124333116	197.569026274814	0.0466668953733013	-4.4214566980143	5.59217343460215e-05	0.00383715599730671	0.284802077921121
AT3G23270.1	286.968215822947	573.398898298202	0.537533347692243	0.000937450960034271	-10.0589691573905	2.73986426791556e-10	1.20987103108052e-07	0.0596961519157016
AT3G23350.1	68.6098377783499	137.2196755567	0	0	-Inf	1.53703423712755e-07	2.44656531070221e-05	0.0388463970688526
AT3G23380.1	39.4068186564155	77.3368816357849	1.47675567704603	0.0190951024376798	-5.71065353030467	0.000120775617295345	0.00738079207658919	-0.0184679269748395
AT3G23550.1	376.148607270105	3.75949162102149	748.537722919189	199.106102201075	7.63739362720843	1.07894680526264e-08	2.56864396821571e-06	0.208399035348783
AT3G23670.1	665.979642556492	1305.85313820726	26.1061469057211	0.0199916408223063	-5.64445930303201	1.71702027229762e-06	0.000187285183326551	0.134425981710795
AT3G23770.1	1409.56591734854	2817.58715683701	1.54467786006138	0.00054822717952598	-10.8329385249441	5.74917874933695e-13	1.93936744777828e-09	0.0463684552588551
AT3G23830.1	986.838095025854	1866.93640408987	106.739785961837	0.05717376645932	-4.12850285536811	0.000119618081548398	0.00734283371442161	0.339794574126826
AT3G24230.1	167.891347498264	313.823438157023	21.9592568395055	0.069973284877843	-3.83705196958504	0.000511144934677413	0.0249449661704068	0.0137012700213018
AT3G24280.1	17.0963198710853	34.1926397421705	0	0	-Inf	0.00040518048113973	0.0203541857112725	0.0470669787624955
AT3G25260.1	119.450935649334	236.485893292269	2.41597800639982	0.0102161611957714	-6.61300299586799	1.07943101780163e-06	0.000127382165540401	-0.00739561697682965
AT3G25265.1	171.694729671152	342.919848177627	0.469611164676895	0.00136944877111238	-9.51218898652277	1.82205056603204e-05	0.00146717942343604	0.854525782106421
AT3G25810.1	165.368032848095	330.736065696189	0	0	-Inf	1.10209246228225e-09	3.63531173883896e-07	0.313828563564922
AT3G26010.1	27.3452311570847	54.6904623141694	0	0	-Inf	3.35226078861404e-05	0.00249397271387704	0.0034179918488249
AT3G26050.1.DE	242.141716653437	470.109643834259	14.1737894726138	0.0301499653506595	-5.05169984564142	1.18117247439766e-05	0.00101056687512684	0.0584345873318874
AT3G26140.1	843.409004290011	1685.74294188464	1.07506669538449	0.000637740588243292	-10.6147426768153	2.94126989084738e-12	5.03288044197623e-09	0.000139989444915228
AT3G26210.1	1266.92346271261	96.1327922066309	2437.71413321859	25.3577793514922	4.66435650523594	2.37529820022489e-05	0.00184746915129992	0.242291722368898
AT3G26220.1	1115.18343068864	88.25438304838	2142.1124783289	24.2720237152937	4.60122249518943	2.48013307467634e-05	0.0019127065723518	0.332947640064976
AT3G26830.1.DE	176.348878994428	15.2166845987361	337.481073390119	22.1783576573672	4.47108063048173	0.00093369779658866	0.0410603564229342	0.585181365824245
AT3G26860.2	496.122129636404	985.330092052254	6.91416722055327	0.00701710754225762	-7.15490781173429	2.05473346787538e-08	4.29423609797651e-06	0.0145249517282803
AT3G26934.1	187.344639710017	369.319790059541	5.36948936049189	0.0145388617263814	-6.10394186728391	1.30277228398792e-06	0.000147997093738678	0.0119746231152427
AT3G27060.1.DE	1926.91632194516	3518.9333909808	334.899252909513	0.0951706712516572	-3.39333914312	0.00116500726438784	0.049993054677759	0.0822181740446382
AT3G27415.1	60.8661857041366	121.732371408273	0	0	-Inf	3.58022662802464e-07	4.95047700111407e-05	0.295837181329213
AT3G27440.1	144.157737937593	286.702875832109	1.61260004307673	0.00562463853352157	-7.47402389991501	9.06646230417528e-08	1.52283193229271e-05	0.100345866646777
AT3G27640.1	121.508039463568	232.548788938213	10.4672899889224	0.0450111567414075	-4.47357354876492	0.000161857460447425	0.00940835149072102	0.0842333621532479
AT3G28470.1	51.8601930833969	101.774019325071	1.94636684172293	0.0191243979026331	-5.70844186192023	5.10387633216501e-05	0.00358798115534921	0.203180055694618
AT3G28500.1	3181.08751040984	6221.54946470167	140.625556118019	0.0226029796782726	-5.46734321874008	1.64117998125434e-06	0.000181178328737021	0.200439578493542
AT3G28740.1	70.7687415686127	135.964227227687	5.57325590953793	0.0409906048317024	-4.60856291214017	0.000236225847826256	0.0130105364654769	0.308509628611043
AT3G28750.1	7445.14653169107	14836.988170526	53.3048928561184	0.00359270306368577	-8.12071458290137	2.37408896501196e-10	1.1009738893257e-07	0.0359496476586894
AT3G28780.1	7394.04444554585	14779.8958906267	8.1930004649838	0.000554334112067713	-10.8169565900435	4.54331202322527e-14	4.14622655239538e-10	0.00266815200453659
AT3G28840.1	4840.38663283649	9597.51988206143	83.2533836115617	0.00867446847046071	-6.8490089256483	1.58181076094173e-08	3.49248508169859e-06	0.106716334665492
AT3G29050.1	18.9763972960806	37.9527945921613	0	0	-Inf	0.00021205190256608	0.0118723046798653	0.359149394494294
AT3G29156.1	29.8514852123247	59.7029704246493	0	0	-Inf	2.06770035215379e-05	0.00163611272373602	0.0199091516542566
AT3G29370.1	248.401961687628	490.161444886764	6.64247848849187	0.0135516135709662	-6.20539154836264	7.01411572077373e-07	8.76860548873713e-05	0.149135001453024
AT3G36659.1	109.268177935766	215.984533499101	2.55182237243052	0.0118148384566673	-6.40325628618098	2.04961077577012e-05	0.00162649982084158	0.562490545798586
AT3G42520.1	49.3768527913024	97.7465610702357	1.00714451236914	0.010303631159417	-6.6007033346494	2.13826127314558e-05	0.00168222175678677	0.526992004053002
AT3G42660.1	576.863328863922	1066.32638405007	87.4002736777773	0.0819639042839943	-3.60886748218252	0.000750057748043668	0.0342251350432326	0.105868996627207
AT3G42960.1	925.531312505411	1849.1162581691	1.94636684172293	0.00105259300659122	-9.89183656992651	9.57033542511234e-12	1.09173601361969e-08	0.176958796542878
AT3G43110.1.DE	40.0438921841249	76.8005062155115	3.28727815273826	0.0428028188188469	-4.54615038001605	0.000839756278093264	0.0376282281205194	0.228198662720218
AT3G43120.1	305.052108861004	606.075639672532	4.02857804947655	0.00664698890002117	-7.23308333995826	3.10521245310784e-08	5.90378517647128e-06	0.0388376187612145
AT3G43830.1	14.9481652741148	29.8963305482295	0	0	-Inf	0.000757803228782255	0.0345210262855251	-0.0596078746972234
AT3G43860.1	1055.44078938835	2096.11402200623	14.7675567704603	0.00704520680431592	-7.14914222877557	4.16731531970301e-06	0.000408934619436663	0.615411123462351
AT3G43960.1	634.69194074256	1253.41710188611	15.9667795990144	0.0127386004028412	-6.2946494131853	2.41170366045809e-07	3.54987219440977e-05	0.0669565091276255
AT3G44770.1	63.8544247103541	125.762482578985	1.94636684172293	0.0154765300573683	-6.01377414401477	1.70930086824672e-05	0.00139693251256294	0.0672158366354498
AT3G44860.1.DE	2876.35883764032	257.967218185651	5494.75045709499	21.3001888214362	4.41279431456581	4.94925029452305e-05	0.00350130683626491	0.0555043234761068
AT3G45260.1	879.726690449883	66.5055336738304	1692.94784722594	25.4557441118934	4.66991933337646	2.45286997999702e-05	0.00189702469808922	0.0178720983104083
AT3G46270.1	22.9704734231175	45.4713356815581	0.469611164676895	0.0103276307510658	-6.59734686449039	0.000340096787357741	0.0178374901231422	-0.00184436479322305
AT3G48160.2	171.466803306111	321.52357135327	21.4100352589522	0.0665893177562032	-3.90856543073971	0.000472080290743197	0.0233296285197965	0.20270275399173
AT3G48450.1	114.102956361728	220.284600990534	7.9213117329224	0.0359594438163328	-4.79748548287186	7.0105484276951e-05	0.00468133645983991	-0.00707802514395456
AT3G48490.1	125.449937818072	244.455319580268	6.44455605587637	0.0263629200908441	-5.2453460103523	1.79482148007105e-05	0.00145380539885755	0.36788805263145
AT3G48540.1	100.94381693668	195.313077567883	6.57455630547652	0.0336616287416365	-4.89275120560142	7.34154111940875e-05	0.00486674849315188	0.222040423421189
AT3G48900.2	106.93343354297	204.530877742556	9.33598934338363	0.0456458674916308	-4.45337193677667	0.000151735690279067	0.00893380586765654	-0.00446139529270297
AT3G49540.1	3619.78129281828	7217.54125073047	22.0213349060903	0.00305108542384314	-8.35646171181546	1.22291177844654e-10	6.58601221085005e-08	0.228446378956655
AT3G50170.1	46.6787583741162	89.6006274308173	3.75688931741516	0.0419292746617867	-4.57589831668307	0.000574860852855504	0.0272764998777781	0.251303329286179
AT3G50740.1.DE	2701.09735881415	51.8263298769831	5350.36838775131	103.236490032212	6.68980918654006	0.00101331649674054	0.044176081286246	1.07233315708752
AT3G51280.1	673.744673760702	1328.6990568179	18.7902907035063	0.01414187103324	-6.14388318194693	3.20238122047334e-07	4.55500711329831e-05	0.148946360760586
AT3G51380.1	57.7345939846539	112.515676615216	2.95351135409206	0.0262497764128688	-5.25155105535479	8.34851498327184e-05	0.00544203912409563	0.354284270255064
AT3G51490.2	399.227332780056	790.193742912113	8.26092264799915	0.0104543002549666	-6.57975968953773	1.13140368877792e-07	1.85482456235699e-05	0.00765813390620825
AT3G51720.1	1043.33877807936	1996.53922590876	90.1383302499622	0.0451472874062537	-4.46921688120723	4.7491694495981e-05	0.00336846531583153	0.136875870359244
AT3G52160.1	1559.2533369707	3112.59965123322	5.90702270818413	0.00189777786097346	-9.04147315301308	3.62889327511903e-11	2.83862400246311e-08	0.156829491453503
AT3G52270.1	52.4759801676939	101.862604615265	3.08935572012276	0.0303286542867351	-5.04317470424011	0.00015207566792801	0.00893460866208813	-0.017031054161309
AT3G52310.1	240.059757023239	22.9146070317522	457.204907014726	19.9525528140713	4.31850143765508	0.000127458101222228	0.00772023870633223	0.0747465542309008
AT3G52600.1	944.604807967567	1877.19180396972	12.0178119654143	0.00640201600070919	-7.28725800201243	8.10806702833748e-09	1.9998437756921e-06	0.139126438399059
AT3G52630.1	257.085473840454	496.789490471433	17.3814572094756	0.0349875702744463	-4.83701371024182	0.00050439253573232	0.0247035041919131	0.611418095186035
AT3G52910.1	361.0888397303	690.48658841248	31.6910910481202	0.04589675104477	-4.44546415852117	6.0784182889892e-05	0.0040988900471908	0.13301241312948
AT3G53080.1	102.266349449472	203.995165551251	0.537533347692243	0.00263502983631832	-8.56796498713934	7.76656578733318e-08	1.37541432693245e-05	0.132660852349806
AT3G54180.1	390.101145831697	768.456168430041	11.7461232333529	0.0152853522632921	-6.03170638909393	1.00638972717193e-05	0.000869177853328487	0.53176572501967
AT3G54490.1	125.6614781632	249.376589484677	1.94636684172293	0.00780493006879671	-7.00139857876924	4.14189824160134e-07	5.58605369746608e-05	0.0631379117388569
AT3G55100.1	235.52178016593	470.104338002506	0.939222329353789	0.00199790185588286	-8.96729857015477	2.71297536345959e-09	7.90168505327624e-07	0.0818221934205007
AT3G55180.1	108.821856521243	216.704490713132	0.939222329353789	0.00433411567182107	-7.85004662709213	1.82895045843546e-07	2.82898337011559e-05	0.00219924330739332
AT3G55240.1	2727.52648847269	350.700165763792	5104.35281118159	14.5547487839499	3.86341803353888	0.000253616805022516	0.013749546312686	0.0616972828196694
AT3G57240.1	309.119141501499	9.12987811344779	609.108404889549	66.7159404891032	6.05995960167928	5.69535991720075e-07	7.28633475762254e-05	0.225861485405482
AT3G57370.1	46.1426892621921	92.2853785243843	0	0	-Inf	1.57882374447927e-06	0.000175711530391681	0.031743856002388
AT3G57500.1	43.882040768428	86.8248592075022	0.939222329353789	0.0108174356736836	-6.53049764803351	3.04068359910859e-05	0.00229332880375744	-0.0218168825914559
AT3G57510.1	188.374567587789	376.211601827886	0.537533347692243	0.00142880587701323	-9.4509743649355	2.60526617593739e-09	7.66956745858212e-07	-0.000388004951722888
AT3G57690.1	1902.39142377521	3791.02243529233	13.7604122580912	0.00362973643468562	-8.10591949075979	4.34525732068313e-10	1.83022238347173e-07	-0.000518098221028884
AT3G57920.1	329.059819845536	642.141171859197	15.9784678318755	0.0248831075347698	-5.32868952162753	5.76519926059692e-06	0.000531446550022298	0.105980057951897
AT3G58060.1	99.2223092507602	197.369551806136	1.07506669538449	0.00544697338341457	-7.52032946718258	3.19178631638539e-07	4.55500711329831e-05	-0.00535278495119923
AT3G58290.1	49.0631302433899	97.6566493221029	0.469611164676895	0.00480879866283315	-7.70010776065533	5.11962783607829e-06	0.000483328175503971	0.277444295334015
AT3G58340.1	65.8461959921106	131.222780819544	0.469611164676895	0.00357873199869691	-8.1263357762886	9.80572221871887e-07	0.000118788080931011	0.104203593813698
AT3G58480.1	224.917201261215	448.895180193076	0.939222329353789	0.00209229764719197	-8.90069618279882	3.15177088253288e-09	8.80693940764773e-07	0.03762958126228
AT3G58990.1	1784.54590097275	236.755407460344	3332.33639448515	14.0750170407124	3.81506476387396	0.00030062281374229	0.0159814590187115	0.391954446550023
AT3G59030.1	23.3617339328621	46.7234678657242	0	0	-Inf	0.000171171313273504	0.0098867683856582	0.680734104400879
AT3G59530.1	2628.48432083173	5100.31786478212	156.650776881339	0.0307139243149958	-5.02496333268472	6.33192303856674e-06	0.000575931524750433	0.0811536774865355
AT3G59550.1	139.509322437429	262.174721013075	16.8439238617834	0.0642469411112423	-3.96022842260744	0.000551654823716016	0.0264042058805893	0.00422961459932808
AT3G60330.1	308.495676930546	593.894952259617	23.0964016014748	0.0388897085479494	-4.68446776698521	3.85314384551024e-05	0.00280562160112711	0.135728025335182
AT3G60890.2	66.4498293996637	129.074847298897	3.82481150043051	0.0296325084280243	-5.07667543240922	9.67086460934898e-05	0.00614313065602683	0.194093855295504
AT3G61760.1	332.67247197082	624.335395899427	41.0095480422122	0.0656851242321976	-3.92828951064907	0.000331912824964583	0.0174482155751202	0.0268094557226907
AT3G62170.1	8674.96555568472	17320.4580758951	29.4730354743358	0.00170163140866081	-9.1988657167839	7.42154687944832e-12	8.83422219415374e-09	0.0936458705942973
AT3G62710.1	1052.7851974675	2087.70763832799	17.8627566070136	0.00855615809372602	-6.86882114496799	2.60644193551718e-08	5.17095415294127e-06	0.3741303787332
AT3G63470.1	124.226414587603	235.767483612499	12.6853455627067	0.053804474511659	-4.21613003395655	0.00032000875754197	0.0169135130578843	0.176826509995124
AT4G00160.1	38.1762475045547	76.3524950091093	0	0	-Inf	4.750787842652e-06	0.000453195364307061	0.0256762783634953
AT4G01180.1	29.2699328416618	58.5398656833236	0	0	-Inf	2.1646460478317e-05	0.00169809969906981	0.0067463527765468
AT4G01430.1	514.015407737014	995.0842676472	32.9465478268285	0.0331093043051802	-4.91661949272181	1.72449138511262e-05	0.00140515253397659	0.000392597687258433
AT4G02110.1	306.948065152393	586.375305788604	27.5208245161824	0.0469338054391124	-4.41322874953301	9.38613706788726e-05	0.00597613164289808	0.188986473636057
AT4G02290.1	6251.93818167882	12480.8537280556	23.0226353020289	0.00184463625675514	-9.08244792491397	2.99473797434181e-05	0.00226491536634061	1.01438682525681
AT4G02520.1	7620.6251937858	254.388213289864	14986.8621742817	58.9133512927537	5.88052271809528	4.19530534612132e-07	5.63034655716223e-05	0.00826424236344116
AT4G03210.1	13019.9425860465	25359.0511926671	680.833979425921	0.0268477702203146	-5.21905391630059	0.00108836045728033	0.0470541299884809	0.784891361846281
AT4G04080.1	61.628693225582	122.719853103472	0.537533347692243	0.00438016615974124	-7.83479868577449	1.38049266570816e-06	0.00015553550700312	0.319845443909881
AT4G05230.1	23.40680034509	46.8136006901801	0	0	-Inf	7.83068033964215e-05	0.00512890828561538	-0.00150155501141693
AT4G08550.1	39.3845291962698	78.7690583925396	0	0	-Inf	4.05567556451304e-06	0.000400853016625408	-0.0170065647570446
AT4G09060.2	271.876507511934	536.708847553715	7.04416747015342	0.0131247463168537	-6.25156665202104	5.56327449745554e-07	7.1507666287013e-05	0.297226131563702
AT4G09420.1	45.2393738091963	2.41678445975338	88.0619631586391	36.4376569880897	5.1873582889247	0.000169848498825982	0.00983110401872672	0.483332207302706
AT4G10260.1	417.588501129202	830.209201879574	4.96780037883034	0.00598379344336748	-7.3847239094654	1.35736319300808e-08	3.07123053703927e-06	0.0238345666258339
AT4G10595.1	22.5121043902241	45.0242087804482	0	0	-Inf	8.58956399871665e-05	0.00557776312526657	0.396777046372855
AT4G10603.1	73.9587475037307	146.978272678108	0.939222329353789	0.00639021205134687	-7.28992047863057	9.82101237597671e-05	0.00620969230553096	0.741954955486258
AT4G11310.1	83.8707044840216	167.741408968043	0	0	-Inf	5.08844338701706e-08	9.34975859394315e-06	0.0151115258972335
AT4G11320.1.DE	4155.850135	8195.99332619201	115.706943807991	0.014117500979195	-6.14637145838967	2.26886144716099e-07	3.45093826113187e-05	0.282081188002959
AT4G11375.1	14.9034304763715	29.8068609527429	0	0	-Inf	0.000762987332430975	0.0346419024664929	-0.0665002488205809
AT4G11720.1	27.3006068975029	54.6012137950059	0	0	-Inf	3.2702220294782e-05	0.0024462332984441	-0.0353977836322848
AT4G12100.1	40.6387561589506	79.1273789271322	2.15013339076897	0.0271730647460093	-5.20167889898414	0.000193448089358185	0.0109880120133784	0.0436145943154103
AT4G12320.1	3205.50544675504	49.229279768318	6361.78161374176	129.227598772143	7.01377040500503	1.10426193337452e-08	2.60624855275238e-06	0.409451460784296
AT4G12540.1	108.038490122431	211.782557579754	4.2944226651074	0.0202775087532418	-5.62397577264632	1.12321409895082e-05	0.000967023761040113	0.121018730232931
AT4G12620.1	223.759829496069	421.147667470786	26.371991521352	0.0626193460353935	-3.99724774799283	0.000345698167898557	0.0179252356831945	0.0769860679846432
AT4G12960.2	1238.6362894781	2475.25828993146	2.01428902473828	0.000813769226804227	-10.2630926545278	4.03159006773011e-11	3.06602424650875e-08	0.464384977182932
AT4G13210.2	374.567708815396	734.97331639104	14.1621012397527	0.0192688644933306	-5.69758463309225	1.69861926847513e-06	0.000186715947858072	0.13287850585037
AT4G13240.1	133.816625321525	267.633250643049	0	0	-Inf	3.53398127968112e-09	9.48562151716762e-07	0.127844626295654
AT4G13266.1	30.6573748006732	61.3147496013465	0	0	-Inf	1.65708734276906e-05	0.00136239451262256	0.0291470985754891
AT4G13370.1	368.782378596058	700.238332167873	37.3264250242429	0.0533053152184396	-4.22957679455836	0.000126492043511205	0.00767871212250503	-0.00093349475004078
AT4G13770.1.DE	9808.26914606516	1564.98522974483	18051.5530623855	11.5346475604302	3.52790201823314	0.000647411947669994	0.0301442930328386	0.0268437268166407
AT4G14120.1	102.801767985494	199.430668647174	6.17286732381498	0.0309524476134401	-5.01380269244658	5.11108426687922e-05	0.00358798115534921	0.24089895312808
AT4G14315.1	42.2489932479408	84.4979864958815	0	0	-Inf	2.63287983302629e-06	0.000275125893391579	0.0368675784919636
AT4G14390.1	105.122832034583	3.84896121650808	206.396702852658	53.6240017091958	5.74480697982871	8.82228129511665e-06	0.000779149733218399	0.00566020564596784
AT4G14400.1.DE	30655.4591043751	943.506228611277	60367.411980139	63.9819962492376	5.99959410037544	2.39167972803013e-07	3.54987219440977e-05	0.339721368833697
AT4G14723.1	39.205258390812	78.410516781624	0	0	-Inf	4.37794805046962e-06	0.000422040358189286	0.0226017871897477
AT4G14730.1	110.723521251445	221.447042502891	0	0	-Inf	1.02185733846584e-08	2.45407107127349e-06	0.0400335836549742
AT4G15210.1.DE	8485.82431383632	15953.4540940875	1018.19453358515	0.0638228265540629	-3.96978368637171	0.000220446020710622	0.0123170839898273	0.109891729122903
AT4G15910.1	987.161477203592	1807.75190190332	166.571052503859	0.0921426509514287	-3.43998708478394	0.000835054435219653	0.0374788857826945	0.0238598375868933
AT4G16030.1	19.2001818229587	38.4003636459173	0	0	-Inf	0.0001991853699616	0.011267142683489	0.380327860736825
AT4G16260.1.DE	334.704408412565	2.95382310899601	666.454993716134	225.624544572901	7.81778020967224	4.32890560454298e-05	0.00309443283658427	0.846339880701639
AT4G16807.1	69.3815387855467	133.461510393617	5.30156717747654	0.0397235664562815	-4.65386103322752	0.000208164167866827	0.0117265814564979	0.436138747387953
AT4G17030.1	871.103375329054	117.526416115111	1624.680334543	13.8239588021786	3.78909891802358	0.000345510878299188	0.0179252356831945	0.0558423026383312
AT4G17483.1	163.954635477776	304.065725340908	23.8435456146437	0.0784157622103284	-3.67271251276777	0.000783193731702183	0.0354417817959378	-0.000384771089324808
AT4G17920.1	28.151147018335	55.7647606889777	0.537533347692243	0.00963930161361725	-6.69685566051701	0.000122336936468266	0.0074595560058534	-0.0333095790819837
AT4G18190.1	783.489186969759	1566.44084059183	0.537533347692243	0.000343155856105714	-11.508848404432	1.14249827890914e-12	2.40610137538265e-09	0.177481374373099
AT4G18960.1	1665.11992457621	3316.80735957655	13.4324895758755	0.00404982506357874	-7.94792469403723	5.93499008156109e-10	2.13800208490762e-07	0.0191980568950871
AT4G19310.1	17.3202149361248	34.6404298722497	0	0	-Inf	0.000364265573904667	0.0185783690312387	-0.0572549773973704
AT4G19370.1.DE	239.414252607383	25.5995792016423	453.228926013124	17.7045459397258	4.14604793896039	0.000192609685339419	0.0109631350628329	0.314042017825534
AT4G20050.1	2430.26916748293	4846.10454499405	14.4337899718141	0.00297843140563775	-8.39123155099132	1.71429993785689e-10	8.26296575160034e-08	0.398525124215888
AT4G20160.1.DE	132.789156522974	263.42817965518	2.15013339076897	0.00816212370894959	-6.93683970774219	3.24430706075378e-07	4.55500711329831e-05	-0.0067463024825045
AT4G20710.1	43.7259048024388	87.4518096048776	0	0	-Inf	2.16074670887952e-06	0.000229290400758541	0.0307712721994485
AT4G20790.1	15.5300492592622	31.0600985185244	0	0	-Inf	0.000615082676752984	0.0289342500414832	-0.0465305776864809
AT4G20900.1	40.873014497036	81.276417829395	0.469611164676895	0.00577795106155689	-7.43522630013446	1.4003480935768e-05	0.0011832941390724	0.504510270860813
AT4G21895.1	314.805652946437	627.195327886475	2.41597800639982	0.00385203444442291	-8.02016368101967	5.97058007094162e-09	1.49965634112146e-06	0.0237438014108042
AT4G21903.2	130.959372747623	10.2041764882561	251.71456900699	24.6677984545529	4.62455705898802	0.000499073016537564	0.0244867760694721	0.548773616282987
AT4G22690.1.DE	5691.59355178881	566.409216034094	10816.7778875435	19.0971078530128	4.25528226183689	0.000120288833558418	0.00736748922855115	0.430459673542613
AT4G23140.2	2016.65844678778	37.683059347763	3995.63383422779	106.032628544131	6.72836447150063	2.81326769415509e-08	5.47684063402185e-06	0.284540883262722
AT4G23150.1	684.345865849537	10.2041764882561	1358.48755521082	133.130542849223	7.05669778252815	2.22286186116477e-08	4.61041757840675e-06	0.368858723373483
AT4G23160.1	327.529833742097	6.26574567626146	648.793921807933	103.546162792079	6.69413028101145	0.00014252107422428	0.00844576184007002	0.791176314680623
AT4G23270.1	1344.5521659316	93.1778637160194	2595.92646814718	27.8599053961878	4.80011845387884	0.000800289505907868	0.0360706282953504	0.666387651153786
AT4G23290.2	1145.04156788632	84.6762624578855	2205.40687331476	26.0451608195583	4.70294344012967	2.08183433733391e-05	0.0016425492935887	0.0185922441560936
AT4G23800.1	2978.61183776361	5873.46197915012	83.7616963771012	0.01426104343136	-6.13177664711099	2.2401345884499e-07	3.42627959567494e-05	0.0118814515808934
AT4G24130.1	1458.73347677077	2817.9751015989	99.4918519426375	0.0353061501097673	-4.8239366759658	1.38111591332361e-05	0.00117065608281652	0.0825268863290562
AT4G25160.1	63.2834584490185	120.122360842161	6.44455605587637	0.0536499283788174	-4.22027994474995	0.000657028300095508	0.0303853391892142	-0.00777461224306137
AT4G25240.1	239.538686584044	468.672161245751	10.4052119223376	0.0222014721221761	-5.4932008486521	4.90140426030094e-06	0.000465939742494858	0.079937181100772
AT4G26440.1	70.6791016826481	140.888592200619	0.469611164676895	0.0033332092921206	-8.22887237758754	7.09352599305643e-07	8.82757066535904e-05	0.000106080897417538
AT4G26760.1.DE	1554.1265694783	2882.20653348696	226.046605469642	0.0784283162373395	-3.67248156196962	0.000523164377768292	0.0252613656693832	0.0925900775014262
AT4G26830.1	222.085139700106	426.245444726614	17.9248346735984	0.0420528474740536	-4.57165269850687	6.59656856973187e-05	0.00441566880934276	0.0332904913646297
AT4G27330.1	210.404920756426	420.340230348176	0.469611164676895	0.00111721679432851	-9.8058751187562	1.40592593194621e-09	4.52840472527333e-07	0.00141200862883893
AT4G28090.1	305.204284519567	608.931813362087	1.47675567704603	0.00242515770179988	-8.68770571954497	1.76462580352293e-09	5.36799169431675e-07	0.193563705337
AT4G28250.1	3085.38432504497	5771.74227828516	399.026371804771	0.069134474923805	-3.85445087860327	0.000345413973714287	0.0179252356831945	0.158535498015095
AT4G28397.1	594.137384975101	1187.80515878553	0.469611164676895	0.000395360435340296	-11.3045438751852	5.04640126311314e-12	7.20450780027986e-09	0.0543094989769363
AT4G28430.1	96.2680113028953	186.628999897606	5.90702270818413	0.0316511512756592	-4.98159821272849	5.83500433931719e-05	0.0039640384318071	-0.00051922039648521
AT4G28680.2	1273.41830320498	2541.46711704948	5.36948936049189	0.00211275185284538	-8.88666095500993	6.43198687891141e-11	4.63407728344307e-08	0.0128057855031998
AT4G29150.1	145.610700992756	287.866201649758	3.35520033575361	0.0116554160110669	-6.42285569098	1.00272168770142e-06	0.000119985560631185	0.0679447427146229
AT4G29700.1.DE	1955.06815314375	3772.48763798929	137.648668298205	0.0364875067878475	-4.77645361565957	1.87793627434814e-05	0.00150774602108808	0.00657547016083334
AT4G30250.1	347.376398207707	668.103272045571	26.6495243698439	0.0398883308687436	-4.64788943480711	4.01514384156578e-05	0.00289729345992683	-0.00208083091905836
AT4G30590.1	17.3649497338681	34.7298994677363	0	0	-Inf	0.000362086001550692	0.0185783690312387	-0.0556560642804392
AT4G30800.1	479.355450980152	903.521720329047	55.1891816312565	0.0610822965176284	-4.03310188546069	0.000187146504582891	0.0106966534498338	0.106721141809015
AT4G30850.1	896.462422509237	1715.18263924987	77.7422057686086	0.0453259052357299	-4.46352035643393	5.14690681057011e-05	0.00360388784296135	0.0782972455944252
AT4G31020.2	93.3696314990071	183.853673826937	2.88558917107672	0.0156950313312365	-5.99354828086907	7.17462061685182e-06	0.000644022174584161	-0.00923281604153439
AT4G31370.1	243.724588574688	454.263798074917	33.1853790744578	0.07305310089664	-3.77491067713943	0.000444618312262417	0.0220921236898738	0.00552709947427201
AT4G32170.1	50.9762581816989	101.952516363398	0	0	-Inf	8.81318518931889e-07	0.000107717582193381	0.0334134202646238
AT4G32280.1.DE	385.037931811303	11.7260439168205	758.349819705785	64.6722650098525	6.01507523351281	7.00353486454911e-07	8.76860548873713e-05	0.407846220558388
AT4G33130.1	248.317694425567	465.27806460166	31.357324249474	0.0673948046021039	-3.89121880999486	0.000344095207730561	0.0179252356831945	0.18406345863085
AT4G33260.1	660.569965842673	1300.93496337138	20.2049683139676	0.0155311133014723	-6.00869494105753	4.99843058297829e-07	6.57918425484517e-05	0.0352340022326132
AT4G33600.1	44.5318206636891	88.5261079796859	0.537533347692243	0.0060720318554566	-7.36360492513586	9.23221495051224e-06	0.000810126861907449	0.08256158827172
AT4G34420.1	154.159983446217	297.982677153112	10.3372897393222	0.0346909083376368	-4.84929857350766	3.91889327891643e-05	0.00284592732599931	0.292484323799655
AT4G35650.1	140.866725826731	279.719162628724	2.01428902473828	0.00720111202181695	-7.11756457470676	2.32827755075933e-07	3.50239465849939e-05	-0.00705808324758328
AT4G35720.1	37.2694377656806	73.1300420373305	1.40883349403068	0.0192647707396574	-5.69789117246282	0.000159124436290853	0.00929232856807691	0.00547490313413802
AT4G35733.1	14.7692260831416	29.5384521662831	0	0	-Inf	0.000778879668847113	0.0353049132014839	-0.0343415849346957
AT4G36070.2	21.6614800041323	43.3229600082645	0	0	-Inf	0.000114178988575366	0.00702470190835139	-0.0415923509018658
AT4G38340.1	115.550426560537	13.2472481164157	217.853605004658	16.4451970016851	4.0395943856178	0.00038066185594783	0.019299556096555	0.0181294225188341
AT4G38660.1.DE	1719.56208805926	3314.44423034795	124.679945770576	0.0376171499972673	-4.73246564023745	2.44455899004723e-05	0.00189595286202587	0.139062597083527
AT4G39480.1	1795.53474425256	3578.31622075939	12.753267745722	0.00356404156562092	-8.13227012227882	4.57373027161742e-10	1.86894906531853e-07	0.165144710896104
AT4G39590.1	47.3514393794552	94.1653454112181	0.537533347692243	0.00570839883127754	-7.45269814890146	6.48344933678729e-06	0.000587761178617757	0.105452650833602
AT5G01120.1	38.8360399919883	76.2632464899458	1.40883349403068	0.0184732955764795	-5.75841492834209	0.000123956671725689	0.0075415239077909	0.125667042879165
AT5G01690.1	182.240926079688	363.944318811684	0.537533347692243	0.00147696589810042	-9.40314776878917	3.52939629184243e-09	9.48562151716762e-07	0.258406107640302
AT5G02390.1	88.6278036573006	172.485729368386	4.76987794621484	0.0276537541029123	-5.17638084464874	3.49559149148203e-05	0.00257957692328288	-0.00333329954887018
AT5G03390.1	279.993597253453	549.587826701	10.399367805907	0.0189221218168734	-5.72378231658126	2.71021737763149e-06	0.000281061861230284	0.139793653147724
AT5G03480.1	80.6045641037567	160.134061512129	1.07506669538449	0.00671354167397458	-7.21871023545117	9.9465325686234e-07	0.000119963069895935	0.00589972051168168
AT5G03600.1	91.5008678179874	182.062513306621	0.939222329353789	0.0051587903094142	-7.59875147855074	5.24208463732805e-07	6.8017911469558e-05	0.0718902863842646
AT5G05040.1	29.5049857732251	58.002827034081	1.00714451236914	0.0173637142165047	-5.84778060670527	0.000247444124027807	0.0134682410092113	0.0139988493037768
AT5G05810.1	170.697062199899	330.111768214691	11.2823561851066	0.0341773825456868	-4.8708142764632	3.28825943997478e-05	0.00245302362255121	0.0449884281091743
AT5G06150.1	1091.63085568546	2140.64540740205	42.6163039688583	0.0199081565874932	-5.65049655009283	1.22990868702723e-06	0.000140888870432768	0.056670255634966
AT5G06650.1	18.5288282423246	37.0576564846492	0	0	-Inf	0.000240740279661609	0.0131294569254493	0.316853956134626
AT5G06940.1	339.466251547822	663.089879629799	15.8426234658448	0.0238921207403885	-5.38732127211073	4.67634740676063e-06	0.00044765398357445	0.00372396689818701
AT5G07230.1	1267.42782609452	2534.85565218904	0	0	-Inf	1.65009818076815e-14	2.25881939965352e-10	0.123515605948187
AT5G07420.1	1122.04177558627	2238.91198424466	5.17156692787638	0.00230985718253731	-8.75798063146871	8.89412745503149e-11	5.66287026660121e-08	0.00990453457200465
AT5G07510.1	2709.11088949841	5416.13956778907	2.08221120775362	0.00038444563359057	-11.3449327857704	6.93164050746948e-06	0.00062631832941749	1.12222273082306
AT5G07520.1	1151.32014785719	2295.52236194478	7.11793376959931	0.00310079042905466	-8.33314826183331	0.000652646187916271	0.030233751832101	1.31326688948841
AT5G07540.1	3617.9204711652	7230.73729758554	5.10364474486104	0.000705826326530384	-10.4683991375212	1.89453646496579e-05	0.00151662629642788	1.14257241884761
AT5G07550.1	20636.3326615792	41252.9920440757	19.6732790827059	0.000476893386586031	-11.0340456035391	1.40167987145512e-14	2.25881939965352e-10	0.000176198009397976
AT5G07690.1	523.570406008744	33.477325130924	1013.66348688657	30.2791063181513	4.9202507199799	4.13409002098672e-05	0.00297068547492322	0.460328612169071
AT5G09290.1	85.4008674966334	10.0252372972829	160.776497695984	16.0371762710851	4.00334823803154	0.000816197751681802	0.0366927127184637	0.441928542872699
AT5G09430.1	84.7438656794839	167.47344233423	2.01428902473828	0.012027513118876	-6.37751781675018	3.8264485058639e-06	0.000380947298885607	-0.0117480811059609
AT5G09570.1	304.543469690123	560.602314304066	48.4846250761799	0.0864866659288927	-3.53137846721168	0.000898354401608606	0.0398624745660298	-0.000511327332260215
AT5G09910.1	55.3397936434633	105.711786908096	4.96780037883034	0.0469938170958102	-4.41138523366499	0.000521938407721392	0.0252466956300287	0.00289532836160922
AT5G09980.1	183.730821930078	354.374609315788	13.0870345443682	0.0369299441899524	-4.75906510748952	4.44060979900325e-05	0.0031660160176331	0.278476253509596
AT5G10420.1	68.1845581847395	134.892360692433	1.47675567704603	0.0109476598190254	-6.5132336786978	5.97514742791129e-06	0.000545291954271185	0.0312515268713832
AT5G10760.1	8093.73521011398	228.156820011739	15959.3136002162	69.9488781417759	6.12822901414622	5.09662380168256e-06	0.000482821337171159	0.526419832960985
AT5G11130.1	256.269838249121	512.539676498243	0	0	-Inf	7.74217591720263e-11	5.04679267288508e-08	0.1941977234889
AT5G11610.1	793.759717929172	8.77177865517835	1578.74765720317	179.980334578001	7.49169546990346	4.32914410548481e-09	1.12879340304727e-06	0.351491335785278
AT5G12970.1	173.134663884325	344.255038743911	2.01428902473828	0.00585115335446606	-7.41706325402356	7.71991274047498e-08	1.37541432693245e-05	0.0104028531675299
AT5G13150.1	243.916428055181	487.29532276267	0.537533347692243	0.00110309564361249	-9.82422639982227	6.04955530994754e-10	2.15097045812654e-07	0.0437939670657476
AT5G13170.1	187.07507378933	360.457657503584	13.6924900750758	0.0379864036455924	-4.71837305814212	5.17783478307756e-05	0.00361629491558922	-0.0021459441097776
AT5G13205.1	41.6645182199206	4.29630919394104	79.0327272459002	18.3954933591273	4.20128046417034	0.00107513491605544	0.0465744362844397	0.0745635409828231
AT5G13350.1	184.513687390694	367.618541287358	1.40883349403068	0.00383232436834419	-8.02756460855753	2.44305823053265e-08	4.92111575822624e-06	-0.00176882037794281
AT5G14150.1	71.171737148632	141.873863132587	0.469611164676895	0.00331006116495202	-8.23892640854873	6.54182151919351e-07	8.33032509546419e-05	-0.00250357391052002
AT5G15060.1	13.5608338532649	27.1216677065298	0	0	-Inf	0.00116421116110478	0.049993054677759	-0.0416469646112362
AT5G15110.1	1316.07616489406	2628.19167392166	3.9606558664612	0.00150698897107124	-9.37411542608007	1.71872730526745e-11	1.68572054172374e-08	0.00659668172356918
AT5G15140.1	1067.43732894491	2127.02126833991	7.85338954990705	0.00369220076301186	-8.08130328316082	7.52797053454824e-10	2.64231765762643e-07	0.0310350851420175
AT5G15800.2	1904.08284946793	3777.80967508232	30.3560238535354	0.00803535023316756	-6.95942337729661	1.16675607692616e-08	2.70707185373596e-06	0.196727272939715
AT5G16250.1	2015.50816893285	3962.89934252184	68.1169953438719	0.0171886766370717	-5.86239771433789	5.53292616785052e-07	7.14530436902885e-05	0.0445273499207281
AT5G16960.1	3516.67645680821	7023.75107965741	9.60183395901448	0.00136705214209881	-9.51471601339863	3.84473840306717e-12	5.98917371032167e-09	0.0169382449853524
AT5G17160.1	652.078908867597	1272.21257030431	31.9452474308899	0.025109991975043	-5.31559462223929	4.21179007288639e-06	0.00041182281648387	0.0359484791880536
AT5G17165.1	168.132216258458	319.816353520363	16.4480789965524	0.0514297621603803	-4.28125270788745	0.000191759587828438	0.0109374874907645	0.225180188969635
AT5G17340.1.DE	430.541974996878	861.083949993756	0	0	-Inf	5.26299057657963e-12	7.20450780027986e-09	0.0358464578928695
AT5G17470.1	21.6618116186169	43.3236232372337	0	0	-Inf	0.000103583823768554	0.00647469846377963	0.610103799505463
AT5G19600.1	451.050187908016	893.845297284464	8.2550785315686	0.00923546675990559	-6.75859940789572	7.78688073177477e-08	1.37541432693245e-05	0.0209516349741679
AT5G20630.1	4198.5002778522	7720.28866019084	676.711895513556	0.0876537038055295	-3.51204113645136	0.000995444927535689	0.0435356089873356	0.100438896929282
AT5G20710.1	2678.59441063767	5341.95165334019	15.2371679351372	0.002852359759866	-8.45362832846173	1.26816120068532e-10	6.67686872160819e-08	0.0128265432015188
AT5G20810.2	363.823231126987	703.197461108623	24.4490011453512	0.0347683296620643	-4.84608243090996	1.60784711165238e-05	0.00133392843099451	0.154367541392254
AT5G21080.1	318.56444241252	637.128884825041	0	0	-Inf	2.74929553808244e-11	2.21382980122415e-08	0.0990643798666181
AT5G23010.1.DE	6046.84958253201	261.456974562274	11832.2421905018	45.2550260336755	5.5000061220267	1.28420586949144e-06	0.000146495784562236	0.0913704112014662
AT5G23190.1	145.252712072648	287.150223809542	3.35520033575361	0.0116844775227444	-6.41926296504193	1.01255386071625e-06	0.000120529128689955	0.0780394470226506
AT5G23260.2	36.5321598622183	70.982108516683	2.08221120775362	0.0293343104518266	-5.0912671101371	0.000327425135682441	0.0172721490649593	0.121756736853746
AT5G24100.1	23.7199439292931	47.4398878585862	0	0	-Inf	7.59040109511692e-05	0.00500746990800268	0.198594369361577
AT5G24770.1	16215.5698036454	31744.7404232859	686.399184004878	0.0216224538254967	-5.53132593307625	1.70498162628819e-06	0.000186715947858072	0.0952618437379216
AT5G24910.1	98.6723830503786	194.860865911342	2.48390018941517	0.0127470448096299	-6.29369336878135	3.50067675888503e-06	0.00035235855994395	0.424744034448579
AT5G25290.1	34.2827988395281	68.028064331364	0.537533347692243	0.00790164107968623	-6.98363196913833	4.0213730541756e-05	0.00289729345992683	0.0394094118710539
AT5G25550.1	185.95676201168	371.91352402336	0	0	-Inf	5.20720929336033e-10	2.03661394333742e-07	0.0134415886705569
AT5G26730.1	2259.60153607066	4518.26384981196	0.939222329353789	0.000207872395365507	-12.2320141928466	9.60883403672711e-14	6.18243361613902e-10	0.432756378032887
AT5G26850.1	5157.5437426198	9557.81779881961	757.269686419993	0.0792303957199849	-3.65780218192148	0.000510790109691249	0.0249449661704068	0.119514216107937
AT5G26920.1	844.555832363697	24.5259440558032	1664.58572067159	67.8704035565035	6.08471068628273	3.76216341674543e-07	5.11836886757656e-05	0.256349243816936
AT5G27000.1	306.483323913466	571.068267289089	41.8983805378422	0.073368427100209	-3.76869683331947	0.000536871513559454	0.0257867864881241	0.249213968634801
AT5G28470.1	470.237021134376	939.936508921059	0.537533347692243	0.000571882613974928	-10.7719933332728	2.0237477856133e-11	1.78729570562971e-08	0.229914823075385
AT5G28640.1	1483.84136359058	2944.78424801231	22.8984791688593	0.00777594459910451	-7.00676634438119	1.31845725804529e-08	3.00806023423034e-06	0.0229586868096285
AT5G28680.1	301.878610922217	598.183965934896	5.57325590953793	0.00931695970958958	-6.74592503015483	0.000554139405207201	0.0264307119089943	0.961538620338113
AT5G28690.1	274.123737556865	541.265385710162	6.98208940356862	0.0128995675465333	-6.27653348915951	4.75901426352657e-07	6.29431364767297e-05	0.0396013354308391
AT5G28888.1	75.5340294509513	142.948824736365	8.1192341655379	0.056798187606732	-4.13801129477182	0.000639111224467666	0.0299104053050867	0.130695921192207
AT5G35390.1	56.122360002243	111.169653309101	1.07506669538449	0.00967050506486082	-6.69219304485223	0.000127903644253525	0.00773012355932231	0.675614528050725
AT5G36220.1	1038.49391673196	137.665033847225	1939.32279961669	14.0872576384855	3.81631888492903	0.000291722248526375	0.0156296902547067	0.0280862695227725
AT5G37060.1	138.291321015631	276.582642031262	0	0	-Inf	3.09369317956263e-09	8.80693940764773e-07	0.403298813008933
AT5G38240.1	281.46393512977	40.636882456759	522.29098780278	12.8526342629394	3.68399217793184	0.000599896280092067	0.0283171730282079	0.13521873859747
AT5G38300.1	132.273749377888	250.453319699039	14.0941790567374	0.0562746745528223	-4.15137038145179	0.000981394685771148	0.042989797931268	0.531158419975697
AT5G38320.1	46.7352436219267	89.5098313773923	3.9606558664612	0.0442482775971529	-4.49823489165047	0.000641931962077153	0.0299911489040073	0.00239120436790648
AT5G38435.1	169.824015229194	338.708808129034	0.939222329353789	0.00277294923194316	-8.49436308137316	1.44132710629489e-08	3.23447979640504e-06	0.121176925669018
AT5G39220.1	544.102416661603	1081.02482148702	7.18001183618412	0.00664185659151428	-7.23419771161742	1.56123510858997e-08	3.47508087829074e-06	0.240771330765831
AT5G39240.1	43.59263181375	83.9600635413466	3.22520008615346	0.0384135022070962	-4.70224268759603	0.00041361879950887	0.0207400283753733	0.0412962657929104
AT5G39400.1	432.107465428249	858.845441496007	5.36948936049189	0.00625198563217484	-7.32146982180978	1.76946969724921e-08	3.75539080397587e-06	0.0539375038654679
AT5G39420.1	349.489182923505	678.297942251935	20.680423595075	0.0304887016558187	-5.03558147447442	3.42619701272737e-05	0.00253520058957973	0.460503990947207
AT5G39532.1	13.6057897273313	27.2115794546625	0	0	-Inf	0.00106244896129491	0.0460978251384027	0.727476833599893
AT5G39670.1.DE	299.941336390878	28.8222532497442	571.060419532011	19.8131774980875	4.30838836295554	0.000107933236840116	0.00671590035956524	0.0108285699537618
AT5G39880.1	1643.18055928965	3268.10251710706	18.2586014722446	0.00558691209246619	-7.48373316434524	3.16351352906134e-09	8.80693940764773e-07	2.72532029503548e-05
AT5G40260.1	947.282067301609	1892.0802344138	2.48390018941517	0.0013127879802543	-9.57315034979815	1.68567349231343e-11	1.68572054172374e-08	0.150718504743916
AT5G40348.1	84.630864431173	169.261728862346	0	0	-Inf	5.19509635844395e-08	9.4820898734319e-06	0.291784252936068
AT5G41750.1	839.967255058524	125.044293975539	1554.89021614151	12.4347154652709	3.63630159065777	0.000562530537789558	0.0267834226904639	0.179471039437778
AT5G41880.1	433.581674513365	820.728077673872	46.4352713528583	0.0565781439870637	-4.14361133903169	0.000163225226722432	0.00946775478221769	0.300654580325245
AT5G41890.1	94.6805122400179	185.196602064529	4.16442241550725	0.0224864947255146	-5.4747974035479	1.63530296785086e-05	0.00134853387511509	-0.00842667445291356
AT5G42330.1	128.202370951943	246.333296780194	10.0714451236914	0.0408854395866679	-4.6122690379551	8.69398069147938e-05	0.0056040782357017	0.0656893433280162
AT5G42700.1	119.631741335986	238.72594932428	0.537533347692243	0.00225167540107703	-8.7947854195039	3.09882623464136e-08	5.90378517647128e-06	0.237858440679095
AT5G43250.1	56.0678327218838	109.651765254352	2.48390018941517	0.0226526238191735	-5.464178024639	0.000363844656441598	0.0185783690312387	0.632382608461438
AT5G43695.1	16.0225741870846	32.0451483741693	0	0	-Inf	0.000489552361049144	0.0241095051393303	0.567274195489748
AT5G44440.1	418.099895247484	835.124723799583	1.07506669538449	0.00128731273874067	-9.60142170132852	1.22684864764903e-10	6.58601221085005e-08	0.073851031180908
AT5G44568.1.DE	245.637909182067	17.5439994630029	473.731818901132	27.0024984838917	4.75502099785067	0.000181018521110609	0.01038824071381	0.521578753526089
AT5G44630.1.DE	1860.01835696698	3716.94735821384	3.08935572012276	0.000831154014946109	-10.2325965427332	9.60173724434493e-13	2.19063635229730e-09	0.263948078924598
AT5G45116.1	78.2310248998432	156.462049799686	0	0	-Inf	8.16423979124257e-08	1.41468706964961e-05	0.249935425342797
AT5G45380.1	3728.22676768627	207.210986233338	7249.2425491392	34.9848368608019	5.12865785906652	5.00488572866924e-05	0.00353154024431717	0.514224019118457
AT5G45670.1	3292.61661432562	6508.41492007684	76.8183085743952	0.011802921220869	-6.40471221923146	9.63247715442327e-08	1.59829066384121e-05	0.106283779868315
AT5G45700.1	340.564376983799	670.797308344707	10.3314456228917	0.0154017398316431	-6.02076285802944	8.15594590442187e-07	0.000100582651788857	0.359086173758205
AT5G46500.1	229.718722170849	19.5132148690002	439.924229472698	22.5449385160816	4.49473167039107	7.81196064743193e-05	0.00512890828561538	0.0178043123786006
AT5G46540.1	113.921857193369	225.026047398678	2.81766698806137	0.0125215148229899	-6.31944708314188	2.68545912854788e-06	0.000279553232020471	0.255836158913163
AT5G46795.1	159.195515064812	318.391030129624	0	0	-Inf	1.0966540065403e-09	3.63531173883896e-07	0.280955886112198
AT5G46940.1	220.376834040059	440.753668080119	0	0	-Inf	1.72031940916509e-10	8.26296575160034e-08	0.405342024834599
AT5G46960.1	64.5819636437704	128.626393939848	0.537533347692243	0.00417902835668096	-7.90261673660138	1.14136791164055e-06	0.000132971790148489	0.00128459270729005
AT5G46970.1.DE	75.3239262754982	150.647852550996	0	0	-Inf	4.57285370655798e-07	6.07745576592934e-05	0.542055503523725
AT5G47220.1.DE	746.340124627223	100.43042785851	1392.24982139594	13.8628287370973	3.79314976712334	0.000374650498893059	0.0190300210736441	-2.91360383463896e-05
AT5G47470.1	147.24415173992	292.609858821132	1.87844465870758	0.00641962190295114	-7.28329595535199	1.75039823688583e-07	2.72689244065922e-05	0.0364043881993549
AT5G47500.1	2800.27069645484	5549.13832117799	51.4030717316886	0.00926325291541419	-6.75426538050258	3.34805176492254e-08	6.27828501507188e-06	0.132162263372688
AT5G47530.1	194.21322516712	385.608783346178	2.81766698806137	0.00730706122306302	-7.0964929894801	1.39021295345432e-07	2.23889707292191e-05	0.00610778982605591
AT5G47635.1	269.886938827024	523.993332254788	15.78054539926	0.0301159278713624	-5.05332948075283	1.25442822890478e-05	0.0010698983193444	0.00549754050253208
AT5G47740.2	63.9998323093981	127.999664618796	0	0	-Inf	2.38115769988342e-07	3.54987219440977e-05	-0.0106588831671451
AT5G49340.1	24.7049937849379	49.4099875698759	0	0	-Inf	5.3850659347328e-05	0.00374193744063742	0.11287034195992
AT5G49615.1	50.9769214106681	101.953842821336	0	0	-Inf	2.5188119159816e-05	0.00193707956841978	0.723899261572272
AT5G49850.1	26.6855038685222	51.8263298769831	1.54467786006138	0.0298048861211644	-5.06830732872048	0.000900951600076054	0.0399130305936605	-0.0358977059643871
AT5G50040.1	173.032209819372	343.982208430989	2.08221120775362	0.00605325262969629	-7.36807372214785	1.17208517269145e-06	0.000135971812957401	0.528455750202684
AT5G50790.1	2017.88419435676	4031.80773284707	3.9606558664612	0.000982352366208787	-9.99147177273026	1.92811376181586e-12	3.77056418364248e-09	0.000924417878837558
AT5G51750.1	10306.5774090948	19732.3401235469	880.814694642751	0.0446381265033873	-4.48557971236104	3.61782138707792e-05	0.00266259983697364	0.000688280848814334
AT5G52220.1	45.2583637868851	88.1686717503857	2.34805582338447	0.0266314074689937	-5.23072751282668	0.000179381151400992	0.0103174310148243	0.393945837270257
AT5G52340.1	202.170267568901	388.831678470603	15.5088566671986	0.0398857848419136	-4.64798152333106	5.46072054664294e-05	0.00377534361429269	-0.00354353279052116
AT5G52360.1	504.36024474631	1006.10074493717	2.61974455544587	0.00260385907537466	-8.58513291479132	4.47497348835974e-10	1.85630036612595e-07	0.109412688849119
AT5G52620.1	15.7539443243018	31.5078886486036	0	0	-Inf	0.000550000354288194	0.0263711203147148	0.186862789814129
AT5G52990.1	268.789206510911	513.073177926316	24.5052350955055	0.0477616764036431	-4.38800271462977	9.04963344527041e-05	0.00577531152598166	0.00684132348431638
AT5G53950.1	103.67709653843	202.65223731366	4.70195576319949	0.0232020915511627	-5.42960132690113	1.42175950783763e-05	0.00119769020940242	0.0856522717583177
AT5G54010.1	467.523419977634	934.039695442898	1.00714451236914	0.00107826735553415	-9.85706934712754	6.28729050900598e-11	4.63407728344307e-08	0.0041959577728215
AT5G54330.1	22.6909330430358	45.3818660860715	0	0	-Inf	8.69944207090811e-05	0.0056040782357017	0.0179141139532738
AT5G54585.1	770.224525445799	40.6371035330821	1499.81194735852	36.9074519825838	5.20584023509945	4.33806743226333e-06	0.000420598179626648	0.0621328029520749
AT5G54970.1	373.957017577637	696.30719687454	51.6068382807347	0.0741150436364558	-3.75408978385737	0.000513988561962788	0.0249503171088957	0.268979893503204
AT5G55340.1	77.5826629342934	151.272592185141	3.89273368344585	0.0257332384354304	-5.28022316329993	4.55574522040673e-05	0.00323966734141027	0.0101880782237276
AT5G55520.1	651.177177817982	1288.86563210993	13.4887235260298	0.0104655777840457	-6.57820422761567	8.89557776115834e-08	1.50335264163576e-05	0.119722974101806
AT5G55590.1	91.6695669271439	178.840944640134	4.49818921415345	0.0251518980913725	-5.31318891246034	2.90949353187306e-05	0.00221266983098947	-0.00507058704851126
AT5G56390.1	17.1412757451516	34.2825514903033	0	0	-Inf	0.000373195246663193	0.0189913372920909	0.00217795938772625
AT5G56400.1	23.1387231731149	46.2774463462297	0	0	-Inf	7.32750172814182e-05	0.00486674849315188	0.514500522840125
AT5G56430.1	21.393181755834	42.786363511668	0	0	-Inf	0.000113825427357264	0.00701986177937797	0.306543126430541
AT5G57420.1	39.1166731006177	78.2333462012355	0	0	-Inf	0.000145476865094522	0.00860230153900181	0.837816646678478
AT5G57810.1	344.380361232719	686.814355623715	1.94636684172293	0.00283390529884219	-8.46299273641799	1.75575949744955e-09	5.36799169431675e-07	0.0467680442530693
AT5G58880.1	107.412593527634	214.825187055268	0	0	-Inf	1.12318598052932e-08	2.62825519443861e-06	0.0307611061925538
AT5G59780.3	1719.75404976612	127.282139244319	3312.22596028793	26.0227081344861	4.70169920332618	2.01591059370949e-05	0.00160440698356333	0.142798814395819
AT5G60615.1	255.295556653158	508.508902098561	2.08221120775362	0.00409473894982086	-7.93201280539744	8.8207770812153e-09	2.15620745472779e-06	0.0279972644276186
AT5G60900.1	2233.95556846955	187.69865566963	4280.21248126948	22.8036395146224	4.5111921951836	6.53791306985816e-05	0.0043871319614357	0.437880272420658
AT5G61110.1	44.6661093221788	89.3322186443575	0	0	-Inf	1.79574596232018e-06	0.000194323845677478	0.344074172704994
AT5G61120.1	267.937375511767	534.465917529504	1.40883349403068	0.00263596507807799	-8.56745302737281	3.18462634727564e-09	8.80693940764773e-07	0.00381151231594399
AT5G61160.1.DE	53.6946462556941	0.53703864924263	106.852253862145	198.965668509773	7.636375705249	2.8204385263892e-05	0.00215091827229759	0.635562504645175
AT5G61320.1	38.7352439994584	75.9937323218707	1.47675567704603	0.0194325983462853	-5.68537737219301	0.000138952671732827	0.00828811818453449	0.0266969700513771
AT5G62065.1	100.442222681102	200.414834197526	0.469611164676895	0.00234319563498005	-8.73730687385287	8.55863685255751e-08	1.46448974843325e-05	0.15170728818838
AT5G62750.1	605.804558903806	1208.11807310583	3.49104470178431	0.00288965522451753	-8.43488691496425	5.61269345973423e-10	2.13422668806394e-07	-0.00162843075102964
AT5G64770.1.DE	2224.35112098523	118.690184085406	4330.01205788504	36.4816357077119	5.18909851119101	4.02920154629632e-06	0.000399679275125003	0.100595748914844
AT5G64790.1	520.303207019395	1036.44199162328	4.16442241550725	0.00401799854614623	-7.9593072426088	1.89785723145802e-09	5.70983904207227e-07	0.0373464111905309
AT5G65350.1.DE	116.923798203784	221.89770662517	11.949889782399	0.0538531468582717	-4.21482554000661	0.000269221884821524	0.0144808580798501	0.182734205587654
AT5G65510.1	48.2241058764679	94.9714560758898	1.47675567704603	0.0155494686305113	-6.00699090956191	3.75394850638848e-05	0.00274801075422203	0.352430604893707
AT5G65690.1	1007.23743113236	2010.1125174166	4.36234484812275	0.00217019933477616	-8.84795672305895	1.1039081717725e-10	6.16791794424234e-08	0.155127391388064
AT5G66710.1	43.591076106209	84.7661742060182	2.41597800639982	0.0285016756864354	-5.13280944827126	0.000240238663606652	0.013128251760924	-0.019661542532477
AT5G67060.1	46.075756476076	90.1372239274138	2.01428902473828	0.0223469165897582	-5.48378040657846	9.91955716161817e-05	0.00625754921591664	0.0556136362462564
