logFC	logCPM	pvalue	padj	dispersion
AT1G02310.1	-5.97049316652466	0.0468110583848934	0.000793521889640231	0.0331680035031607	0.756965761543891
AT1G02690.2	-3.77003248660043	4.49824063068549	3.55690305611712e-06	0.000320045908023299	0.245299126347888
AT1G02810.1	-4.58821645586738	2.05387970510168	0.000452150407659162	0.0212332313222856	0.549632573747619
AT1G03050.1	-7.36742914507129	4.78085692646568	4.917982112594e-14	2.00961961609849e-11	0.246212976803392
AT1G05020.1	-4.56015828725266	1.46906766028632	0.000682269095619241	0.0294624026811728	0.571938739188292
AT1G05290.1	-9.43211999675841	0.299187969431013	7.27831375652992e-05	0.0045082731680153	0.778374666562918
AT1G05580.1	-6.3769453654951	3.91787006960124	1.2221855736013e-08	1.81853242576393e-06	0.351742868403341
AT1G05950.1	-3.58315842251962	3.42341586637633	9.47611834382217e-05	0.00557929393585297	0.313416007769788
AT1G06080.1	-6.9190363103374	4.12383142320556	1.01694651964308e-07	1.26554371885402e-05	0.447133729557257
AT1G06990.1	-10.608373849045	3.74134637869404	8.81170671165582e-15	4.30798047056631e-12	0.306370219607294
AT1G07410.1	-3.81923356323561	2.65967851427932	0.00062359599958441	0.0275367923816484	0.446204855011485
AT1G07795.1	-8.20906554733787	1.38343770826913	4.39822640403816e-06	0.000381058995220749	0.621151562111455
AT1G08320.1	-6.87055557916721	3.06100361256539	6.31836682304591e-09	9.99908941510699e-07	0.361379523119716
AT1G08560.1	-5.98232173547454	5.5176465634055	3.63791812698807e-10	7.72084670392863e-08	0.273338442133633
AT1G08930.1.DE	4.86496813557272	6.30755191004347	3.159061449382e-08	4.34617006840102e-06	0.260083403231276
AT1G09155.1	-9.76352878877427	0.616810021156306	2.14352595672723e-05	0.00155252522865815	0.719790384172226
AT1G09380.1.DE	-9.93690056369079	3.08499831889162	3.45066256364995e-11	8.99735615881983e-09	0.388727233467967
AT1G09790.1	-11.1113887823337	1.93440662595732	5.38473009218041e-08	7.08765098383247e-06	0.542606068663386
AT1G09880.1	-5.77152057560269	3.07969240040993	3.64604739510825e-07	4.09104449111777e-05	0.376822248082018
AT1G10155.1	4.72189048618555	1.50279417282309	0.000471123288654418	0.0220485699090268	0.563139119552951
AT1G10540.1	-5.078066474397	2.66079395710908	9.20670013098213e-06	0.000730611699089938	0.411158710055852
AT1G10640.1	-5.15514241547218	5.84692279998228	4.57509991571892e-06	0.000393685660176118	0.407382864947283
AT1G11000.1	-3.24970963300539	4.18786832435283	7.30839323389371e-05	0.00451668600355625	0.260235041665278
AT1G11920.1	-9.67384360840416	0.530302236298099	2.88737636384052e-05	0.0019962270224552	0.731315926348271
AT1G12000.1.DE	-2.65978748121141	6.25642234863728	0.000505058948670818	0.0233967917034004	0.24105126814747
AT1G12080.2	-6.8186477573513	7.11749254320988	8.23802163030174e-10	1.55545211168552e-07	0.343516376868227
AT1G13210.1	2.95836444613513	6.58807394442072	0.000762352637093695	0.0323091184185003	0.308421381706387
AT1G13340.1	4.57972745736896	2.58497540693495	4.75393672802235e-05	0.00309152683467449	0.416139034938071
AT1G14182.1	-10.2764522195153	1.11515695868374	3.28005020773504e-06	0.000298959632847493	0.65485454396008
AT1G14880.1	8.89021326545154	6.42450353387755	1.28689519645425e-17	1.35510064186632e-14	0.249051014944699
AT1G15125.1.DE	8.44186618994614	7.58851230346904	4.32027255374702e-11	1.11585303751402e-08	0.394648877469598
AT1G15380.1	-4.66816211778979	2.09953852395777	0.00039263848831097	0.0190259407663323	0.558592841585655
AT1G15460.1	-10.7433180726894	5.25386452538203	1.56230007123325e-19	3.88842285002036e-16	0.253641595183296
AT1G16360.1	-5.02847692082305	1.92994288864213	9.25670189507425e-05	0.00548549749963945	0.509218196879161
AT1G16520.1	-3.22682242955831	4.36091945031201	7.47297097014663e-05	0.00459764043192526	0.258525706445481
AT1G16630.1.DE	-5.81590734499564	3.8197808888809	1.33249515156023e-08	1.96134689566752e-06	0.310781955668636
AT1G16920.1	-2.81350807090527	4.68590439122624	0.000719695827914448	0.0307872380885027	0.279308964249533
AT1G17190.1	-3.5166744563456	3.79690414367805	4.74892084362626e-05	0.00309152683467449	0.280956823959068
AT1G17560.1	-4.47974668295066	3.40099799824342	6.23439597110129e-06	0.000515665537452601	0.333106310175306
AT1G18280.1	-11.4443151215254	4.57517235244499	4.69230428307093e-19	8.56439377746106e-16	0.255602037219505
AT1G18410.1	-6.11913898820506	2.20578358376093	5.02229898166173e-05	0.00323530591811611	0.626258336534311
AT1G18570.1	6.34445223881795	3.97582803551064	1.63686532839224e-10	3.7345082467269e-08	0.276753336865728
AT1G18960.1	-9.60459232875722	3.59310200673424	7.41695584735969e-13	2.5220377181277e-10	0.336089792691208
AT1G18990.1	-7.19488580504426	3.23633365825805	7.23444808218421e-10	1.39482196897211e-07	0.34107997143089
AT1G19780.1	-6.48347250521868	1.73018375986976	8.41846838023022e-06	0.000675896854293088	0.540052967201898
AT1G20080.1	-6.21563807682951	2.65399018512514	1.64063396613773e-06	0.000164532149175527	0.46122961137971
AT1G20120.1	-6.08583531735366	6.16307096915141	9.76472261981979e-12	2.78477683213986e-09	0.238801547623505
AT1G20130.1	-11.4233796510557	8.26925984416629	3.12876595835172e-17	2.6768548252423e-14	0.348835499031186
AT1G20150.1	-9.86555731212751	5.06994505075185	4.15334969595256e-19	8.56439377746106e-16	0.239920153202951
AT1G20680.1	-7.74707994680438	0.915936712648493	3.26478980674191e-05	0.00220156195391576	0.692074719248026
AT1G21070.1	-3.28643622430578	3.98818899309688	0.000447730164787614	0.0210980317582707	0.336249224880435
AT1G21120.1	6.13649757142227	0.683315613886849	0.000387930462076623	0.0188645829320316	0.739644537326664
AT1G21130.1	9.28486290182065	7.33731855391159	2.71886279139823e-16	1.73109361634653e-13	0.288883510033025
AT1G21240.1	7.70907064032795	4.16219089432151	2.73068105328765e-11	7.2583093084378e-09	0.328686389499925
AT1G22090.1	-7.29124091399175	0.496335451676765	0.000132225422032209	0.00741817132048733	0.745939608402871
AT1G22350.1.DE	4.36432081419545	3.62619642225206	5.78586938711531e-06	0.000481475781399523	0.319725563129173
AT1G22570.1	4.7045986832691	2.48717650519787	0.000166764557910926	0.00905888902080424	0.503204604407465
AT1G23070.1	-4.7986912845744	1.04916029868439	0.000776118645958323	0.0326648117047689	0.617578970694924
AT1G23250.1	-8.84378654418912	2.84929440121643	1.60761640342548e-09	2.87668770542372e-07	0.427804890161946
AT1G23380.2	-4.60036778600306	3.26968112365797	3.56844338555159e-06	0.000320045908023299	0.330540196506793
AT1G23500.1	-8.15683158931003	-0.890841196956693	0.00124455397035412	0.0479907022540212	0.883253924545055
AT1G23510.1	-9.28933916101329	2.44423751767945	8.58862992794549e-09	1.33601994413234e-06	0.471393736265671
AT1G23560.1	-7.39532196809157	4.8110450740774	1.4733264947875e-14	6.83673436852408e-12	0.237584697767499
AT1G23620.1	-11.9087454755047	2.72318783172089	1.70145801375411e-10	3.84979483475702e-08	0.434424681782547
AT1G23640.1	-11.3885942135424	2.20798575622959	9.47741041478003e-09	1.4659465668692e-06	0.505215965906568
AT1G23660.1	-13.0188357874459	3.82707539142438	2.89970892141112e-16	1.80427797387259e-13	0.295880904063432
AT1G23800.1	-3.56147021465356	5.00858281716284	5.10468052131904e-06	0.000430018287115916	0.231616676210902
AT1G24020.1	-6.04445815992169	9.13318160486528	1.41461990564337e-09	2.56486515077511e-07	0.300353759080573
AT1G24220.1	-9.6607976375526	0.517713972661273	3.00778378208792e-05	0.00205354375027439	0.732622313249023
AT1G24540.1	-10.093371260597	0.936901309067074	7.21564899494021e-06	0.000587946542212718	0.683575703406631
AT1G24600.1	-4.31628265633046	3.01819382340655	2.39800093026497e-05	0.0017141636937022	0.357919745963203
AT1G24620.1	-8.87993994255022	2.87367967660404	4.74173008649481e-10	9.83477926576173e-08	0.401346960424075
AT1G24625.1	3.54862360631978	2.72797164719499	0.000792870410894825	0.0331680035031607	0.4126405164107
AT1G25330.1	-9.67905021980032	3.66712943758657	6.96904735049322e-14	2.76519678785222e-11	0.309736551828586
AT1G25430.1	7.35126725031019	2.55245085363695	1.41781726087158e-07	1.71000004264943e-05	0.463815598022382
AT1G26310.1	-8.79614083174033	1.95828002182633	2.45039072792394e-07	2.84266090462295e-05	0.544043456677948
AT1G26320.1	-11.9885314792896	2.80240927312105	9.31988827008639e-11	2.21878174833413e-08	0.426414340650779
AT1G26390.1	8.2361751818576	-0.820642742051653	0.00120769994359731	0.0468334405889621	0.89941197914489
AT1G26540.1	-6.39007698425888	2.84862267253297	1.0761940305303e-07	1.33321448723342e-05	0.392981667601054
AT1G26720.1	-11.7000844356413	4.83045190131989	3.91844133053716e-20	1.1919898527494e-16	0.248286776637932
AT1G26760.1	-5.36158683258099	2.14546357545027	2.85092260143935e-05	0.00198102941579205	0.488228737446903
AT1G26770.2.DE	-3.23559552965782	4.59637429446434	0.000180971934409529	0.0097149992554198	0.2899828125174
AT1G27260.1	-8.55646744944222	-0.524367974490845	0.000722939273039122	0.030856636664815	0.894832887101954
AT1G28305.1	-10.1678441794634	3.31405352945068	2.34712545393993e-12	7.30222734976901e-10	0.356805446106042
AT1G28306.1	-9.66851692342698	2.80590748920273	5.12878106033417e-10	1.04787886470022e-07	0.425909400313263
AT1G28700.1	-9.66622526794394	2.8169180628845	5.5247585070401e-10	1.10406451391054e-07	0.428547622728716
AT1G29010.1	-9.20179321645019	0.0784086583316336	0.000118567513408075	0.00681962475228207	0.788890159173698
AT1G29140.1	-8.99038699035249	5.74568603510533	1.44837146367699e-17	1.42849941930662e-14	0.248795938134096
AT1G29630.2	-3.46377568358575	3.08628692807826	0.000460710022484051	0.0215981489650143	0.365952166741371
AT1G30650.1	-5.69555005632678	0.949594688209732	0.000627483771687366	0.0276638497604778	0.745518308468676
AT1G31860.1	-2.5906987909376	4.32259846317751	0.000986383888157843	0.0397720443151479	0.254108200268939
AT1G32250.1	-10.1400412222532	0.982527890181618	7.26459758606354e-06	0.00059017849469213	0.690987836055229
AT1G32300.1	-9.3807566348079	0.249782083937812	7.50626447739127e-05	0.00460776925699592	0.772116562310762
AT1G32320.1	-8.18942886363321	-0.860283823197402	0.00128894382060071	0.0493548306579107	0.900753396652964
AT1G32350.1	6.70197946583523	-0.115945483205148	0.000978435986225131	0.0395097646473033	0.860900052069953
AT1G33430.2	-7.5298028424979	7.02344913642844	3.24192590986016e-14	1.3654991932331e-11	0.258508513180835
AT1G33720.1.DE	3.30650044804899	3.58144287560985	0.000314402638426147	0.0155373924816445	0.32156345978227
AT1G35730.1	-8.26737089765693	-0.790622251863871	0.000989330292604441	0.0397857125443868	0.874032575223047
AT1G44191.1	-11.3535688623952	2.17304631604719	1.39537703596738e-07	1.69058013670174e-05	0.609739793392696
AT1G44760.1	-3.25727200740828	5.85567551721762	3.08780039625283e-05	0.00209251978338144	0.239074821383812
AT1G45201.1	5.42184126431318	5.77782055762873	4.31525267375743e-10	9.07352859475522e-08	0.239943731651887
AT1G48630.1	-2.97641191957776	6.38500167260055	0.000128602956217496	0.00724463320025227	0.242623482508297
AT1G48953.1	-8.55733344955674	-0.524160808208815	0.000617054858388624	0.0272919675492144	0.869127191859244
AT1G49290.1.DE	-6.06743191703443	1.95737368956331	1.00962974145886e-05	0.000789761230333159	0.512840855464745
AT1G49830.1	-6.87819765970603	0.102695784136843	0.000429854565220231	0.0204315248031241	0.797352950966964
AT1G50240.2	-3.99304094874762	3.93277805353322	4.76761813281593e-06	0.000406628813832506	0.274863597590062
AT1G50310.1	-8.25636752830213	5.84365720367162	6.35912698910706e-17	4.70541023534522e-14	0.235666699153125
AT1G50810.1	-5.66148340819173	1.74864234433018	6.66921737648861e-05	0.00415922171602518	0.572543884551138
AT1G51420.1	-4.5816436824099	1.72629300470578	0.000521395944455772	0.0239912238106052	0.556581782978425
AT1G51460.1	-4.30224146029182	5.29664693064682	4.87951048560372e-07	5.34364952299435e-05	0.258556868304051
AT1G51800.1.DE	3.77777281278839	3.51578457511835	4.05146636240039e-05	0.0026727962908385	0.309488798969831
AT1G51860.1	6.83616880481771	1.35950850379656	1.64629868404254e-05	0.00122812984664078	0.593879081854372
AT1G51890.1	5.26651911620359	1.77283341226946	0.000165784663640768	0.00902356366035178	0.583678555686148
AT1G52343.1	-11.2445726983476	2.06592510834915	3.08522540324394e-08	4.2660253075764e-06	0.533965498616615
AT1G52690.1	-5.60076124962587	1.30205283933877	0.000592449565011883	0.0263756006066423	0.735424633548621
AT1G53140.1	-5.11772228664779	3.58392871499505	3.25913980120107e-07	3.68713758170591e-05	0.319257362671472
AT1G53520.1	-3.90915458346518	4.19925294916892	0.000122939532746046	0.00698201687399853	0.374531463787129
AT1G54020.2	-5.53555790518731	5.80054596413555	2.53307509011454e-08	3.57476957820391e-06	0.309139871127173
AT1G54540.1	-5.82378855664168	0.397287653121413	0.0010307165752486	0.0410756308546669	0.796900083795318
AT1G54870.1	-12.0086451108739	2.82231850563322	6.12047559251926e-11	1.49612839974993e-08	0.418471226439727
AT1G54930.1	-6.73375879631564	-0.05326855037218	0.000565790904447402	0.0255193136440873	0.796968005593095
AT1G56120.1	5.07867920497548	6.14610692970226	2.73317155951075e-09	4.59072214455739e-07	0.240309870695411
AT1G56430.1	5.81255731519722	2.8197526635289	1.03736313907242e-06	0.000107988319473478	0.407782807577033
AT1G57550.1	-9.97658145906968	0.823694724655828	1.21107685482509e-05	0.000928763645137289	0.705785224213898
AT1G58225.1	6.48794547766333	3.13479230081024	1.18773860614137e-08	1.77693483928625e-06	0.349381494580043
AT1G60060.1	-3.92341352877224	4.79374487334064	9.48020240274409e-07	9.98265313008953e-05	0.234848455604277
AT1G61630.1	-10.4894114763833	1.32327373570268	1.37452823941175e-06	0.000138352331391966	0.628904189653269
AT1G62180.1.DE	3.11376715096113	8.57554703194203	9.22106931253828e-05	0.00547623504639204	0.251726171238288
AT1G62450.1	-9.63397994274	2.77159804275038	7.36494507822726e-10	1.41005221224969e-07	0.43195547091369
AT1G62480.1	-3.59622216528505	7.34745285242393	2.42419312672691e-05	0.00172837394332108	0.275187711693089
AT1G63100.1	-6.14309977607236	3.8773369619884	7.62974463756154e-09	1.19364084964091e-06	0.324176000269562
AT1G63190.1	-8.49295569570268	-0.583920733630784	0.000670786185784983	0.0291967952216554	0.866959756265633
AT1G63930.1	-6.48372163212964	2.68065127511651	1.86247760179002e-07	2.19788412852617e-05	0.412633932575618
AT1G64030.1	-8.26023818280496	1.43302452938497	3.30483919747e-06	0.000299602276650112	0.610588282477458
AT1G64450.1.DE	-3.04181909164553	3.56217349448754	0.000573547595843603	0.0257842135944272	0.305849105706996
AT1G64710.1	3.52533333695329	5.30358114119326	1.16255425766056e-05	0.000896574942710729	0.246382852643755
AT1G64800.1	-7.93870955879695	1.10206457839174	1.59376163379024e-05	0.00119545221944956	0.666222694240485
AT1G65240.1	-4.58888987079122	2.16356066003837	0.000529054101356402	0.0241810403788574	0.56406070659975
AT1G65370.1	-2.86999752393367	6.1827523188643	0.000180710816782923	0.0097149992554198	0.238057877924349
AT1G65470.1	-2.86211949351365	3.77257914898551	0.000888975348583175	0.0363802198707177	0.295627800655835
AT1G65490.1	4.11309150318439	5.91828840163672	2.33881990551255e-06	0.000223108750428999	0.273551685947724
AT1G65800.1	4.03850428015863	6.99668241903825	1.40145824715487e-05	0.00106285661746831	0.313410560883671
AT1G65845.1	5.55219133365607	2.32430355441256	9.71861822681462e-06	0.000766790575832077	0.461081549592044
AT1G65875.1	-9.76821904932558	0.6203718932565	4.88763630527604e-05	0.00316344460439356	0.797342670960302
AT1G66235.1	-9.83222367448873	0.683703388026937	1.75010157852633e-05	0.00130201850589385	0.713070501497307
AT1G67110.1	-7.21486716040587	0.403059385513165	0.000158012958218913	0.00866949653330141	0.746015294368522
AT1G67290.1	-7.36373209987259	5.31550279962039	6.2769711077059e-12	1.82820122326353e-09	0.299444604835606
AT1G67540.2	-10.2627981270038	1.10183884701441	3.57710745325187e-06	0.000320045908023299	0.658659411767126
AT1G67830.1	-3.22158616455127	4.98406355273497	0.00012317605924981	0.00698201687399853	0.274479989704471
AT1G67860.1	2.72100723326237	5.94415833589149	0.000544383381334567	0.0247576880634182	0.253500036036853
AT1G67990.1	-10.5910758824268	7.32988586398159	2.42209074710606e-21	1.65780001185674e-17	0.249469058714494
AT1G68110.1	-5.94056415334259	3.86546912113195	1.97984133687125e-09	3.49703845941039e-07	0.287576230105005
AT1G68560.1	-2.50792034027629	8.72201037940977	0.00119558577854127	0.0464953798933281	0.250035556176877
AT1G68610.1	-5.27813937357583	1.86801833901682	6.1810050774886e-05	0.00388127424338263	0.516361833349977
AT1G69180.1	-12.5959645311261	3.40599883909185	5.15464773667565e-13	1.85689402282508e-10	0.367961874094918
AT1G69720.1.DE	3.24487913700447	4.20429249696845	5.9825211990877e-05	0.00376527506640513	0.253404693699894
AT1G69940.1.DE	-9.96401898134621	7.65141462326421	2.54765278442383e-20	8.71870474149445e-17	0.248123230087036
AT1G70250.1	2.89366670786419	5.21248886920268	0.0002609264368774	0.0133028752119729	0.252720368122349
AT1G70560.1	-3.25895305064871	3.92968603640473	0.00016189238187151	0.00882926221290477	0.288095724602464
AT1G72110.1	-9.67238323513213	2.82293853066063	3.55994472997368e-10	7.61438803259528e-08	0.418687490662092
AT1G72900.1	2.97055223868879	4.11210276397386	0.000332801400811358	0.0163287396978734	0.271519945241882
AT1G73620.1	-5.47194338126612	3.18439034861326	3.16214332121932e-07	3.60721499368094e-05	0.347845041409435
AT1G74030.1	-2.91118522345244	4.88791875520321	0.000556420638868389	0.0251380928233313	0.284451648380976
AT1G74150.1	-4.1080250034031	1.89067838600007	0.000753030060521701	0.032013131982862	0.505200255899567
AT1G74550.1	-8.24831474869304	5.99768310322778	1.74158977876573e-15	9.34926371824475e-13	0.261078314177717
AT1G74810.1	5.53553841082652	3.0191732737996	2.39468170008421e-06	0.000227644429114256	0.411686058170303
AT1G75050.1	-4.93466007114882	3.005552866073	6.96623962543368e-06	0.000571023079236896	0.385293104253309
AT1G75530.1	-8.26340758222229	-0.793286232605946	0.00113617561940676	0.0443740600686422	0.893481782262077
AT1G75780.1	-3.03884886066199	4.07494840183365	0.000767431438295388	0.0324740926084252	0.320220985454961
AT1G75870.1	-7.35284554002575	2.81296626153922	3.08191874384797e-08	4.2660253075764e-06	0.424971330846093
AT1G75880.1	-4.98521720696768	6.40664654033115	1.41394741509235e-08	2.07010975028869e-06	0.256834962836516
AT1G75920.1	-11.2837037008216	5.26664801113081	3.50754285356465e-21	1.92059016489786e-17	0.238725897911462
AT1G76470.1	-7.34869563819162	4.73139454077887	1.2661963604256e-11	3.57380659337444e-09	0.302428162261398
AT1G76740.1	-5.13311225336133	3.44262463223425	7.70174161207735e-07	8.1728016223044e-05	0.341059967875933
AT1G76960.1	6.73813439351675	6.7194223398571	5.3230971337705e-13	1.89267212114765e-10	0.245731804658139
AT1G77410.1	-2.89732646072532	3.68752497704294	0.000645195661128571	0.0283079596320161	0.286894069796152
AT1G78770.1	-3.37512248803339	3.07729123923951	0.000555127476995575	0.0251380928233313	0.358921401715135
AT1G79250.1	-9.54374355479853	2.69566984199843	1.14812083974523e-09	2.10961425171443e-07	0.436999141696654
AT1G80130.1	5.07943023755003	8.02920778340716	2.94438151443767e-08	4.11282026032013e-06	0.277178662161083
AT1G80160.1	-4.19253316543462	2.70675851502992	0.000151392247781725	0.00832292562202424	0.420831061494443
AT1G80180.1	2.77950619784309	5.4780562026272	0.000222668908805566	0.0116562703351411	0.230927090955792
AT1G80470.1	-6.48812665083701	2.80591228026905	1.80969939282585e-07	2.14484631934139e-05	0.413437723175739
AT1G80540.1	-8.24290902332418	1.39841926656615	4.5871037181745e-06	0.000393685660176118	0.625806459152354
AT1G80660.1	-8.46361814128118	6.9851550471801	3.04088431427609e-17	2.6768548252423e-14	0.242326189852578
AT1G80990.1	-8.74287625913311	-0.352228221633211	0.000399403096428697	0.0192515105176494	0.847635017660633
AT2G01520.1	-7.57692910698611	4.22949613666437	6.7013452050986e-14	2.69807983860573e-11	0.252820353733677
AT2G05410.1	-8.25522061251445	-0.801146340784372	0.0010707411711645	0.0425299716262616	0.882869782750333
AT2G05520.1	3.74327361237348	7.90258184932505	7.59180656839984e-06	0.000614936332040387	0.262111475057895
AT2G05990.1	-3.8878672268279	7.25917404896915	3.28683064822469e-06	0.000298959632847493	0.258375268410907
AT2G11570.1	-9.27365429581209	0.146880305866966	9.66501003143047e-05	0.00567829709528977	0.778961078411182
AT2G13116.1	-8.87902333845803	-0.224947426602217	0.000286842474924842	0.0144094922541144	0.830313059682528
AT2G14560.1	5.38996692607688	8.24540114542855	4.64467492531141e-08	6.20302000513053e-06	0.311047769959998
AT2G15080.1	6.70307632321137	6.2299588651661	1.72885011563278e-12	5.56852452538757e-10	0.254510402678059
AT2G15340.1	-5.9376248524876	1.18341851599959	0.000121380811070414	0.00692325801142876	0.630586341377509
AT2G16380.1	5.59222168403049	3.56767358760377	3.27940839662995e-08	4.48918215414674e-06	0.309860970535893
AT2G16450.1	-9.34656682675978	0.217328474061065	8.81740158284271e-05	0.00528233742965137	0.782833989751324
AT2G16505.1	-10.0402950824183	3.18772980584356	2.10101234926208e-11	5.63936432334287e-09	0.386245075229404
AT2G16592.1	-9.8315578815967	0.683455218281742	2.2818277385266e-05	0.00163968188518061	0.735881177898158
AT2G17000.1	-9.0405119225132	-0.0751181976811243	0.000213119937853507	0.0111777732922477	0.826235822996942
AT2G17040.1	5.58812361859061	5.23214396336761	1.12750645625005e-10	2.61600608128931e-08	0.23384412660783
AT2G17170.1	-9.36276617038508	0.232807111372835	8.43697284713883e-05	0.0050878291323561	0.781378098836416
AT2G17630.1	-3.82482339493302	3.77961470972846	1.43918902667839e-05	0.00108845627548069	0.283781095347339
AT2G17845.1	-6.91741990315977	0.93336787729951	8.20642512554802e-05	0.00499278904638341	0.698714380275773
AT2G17950.1	-10.1371120618817	3.27185088788778	3.30241788255927e-12	1.00459551987453e-09	0.359652424428875
AT2G18500.1	-5.18587474742794	0.47821229480205	0.00102604995120406	0.0409648497870948	0.694563052880209
AT2G19000.1	-7.07962568321121	4.31664521316176	4.09996423254179e-13	1.49665094344706e-10	0.250205945735511
AT2G19130.1	3.42805700472838	5.1095754125236	7.23595606129062e-05	0.00449219966090736	0.285478130851214
AT2G19500.1	-11.5516566386512	2.36925945161277	3.59807444353778e-09	5.89868755180703e-07	0.488409645770003
AT2G19670.1	-4.46514046226145	2.99439239049587	1.88963527471122e-05	0.00140201719650525	0.367135215796592
AT2G19800.1	-5.0430049690508	3.58875270425528	2.20843565358115e-07	2.57287452441467e-05	0.305563650048521
AT2G20430.1	-8.3149924046713	1.46956484672389	3.24512926576476e-06	0.000297140966682634	0.61483121613817
AT2G21050.1.DE	-2.64431658033159	4.57627209862133	0.00116652394298444	0.0454297190768535	0.271552445581842
AT2G21237.1	-9.48563094880393	0.349833162014891	5.14006233162546e-05	0.00329565870059114	0.753167724785591
AT2G21260.1	-4.90600348682057	1.63108556936002	0.000243006287293349	0.0125292394228198	0.552310129698668
AT2G21540.1	-2.88157683996735	4.09926730193321	0.00121841578128261	0.0471821601979568	0.316037539351193
AT2G22180.1	-10.9615231703054	1.78627300274408	3.93478383963451e-07	4.37912650250056e-05	0.617369925871205
AT2G22340.1	-6.21563800322991	0.278063853380141	0.000391560861473005	0.0190073639457588	0.725970301148134
AT2G23700.1	-3.1922478948703	3.82010239592	0.000206104389326827	0.0108730328012598	0.286910284808411
AT2G23900.1	-8.51410480723521	3.97215294953145	2.04429499650159e-14	9.17519810069187e-12	0.271149866463722
AT2G23945.1	-5.90740180583211	1.1631307749825	0.000146168551956109	0.0080519167312965	0.642140873530999
AT2G25625.1	2.911666159509	4.1507070577116	0.000230208628655531	0.0119594911486359	0.249748233415364
AT2G26010.1.Hnull	-5.28102499131858	5.09746519432373	0.000609630818138708	0.0270510089773121	0.732621269409957
AT2G26760.1	-5.35063250783213	3.70663326724768	1.92372595634137e-06	0.000188099175831121	0.393738542715252
AT2G27180.1	-4.08310475015354	3.68792605281418	1.25286602103183e-05	0.000958127539771217	0.309463136255348
AT2G27650.1	-9.70640049742862	0.56216673370517	2.5776252183687e-05	0.00182351998006455	0.72584403043335
AT2G27660.1	4.32298203016109	2.41422806253747	0.000284833297818606	0.0143612634027216	0.474367367936608
AT2G28355.1	-12.8177943867417	3.62684378623929	1.13557808016851e-14	5.36032011704371e-12	0.326869690806598
AT2G28740.1	-2.95079471716306	5.68479579636913	0.000206118197963834	0.0108730328012598	0.253440806002927
AT2G28790.1	-6.86409901362754	6.54414664983723	3.71010813490577e-13	1.39144302078699e-10	0.248353202501448
AT2G29550.1.DE	-3.42655450383747	7.25019912456444	8.25360854981409e-05	0.00499927643532766	0.291173499464464
AT2G29570.1	-4.07627206778058	4.73904395125837	1.08517408945682e-06	0.000112112815928864	0.251978749808998
AT2G29710.1	-4.40113310779156	1.48543067625361	0.000930356903135871	0.0378474164844783	0.570914675964004
AT2G29890.3	-4.60645629255332	4.67573260214063	1.25994332940165e-06	0.000128233191347057	0.307774314342121
AT2G30250.1	5.88558078478053	4.65780326563556	3.34141183033462e-11	8.79626664335589e-09	0.236642696462022
AT2G30650.1	-8.37955788888732	2.36630940848195	5.56835835285212e-08	7.29428301360696e-06	0.488152805425234
AT2G31230.1	4.17744030451983	4.25332181845628	1.85199826612248e-06	0.000182388519891731	0.271862373123418
AT2G31880.1.DE	3.46354627883315	7.04588195198829	2.76551974776449e-05	0.00193642965867765	0.262292977523535
AT2G31985.1	-8.77935226002604	1.92585145321757	2.5493304789279e-07	2.94496075325266e-05	0.542357461400295
AT2G32290.1	3.13303330277809	5.28223680100342	6.62566281153116e-05	0.00414149306972831	0.243471491339432
AT2G32530.1	-3.76366557785116	3.08284513984607	0.000180161871898398	0.00970959001739042	0.366912344599306
AT2G33100.1.DE	-5.08247902673065	2.90649830135834	2.51829048317993e-05	0.00178615950384715	0.457212322467098
AT2G33190.1.DE	-8.97650446922014	-0.133826867730207	0.000202683858843652	0.0107958729327267	0.805568476688583
AT2G33240.1	-3.52775418468959	2.60121975474698	0.00105569847199801	0.0420100476255256	0.425803602141461
AT2G33560.2	-5.34498601962285	3.10840844609978	1.02539850206435e-06	0.000107150229730984	0.367536364157691
AT2G33850.1	-5.96660765738987	5.20712346001607	3.86494129309261e-08	5.23833478823216e-06	0.35116322234268
AT2G34220.1	-4.8472227500197	1.11267654732666	0.000776710951121505	0.0326648117047689	0.632351308362355
AT2G35190.1	-3.97053727532066	4.38225248437554	2.98943958153433e-05	0.00205125004669792	0.327086121976622
AT2G35210.1	-6.9204791748474	2.96027202745168	1.05678335778959e-08	1.60736748719797e-06	0.373990090263567
AT2G36220.1	3.03645966415141	4.15268708934568	0.000131923580584961	0.007416434885534	0.249393873801115
AT2G36570.1	-3.71157217824478	6.14708091128998	9.62092176560268e-06	0.000761276289302515	0.26368636639384
AT2G37370.1	-6.1129595492994	1.60529363335769	2.60489718197827e-05	0.00183806378990209	0.560009013614324
AT2G37390.1	-4.67722333580672	1.68210036188382	0.000327401581814612	0.0160926400483312	0.538262593864381
AT2G37600.1	-2.52163609752056	5.39303835908212	0.000750131770823225	0.0319395141860004	0.233070637480982
AT2G37670.1	-4.48315079446605	1.65387583052925	0.000531764793284451	0.0242644275175695	0.543019387295797
AT2G38060.1	-5.29791114683711	2.16079768060285	9.45107323898087e-05	0.00557654058484522	0.549369410353415
AT2G38470.1	4.31984424641114	5.88881431610779	1.7606582893962e-06	0.000174649647272062	0.288386587347007
AT2G38860.2	2.79852978753342	4.70039517203897	0.000324679394979644	0.0159875404240157	0.245635308223166
AT2G39030.1.DE	4.10677032667564	2.75621394409245	0.000235764783582088	0.0122018303306435	0.431240095804179
AT2G40000.1.DE	2.714190630038	6.70637678575098	0.00059094386720273	0.0263756006066423	0.255787790501323
AT2G40116.1	-5.65898587857082	2.9199542026059	5.34177274393832e-07	5.75775803872218e-05	0.377209209028999
AT2G40550.1	-3.83557719474752	4.02417940875483	3.29789825572687e-05	0.00221298672660025	0.31189983357232
AT2G41090.1	3.48449167816654	9.1665377897968	1.49324675325172e-05	0.00112622891489051	0.248960703982802
AT2G41650.1	-3.69523263421221	5.5424394607379	3.13905641723052e-06	0.000289363927915613	0.236195795199057
AT2G41940.1	5.36094858479714	4.97622550988663	2.32145691549369e-10	5.12555221228921e-08	0.227659009736926
AT2G42260.1	-4.53262698205777	1.5978814231965	0.00108303331975169	0.0427947783647887	0.612260400166554
AT2G42660.1	-8.53814050785877	-0.543338000171744	0.000551845704525071	0.0250554422860487	0.847972083266616
AT2G42740.1	-3.11335216380733	3.87354287370763	0.00017420858716737	0.00941708543052712	0.269388760769245
AT2G42990.1	-9.2068049425286	5.8406079512108	4.64773682232644e-17	3.63559253490438e-14	0.263916214603568
AT2G43060.1	4.57758963628959	3.59033781704436	1.09405584110366e-06	0.000112605491796	0.298460261058073
AT2G43360.1	-2.46517677431073	5.93493799926006	0.00101061028992878	0.0404849984628151	0.235362957936896
AT2G43386.1	-9.26081740217842	0.135145312750271	9.93491644095209e-05	0.00579953395139417	0.78019935180718
AT2G46130.1	-8.19356950308342	-0.857563165952183	0.00115810147425786	0.0451659574960565	0.88117958714117
AT2G46430.1	3.77493328586136	5.86773359305326	2.15618416073182e-05	0.00155757282196612	0.293007156604638
AT2G46780.1	-2.71397100660724	3.88832627221026	0.00127977316864222	0.0490723106597853	0.286832497802142
AT2G47040.1	-8.31306413476549	8.51001789802681	1.57541386068757e-16	1.07829201694761e-13	0.250698976210531
AT2G47130.1	3.02970404099688	3.97434431631266	0.000334489141306421	0.016382189106775	0.281221122991148
AT2G47340.1	-8.23247904669801	1.40608880706024	8.88473129402304e-06	0.00070917251710718	0.670189575132504
AT2G47550.1	-6.43844667018181	2.30587466192315	6.37285302803504e-06	0.00052553003072754	0.536013902888794
AT2G48150.1	-4.29348815375512	1.79026540270609	0.000649372980033848	0.0284002131747072	0.525065678332938
AT3G01085.1	-6.87729755869067	3.06202297635316	4.85324483858843e-07	5.33623040927205e-05	0.483750494831536
AT3G02640.1	-6.24085970944128	5.22668406496016	2.53021045445965e-10	5.49778585890447e-08	0.284055682797489
AT3G03760.1	-10.5549611529002	3.69846750273146	1.62211746623005e-14	7.4017219984077e-12	0.311107965332377
AT3G03800.1	-9.21691917048975	2.35808216721861	1.53425305637314e-08	2.22247514166051e-06	0.48168490750481
AT3G04720.1	6.10960502746801	4.44817447461748	4.87403102263712e-10	1.00331745366736e-07	0.282109738417449
AT3G05330.1	-2.82070252253496	3.81316764090512	0.0007235722382501	0.030856636664815	0.279223366754645
AT3G05610.1	-7.04013679610588	5.15557517712364	5.30001148960833e-12	1.57721428872279e-09	0.280300069324823
AT3G05930.1	-6.32303640230929	3.42181598504604	1.14732654304446e-08	1.73544232571665e-06	0.342008225034739
AT3G06160.2	-6.12004646026848	3.78500407515999	6.8815962872438e-10	1.35542692915224e-07	0.283769888108264
AT3G07120.1	-5.67000873201434	1.1864579524454	0.000127449763079708	0.00719447343009538	0.600189941895342
AT3G07195.1	5.2811222689951	2.24996592490372	1.96005068268236e-05	0.00143710763246888	0.462062709575611
AT3G07820.1	-8.47156507585731	7.71526841101223	4.59794310507815e-17	3.63559253490438e-14	0.247048873033083
AT3G07840.1	-11.0794422903995	1.90277721914272	6.83065481548325e-08	8.8212107329387e-06	0.549085533856903
AT3G08770.2.DE	-8.8277135535094	9.06190247596592	5.73415151372111e-17	4.3608222261849e-14	0.263240019488397
AT3G09070.1	-3.19870489434811	4.06167995729065	0.000101207708214579	0.00589545667127391	0.263572097147518
AT3G09500.1	-2.49984488064314	7.52381717772317	0.00125652521134511	0.0483841733279978	0.250659942324978
AT3G10430.1	-9.23501877780535	0.110981784248733	0.000113909703582703	0.00657936680313763	0.79003276715292
AT3G10460.1	-11.6852594719531	2.5017015367755	1.11882436691258e-09	2.08375330049881e-07	0.46526369246863
AT3G10520.1	3.02393748419264	5.82901302990443	8.00824741315354e-05	0.00489396869815441	0.23511529091236
AT3G10570.1	-4.82702994505319	6.75787589156247	1.48567009946194e-08	2.16354659484409e-06	0.245744281153537
AT3G10610.1	-2.59345372744046	5.07498126071812	0.000813777381350562	0.0339111067680604	0.247659823142589
AT3G11050.1	-3.7947722086882	2.78463308695614	0.000282895161046072	0.0143162730482798	0.392527705869904
AT3G11080.1	3.61149579393972	2.87486886973547	0.00110285298491566	0.0432390210911799	0.444851879510713
AT3G11160.1	-7.37350842646373	0.555345008972146	9.78544757470642e-05	0.00572448683120325	0.726230984962805
AT3G12145.1	-6.73732794680655	8.77294090467562	1.74629761055464e-11	4.78101359817649e-09	0.283835931819452
AT3G12710.1	-3.56303944587203	4.81920969454666	0.000844463713253142	0.0349240597302787	0.424176050905477
AT3G12850.1	-9.22145496706362	0.0981900719578295	0.000120619011653788	0.00689494550647933	0.794705038174845
AT3G13220.1	-9.79950363736997	4.99802976167129	2.17467161701091e-18	3.13358734371183e-15	0.24810860890508
AT3G13450.1.DE	-2.76146829475816	5.01857515225321	0.000251268623710926	0.0128583782802948	0.231779729673688
AT3G13640.1	-4.77318501184707	3.13987220476695	7.12591508889995e-06	0.000582368069563889	0.369949235873942
AT3G13650.1	-4.33285378154844	2.35377130709203	0.000250433332557345	0.012839632544485	0.468608634022066
AT3G13900.1	-4.77836721384535	1.94023214218381	0.000205380414355232	0.0108730328012598	0.525982475274877
AT3G13950.1	5.04501593668891	2.93797887744836	1.19738866518908e-05	0.000920845698751307	0.417237372196524
AT3G13960.1	-8.41468147243641	3.62508463056996	3.15053071112062e-12	9.6915988549506e-10	0.318901824482954
AT3G14420.1	2.79680830513329	10.8436338274331	0.000588154459435807	0.0263112627294665	0.269475570789642
AT3G15356.1	3.65476077412691	3.59483535226425	0.000792228355958141	0.0331680035031607	0.435409741677677
AT3G15720.1.DE	-5.21635818550805	1.55863736379848	0.000428093847735167	0.0203832232405103	0.644550933289699
AT3G15830.1	-9.20451523632806	4.09499407007537	9.37384678350608e-14	3.66624538912613e-11	0.310932260409358
AT3G15840.1	2.8250989590872	7.89922368199774	0.000868919721209855	0.0357733595898999	0.29138753049719
AT3G16180.1	-2.67042699439099	5.29714179913402	0.000416979540761394	0.0198886164929711	0.235362761359934
AT3G16300.1	-10.0166203484399	0.862517777297177	1.06687685588572e-05	0.000827449137689493	0.701854450715281
AT3G16530.1	6.57622900573537	4.54426257789875	2.22168185984698e-12	7.07269836731287e-10	0.244705688113189
AT3G16660.1.DE	8.41628210191433	4.44027797909277	1.16794143202804e-15	6.52569398491095e-13	0.249952597755723
AT3G17010.1	-8.059010674674	1.23708868504944	7.6602156458302e-06	0.000618647150299525	0.635589295543348
AT3G17060.1.DE	-7.04264558948257	4.04391820527211	1.81839976319374e-11	4.92912363531864e-09	0.286908907636035
AT3G17320.1	-9.1147351781607	-0.00353815084410412	0.000143750663538859	0.00796681308981148	0.79313463354593
AT3G18010.1	-4.71606680420201	1.77522894124493	0.000434860016013418	0.0206336178828689	0.565021599112438
AT3G18810.1	-6.56696682411857	2.45807821948695	2.75501851499777e-06	0.00025655407110071	0.515098930178875
AT3G18845.1	-6.85259010804863	0.0596901484969399	0.000522779648141158	0.024014532226189	0.814536250433034
AT3G19310.1	-5.77080377222902	2.87426274477708	9.72352481477436e-07	0.000101996422367392	0.404275340837637
AT3G19710.1	6.46117561889156	6.91714242492872	6.05981594697223e-12	1.78393162361512e-09	0.255544232645156
AT3G20260.1	-4.79727515842865	4.44363045999153	1.395540619821e-07	1.69058013670174e-05	0.277435329147706
AT3G20530.1	-6.22937712955547	3.55086864311214	2.94762522250575e-09	4.890914141925e-07	0.312049055778908
AT3G21000.1	-6.91804464665075	1.83949475761036	4.51609928964016e-06	0.000390037117828922	0.550573201968188
AT3G21090.1	-4.06999025858576	2.43371754489768	0.000396211299872632	0.0191651465864186	0.455414651011206
AT3G21180.1	-8.4926379282133	5.57829727542302	2.78376775299766e-17	2.54046645138567e-14	0.236296068764002
AT3G21320.1	-5.50803357884099	3.56685999353416	4.39753976078643e-08	5.9143914893807e-06	0.309251025578496
AT3G21690.1	2.66788966750257	6.67996622940669	0.00120393976923874	0.0467538482300969	0.278561559629528
AT3G21940.1	-8.96849328232239	-0.141762253102523	0.000196604953195874	0.0105129890792903	0.801754522465641
AT3G22050.1	-10.7395538387685	1.56860488132262	4.60016902594883e-07	5.07836401582367e-05	0.599455291903698
AT3G22060.1.DE	3.42360350243304	4.06116467769675	5.42402363250306e-05	0.00346151326365196	0.273443849201309
AT3G22235.1	4.32586273834649	7.84412921134703	7.10465988059804e-07	7.56853611716004e-05	0.270020914788019
AT3G22510.1	-7.26132010609989	3.12347917967584	3.80885643974492e-09	6.20707569091288e-07	0.374916612121623
AT3G22790.1	-4.43080076084859	5.93899290424354	1.22409176121292e-07	1.5028333739232e-05	0.245791594071701
AT3G23270.1	-9.85218116892828	3.00094474595003	5.34771294258416e-11	1.33099713583699e-08	0.391378067919941
AT3G23350.1	-10.1281508841871	0.970676039814058	6.00288534656563e-06	0.000498021197025072	0.675563431384598
AT3G23380.1	-5.59891353659964	0.199182835203441	0.000923937304811198	0.0376421957308348	0.732681734835876
AT3G23550.1	7.53015147486477	3.35560944778505	3.12629735001876e-10	6.7395093581743e-08	0.34363840087212
AT3G23570.1	2.52041224648369	5.42317401708561	0.000775805377723727	0.0326648117047689	0.23419133304722
AT3G23670.1	-5.62390860030638	4.20953861745159	1.32916311190067e-08	1.96134689566752e-06	0.30049665064551
AT3G23770.1	-10.7721887697082	5.28967881267886	1.62671125354542e-20	6.45557675137443e-17	0.240715780910654
AT3G23830.1	-4.14390720246996	4.78007523543633	6.71412898940086e-07	7.18044622936784e-05	0.248859815753744
AT3G24230.1	-3.86883275599901	2.23453622850986	0.000759828660464018	0.0322520760716029	0.46657656448766
AT3G24660.1	-2.84492797496549	3.87913647421075	0.000485021519137901	0.0226216680595527	0.266520353190106
AT3G25260.1	-6.52419462404925	1.75206315007185	1.13572427109664e-05	0.000878357601527793	0.559456910375679
AT3G25265.1	-9.13190775874633	2.27381789802357	7.7245804979579e-08	9.74578639968163e-06	0.530301676251068
AT3G25760.1.DE	2.81349958208133	5.21207381632334	0.000204314534460394	0.0108615986882654	0.232982681522095
AT3G25810.1	-11.3917172961153	2.21102736604993	1.17459996747397e-08	1.76693395107156e-06	0.512798091316516
AT3G26010.1	-8.80013890563336	-0.300134440328249	0.000309850523858049	0.0153679123952639	0.823962610665542
AT3G26050.1.DE	-5.10507670671869	2.75904974019629	2.77447921381007e-05	0.00193774724274724	0.460162313759495
AT3G26140.1	-10.5585696379023	4.55109426463245	3.10689857492319e-18	4.05050805639272e-15	0.256840528402742
AT3G26210.1	4.63020953111289	5.10180721770851	3.64228770036473e-08	4.9611220229147e-06	0.241814637010054
AT3G26220.1	4.57088367506302	4.91549444587494	4.20705244502096e-06	0.000367989398849149	0.337002163081662
AT3G26830.1.DE	4.41603364283173	2.26317424259803	0.0002326771143332	0.0120648371897999	0.476775579086014
AT3G26860.2	-7.13609352996672	3.78885845638964	1.39086004358569e-11	3.88560880339683e-09	0.285775891318194
AT3G26934.1	-6.06701714167781	2.39336343870448	2.67019571027277e-06	0.000250358281355643	0.461880476594831
AT3G27060.1.DE	-3.38854915336359	5.7435318056956	7.38601847175573e-05	0.00455437868738127	0.281378500574647
AT3G27415.1	-9.95053270504714	0.797545686478842	1.30857909322527e-05	0.000997946473936533	0.708404289241039
AT3G27440.1	-7.46484111323395	2.02060263587546	1.96319792344637e-06	0.000191275561381191	0.563534559581685
AT3G28470.1	-5.61439809543435	0.581701756441438	0.000592482810033056	0.0263756006066423	0.706350054257408
AT3G28500.1	-5.47375334064692	6.46653200488408	1.28009328308206e-09	2.33642626028137e-07	0.25789895854398
AT3G28740.1	-4.60602898418316	1.00751032793582	0.00127638940560527	0.0490112049742793	0.633801394828273
AT3G28750.1	-8.13470505132638	7.69138632292199	3.08887285443376e-16	1.8792702446375e-13	0.247669385983478
AT3G28780.1	-10.8381510658844	7.68010730116246	1.37746029831031e-21	1.25707026823799e-17	0.254819693590145
AT3G28840.1	-6.87104169487317	7.07106376335722	2.23831469307584e-13	8.51119162042089e-11	0.244717928103554
AT3G29050.1	-8.28057293738427	-0.777662316356645	0.00110395484486576	0.0432390210911799	0.893381183748776
AT3G29156.1	-8.92618234011284	-0.182001629493351	0.00022965647912523	0.0119569717080274	0.811489589535074
AT3G29370.1	-6.14914139875453	2.79852593417685	4.33133243521423e-06	0.000377653565004125	0.496729927285685
AT3G30775.1	-2.7787951558822	6.50330865176266	0.000408830608685181	0.0196023895001451	0.252107817195846
AT3G36659.1	-6.37045049105506	1.62012547277905	2.06299111144942e-05	0.00150122752860782	0.57577622423884
AT3G42520.1	-6.46486702282343	0.515199661202892	0.00024172673646046	0.0124867822468197	0.722559627431258
AT3G42660.1	-3.61351970894966	4.00232233342751	2.06721739456917e-05	0.00150122752860782	0.269846282119992
AT3G42960.1	-9.79106489590713	4.6875428015472	1.22231535590048e-17	1.33858199255373e-14	0.25497448466106
AT3G43120.1	-7.21675834272792	3.09115500366629	2.19714606006009e-09	3.80718131850159e-07	0.36083171689735
AT3G43860.1	-7.13653819614066	4.86964458196429	9.45059941219353e-13	3.1553476915492e-10	0.264447993472843
AT3G43960.1	-6.24687560682226	4.14423776045577	3.91912885124651e-06	0.000347205352002416	0.521422071714443
AT3G44750.1	-3.22936376715906	5.33394694705695	5.06041569003286e-05	0.0032522079991014	0.248455468475916
AT3G44770.1	-5.91790772662116	0.870508260935332	0.000227058931245987	0.0118633958390318	0.668343779426067
AT3G44860.1.DE	4.38424726372977	6.29111389111557	7.44694554515675e-08	9.48290582024658e-06	0.234227487484175
AT3G45260.1	4.64455232640929	4.58693767973682	2.31340733457477e-08	3.29877427114521e-06	0.235135466299643
AT3G45730.1	4.37418155206394	2.48099322418282	0.000229723395369362	0.0119569717080274	0.472752158296488
AT3G46900.1.DE	4.19149426145208	3.24246451531273	3.86802903707544e-05	0.00256413798975912	0.362024051351897
AT3G47250.1	2.77930298269983	6.54081546556742	0.00028459452226429	0.0143612634027216	0.239540108613307
AT3G48080.1	3.19075625557416	3.79643818546216	0.000313177892262867	0.015504854130873	0.303345893788526
AT3G48160.2	-3.8985708687509	2.26919283069926	0.00109252169205472	0.043037494798668	0.496145691708563
AT3G48320.1	3.27529060498366	4.6788288756074	4.23223877983304e-05	0.00278534214697762	0.248664597240952
AT3G48450.1	-4.78580010898855	1.6866609470695	0.000262821525835064	0.0133497731619896	0.536837380730684
AT3G48490.1	-5.23310020118078	1.82491967117026	9.70444482081911e-05	0.0056892567516999	0.537806053174137
AT3G48900.2	-4.48887013387982	1.59300651903332	0.000706484855193811	0.0303218362452475	0.5694110690415
AT3G49540.1	-8.37127646889822	6.65303393406259	1.72983402912512e-16	1.15510722071677e-13	0.250050444518662
AT3G50740.1.DE	6.63425202330542	6.17641464156972	1.51763165925156e-11	4.19694137040295e-09	0.274075154567899
AT3G50770.1	3.30775795488365	3.35920465562775	0.00123292821510383	0.0476767071654134	0.39677896389113
AT3G51070.1	-2.78900054562521	4.15930252148976	0.00056788851430145	0.0255717956324755	0.263875653025416
AT3G51280.1	-6.1212228529863	4.2305897591319	2.4656070175911e-09	4.19275707624901e-07	0.307505576602755
AT3G51380.1	-5.20067636678716	0.731804331709878	0.000816945751012897	0.0339852247784866	0.682239504612472
AT3G51490.2	-6.60868280178062	3.47500073175837	1.68776070757872e-09	3.00048783455132e-07	0.32582386788947
AT3G51720.1	-4.46636429215625	4.85984839462264	3.45305601686915e-07	3.89044311233924e-05	0.266618202778695
AT3G51740.1	-3.89074718740552	4.71619822541889	6.60995060315199e-06	0.000543445127967253	0.273255567353158
AT3G51920.1	2.92287999233156	6.3919722344022	0.000144921041201055	0.00799929085887596	0.238814385322997
AT3G52110.1	-2.85593895868901	4.27191710270398	0.000281709622008992	0.0142826778358559	0.248748616530203
AT3G52160.1	-9.01093741209741	5.434070291846	1.13750437325776e-17	1.29760811379378e-14	0.244567986027482
AT3G52270.1	-5.03624575250656	0.5936742810761	0.00108323403487467	0.0427947783647887	0.682565870628698
AT3G52310.1	4.28025019195418	2.71811269541275	8.51544208532232e-05	0.00511262660991128	0.402801908983403
AT3G52430.1	2.60642316135113	5.25867408498066	0.000411078924267345	0.0196413940464073	0.224814899256683
AT3G52600.1	-7.29072820655026	4.71217713521322	3.19649542982639e-14	1.3654991932331e-11	0.239249753534548
AT3G52630.1	-4.81917715961442	2.85006982771966	5.94570349874478e-05	0.00375072512416209	0.46239902514076
AT3G52910.1	-4.46729097300348	3.33306041855365	5.01694739060612e-06	0.000425244537647103	0.326029579344625
AT3G53080.1	-8.36309979816787	1.53386091240069	2.05149041528839e-06	0.000197766565456921	0.596901371964643
AT3G54180.1	-6.01969675076649	3.4471568163941	5.15718868137568e-08	6.82094259510644e-06	0.351785638055432
AT3G54250.1	-2.97101075555945	4.52966614289024	0.000126579510903459	0.0071601112593283	0.239447023959919
AT3G54490.1	-6.90371690146534	1.82546393645419	4.16721376608415e-06	0.000366848805427176	0.544625973006713
AT3G54820.1.DE	-3.15482473452872	5.35879766032088	4.95578494397626e-05	0.00319998774047599	0.238190889486098
AT3G55100.1	-8.73458755319432	2.71793595374434	4.77432141763214e-09	7.73440069656407e-07	0.445265121596499
AT3G55180.1	-7.62250432835327	1.62045074107561	4.34710791735188e-06	0.000377825779559554	0.595280672541924
AT3G55240.1	3.84910569248749	6.22893692717849	1.32691116754459e-06	0.000134052302380206	0.235155589379478
AT3G55880.2	4.39450749649493	4.72397382724313	6.51946899264056e-07	6.99960870903974e-05	0.272133041055157
AT3G57240.1	6.04821260543051	3.10118632109641	1.57834496180071e-07	1.8952600159728e-05	0.380819400553053
AT3G57370.1	-9.55651675517703	0.417955676342799	4.28707078254214e-05	0.00281466244327191	0.747966085050882
AT3G57500.1	-6.3058865253715	0.34735753441402	0.000518912780261695	0.0239574942630771	0.773931926266408
AT3G57510.1	-9.24522760627156	2.4006917025073	1.03418638044863e-08	1.59067161370352e-06	0.473105568045157
AT3G57690.1	-8.09508503787047	5.72297773450582	6.87139781626147e-16	4.00266232794908e-13	0.245800781819426
AT3G57920.1	-5.33376482854951	3.19631112542408	3.93074168621764e-07	4.37912650250056e-05	0.341557065390621
AT3G58060.1	-7.45805091173182	1.48800684937244	7.98572742870132e-06	0.000643038957479367	0.613539663154874
AT3G58290.1	-7.32126045356793	0.505385196466027	0.000132629851656436	0.00742564433261739	0.747621543927548
AT3G58340.1	-7.74511340979884	0.913968257758002	3.07561698682408e-05	0.00208943528201662	0.687200637721657
AT3G58480.1	-8.67110253022599	2.65504892120188	7.48270767923363e-09	1.177365349667e-06	0.452343584455205
AT3G58990.1	3.81010872573096	5.62837671730258	4.20042241258378e-06	0.000367989398849149	0.254625025121958
AT3G59030.1	-8.56892134195316	-0.516503204997933	0.000678367683101435	0.0293866304239732	0.884357738748857
AT3G59210.1	2.49866223801995	4.85683062294306	0.000888138199076806	0.0363802198707177	0.234847724969135
AT3G59530.1	-5.05440657931237	6.18977661080144	2.04153548485568e-09	3.58289477592173e-07	0.235016554858365
AT3G60330.1	-4.69793797310533	3.10310774695445	5.56137108821937e-06	0.000464474283480422	0.353252946637227
AT3G61210.1	3.24985215360559	5.03077213059273	3.49259407227901e-05	0.00233220098806963	0.240422233812155
AT3G61760.1	-3.92347737236454	3.21541079122846	9.11436255307917e-05	0.00542463082561308	0.36045230391173
AT3G62020.1	-3.03106300101462	4.01439050124572	0.000782009739847209	0.0328372126649339	0.319850772233477
AT3G62170.1	-9.20958207184922	7.90909242671704	1.37990973262072e-18	2.11728999137418e-15	0.249824512386363
AT3G62710.1	-6.89406324864289	4.86674644339841	5.57210784711292e-13	1.95580985433664e-10	0.248697738707161
AT3G63470.1	-4.19678600826137	1.80479250477685	0.00108948289218694	0.0429796291387522	0.550418963991732
AT4G00160.1	-9.28349990545306	0.156847541744467	9.43801399728065e-05	0.00557654058484522	0.778135406505158
AT4G01180.1	-8.90082941883571	-0.205120843025838	0.000243972072478747	0.0125553898502315	0.814147547334881
AT4G01430.1	-4.88934184355057	3.83978806348985	5.1029289724283e-06	0.000430018287115916	0.375590792443945
AT4G02110.1	-4.4081235120057	3.09615602009145	2.49482012478145e-05	0.00177410871107186	0.370620907910963
AT4G02290.1	-9.06929046912893	7.43268912222736	4.91649887303334e-15	2.5396963423756e-12	0.307307893440746
AT4G02410.1.DE	3.93196752839674	5.50710416254954	1.9257981522785e-05	0.00142114560143075	0.308883731576125
AT4G02520.1	5.86001988561664	7.70504502734052	4.89283344826916e-11	1.24033327913623e-08	0.244124993060859
AT4G03210.1	-5.20679943447149	8.50202528606141	1.7106457895331e-06	0.000170927227831523	0.382446419136006
AT4G04080.1	-7.63073099117526	0.822524275219009	4.70023683303648e-05	0.00307119532255066	0.707320957171491
AT4G04840.1	8.21897454144991	3.08885350923104	3.98743071332507e-07	4.41975214855926e-05	0.581041218793025
AT4G05230.1	-8.57626948622406	-0.508365187502589	0.000524372238756072	0.0240473419642609	0.847600255459835
AT4G08550.1	-9.32747402696675	0.198585317686622	8.17080206806294e-05	0.0049821875060006	0.771194971347697
AT4G08850.1.DE	2.64370429842855	7.20274779938419	0.00107187086062242	0.0425299716262616	0.268954282919174
AT4G09060.2	-6.18878042317791	2.92885599374642	1.61368130704538e-05	0.00120708652525378	0.569336097763455
AT4G10120.1.DE	3.04958411217355	8.6346644640469	0.000160059775684492	0.00874673959818367	0.260244484306463
AT4G10260.1	-7.36192746953948	3.54149829006048	4.72004720716734e-11	1.20771450876474e-08	0.310066059210356
AT4G10595.1	-8.52635085309273	-0.552697385015918	0.000667268657502224	0.0291363338199297	0.873988040090379
AT4G10603.1	-7.06907087244465	1.08055934145101	7.19098188916087e-05	0.00447442504912378	0.71295560250472
AT4G10770.1	2.4806045460141	6.03328499791759	0.000857027277379306	0.0353639772937272	0.231610737365113
AT4G11310.1	-10.4151878396321	1.25041312644456	1.74717271689363e-06	0.000173942162338595	0.633585816108586
AT4G11320.1.DE	-6.13683545480457	6.84653967781949	5.4787928681829e-10	1.10292934665523e-07	0.290975574786606
AT4G11720.1	-8.79940293462272	-0.300419544454684	0.00030646634753558	0.0152553375687802	0.822467259114414
AT4G12320.1	6.98132088715448	6.43474644662962	7.17581653299104e-11	1.73857969062149e-08	0.314544619757131
AT4G12540.1	-5.55857782039538	1.6121034186638	0.000174390470935687	0.00941708543052712	0.621144210817045
AT4G12620.1	-3.97448084572425	2.64898538466286	0.000825890497230039	0.0342594394441879	0.495137962726772
AT4G12960.2	-10.2066944160395	5.1086244588289	1.39203812713621e-18	2.11728999137418e-15	0.255761496568745
AT4G13210.2	-5.68425707100406	3.38673383404988	1.20184156588786e-07	1.48216299058008e-05	0.34364928586088
AT4G13240.1	-11.0875959438956	1.91078867629585	6.68733689420312e-08	8.67705732177692e-06	0.549035412748498
AT4G13266.1	-8.96781498882758	-0.14207800426988	0.000202018541885355	0.0107814106037763	0.805155235693682
AT4G13370.1	-4.24062388112234	3.36166363376343	9.84726051412507e-06	0.000774707753895736	0.320158222255457
AT4G13770.1.DE	3.51271280533037	8.07232383665802	1.36352254521657e-05	0.0010369588956372	0.249962072560601
AT4G14090.1.DE	3.16473443622901	3.43284962807025	0.000947559346907961	0.0383761535497724	0.352658254422833
AT4G14120.1	-4.95890046060518	1.54298315306451	0.000875761809234601	0.0359469367514616	0.670279469995891
AT4G14315.1	-9.42962073462171	0.29634678085537	6.22186730922309e-05	0.00389799275038695	0.762012552302874
AT4G14390.1	5.66691177741145	1.54591186284975	5.83069658506074e-05	0.00368667000244325	0.552514424102881
AT4G14400.1.DE	5.96638976545681	9.69327071861444	2.15496436961862e-09	3.75787353575914e-07	0.301469334045163
AT4G14610.1	3.20888221946768	3.0198192766972	0.000905669572521218	0.0370080918753521	0.357051513653421
AT4G14723.1	-9.31884739542615	0.189971398384057	8.50465531609124e-05	0.00511262660991128	0.773793448048526
AT4G14730.1	-10.8153174875637	1.64274964995164	2.57947319758204e-07	2.96726122703366e-05	0.579459966346611
AT4G15000.1	-2.79274462420791	7.87201647350614	0.000436936171121199	0.0206962603684363	0.256989696244722
AT4G15210.1.DE	-3.96703890749698	7.87723463239282	5.34556141911885e-06	0.000448928774639987	0.278541177991229
AT4G15910.1	-3.49152638445864	4.77443469584823	3.0031038331132e-05	0.00205354375027439	0.265995291385136
AT4G16030.1	-8.29753451938512	-0.762207109569843	0.00107965081119654	0.0427766713588116	0.894382340936089
AT4G16260.1.DE	7.76917053572463	3.22761061872792	1.46327430199113e-09	2.63562656841534e-07	0.385335724309138
AT4G17030.1	3.77431369527722	4.58422682002472	2.16988546526002e-06	0.000208446050062768	0.235190254573972
AT4G17920.1	-6.48950715694805	-0.260425308456438	0.000954157559178605	0.0385863008200766	0.81862390799974
AT4G18190.1	-11.3075546797204	4.44771125120533	4.90933973707663e-18	6.10945015098563e-15	0.268119478500498
AT4G18780.1	-3.1207593321813	4.69615365756302	0.000116351968671206	0.0067062825226953	0.258298425376217
AT4G18960.1	-7.9865337540481	5.53163273288233	1.70638082778823e-15	9.34345886063724e-13	0.248508080008772
AT4G19310.1	-8.1446897211604	-0.90212879419473	0.00126980423425527	0.0488268262997765	0.881279974430589
AT4G19370.1.DE	4.10661449375418	2.70600908165025	0.000206899344120443	0.0108932504679413	0.42393194784824
AT4G20050.1	-8.3898671307541	6.07230614055832	2.26393502010405e-16	1.47576221381926e-13	0.250195500974489
AT4G20160.1.DE	-6.95000295765544	1.90137701589866	8.92475581194727e-06	0.000710296408777594	0.596695550909402
AT4G20710.1	-9.47902070862427	0.343625604639968	5.39637448274544e-05	0.00345191449973375	0.756565880701706
AT4G20900.1	-7.05838571843513	0.254546040126108	0.000308906130508493	0.0153488784774256	0.791090918324147
AT4G20940.1	-2.8308540360961	4.6373646270648	0.000934061298966153	0.0379417362657201	0.294137438757844
AT4G21895.1	-7.92751823043155	3.13428198715042	5.47045076108681e-10	1.10292934665523e-07	0.371042521612703
AT4G21903.2	4.56175264057445	1.84010102006951	0.000401920287085442	0.0193048659996934	0.532543565002782
AT4G21960.1.DE	2.91848665795445	11.2280153732638	0.000634086923674962	0.0279100189652301	0.293179962534742
AT4G22690.1.DE	4.21868163393482	7.26293689862462	2.9852887985532e-06	0.00027611904299591	0.291452825793868
AT4G23140.2	6.69603469729898	5.76983372926786	8.7112001523106e-12	2.51047618705221e-09	0.269992559525511
AT4G23150.1	6.99731996554514	4.21128446566306	2.29886209942091e-12	7.23428121355697e-10	0.261877794591748
AT4G23160.1	6.61153134464555	3.14457700538768	2.86440610215703e-08	4.02162616742848e-06	0.377565499758406
AT4G23170.1	3.00953087425479	5.20942227733336	0.000304565034947272	0.0151883087919607	0.27589713500244
AT4G23270.1	4.76049616175628	5.17785945671746	5.30115101027196e-07	5.73655780075991e-05	0.30346093044573
AT4G23290.2	4.68468159781266	4.97443560629113	1.04564450731982e-08	1.59931035315096e-06	0.228022485831339
AT4G23800.1	-6.12534104569456	6.36869089259857	9.59005775635558e-11	2.24860048527202e-08	0.266906705689394
AT4G23810.1.DE	2.76989406522406	3.90369023817683	0.000715282077562625	0.030646310985148	0.270250218858795
AT4G24130.1	-4.83905682209239	5.34148004780136	6.1538761040226e-09	9.79539651022853e-07	0.232969402687708
AT4G25240.1	-5.48514146967816	2.74182870616861	2.55842312548922e-06	0.000241441672660735	0.40756430729995
AT4G26440.1	-7.84443900663449	1.01009523758191	1.98788544057649e-05	0.00145131540245608	0.668592501281313
AT4G26760.1.DE	-3.68780349436871	5.42855913748796	2.56627681876959e-06	0.000241441672660735	0.23128695964041
AT4G26830.1	-4.57640895520875	2.63379312987784	4.5849907082844e-05	0.00300305922515336	0.416106420197076
AT4G27330.1	-9.41953074800267	2.55888941704075	3.21326326729604e-09	5.29956155012235e-07	0.452911096623504
AT4G28050.1	-2.61108528103272	4.50437504359142	0.00101145952767059	0.0404849984628151	0.259123979160478
AT4G28090.1	-8.56890978108794	3.0881559678997	1.77591644443999e-10	3.98533118162935e-08	0.376462677985019
AT4G28250.1	-3.83945063401064	6.41860041058652	2.93080194841193e-05	0.0020160677322518	0.31143093191726
AT4G28270.1	2.9888860406186	4.45028470657725	0.000119705258426532	0.0068706301157266	0.24044932170288
AT4G28397.1	-10.916588060205	4.04872009387289	1.10663052473337e-16	7.76854628362826e-14	0.277244665729799
AT4G28430.1	-4.9570121318922	1.44656918817084	0.000302650011495614	0.0151203503918374	0.569928062943486
AT4G28680.2	-8.84677602571298	5.14529179806897	2.75540041147087e-17	2.54046645138567e-14	0.242956703910805
AT4G29150.1	-6.34803433914729	2.0351649920706	9.95010086122016e-06	0.000780555476729185	0.542698400700343
AT4G29700.1.DE	-4.76719079824382	5.76216763813529	1.74057238022525e-07	2.08093408846318e-05	0.281439936735711
AT4G30250.1	-4.64882695727863	3.27596446644435	3.93139232671302e-06	0.000347205352002416	0.337227928056646
AT4G30590.1	-8.14797149901461	-0.899312286734885	0.00123562473213588	0.0477135880344374	0.881941192572231
AT4G30800.1	-4.05472911219598	3.73941017854646	5.56459803424569e-06	0.000464474283480422	0.284883843457597
AT4G30850.1	-4.47625815226629	4.63680904614642	5.77236988691571e-08	7.52552108399896e-06	0.235876205329062
AT4G31020.2	-5.91236877669075	1.40291734171595	8.98407272386275e-05	0.00535873514235108	0.611537533562612
AT4G31290.1	-2.61334400035807	5.52990828341779	0.000688564718072539	0.0296407623449528	0.24489533800033
AT4G31370.1	-3.83522410406862	2.76433009971706	0.000942917274587503	0.0382447246572691	0.480113277265338
AT4G32170.1	-9.70003941092799	0.556027843040695	2.62175798980217e-05	0.00184520540475074	0.726193016770048
AT4G32280.1.DE	5.98189745726913	3.42097913145834	7.64159953252867e-08	9.68572740748008e-06	0.358639277760543
AT4G32940.1	3.99976647217206	10.0231672814576	2.879421994381e-05	0.00199576747752312	0.332332400227167
AT4G33010.1.DE	2.76413441969894	11.6702596939181	0.000613146691597963	0.0271629937258399	0.265783790492217
AT4G33130.1	-3.91842035303807	2.79611896843987	0.00021140059487845	0.011108878093248	0.398145183714587
AT4G33260.1	-6.00438122708308	4.19853968922109	1.58566545718839e-10	3.64809654511797e-08	0.258671707176226
AT4G33600.1	-7.15806798426244	0.369057938146101	0.000186028872438387	0.00996692459807861	0.755965816423132
AT4G34420.1	-4.84061843048705	2.11769488519378	0.000120632584469413	0.00689494550647933	0.499451207257052
AT4G34950.1.DE	3.64083266082852	5.72269361585811	1.94215821859704e-05	0.00142936579862231	0.27357573805415
AT4G35090.1.DE	2.83398331920249	10.5189283192283	0.000410223399412483	0.0196347836173339	0.2612403482091
AT4G35650.1	-7.05764475075451	1.98597004558495	1.27694279152947e-06	0.000129481999061089	0.508799363881526
AT4G36070.2	-8.46669682397091	-0.608853701599439	0.000670136036292861	0.0291967952216554	0.858733040095904
AT4G38660.1.DE	-4.71196226689552	5.57584670895805	1.77958281091519e-06	0.000175889596379914	0.329230943378563
AT4G39330.1	-2.65275736780647	9.17700649657316	0.00109450527281778	0.043053685860927	0.27168577006057
AT4G39480.1	-8.1160974530753	5.63733327709285	1.80177202696163e-15	9.48632972195299e-13	0.2535212245857
AT4G39590.1	-7.24732227195021	0.45421383546664	0.000144293152321425	0.00798072307930501	0.746662281369375
AT4G39670.1	-3.4673122002948	2.94775407452589	0.000601240965134734	0.0267220375705499	0.379247653241493
AT5G01690.1	-9.19368458227867	2.34984907878242	2.09385948810979e-08	3.00134476782565e-06	0.491108428139714
AT5G02390.1	-5.21487811237832	1.32701202467863	0.000520378110014006	0.0239847001615546	0.664511230834587
AT5G02450.1	-2.70668252500111	6.99299254071725	0.00057744311318531	0.025916782873422	0.253737051760504
AT5G02550.1	-3.18862914003021	3.363757192957	0.000556090769051923	0.0251380928233313	0.328540386403038
AT5G03170.1	-2.8203840847665	4.14263814090502	0.00109953778058571	0.0431895916167512	0.299233388380585
AT5G03390.1	-5.67104308451997	2.96555165112129	1.96317574162964e-05	0.00143710763246888	0.517078718816279
AT5G03480.1	-7.15729196341523	1.19591880036089	2.91071496587329e-05	0.00200729356009267	0.65759206694237
AT5G03600.1	-7.36950407841823	1.37264853347006	1.51148416892619e-05	0.00113685202134234	0.638130434008646
AT5G04340.1	3.32371930567728	4.46935040828321	0.00020521795054963	0.0108730328012598	0.307794741599675
AT5G05250.1	4.29625812083701	2.62066517936741	0.000640466737442876	0.0281455832065988	0.534711898610075
AT5G05810.1	-4.89707167381256	2.25703216863923	5.80231956317843e-05	0.00367722002316433	0.469566307997254
AT5G06150.1	-5.63842190567195	4.92429833513345	2.61282817099918e-09	4.41567960898861e-07	0.276864787586423
AT5G06650.1	-8.24603518354489	-0.809082609060326	0.00113514535994385	0.0443740600686422	0.893317956574157
AT5G06940.1	-5.38576295613184	3.24263298830906	2.75227918239639e-07	3.1527991404037e-05	0.337299525783284
AT5G07230.1	-14.33484465211	5.13985302903896	7.97127135120985e-22	1.09118733526712e-17	0.248489845660077
AT5G07420.1	-8.77816743406733	4.96163307402156	4.53721763803044e-17	3.63559253490438e-14	0.243039656745561
AT5G07510.1	-11.318965729003	6.22646499895403	2.53274738274956e-18	3.46707789224587e-15	0.302318963438411
AT5G07520.1	-8.33743951893994	4.99272186405662	1.0008214940678e-13	3.85922406543496e-11	0.294898985437047
AT5G07540.1	-10.4677893351443	6.64349108093912	1.46095345681151e-17	1.42849941930662e-14	0.300260773107484
AT5G07550.1	-11.0526463451071	9.16100712099073	3.75734992172146e-23	1.0286872615689e-18	0.247123138377298
AT5G07580.1	2.67652485208589	5.75312874513735	0.000383297035927922	0.018672431049172	0.233833167565652
AT5G07690.1	4.90490742668153	3.86394017748148	5.25014450676699e-07	5.70390699628042e-05	0.313808629974693
AT5G09430.1	-6.31795809182428	1.26579802164863	3.92972907247636e-05	0.00259874692140719	0.596731125002494
AT5G09570.1	-3.56588310437242	3.08498061729209	0.000286244267445118	0.0144058741803537	0.357065423623189
AT5G09970.1	-4.68481905089326	2.21911479474271	0.000158511116338381	0.00867943468622437	0.49506027762826
AT5G09980.1	-4.73970020704931	2.36824831987519	0.00013509137872047	0.00753265125582285	0.493263449039213
AT5G10180.1.DE	2.61427178285668	6.42292847509137	0.000681015306171437	0.0294547188820878	0.244904452224488
AT5G10420.1	-6.40097605649044	0.961777022045835	8.42924012304465e-05	0.0050878291323561	0.646940416559238
AT5G10760.1	6.09040476489563	7.7680815678857	1.10637059245675e-09	2.07467219727951e-07	0.298924248913476
AT5G11130.1	-12.0295661014184	2.84314248815434	7.54229537718195e-11	1.81134177926743e-08	0.424611372224413
AT5G11610.1	7.45862731259754	4.42502063042159	3.87344708628515e-12	1.16535422338808e-09	0.290273143150346
AT5G12970.1	-7.35625258585754	2.27904885694626	1.97232501939998e-07	2.31752422236621e-05	0.468468260003268
AT5G13150.1	-9.61981436228295	2.77098343148772	6.336372539466e-10	1.25708121293841e-07	0.428305274613312
AT5G13170.1	-4.70479638930999	2.3907726666561	8.24563354526656e-05	0.00499927643532766	0.460028078988769
AT5G13350.1	-7.85576071617402	2.37131073512052	1.75976458873434e-07	2.09473195262472e-05	0.499415117529422
AT5G14150.1	-7.85589553677719	1.02137901074743	1.90675983890498e-05	0.00141089921269029	0.666994834963451
AT5G14980.1	-7.34880167515339	2.28145665782549	1.13960192802353e-06	0.00011685401342857	0.538499729797722
AT5G15110.1	-9.33615878300957	5.19157469982605	8.84344835356231e-19	1.51322455639893e-15	0.234166563123555
AT5G15140.1	-8.0571108220751	4.88945072953422	1.05802791979313e-15	6.03472674752005e-13	0.241978793679096
AT5G15800.2	-7.00169616170159	5.72646654196685	5.73352635459215e-13	1.98699347513954e-10	0.256790049331935
AT5G16250.1	-5.85012474723916	5.80761264245872	2.30047003009029e-09	3.95387915720448e-07	0.291935997048518
AT5G16960.1	-9.52507455431936	6.60791540874768	1.98788923897386e-19	4.53536929871886e-16	0.24263113961057
AT5G17160.1	-5.30108801275519	4.18247163329421	4.406953991649e-08	5.9143914893807e-06	0.297089433323532
AT5G17165.1	-4.28437123298045	2.23437042466934	0.000290018476249794	0.0145423550233826	0.470311998153894
AT5G17340.1.DE	-12.7741187003264	3.58334910481635	8.46979410440211e-15	4.21610950891493e-12	0.321030252455847
AT5G17470.1	-8.47200817482969	-0.602374115272918	0.000833475293237794	0.0345217648687811	0.894719924879184
AT5G19600.1	-6.72591264675494	3.65049076921623	7.83708721118998e-10	1.4900262060275e-07	0.320189365020628
AT5G20710.1	-8.44373784826546	6.21554891853679	9.42958397156604e-17	6.79376710456671e-14	0.246262031659075
AT5G20810.2	-4.89667696088349	3.34336587933118	3.83424014431805e-06	0.000341934288831074	0.363658947776241
AT5G21080.1	-12.3388782953686	3.15033630215304	1.71588248179922e-12	5.56852452538757e-10	0.371955918984407
AT5G23010.1.DE	5.4888429563652	7.37751888515155	6.97852422586209e-10	1.36470025896894e-07	0.25182180378567
AT5G23190.1	-6.34456388454997	2.03177384829193	1.01985814724826e-05	0.00079322944191372	0.543697592487411
AT5G23400.1	-3.256501180342	3.53391680199048	0.000504844444410454	0.0233967917034004	0.335431233052529
AT5G24100.1	-8.5933568707943	-0.49312764294626	0.000542916995262421	0.0247320823565633	0.856538744292132
AT5G24280.1	-3.17724476953124	4.38138990541287	0.000248157848166314	0.0127468397131282	0.292850360521638
AT5G24770.1	-5.50461828606989	8.81194481668616	1.9170034561394e-06	0.000188099175831121	0.418320038296329
AT5G24910.1	-6.23177277322585	1.47653643137222	3.33879528066234e-05	0.0022349520096326	0.584950560275675
AT5G25290.1	-6.77798361361954	0.00938367683484645	0.000500182723638309	0.0232495799792354	0.794920328557772
AT5G25550.1	-11.5635318703241	2.38109195232568	2.31068984276688e-09	3.95387915720448e-07	0.475957664575441
AT5G26730.1	-12.0010722485424	5.97477500988162	1.65056020379944e-20	6.45557675137443e-17	0.272369630716078
AT5G26850.1	-3.677758782931	7.15731673578488	4.73799297287247e-06	0.00040536491128532	0.243946461368833
AT5G26920.1	6.03595318311408	4.517077239514	4.97664997395509e-11	1.25000663290773e-08	0.248641906237448
AT5G27000.1	-3.78954984895168	3.09193018349348	0.000142500155956466	0.0079135279305804	0.360100875440578
AT5G28470.1	-10.5647769936203	3.70830576134763	2.38378521146145e-14	1.05263341160309e-11	0.316143001975015
AT5G28640.1	-7.03388912688461	5.36378748123538	3.45600826586393e-14	1.43361506519428e-11	0.233054640399002
AT5G28680.1	-6.7406558138473	3.06896137210326	4.80313243212532e-08	6.38350289935569e-06	0.401200339711732
AT5G28690.1	-6.26646450887573	2.9354510829238	8.12808049820771e-08	1.01612140584443e-05	0.376578177053093
AT5G35390.1	-6.62372584737411	0.681562121136036	0.000256300908107206	0.0130914295935804	0.7637666381056
AT5G36220.1	3.80233210122168	4.83504000320609	2.44089304401456e-06	0.000231234497436092	0.240997034944636
AT5G37060.1	-11.1333764438025	1.95585438197588	7.03558159942156e-08	9.04319967272129e-06	0.555772153708839
AT5G38240.1	3.65431210722493	2.94357299132396	0.000450359878491198	0.0211854858304674	0.396179462828422
AT5G38435.1	-8.26674843330514	2.25473484881923	1.35903378351448e-07	1.66105477344015e-05	0.509123432088827
AT5G39220.1	-7.18708171127104	3.9238391167724	2.04149889186967e-10	4.5440777773665e-08	0.327584485643764
AT5G39400.1	-7.28069815139878	3.5883218175027	9.60940378321375e-11	2.24860048527202e-08	0.316982155355383
AT5G39420.1	-5.0504576916759	3.28028062106776	1.24975012363846e-06	0.000127670368973783	0.346915402139356
AT5G39670.1.DE	4.2842974817952	3.04851619093826	2.73468553919702e-05	0.00191974924851631	0.357252791285607
AT5G39880.1	-7.4804017699678	5.51171245170257	5.69776942796967e-15	2.88876909998062e-12	0.237382769832203
AT5G40260.1	-9.51543200018428	4.72077501943904	1.08274502397394e-17	1.28884318549385e-14	0.24853088367636
AT5G40348.1	-10.4257913335443	1.26056645872756	2.05076569222702e-06	0.000197766565456921	0.645090858014865
AT5G41750.1	3.6037198875813	4.51275528773685	1.01520931330034e-05	0.000791863264374267	0.251051460671124
AT5G41880.1	-4.1242202532057	3.59875822198309	0.000112765719638669	0.00654088955988873	0.402014950672283
AT5G41890.1	-5.49221759789269	1.42172011117563	0.000141409137435657	0.00786890114779151	0.593884249247945
AT5G42330.1	-4.62292557378196	1.85290513287329	0.000262067565845857	0.0133362189920592	0.514864646655063
AT5G42700.1	-8.59071859702048	1.75690736999323	8.19399899674793e-07	8.66159476961255e-05	0.576675975623236
AT5G42800.1	5.65082549810024	3.59514917127286	2.36495678323249e-05	0.00169496824113453	0.534515296145159
AT5G43250.1	-5.41266945059687	0.692212375118986	0.000674972332994746	0.0293323690995717	0.69639839487337
AT5G43740.1	2.44720986094301	5.2030368775147	0.000857684305757721	0.0353639772937272	0.225372503646296
AT5G43990.2	-3.44102766485976	3.9872352371653	3.02604590509077e-05	0.00206087275595958	0.258730707208105
AT5G44440.1	-9.54217518752416	3.54066100203669	7.46165005363224e-13	2.5220377181277e-10	0.333155778218887
AT5G44568.1.DE	4.74435444913604	2.77946191952365	3.13561390211245e-05	0.00211967499782802	0.420398642610282
AT5G44630.1.DE	-10.2298923260411	5.69343299150446	4.48007571208956e-19	8.56439377746106e-16	0.25748284817629
AT5G45116.1	-10.3126578570976	1.15002541667089	3.22229417902575e-06	0.000296040167897205	0.658751861022505
AT5G45380.1	5.09212355922916	6.65064185834273	2.12711219079183e-07	2.48872126322644e-05	0.315537415412357
AT5G45670.1	-6.37200642708845	6.51600867798261	2.70609027068692e-06	0.000252857813757224	0.52649034518054
AT5G45700.1	-5.9679142669406	3.25209350916758	2.21189067011155e-05	0.00159360902016616	0.572478946356796
AT5G45775.2	-2.56731149111578	7.13132621299061	0.000989629273238637	0.0397857125443868	0.2521810557444
AT5G46500.1	4.45932967710947	2.65880937464882	5.69653365891132e-05	0.00361855448987643	0.408541466656569
AT5G46540.1	-6.20992998715875	1.68168674391251	0.00010161723461508	0.00590674447832624	0.669952333218975
AT5G46795.1	-11.3434985756913	2.16362396623922	1.566963485052e-08	2.25791191019757e-06	0.518441298502758
AT5G46910.1	-2.71336182518443	4.08770646591572	0.000684002513841841	0.0294907414550581	0.259358395609442
AT5G46940.1	-11.8131005976156	2.62844594996702	7.19422555540441e-10	1.39482196897211e-07	0.46366219516264
AT5G46960.1	-7.69581219850192	0.884893286683899	3.28953744993465e-05	0.00221279990919683	0.687397845005696
AT5G46970.1.DE	-10.2659162586775	1.10520315873446	4.96202531134618e-06	0.000421895431596384	0.681804635761189
AT5G47220.1.DE	3.77040399993589	4.3560302372489	2.95005077134381e-06	0.000273784711924918	0.240886621112751
AT5G47470.1	-7.14434519670062	2.05066349094202	3.86174397449419e-06	0.000343268917317214	0.569883375362122
AT5G47500.1	-6.73255461538536	6.27832029143971	2.40998965003119e-10	5.27845573108432e-08	0.317059047087653
AT5G47530.1	-6.98726273639141	2.4435748784312	1.9871348399273e-06	0.000192921197331665	0.535866288418816
AT5G47635.1	-5.07890596927458	2.91416849104216	3.39764955408401e-06	0.000306999503272977	0.377961653945417
AT5G47740.2	-10.0268852058967	0.872134617000707	8.6979864836489e-06	0.00069629670745421	0.68783588362742
AT5G48230.2	-2.52235172876168	6.58751894976197	0.000818038685405166	0.0339852247784866	0.236886255226294
AT5G49160.1	-2.69392326969098	4.925932662437	0.000706601341386073	0.0303218362452475	0.258302914010232
AT5G49340.1	-8.65813913227989	-0.431359597237739	0.00044002535812116	0.0208065876591384	0.842415074832106
AT5G49615.1	-9.70409762017707	0.560566083891986	3.75435480829155e-05	0.00249482344517976	0.760544914215209
AT5G49730.1	2.94369544611556	9.20638379367216	0.000324161864696883	0.0159875404240157	0.269489138811973
AT5G50040.1	-7.34175531951792	2.27430775928415	5.08200306748579e-07	5.54323027815242e-05	0.503479751574063
AT5G50790.1	-9.95427559316407	5.80813872767481	9.0657574441345e-20	2.48202307305514e-16	0.242139697060023
AT5G51750.1	-4.50851833720234	8.15863688623974	7.29416150851937e-08	9.33175484954408e-06	0.245239819523659
AT5G52340.1	-4.65654737367702	2.50033040367544	4.81020549545505e-05	0.00312070630461063	0.428365112674512
AT5G52360.1	-8.59090659758432	3.81363581582004	3.85427549971637e-13	1.42597776528696e-10	0.302781611449187
AT5G52740.1	7.44366486968097	2.92879170524512	8.09284294711619e-08	1.01612140584443e-05	0.464570989256586
AT5G52990.1	-4.40132291491616	2.90848781659499	2.78958688023988e-05	0.00194334121137932	0.374097603072603
AT5G53950.1	-5.45664598526318	1.55175286207761	0.00013349159545944	0.00745863857242559	0.588658671296072
AT5G54010.1	-9.71541698513885	3.70330100131848	2.70801137025343e-14	1.1768243697587e-11	0.300703324295986
AT5G54330.1	-8.53479302945006	-0.545773705053106	0.000580510650841502	0.0260118176738767	0.851974812059269
AT5G54585.1	5.19343077344957	4.40653010358582	5.96694868921639e-09	9.55339890136644e-07	0.256080000952241
AT5G54970.1	-3.74177390426644	3.38603032971899	0.000293017056778714	0.0146658518838896	0.387904715426548
AT5G55340.1	-5.22885214387607	1.14285225635697	0.000400118861614953	0.0192521163326787	0.62867370865252
AT5G55520.1	-6.55039782110641	4.18131352726781	4.34155981413154e-10	9.07352859475522e-08	0.304629964801515
AT5G55590.1	-5.29282774439968	1.37599410346803	0.000172323571324927	0.00934232620937396	0.576458476036794
AT5G56390.1	-8.13149046548392	-0.913441497911143	0.00129395681088644	0.0494775831961578	0.884738655034056
AT5G56400.1	-8.56640588064717	-0.515573504983138	0.000648092217759281	0.0283895499805018	0.87696386134179
AT5G56430.1	-8.45255189105458	-0.620719296249787	0.000770051369214321	0.0325346703493051	0.87720490595477
AT5G57220.1	4.12232958367328	2.35181824329121	0.000447083438143249	0.0210980317582707	0.472744683178011
AT5G57410.3	-2.90679584400182	3.62937854265888	0.000676810500204198	0.0293656384700325	0.290388607611546
AT5G57420.1	-9.32313584330656	0.195528954743962	0.000122647974258072	0.00698099010236486	0.816862203570648
AT5G57790.1	-3.2526502542483	4.04035125942278	7.80918277237684e-05	0.00478299342152423	0.262312573594755
AT5G57810.1	-8.36260868176322	3.26532075260508	5.48055152678554e-11	1.35177062793094e-08	0.351665243239205
AT5G58770.1.DE	3.18764328760591	5.39065184726607	3.53104428607083e-05	0.00235213942734908	0.233474279337313
AT5G58880.1	-10.7741307375502	1.60243674657736	3.24614552354321e-07	3.68713758170591e-05	0.586164667144691
AT5G59690.1	-2.73828401540625	7.05113246735486	0.000526774035691797	0.0241170895471071	0.255310678319707
AT5G59780.3	4.6706587786615	5.54539962651678	2.33666767518739e-08	3.31467811457411e-06	0.239165424115606
AT5G60210.1	-2.44631698784528	6.0091220490623	0.00102644046146347	0.0409648497870948	0.232811554775472
AT5G60615.1	-7.9120191054952	2.83587579874531	4.87658789146875e-09	7.85360137015479e-07	0.411516220387327
AT5G60760.1	-3.37307276598852	3.7555240839155	0.000377059012147659	0.0184012863361472	0.341895671696127
AT5G60900.1	4.47544354024101	5.91415275283831	1.08143698631028e-06	0.000112112815928864	0.292521980621012
AT5G61110.1	-9.51209437973924	0.375745047192599	5.68483477999301e-05	0.00361855448987643	0.767601340039549
AT5G61120.1	-8.39420429038399	2.9048348029761	2.85502612802508e-09	4.76615276421163e-07	0.423306881433091
AT5G61160.1.DE	7.41897387476272	0.6280147136525	0.000113038788523269	0.00654286670653292	0.754361891012403
AT5G61320.1	-5.57156967851076	0.173218570361285	0.000998543765111382	0.0400852363654244	0.736272538465407
AT5G62065.1	-8.35505136539679	1.50884047032148	2.29883360591695e-06	0.000220061071548232	0.60011666161742
AT5G62410.1	-2.95337003055195	4.76490781385166	8.94650299968944e-05	0.00534797727348248	0.227740671312123
AT5G62750.1	-8.39979584662743	4.07522007654006	1.00401470637801e-14	4.82244116337144e-12	0.262658634571775
AT5G63800.1	2.98164708995312	6.56324943112585	0.000492433374871975	0.0229283009136819	0.292233552121924
AT5G64140.1	-2.55730199943946	6.31530575137218	0.000923180681157878	0.0376421957308348	0.247435536685611
AT5G64770.1.DE	5.17583380422731	5.93612008646612	1.14438190141853e-09	2.10961425171443e-07	0.235860570591083
AT5G64790.1	-7.98014793289963	3.85750768198823	1.05019315204989e-12	3.46411905021952e-10	0.293037458763378
AT5G65350.1.DE	-4.21897838298239	1.72341561570562	0.00087066787376336	0.0357915090809208	0.535476837654655
AT5G65510.1	-5.89825182829919	0.481696758541578	0.00048023192974606	0.0224365013184089	0.71927041528874
AT5G65690.1	-8.78939800575369	4.80464184622274	4.19106652396179e-16	2.49441346289187e-13	0.257638250581626
AT5G66170.2.DE	-2.92655430427134	3.96492618184008	0.000346197026564778	0.0169253253451616	0.26606059481612
AT5G66310.1	-2.76960461991089	5.28170331483309	0.000518203562791338	0.0239574942630771	0.258940521390486
AT5G67060.1	-5.42696808162756	0.415748147561619	0.000798765538080875	0.0333362849109424	0.702336016943729
AT5G67260.1.DE	-2.69695911061271	5.97478548542857	0.000399030284035071	0.0192515105176494	0.238409422131
