logFC	logCPM	pvalue	padj	dispersion
AT1G01180.1	2.93724703093826	3.09831386865083	0.00195936985634848	0.048334520383525	0.351800567898663
AT1G01310.1	-7.16954775376663	3.46840677491257	6.45656969689595e-11	1.11977063506828e-08	0.30369270085997
AT1G01370.1	-5.45339658699914	2.74010012134603	4.85301462699422e-06	0.00030162558729325	0.431980600063003
AT1G01460.1	-7.40623471510342	1.90568154062884	3.31614028960429e-06	0.000220726951908047	0.577258061527997
AT1G01470.1	3.03968898167609	5.65723381082927	4.88629436497715e-05	0.00217589211510837	0.223572000468526
AT1G02670.1	-3.95050344673341	2.02481554755886	0.000966411191497348	0.0269997353500805	0.494056176778658
AT1G03050.1	-7.38201060056498	4.77900535843045	1.05898627939731e-14	3.79037164531451e-12	0.233844636300574
AT1G03170.1	-6.38761974167722	3.96278559089246	6.30776095519425e-09	8.08501522432668e-07	0.338682649724937
AT1G04350.1	2.72242866608727	6.72115432770559	0.000394125066352494	0.0127146107703637	0.242087409417313
AT1G04520.1	-3.09588209543549	4.79743805243671	0.00094134287006417	0.0264423821425667	0.342870657884046
AT1G04670.1	-12.3112364932874	3.11361553499553	1.978295909305e-12	4.69103417493948e-10	0.372597765034457
AT1G04880.1	-7.41527345861317	3.27702400406046	1.69974194550031e-10	2.70958863076814e-08	0.328341175764759
AT1G04920.1	-3.30804427428893	2.96600478850238	0.00146944756632778	0.0384488556320524	0.409271085852462
AT1G05020.1	-4.57518154407417	1.46512778864064	0.00108828163880927	0.0297474102135619	0.618350263629448
AT1G06260.1	-9.52304308153004	6.05863748830809	2.3916592102084e-19	2.26848876088267e-16	0.239848326665839
AT1G06280.1	-10.3830721388155	3.52049612942465	1.12660542660287e-13	3.39233411788198e-11	0.325808936863182
AT1G06350.1	-8.14100308213673	5.87483511205461	2.15259477467392e-13	5.91807577906729e-11	0.301228711856588
AT1G06420.1	-7.40672888532738	3.70323936475363	7.83025691748885e-12	1.63230740356883e-09	0.289978949254451
AT1G06660.1	-5.76583920930121	2.61593244296011	1.20945936393811e-06	8.99742907211996e-05	0.407239881006213
AT1G06750.2	-5.25342003852797	1.1813076659293	0.000436577998758505	0.0138261847019179	0.647052287070027
AT1G06920.1	-6.5500606796004	-0.207163702224564	0.000865586866211992	0.0246179652954145	0.819261419235211
AT1G06970.1	-6.82159748322136	0.872165508969304	0.000234304615961892	0.00830795993420018	0.794372829640487
AT1G07330.1	-7.18873569920981	2.63109817242089	7.1570060619967e-08	6.85699015131704e-06	0.433084202629508
AT1G07410.1	-3.83299924077456	2.65030915213114	0.000479185728695564	0.0150499226380047	0.42870476625833
AT1G08930.1.DE	4.87140322117353	6.30806891532207	4.29869532797147e-08	4.53875589683035e-06	0.265558093834984
AT1G09200.1	-4.2184102400863	6.37526323170889	3.99492928482373e-05	0.00185290485411017	0.373281683050165
AT1G09380.1.DE	-9.94308842998905	3.08428044950308	1.59799707065643e-11	3.15770879482839e-09	0.374920815873536
AT1G09450.1	-6.24563470922243	2.78684347006307	1.58755599008186e-07	1.42056307225721e-05	0.389512878809737
AT1G09470.1	-4.65235780057686	3.13069521059467	4.63478462499095e-06	0.000291132001112842	0.341488479726363
AT1G09600.1	-5.19889119152128	2.42866093776949	2.77457477473845e-05	0.00136710866173477	0.47633839067805
AT1G09690.1	-2.57653173394677	7.98796665596014	0.00108713110616262	0.0297474102135619	0.257886991136823
AT1G09790.1	-11.1137019175435	1.92737384667401	5.44253009098519e-08	5.58079977437779e-06	0.543038320171506
AT1G09880.1	-5.78376701509362	3.07232852481033	2.07863655621197e-07	1.84260446127762e-05	0.361726229146124
AT1G10385.1	-10.854742092534	1.67238295181355	3.49497437573514e-07	2.83331897041434e-05	0.598750111521058
AT1G10900.1	2.73003435095358	5.39609841806625	0.000344688689500591	0.0114114213609533	0.237865798508679
AT1G11080.2	-3.6372453080325	3.05773003854776	0.00110146056316972	0.030064326450834	0.451069429021456
AT1G11340.1	4.6340110331797	1.57944040173309	0.00102030387979558	0.02825571474412	0.620592521338959
AT1G11850.2	-3.36175084467127	5.89286066605499	0.000318165890683952	0.0106448094290557	0.334708389823766
AT1G12000.1.DE	-2.67302481008825	6.25230616496583	0.000505744745672644	0.0157941295778439	0.243196523411
AT1G12570.1	-3.78843514378194	6.24412163541449	7.48082453920869e-06	0.000439353688881699	0.26628767353212
AT1G13110.1	6.13918286010947	6.52123307302777	6.40068234134266e-11	1.11977063506828e-08	0.262748544462392
AT1G13140.1	-7.42311113849714	6.12080824250067	3.78323213788047e-15	1.43535827311185e-12	0.234493041867838
AT1G13290.1	-8.8339572569678	-0.278081769548245	0.000288803739478437	0.0099070649871717	0.822968972818699
AT1G13470.1	6.09931286225876	5.67215047127128	5.42336252477667e-11	9.7057723674541e-09	0.256763959324159
AT1G13970.1	-4.24387529537215	4.96322121392408	5.98696410146927e-08	5.97751100025642e-06	0.218059538168371
AT1G14040.1	-4.29768716348141	3.45553317935287	3.53759757513509e-06	0.000233014673612197	0.296921203728949
AT1G14180.1	-3.12395735586033	3.43860092300492	0.000670855839087595	0.0201362899802083	0.327534856982533
AT1G14860.1	-5.32999285558385	1.20775021130629	0.000721093880435575	0.0213736732997857	0.705325072522215
AT1G14890.1	-3.18924552806411	4.45527130664074	7.8760316663617e-05	0.00325508323988849	0.255040802896374
AT1G14900.1	-4.69398975600314	5.62132229864588	4.68285132038666e-09	6.12646134811966e-07	0.219571534196096
AT1G15125.1.DE	8.4468310339577	7.59741120578527	7.01791575425862e-11	1.19936812484942e-08	0.404272206761309
AT1G15570.1	-5.29469261217242	3.79957276528425	9.34277001649027e-07	7.08929388851281e-05	0.366881294223828
AT1G16290.1	-6.59053472032996	1.81260742673756	6.14253587181524e-06	0.000368746536355491	0.535568262816053
AT1G16410.1	6.81296033424921	7.56743316796105	3.74999633647889e-12	8.46874172654815e-10	0.269909055183304
AT1G16630.1.DE	-5.83206067412107	3.81338372702355	8.76831364505262e-09	1.0871562735075e-06	0.306161072317267
AT1G16730.1	2.39222379759302	4.39479182072051	0.00152058970028285	0.0393563329922968	0.238214079549463
AT1G18570.1	6.34937180544302	3.9740162456799	2.73877343031658e-10	4.25856819451684e-08	0.284224526859585
AT1G18840.1	-2.29192645255303	5.62588178723466	0.00168874119631544	0.0427709218879892	0.226032435494306
AT1G19230.2	-6.73298289003798	2.73484732076838	2.21488865510893e-07	1.936241372692e-05	0.436209550563862
AT1G19790.1	-5.24649177111287	1.48953518523431	0.000313763153167389	0.0105720906138284	0.625699352536388
AT1G19830.1	-5.3965136440562	3.0085341108277	4.30863330118336e-05	0.00194820443981749	0.528862469945101
AT1G19850.1	-4.99475107615977	6.12335435251769	1.52791225635906e-08	1.77818990816757e-06	0.25847104851201
AT1G19890.1	-7.80857285203983	1.80630541802164	1.08370120377273e-06	8.15786183951139e-05	0.547777257362411
AT1G20132.1	-9.80656354502328	2.9489855193826	4.33451367048927e-11	8.06134552246878e-09	0.384253496846041
AT1G20790.1	-9.22403197543367	0.0903606882663562	0.000121789020180787	0.00479323176935588	0.795820962888577
AT1G21000.1	3.33313759265761	6.65886491875459	3.84144907037843e-05	0.00179931577444639	0.254937165689241
AT1G21250.1.DE	2.53815190732606	7.90597804691244	0.00188837336972222	0.0468880141670556	0.276847725718297
AT1G21540.1	-4.27534353181334	5.38612302599111	2.32023340741827e-07	2.00980948578651e-05	0.242576945038666
AT1G22015.1	-9.61311289802848	4.11355355563877	8.81705187691097e-16	3.98236843107146e-13	0.274399587684334
AT1G22100.1	-9.67246430445608	0.520495967831867	3.72896025243182e-05	0.00176404927652448	0.753851315564597
AT1G22350.1.DE	4.35383521971985	3.61849353070727	3.9891166884832e-06	0.000256520486713649	0.307306595439981
AT1G22380.1	-8.18053057293938	3.37972797822185	5.50086537255658e-11	9.75246879601853e-09	0.347107829027351
AT1G22470.1	-8.99051058797421	-0.130354333269076	0.000198592068193866	0.00724479141084159	0.807827843043878
AT1G22760.1	-10.0271154893501	5.21855797739911	2.12368233666086e-19	2.23812521813647e-16	0.241366192220259
AT1G23130.1	4.89150727644019	9.23942999604628	2.49294082205742e-08	2.74948182525752e-06	0.259455510801687
AT1G23520.1	-12.8929445305688	3.69238428441633	8.0306100324521e-16	3.71562615403942e-13	0.300303540559391
AT1G23560.1	-7.40364275943532	4.80461086657838	2.79064954632277e-15	1.10288795611964e-12	0.224962788114728
AT1G23580.1	-9.66675054680202	3.65930571765053	5.67039267898582e-14	1.85460946759243e-11	0.307299953358131
AT1G23600.1	-10.5376388020072	3.65698898094786	6.07382353663779e-15	2.23648317084351e-12	0.298423144433074
AT1G23610.1	-8.73093633135215	1.8620532998735	3.87974237236424e-07	3.11858952558261e-05	0.554361013453173
AT1G23670.2	-9.79717693685021	3.78969298751845	1.263094092499e-13	3.68629152841631e-11	0.3240133506545
AT1G23810.1	-9.3673008529957	0.228082516633619	9.87761899702159e-05	0.00400381265755341	0.798819032647399
AT1G24020.1	-6.05936866907573	9.12371204303329	1.16889769786355e-09	1.66721724274223e-07	0.298455159926277
AT1G24030.1	-3.7580258993168	2.94877121351762	0.000154396234286541	0.00594016098041056	0.358628552189753
AT1G24140.1	3.1229767629679	3.2201040349675	0.00120010829681358	0.032246535963957	0.359263349993874
AT1G24147.1	4.52319257699185	5.39062292407307	3.83838248070419e-08	4.09068065499767e-06	0.234699854199549
AT1G24220.1	-9.66743472336452	0.514663296356905	3.44947252645011e-05	0.00164827440369669	0.745268512047498
AT1G24625.1	3.54885245604853	2.71716542210886	0.000592556775748345	0.0180720289966979	0.393556113051027
AT1G24657.1	-7.008598458095	0.223595951724653	0.000312328665576832	0.0105424818256094	0.786952095083914
AT1G25440.1	2.36956066064329	8.09707033201323	0.0019571722339906	0.048334520383525	0.246976441345176
AT1G26320.1	-11.9887149659076	2.79329181648824	4.22604477873655e-11	7.93743261907251e-09	0.408984646171997
AT1G26450.1	-3.88625430266541	3.43000879482965	0.000103467255769192	0.0041672480720628	0.360294950739365
AT1G26515.1	-8.57055099170864	-0.522826433479606	0.000457202344556671	0.0144071901598672	0.827221953017371
AT1G26770.2.DE	-3.25385263853541	4.58775878677075	0.000125887145165139	0.0049442632376453	0.279400311165521
AT1G26910.1	-2.69519179511557	3.90503018331176	0.00101946775635443	0.02825571474412	0.272847400983879
AT1G27710.1	-10.1668135814147	6.03115336330144	1.55302339236445e-19	1.73299139724433e-16	0.253458300366203
AT1G28370.1	4.67283308301136	2.28280134803656	0.000161802390414755	0.00617583771864768	0.499716172011291
AT1G28470.1	-3.99038770573705	1.66591494409406	0.00175592399317275	0.0441090881845992	0.553456170221205
AT1G28550.1	-6.32223996222455	1.83380243519319	2.02420618600208e-05	0.00104345628664292	0.579691821615604
AT1G28600.1	2.44344263515456	5.61499726834865	0.000800960386896103	0.0231266644435602	0.22289738438404
AT1G29140.1	-8.98745850319908	5.73805285003638	2.77962770659879e-18	2.19706406642413e-15	0.237904016889526
AT1G29715.1	5.00348010108089	1.71702238754838	0.000293264581256121	0.0100058077453752	0.584901047337402
AT1G30020.1	-9.05739187784457	2.18487171069007	3.66842595298593e-08	3.94453299952622e-06	0.495127579778577
AT1G30250.1	6.32516624087759	3.79202839638601	3.94218662010175e-06	0.000256520486713649	0.524681030071344
AT1G30260.1	3.33689861355701	3.85025984055222	6.61633940230917e-05	0.00284688761512641	0.268503598231958
AT1G30650.1	-5.72294673439855	0.955364311510992	0.000742592617323232	0.0218741955754995	0.769481264927266
AT1G30710.1	-6.99674338881405	1.9329906130558	9.10170914727589e-06	0.000526400678426292	0.603251285280096
AT1G30780.1	-9.95914241704626	0.79692834898802	1.39265660100861e-05	0.000759157923021073	0.714366027690686
AT1G31040.1	-5.39133538316798	1.84582631347362	6.04652488413612e-05	0.00263599646452594	0.528429319096081
AT1G32250.1	-10.1377244159123	0.971003197283477	1.03953171316174e-05	0.000592189687647997	0.718512518384523
AT1G33720.1.DE	3.29161114895355	3.57020923352885	0.000253593149819676	0.00884312877220451	0.30997218538146
AT1G34095.1	-3.10134668910635	3.16157763634452	0.000926550264509312	0.0260781283646018	0.338191744946119
AT1G35110.1	-6.21060628416957	0.785590065008879	0.000196442447403087	0.00720795595210165	0.691485748598777
AT1G35490.1	-7.31367525271627	4.9330468273135	3.66688371826766e-15	1.41960783950077e-12	0.224288026469553
AT1G42560.1	-5.51999089599935	0.454285092719162	0.00163137636852479	0.0417641156692514	0.810917526259768
AT1G48630.1	-2.97630620981738	6.37435627213969	0.000136481438306871	0.005313387963007	0.244427292238911
AT1G48820.1	-8.78116017716314	-0.326663202736798	0.000317766657467881	0.0106448094290557	0.82154044253244
AT1G49290.1.DE	-6.07958508345914	1.95476394569511	9.78126825727093e-06	0.0005588875266278	0.511922045791252
AT1G49490.1	-4.64378353509331	4.64184026046493	1.77116383536575e-05	0.000938518937343248	0.394324210861427
AT1G50010.1	-3.4683073784099	8.21196528334288	7.91388142625714e-05	0.00326361588382822	0.295649931775493
AT1G50610.1	-7.98877735260684	1.96103946889055	7.05124150010898e-07	5.45967556151296e-05	0.546009812816093
AT1G50820.1	-7.44859102113933	1.96741586453151	7.73191735204008e-07	5.93823773960325e-05	0.515208317243396
AT1G51800.1.DE	3.77869940783401	3.51117379177394	2.60463729428629e-05	0.00129684959245698	0.295513148876438
AT1G51860.1	6.83657836620124	1.35067608434444	3.06722538907712e-05	0.00148826662595183	0.636085475503835
AT1G52690.1	-5.62282296078587	1.29406103753808	0.000835981150475514	0.0238833771453622	0.776899729188667
AT1G53020.1	-8.47293686226844	-0.612714324254651	0.000557498122032624	0.017196324186925	0.830145453549929
AT1G53140.1	-5.13027342742003	3.57642018850017	1.48898913294548e-07	1.33867885554387e-05	0.304463226076852
AT1G54540.1	-5.83911584049761	0.388030372849345	0.00105550617761738	0.0291031281822698	0.800236364881183
AT1G55020.1.DE	-2.38289079478755	5.44078694477109	0.00160041785626035	0.0410824448352624	0.239809768580243
AT1G55450.2	3.53817674620838	5.49971633891494	1.26699913577554e-05	0.00070277700601351	0.250082538860951
AT1G55910.1	2.37776259706801	5.45434196401148	0.00108115896964469	0.0296381295580342	0.22311222271582
AT1G56430.1	5.81824971541348	2.81753018663333	6.29229055280122e-07	4.93242775977847e-05	0.392647059404138
AT1G60240.1	-10.7027827270019	1.52313699977995	1.23241679543031e-06	9.09686638494669e-05	0.649546927756927
AT1G61070.1	-12.0397759887374	5.16994752773234	1.86550312325625e-21	1.17961980827237e-17	0.241628051431422
AT1G61110.1	-10.2725106985066	5.92100695777838	2.86471524600668e-20	5.43436482167466e-17	0.243595337667105
AT1G61450.1	-7.74959901001154	1.74850119477231	1.62399532594299e-06	0.000117137609631705	0.560436592429388
AT1G61590.1	-9.59333270767825	2.71633594750025	5.06472427076265e-10	7.6862255533094e-08	0.419342395991336
AT1G61680.1	-7.39313968050525	5.33773650608086	2.56306883935369e-15	1.05698730179434e-12	0.227227380470856
AT1G61700.1	-5.1027601092272	0.403668343271122	0.00155897527765427	0.0401272198332449	0.731929610023443
AT1G62180.1.DE	3.11504815073466	8.56699252894385	0.000100278672938279	0.00404741792689183	0.254464025337561
AT1G62480.1	-3.61198257186388	7.33998407660177	2.32519144672387e-05	0.00116748759003817	0.275963524719487
AT1G62870.1	-2.78638718524003	3.8334069554804	0.000626924866188981	0.0189677268127671	0.266864681535912
AT1G63060.1	-8.76237213603988	3.26683183097978	1.20828059547054e-11	2.43841307405065e-09	0.34215932900485
AT1G63300.1	-2.97291561060919	3.79039278812578	0.000624956963318103	0.018951688094675	0.298548813547929
AT1G63910.1	-5.00540194811975	1.05779032580499	0.00152500293653205	0.0394132230327152	0.729512096829656
AT1G64030.1	-8.26209361090585	1.43086596345568	7.15239475352483e-06	0.000425241114282542	0.66011583243775
AT1G64235.1	-7.11568391731831	0.325222858176323	0.000238904998244353	0.0084395303849076	0.776108300069509
AT1G64450.1.DE	-3.04808277716559	3.56025189378411	0.000402048995308653	0.0129050244348649	0.29106704228506
AT1G64680.1	2.57485517558124	6.5328206526892	0.000763670500394373	0.0223217710207723	0.242876987643071
AT1G65113.1	-11.4790262705727	2.28832595626816	5.18902069774394e-09	6.6963076623267e-07	0.493323643093832
AT1G65486.1	4.69501237701516	2.21778845151861	9.03090736383504e-05	0.00369216191146446	0.462316235144756
AT1G65730.1	-3.83646152989978	3.72088645211904	9.224221768327e-05	0.0037630857407562	0.349914512642594
AT1G65790.1	3.81194776673609	5.10872171647277	4.69275831830194e-05	0.00210453014889333	0.322761459214576
AT1G66170.1	-5.45144598984821	0.0475359875639311	0.00160999361507	0.0412724038890241	0.771774871200775
AT1G66350.1	-3.12296171103682	6.498284409361	6.84053769343438e-05	0.00292263513613626	0.243929096942935
AT1G66430.1	-3.75928680969418	6.14808682957373	1.84664048274603e-05	0.000967700827560557	0.28697763977417
AT1G66620.1	-3.971950374338	2.10316153705276	0.00129064991763102	0.0342907968311771	0.52830239693446
AT1G66850.1	-10.3740016951909	8.01621528010588	1.30657771834391e-19	1.5491112073115e-16	0.27034134847388
AT1G67110.1	-7.22702895298593	0.3974605986895	0.0001708731757311	0.00643147647543445	0.754404289479141
AT1G67220.1	-5.3915795393771	0.0125939056145819	0.0016482733677461	0.0420265400351392	0.767429697418554
AT1G67290.1	-7.38648015616392	5.32135271161372	5.04400628299193e-12	1.08732726350406e-09	0.297555071982165
AT1G67481.1	-7.59813260124885	0.754666710024679	6.23207614911634e-05	0.00269914348284787	0.721511999663255
AT1G67750.1	-4.61034937810897	5.74293192107324	5.30589551554282e-07	4.19386824707697e-05	0.290147058486072
AT1G67800.2	2.52271531516288	4.2018500231261	0.00150158871935274	0.039020736994687	0.260868445515168
AT1G67970.1	2.98989710310986	4.40418289319885	0.000605902964551112	0.0184494048756574	0.300652848079848
AT1G68090.1	-10.2620158654243	1.09167514954442	5.85569270155789e-06	0.00035376589346673	0.693013911690151
AT1G68540.1	-3.31282027500411	5.76954473804257	1.93856898480284e-05	0.00100203415917466	0.234090642385218
AT1G68630.1	-6.38722423838363	0.457095589764886	0.000420765277345381	0.0134149870777175	0.774871581653982
AT1G69310.1	3.1677912966202	2.7810176772164	0.00134732657279456	0.0355929210296762	0.373829516910358
AT1G69450.1	2.65001815648371	5.5237271677159	0.000320115856366845	0.0106911933015476	0.223832462345284
AT1G69500.1	-6.67191016899952	5.6615930563121	1.92541560868179e-13	5.37134324951375e-11	0.231593953333032
AT1G69720.1.DE	3.2383952001363	4.19735158730116	6.49149633685563e-05	0.00280509534191688	0.255156644205452
AT1G69770.1	-3.37491148685055	4.99141387394656	9.48820874102295e-06	0.000543780422408476	0.224385813049468
AT1G69940.1.DE	-9.9659002562671	7.6455681918675	6.5647276160238e-20	1.03777402396643e-16	0.253767025649532
AT1G70220.1	-5.12155335144314	0.669467032394384	0.00100091926960097	0.0278408189799565	0.693068834131717
AT1G70510.1	-6.02309844351612	1.92163246099785	1.19449390112649e-05	0.000670400866993181	0.51762469837972
AT1G70810.1	2.9087499089267	4.92512143215962	0.000139273470863768	0.00540289926847788	0.234365787812189
AT1G70890.1	4.43689928670194	4.35078498994916	6.76107570681935e-08	6.51053838367325e-06	0.234395698880359
AT1G71680.1	-10.9587254316138	4.91902551985314	2.81024020796764e-20	5.43436482167466e-17	0.239396908765725
AT1G71770.1	-8.50602089684951	5.15234094590999	2.56310442767425e-17	1.56845454816066e-14	0.232911246153025
AT1G72110.1	-9.67495467536617	2.81882247441852	1.59408294390697e-10	2.56269096999282e-08	0.401275534159966
AT1G72210.1	-3.54195419603998	2.4467533374172	0.00185197892365435	0.0461050396085604	0.469656689155079
AT1G72730.1	-3.14481211771459	4.24653403753908	6.81551410243456e-05	0.00292263513613626	0.244356200735452
AT1G72890.2	2.8146703902328	3.73772596227153	0.000744735141720503	0.0219032955634697	0.279452890279446
AT1G72910.1	3.80045312322317	5.5404716582011	1.52853495279685e-06	0.00011067293150594	0.232611873050918
AT1G72960.1	-6.01591443822208	3.02778215343099	7.29790423504604e-08	6.95684639893585e-06	0.355076137060898
AT1G72970.1	-4.51789349293024	8.03538169980336	4.56134541632959e-06	0.000288441751077209	0.336195300067318
AT1G73010.1.DE	-2.61477914191422	3.61379525763914	0.00163899081919815	0.0419025011323302	0.280392223260349
AT1G73220.1	-8.25267437135834	5.46812410121198	1.87554021427929e-17	1.18596659549594e-14	0.225241529711364
AT1G73860.1	-4.18451179415652	2.568167611513	0.000341207213491207	0.011315910559315	0.467026925306561
AT1G73870.1	4.60145105125947	5.69917066647457	4.87710361727575e-07	3.87107345689209e-05	0.287229009312239
AT1G73890.1	-3.11761102418351	2.73248829802621	0.00184704897198302	0.0460427319297212	0.384300431669566
AT1G74150.1	-4.11457942443017	1.88627561997146	0.000769955690606159	0.0224708606935367	0.507581084483715
AT1G74420.2	-4.30571624922165	2.34506410366066	0.000177476903608918	0.00664050663010092	0.447100361561888
AT1G74810.1	5.53329416639124	3.01906767878152	1.7700041019578e-06	0.000127185522023256	0.402116289724789
AT1G74830.1	-9.78945654576079	0.632733249236033	2.31035170606901e-05	0.00116589582568258	0.729563291985496
AT1G75050.1	-4.95074553103489	3.00076738659243	3.90890865966236e-06	0.000255696542323431	0.370161621630155
AT1G75060.1	-4.22680102813312	3.5286187271311	8.33000237121934e-06	0.000484724371110524	0.315252126383229
AT1G75910.1	-10.7886631219934	8.47838935767462	8.99060054222338e-21	2.43645274694253e-17	0.26711640454763
AT1G76250.1	-7.25661838936121	2.69783360169925	6.23593599725532e-08	6.1934924538185e-06	0.435432839294133
AT1G76470.1	-7.3343379700015	4.72006774249401	4.79081821887621e-12	1.04461863921933e-09	0.290111585481087
AT1G76530.1	3.67144382912179	4.01657296358209	1.1684782494709e-05	0.00065970334501378	0.260755649385859
AT1G76590.1	3.5651819913228	3.99447835852146	0.000394776264825738	0.0127146107703637	0.377061418311334
AT1G77270.1	-3.51537584428521	5.11820806537523	3.57617789304819e-06	0.000234740811872402	0.219822085408985
AT1G77520.1	-5.65804588703182	3.9243045761789	2.96783410775003e-08	3.25432445225538e-06	0.315900212703168
AT1G77980.1	-9.133596102492	2.28467790402003	1.72366943262371e-08	1.95796461897436e-06	0.479405092463655
AT1G79250.1	-9.54599762456147	2.69136743071087	5.19235527363739e-10	7.81737932864296e-08	0.41794396420781
AT1G79270.1	2.75869906713583	5.99414457570704	0.000272595500400159	0.00947094623185168	0.234905585035024
AT1G80540.1	-8.26053012628383	1.3983935643346	9.29607060750674e-06	0.000536007475454112	0.673349997022603
AT2G01029.1	4.67406441357717	2.66693399501341	0.00111937398865004	0.030421954963741	0.660396482227708
AT2G01420.2.DE	2.33852729104452	5.78463209127005	0.00148596701133929	0.0387741323316456	0.229010599133876
AT2G01610.1	-4.76558872253546	4.51757084358625	1.12244368413727e-08	1.3649203005182e-06	0.234130901654197
AT2G01913.1	-4.35272284368294	2.15951776197197	0.000225149916147554	0.00802837200999832	0.465122974817498
AT2G02140.1	-8.4759785950799	3.34831128580991	6.49313494240966e-11	1.11977063506828e-08	0.360716274585738
AT2G02660.1	-6.44323473881065	-0.341664758403049	0.00110399259450706	0.0300901429853432	0.821392280492233
AT2G02850.1	-5.31162274792236	5.17742564936993	4.28727179903692e-09	5.64788514081461e-07	0.262028231863274
AT2G03090.1	-6.68698953306786	5.49052960864883	2.48594786010804e-13	6.64203252200697e-11	0.234212496446938
AT2G03210.1	-6.98740461416653	0.980352721796009	0.000112353731875264	0.0044870532498395	0.73806040993052
AT2G03240.1	-2.27117350727331	5.73190959296348	0.00175785296086226	0.0441090881845992	0.224058830825747
AT2G05850.1	-6.23508762923657	1.69399402790059	4.30305604645681e-05	0.00194820443981749	0.607910825951799
AT2G06950.1	-4.41247633719232	6.61855927580135	1.1920885745412e-07	1.08720770476185e-05	0.244486427822261
AT2G07040.1	-8.02068667073722	5.09462046516726	7.68122522750358e-17	4.28567184016891e-14	0.22417280748144
AT2G10970.1	-10.356573022396	1.18414949378481	4.56154587892265e-06	0.000288441751077209	0.688718511343458
AT2G16210.1	-9.34737106972076	3.31019462573961	5.6048621267632e-12	1.19465432072694e-09	0.349637990523116
AT2G16260.1	-9.42822314964774	0.284873580397934	7.2886605399362e-05	0.00306576253752971	0.776964343415873
AT2G16380.1	5.59309606125681	3.56377745942034	1.47643180020292e-08	1.72888341048453e-06	0.295145120251179
AT2G16520.1	-8.82518779562781	-0.28492224995599	0.000308296140522387	0.0104249158390547	0.829017729315376
AT2G16535.1	-11.3666137143353	2.17720040768081	1.25478464339649e-08	1.50653573957161e-06	0.512662047470094
AT2G16780.1	-3.73093812936287	4.29257009270713	4.86544173493592e-06	0.00030162558729325	0.247707682613553
AT2G17280.1	-2.57535903322072	5.0122389836914	0.000424779238518633	0.0135050787692723	0.221298122127139
AT2G17845.1	-6.93493748280805	0.929199260527312	0.000104677016735168	0.00420704027005538	0.722000665644201
AT2G18420.1	-5.5547228267055	2.46110845927699	3.56645622626027e-05	0.00169139186530393	0.53713297316378
AT2G18460.1	-6.11821240461217	0.675926845093484	0.000253152867100897	0.00884312877220451	0.694125940428851
AT2G18470.1	-8.09020375095413	3.93717067745272	5.00571598834412e-13	1.30080044245052e-10	0.289264437964303
AT2G18500.1	-5.1908634490756	0.46953959546712	0.00116757311999708	0.031461451827194	0.710568377931803
AT2G19010.1	-11.2270973661427	2.03914377585966	2.47523473307619e-08	2.74591829745353e-06	0.523745749884582
AT2G20430.1	-8.32131446632493	1.45866894820683	7.13793328602087e-06	0.000425241114282542	0.664075957060827
AT2G20515.1	-3.27902534368221	3.14594473693107	0.000889641286326781	0.0252264502266353	0.369314299365195
AT2G20970.2	-9.85801109014865	0.699035050265407	1.87655984502379e-05	0.000977976380772011	0.723009111413366
AT2G21050.1.DE	-2.66205501758792	4.5685929171367	0.000912710301252875	0.0257650512124509	0.263694449125813
AT2G21450.1	-11.2987138185926	2.10997100544644	1.32088946419597e-08	1.57592912803758e-06	0.508120696904658
AT2G21460.1	4.9334840176611	2.67056226158813	0.000499531185876649	0.0156371395974918	0.633665355417439
AT2G21480.1	-7.84138710213064	2.73197962710052	1.38076659139793e-08	1.62690324464713e-06	0.430342265086466
AT2G21590.1	-2.419473997095	4.98943915784283	0.00139634344752849	0.036789771110577	0.240014819168099
AT2G22620.1	-3.65323904599954	2.07398172034868	0.00169191740448309	0.0427942308840589	0.482877251466004
AT2G23770.1	5.15100524867093	2.89563402934353	1.69671916925146e-05	0.000901589989935581	0.444565556069621
AT2G23900.1	-8.52288350310321	3.96643979327327	3.51654817211813e-14	1.19123069330502e-11	0.276590644771856
AT2G24370.1	-7.29876812870192	2.97133501080073	2.08936945330976e-09	2.85146320354577e-07	0.361759758252244
AT2G24615.1	-8.61923051515046	-0.477409675864882	0.00042638233554047	0.0135258744234159	0.827657380451776
AT2G25060.1	-5.87411105278894	5.13757827857138	7.36369497595336e-11	1.2472258365521e-08	0.246586675551326
AT2G26010.1.Hnull	-5.27570895278969	5.07285862068796	0.000560745001842079	0.0172497850504177	0.722557247393185
AT2G26960.1	-5.96574896808403	0.574489966229959	0.000643377272056237	0.0194036038965132	0.777606142445009
AT2G28180.1	-6.95874057423562	1.8617608326597	5.11286096130609e-06	0.000313886642187626	0.561048254227023
AT2G29090.1	3.03048740450215	4.2065564006549	0.00022911561935175	0.00815445271876679	0.2668753854846
AT2G29320.1	2.35113580410106	6.09107623595758	0.00166972603475677	0.0424593872377156	0.23623410097556
AT2G29550.1.DE	-3.44236410461382	7.24072073036453	7.745465708251e-05	0.0032144462516007	0.291201956541516
AT2G29770.1	-8.85154318543245	-0.261025475526241	0.000274628724388296	0.009506764419062	0.81900018432338
AT2G29790.1	-12.8966553586483	3.69608151589917	2.13594770098959e-15	9.20884724722104e-13	0.311135334320548
AT2G30250.1	5.88289816846712	4.65185047777034	1.41972109682395e-11	2.83495886386846e-09	0.228065833613193
AT2G30432.1	-4.7227942132418	3.48441255765447	1.2453919837165e-06	9.15701005081473e-05	0.313903946459027
AT2G30930.1	2.79534030115465	4.02353222783271	0.000829212737113451	0.023797527417613	0.281681206003333
AT2G31470.1	-7.23961123363585	0.443591578120824	0.000180545917289555	0.00674203947043872	0.769370467454685
AT2G31880.1.DE	3.45550825672248	7.04009978597371	3.27335807752962e-05	0.00158407149823308	0.266004697870156
AT2G31985.1	-8.78946189621455	1.91988586396477	2.58315328581781e-07	2.21730397429701e-05	0.542924586563353
AT2G32160.3	3.74324053276861	7.11534239873086	2.28440397162478e-05	0.00115869367223856	0.291727001304439
AT2G32280.1	-4.20232271746193	1.88835282474429	0.000831056940615211	0.0238144262288075	0.525197102554725
AT2G32680.1	7.53947799955731	6.23622862884554	1.21308813605877e-12	2.95029255654294e-10	0.292917549985479
AT2G32765.1	-4.38452478363662	4.00600749497373	1.16310465618112e-06	8.68665170384088e-05	0.282504533780726
AT2G33100.1.DE	-5.10327408709385	2.91315245310171	1.84515927881675e-05	0.000967700827560557	0.444891438620433
AT2G33190.1.DE	-8.97749354233264	-0.142268099099795	0.000212024462725778	0.00764658566142206	0.811266298807359
AT2G33270.1	-8.75561688947691	1.91330263901268	2.80108474982276e-07	2.33055165369025e-05	0.545856748904501
AT2G33420.1	-7.20474085009021	3.73956792145889	4.17815795503916e-11	7.92596564070929e-09	0.303039843422158
AT2G33560.2	-5.35236809743333	3.0984477824487	6.63138844057203e-07	5.17684932994451e-05	0.354973438860648
AT2G34190.1	-5.07746667156747	3.9354943298764	3.64845644066316e-08	3.94453299952622e-06	0.274767379896803
AT2G34220.1	-4.83961707557435	1.10359779198574	0.00111166334085304	0.0302557440114523	0.670404034501979
AT2G34870.1	-9.76746627433833	3.76161046547937	2.8168139669644e-12	6.54748183647247e-10	0.366332425023595
AT2G35190.1	-3.99054494476746	4.3736188322349	2.07445571333578e-05	0.00106357905086432	0.316898890442974
AT2G35215.1	-9.33601089210416	0.197781365334868	9.66050590246238e-05	0.00392419265459767	0.791220962501588
AT2G35310.1	-9.26538157078466	4.4794860273065	2.09579522992266e-16	1.10436765310091e-13	0.261438836821544
AT2G36170.1	-2.44169147348251	6.3392786878087	0.00131551413575873	0.0348537753566244	0.24218607990029
AT2G36190.1	-9.71743950740129	5.14765450491746	8.32011633479964e-19	7.17420940323405e-16	0.24197105291708
AT2G36270.1	-3.41084590826748	4.08466932097039	0.000356018253729312	0.0117455065621653	0.345760392924656
AT2G36620.1	-2.8960487895184	7.06978408810894	0.000317465701274293	0.0106448094290557	0.261161059108758
AT2G37370.1	-6.12672958505265	1.60286148344396	4.31336776343355e-05	0.00194820443981749	0.593162746702888
AT2G37620.1	-2.80486502083447	5.8430143412175	0.000158495782323079	0.00606182457796131	0.22486137843568
AT2G37640.1	-3.44539702287578	4.74468128639958	0.000135511175937679	0.00528939713485137	0.310229109767663
AT2G37770.2	-4.30229206575165	3.52014897164126	2.64248339887794e-06	0.000179028250273981	0.290923702930946
AT2G38160.1	-5.54151965091916	2.498858393801	3.07061792276121e-06	0.000205829052985089	0.417500547798128
AT2G39030.1.DE	4.08968868891001	2.73491372178629	0.000170759373339984	0.00643147647543445	0.410853266808354
AT2G40000.1.DE	2.71180872076366	6.70343163365202	0.000692384627047207	0.0206517867532791	0.261749070825088
AT2G41100.1	3.28970864278077	6.49405371329317	2.32635903550042e-05	0.00116748759003817	0.23646704450407
AT2G41180.1	3.7586772757616	4.51484773127853	2.366742574232e-06	0.000162083417448307	0.235428978017277
AT2G41450.1	-4.8633123792114	1.34070445897218	0.00071376312500848	0.0211894937111281	0.62728571855903
AT2G41650.1	-3.69637852264944	5.53234406344777	2.01107168931817e-06	0.000141296407208762	0.227496933984429
AT2G41940.1	5.358570561257	4.96624118510888	9.28753508734167e-11	1.54547842637607e-08	0.217893443803521
AT2G41990.1	-5.95301418650752	3.17354040307615	6.28504556069123e-08	6.20975595241212e-06	0.347481752807029
AT2G42200.1	-2.841177923473	5.6844118377089	0.000121753017497418	0.00479323176935588	0.222283598140649
AT2G42480.1	-8.79376719346951	1.92416023126759	2.76049229472485e-07	2.31569289101749e-05	0.546370995932501
AT2G42570.1	-4.69204211700865	5.58948499413571	4.5099373323565e-08	4.72671332567971e-06	0.25129344105372
AT2G42800.1	-6.53445419374979	5.2498426377875	2.38048464696667e-13	6.45111339327968e-11	0.22503924757595
AT2G42835.1	-11.1162295959124	1.92967254127448	6.33248215630444e-08	6.22420655466815e-06	0.549504409817387
AT2G43060.1	4.57169857398622	3.58218850762053	7.49961403021821e-07	5.78323894931868e-05	0.287645083690068
AT2G44450.1	-6.26627193425998	1.9329868139048	1.51451956007227e-05	0.000816205569732128	0.553119850805707
AT2G44460.1	-7.99955606078367	1.9942808959912	1.39841644771375e-06	0.00010242455603525	0.583021300681194
AT2G44560.1	-8.06250525682526	2.05558127278759	2.23304509346132e-07	1.94315896435602e-05	0.508076456098724
AT2G44830.1	-3.35537977692438	4.32937932727715	5.20672842819967e-05	0.0023077485580128	0.264693763025294
AT2G45180.1	2.86323036900356	7.88439445500834	0.00077269335256085	0.0225161181230097	0.292595712393454
AT2G45480.1	-5.48557820952274	1.80996178803246	7.34874744126893e-05	0.00307738938103469	0.552092042832285
AT2G45650.1	-8.63214249846911	3.54245149002006	6.71116214991237e-13	1.69747661311784e-10	0.305171812980865
AT2G46210.1	-5.09892579575131	4.25663612707615	8.65977871948576e-09	1.08076317308319e-06	0.254459060871478
AT2G46780.1	-2.72308736791799	3.87753372226743	0.00120925090236045	0.0324462370831368	0.286508284356285
AT2G47240.1	-3.37314550020597	8.3922471952432	3.41978852393927e-05	0.0016382168762406	0.257006425754007
AT2G47750.1	-3.63880419962021	3.28773110080811	0.000524265825400756	0.0162505273004123	0.403977066561154
AT3G01020.1	-10.5873218402408	1.40984624145223	1.85002135083503e-06	0.000131157875603569	0.659547656948981
AT3G01230.1	-7.54137604616685	4.61358492326667	2.38626716795916e-15	1.00594418169301e-12	0.227610856352568
AT3G01240.1	-8.49341476018285	6.35099353658941	5.40717623917964e-17	3.13878687187643e-14	0.244899027447847
AT3G01700.1	-7.62115442949735	4.62323243078332	9.39550263055218e-12	1.93731179240842e-09	0.313419336729421
AT3G02030.1	-4.59787901017421	5.13357472326016	3.92728093667828e-07	3.14348182990662e-05	0.281137613571184
AT3G02930.1	-3.10679975633615	4.18161532664836	9.99985652090727e-05	0.00404471808532219	0.250497212646912
AT3G03430.1	-9.5993958789946	4.09982387794944	1.63167410056517e-15	7.19833899714449e-13	0.279452455596731
AT3G03480.1	-3.68192555933459	3.07775224359062	0.000384573144029938	0.0124706881064067	0.392362624075204
AT3G04110.1	4.29740503728468	4.43323452474754	1.62925917199897e-07	1.45103504661129e-05	0.237248674859186
AT3G04210.1	4.38870262185718	7.50986854871585	2.77101890490759e-07	2.31569289101749e-05	0.257576300557042
AT3G04360.1	-7.29951372503039	2.72615157048512	2.92722384374859e-07	2.41776918425562e-05	0.489385668119151
AT3G04720.1	6.08968505773991	4.42618334594562	2.9741293979602e-10	4.58692964872399e-08	0.272396996263528
AT3G05400.1	-3.7944795871084	4.45278538627537	2.32441889033974e-06	0.000159761689672989	0.238691484150784
AT3G05790.1	-3.90536781960584	2.15153330832194	0.000734632368814719	0.0216866833689027	0.468831682018324
AT3G06160.2	-6.11886201431828	3.77843772311632	5.83232815933509e-10	8.71175316398321e-08	0.28141009437888
AT3G07120.1	-5.67312251166007	1.17935847853142	0.000211478362918194	0.00764141818011075	0.6424507439956
AT3G07450.1	-12.3514767118279	3.15363156161291	2.83022409378357e-12	6.54748183647247e-10	0.38133490705357
AT3G07540.1	-3.06832833617234	4.86175808651733	0.000869591673634855	0.0246948413904988	0.333642878202764
AT3G07830.1	-11.081680550321	5.0541750474696	5.44619837332973e-21	1.76680544849295e-17	0.234356429161304
AT3G08770.2.DE	-8.83323968141161	9.05135517432	5.46019856467698e-17	3.13878687187643e-14	0.263097536718055
AT3G10470.1	-5.59995058699005	1.2996127668843	0.000235303109910575	0.00832779849814104	0.643558907034035
AT3G10890.1	-11.1417527253149	1.95501508289329	4.30667401913265e-08	4.53875589683035e-06	0.536575117158062
AT3G11000.2	-5.91610068049203	4.74701067035334	6.60466554290052e-12	1.39211672609803e-09	0.222550218440797
AT3G11010.1	3.2609758700075	6.66107347795749	0.000147053461983166	0.00569306974249114	0.287770851776837
AT3G11050.1	-3.80171077789939	2.77817616929308	0.000198352690120167	0.00724479141084159	0.374258543465625
AT3G11160.1	-7.38298015875284	0.547295673063116	0.000111701686834282	0.00447042404904291	0.739345051796602
AT3G11165.1	-9.85619468040635	0.697486575264037	1.91089315968924e-05	0.000990427410909967	0.724557169736587
AT3G11210.1	-2.60200060377381	4.98017456661503	0.00059069210888299	0.0180441695740907	0.236617323048668
AT3G11480.1	-5.16874401992006	5.04027647129105	2.10156737696691e-08	2.37301982982513e-06	0.275174379295661
AT3G11660.1	2.90335370014819	6.72011327497695	0.00134904112916907	0.0355929210296762	0.328373080189513
AT3G12000.1	-11.2613155853857	5.22100404422387	5.58820911489601e-21	1.76680544849295e-17	0.240174504602877
AT3G13190.1	-2.39063580473488	4.312610294034	0.00173317961479813	0.0437620949420382	0.243486678065212
AT3G13450.1.DE	-2.76980145579167	5.01650826485091	0.000195977401807352	0.00720482812458425	0.225460046901011
AT3G13510.1	-3.19802657159049	6.95283549339299	6.82804948962627e-05	0.00292263513613626	0.253926369069049
AT3G13640.1	-4.78889421784122	3.14162307887584	5.28492207444106e-06	0.000323403134684345	0.361099864888122
AT3G13950.1	5.04692964227548	2.9397216286847	9.33444291909208e-06	0.000536589036894475	0.408437697399437
AT3G14040.1	-9.35047838743237	8.39943714945662	4.31529958415198e-18	3.14850896582166e-15	0.26282670477084
AT3G14420.1	2.7861837685298	10.8365325697867	0.000678044874353082	0.0203199230118135	0.273664971142188
AT3G14520.1	-7.51996862963782	0.711506687553659	6.9987702934379e-05	0.00297683122122235	0.724800743051138
AT3G15356.1	3.63625090479457	3.56591958869723	0.000668886513422839	0.0201089970834093	0.41979857063521
AT3G15720.1.DE	-5.23479802346364	1.54920774449092	0.000692383700913508	0.0206517867532791	0.693005291207902
AT3G16180.1	-2.68404252330456	5.29433559614566	0.000375233922459991	0.0122727370845966	0.233674573038262
AT3G16530.1	6.57252451177921	4.53103489159721	1.12779710313031e-12	2.77848195407558e-10	0.23794150267324
AT3G16660.1.DE	8.40913416841719	4.42869436095778	4.20570515888778e-16	2.0995322858974e-13	0.241806162176351
AT3G16780.1	-2.35123481203521	5.52111531010477	0.00126929614710322	0.0337707544327462	0.224798217416097
AT3G17060.1.DE	-7.0593290698923	4.0397918517178	2.43687031957506e-11	4.71708469003458e-09	0.29092231203051
AT3G18010.1	-4.72899616664618	1.76550200808793	0.000476105332581985	0.014977973729818	0.57270567069099
AT3G18362.1	-8.24668966316087	1.38556673601163	8.25514793444755e-06	0.000481846634819908	0.663495768968949
AT3G18590.1	-8.30192715636235	2.27075702198795	8.29645420726693e-08	7.71488903489479e-06	0.493519505249656
AT3G18660.2	-4.12498011032186	3.17415001597954	7.14736691565276e-05	0.0030130122308874	0.378666069248809
AT3G18730.1	-4.34135364651922	2.93373612063029	3.35851772195051e-05	0.00161703251739597	0.374628074905915
AT3G18850.1	-4.2175779523007	6.52519914180295	4.08060892992585e-07	3.25248535297031e-05	0.248453992670421
AT3G20150.1	-4.89862049374089	4.24897147911157	1.58650583130387e-08	1.83512290364844e-06	0.248546552807129
AT3G20530.1	-6.23009395219144	3.54700168130774	1.15511776690317e-09	1.66004424531462e-07	0.296788569420926
AT3G21090.1	-4.086958934083	2.43124435004081	0.000290809169732553	0.00993990981950725	0.442252060684872
AT3G21320.1	-5.51821001108465	3.56046084959266	1.69003912110201e-08	1.93132783899429e-06	0.29133324732174
AT3G21880.1	-6.78628366366776	1.3407547112399	4.11810663837155e-05	0.00188959908986658	0.656112198412948
AT3G21910.1	-7.73613110131239	0.92002608379524	3.8041547237689e-05	0.0017862577997499	0.70747409889107
AT3G21980.1	-9.94902676463243	0.787581172219108	1.57387877550962e-05	0.000844600645661091	0.722634324362533
AT3G22060.1.DE	3.4102694180583	4.05063074852875	7.34214175123646e-05	0.00307738938103469	0.281733899365393
AT3G23030.1	2.4554598754658	5.90127884082736	0.000958953865551165	0.0268309068281794	0.231700619744426
AT3G23670.1	-5.64590099761677	4.20729775869825	1.17797011091964e-08	1.42331802574175e-06	0.298861459797827
AT3G23730.1	-3.71358274012331	5.96311791085826	0.000371292594353914	0.0121858486416847	0.401920729627509
AT3G24360.1	-4.0728817807047	3.00610448256566	4.92824286105597e-05	0.00218943248417405	0.352640276793665
AT3G25165.1	-7.07492345803359	2.53126024688272	7.41426948638377e-08	7.03013330967018e-06	0.424570305161233
AT3G25220.1	-2.96569737677565	6.93720673731701	0.000136685995042036	0.005313387963007	0.243114748618547
AT3G25260.1	-6.53784118305917	1.74604227748075	1.34507487504016e-05	0.000735333440331752	0.569647811382059
AT3G25265.1	-9.13306166253879	2.25934224212	5.95746324559973e-08	5.97751100025642e-06	0.519825918814877
AT3G25510.1	5.23201817750276	2.78447689649594	2.32017957046431e-06	0.000159761689672989	0.378097821556788
AT3G25760.1.DE	2.80191247418899	5.19634684977904	0.000174771642702919	0.00655220960884264	0.226642784453956
AT3G26050.1.DE	-5.09310270736187	2.7515053545903	1.8308004787049e-05	0.000967417411727907	0.440619600684015
AT3G26140.1	-10.5592323716762	4.54601737824039	1.39665208159038e-18	1.15193434729432e-15	0.251201859598821
AT3G26830.1.DE	4.42010686313745	2.26232073976167	0.000205893499474617	0.00746806823142158	0.470453591122151
AT3G26860.2	-7.14443707516356	3.782066546097	1.0917002904521e-11	2.22683381826627e-09	0.282839972194628
AT3G27060.1.DE	-3.40390758733659	5.73380041361062	4.46605745086062e-05	0.00201237790600537	0.267848989621016
AT3G27360.1	-4.24010577690645	4.55096543085143	4.60939992085651e-06	0.000290499390360957	0.302032635417697
AT3G28230.2	-8.6582046570776	-0.440667577042421	0.00041611735536899	0.0132891350696124	0.83095047539992
AT3G28315.1	-10.3488228264318	1.17602088492646	4.78751595088634e-06	0.000299733259367372	0.690899793210584
AT3G28510.1	6.91875351247054	0.932552532801562	6.8806920673844e-05	0.00293318491052319	0.684195068774046
AT3G28770.1	-7.38306313633303	5.79019169004357	1.12354160601055e-14	3.946960049263e-12	0.240321016074473
AT3G28790.1	-9.99627721769144	8.72877200475845	1.27888413704355e-19	1.5491112073115e-16	0.261510315301211
AT3G28820.1	-10.9874303695712	5.48461387074526	5.57876815524071e-21	1.76680544849295e-17	0.241278856782009
AT3G28830.1	-9.01595346352498	9.11009447414613	3.0536444985471e-18	2.31710544549754e-15	0.249995837314359
AT3G28917.1	-11.1380639693271	4.25594123458045	6.0082618089301e-18	3.93023194880704e-15	0.262187624236576
AT3G28930.1	2.23768458260129	4.95421827104636	0.00192666454914111	0.0477138727117582	0.221220694985636
AT3G30775.1	-2.79150995735582	6.50308438836082	0.00042501486690857	0.0135050787692723	0.255543938213838
AT3G42450.1	-7.14004279280135	1.12832925875423	5.9142052681147e-05	0.00259105020637727	0.705297469980467
AT3G42660.1	-3.62846098532203	3.99918478181386	2.31089525807406e-05	0.00116589582568258	0.274742771673724
AT3G42850.1	-7.24835416459185	4.55172570568516	8.90558685211393e-14	2.74955135375942e-11	0.245720315147281
AT3G42950.1	-2.30741032416796	5.16496551246793	0.00134754760405774	0.0355929210296762	0.219365031075585
AT3G43960.1	-6.27275324721598	4.13584259164898	4.20173418015662e-06	0.000268373391911014	0.524541208467592
AT3G44770.1	-5.92733769378596	0.861933753819402	0.000276015226623628	0.00952001608918221	0.687299861865224
AT3G44860.1.DE	4.37996447600986	6.28333331783938	9.01371831813775e-08	8.34098714610112e-06	0.23695440501536
AT3G45320.1	-9.16239436981314	0.0330804663932693	0.000156296141558502	0.00598977334417126	0.813570032730951
AT3G45610.1	-3.51142252283117	2.68793069798493	0.000694717220263823	0.02068883150456	0.393744692605658
AT3G45810.1	-10.425256933758	1.25088584940699	3.37750176788195e-06	0.000224025204673848	0.677495352956266
AT3G45860.1	8.84677059139578	7.64943665480634	3.97235013808278e-14	1.32202600209527e-11	0.320025440131008
AT3G46270.1	-6.22943831857674	-0.537556812788299	0.00164309783442562	0.0419509635518897	0.829088289948677
AT3G46320.1	-4.02498872233236	5.04685480299303	6.33806602701179e-06	0.000379284266663765	0.287532170713379
AT3G46900.1.DE	4.19881409441725	3.24342691405143	3.32263859633611e-05	0.00160382835044519	0.35726883782358
AT3G46940.1	-4.1749507545259	3.94740564017764	8.1920493267115e-05	0.00337100164268367	0.395134192230812
AT3G47340.1	-6.24873138430172	6.75357119605969	2.11732152984452e-06	0.000147667608165995	0.502092002357873
AT3G47870.1	-12.269559697685	3.07219997408186	3.197073105711e-12	7.30704539943828e-10	0.378249169250181
AT3G48450.1	-4.79517732569798	1.68038280804829	0.000337532648670881	0.0112332278505447	0.556802417943888
AT3G49300.1	-7.41089422295203	0.573095809003778	0.000114283516797005	0.00453547764359661	0.746769456654547
AT3G49540.1	-8.37292659666471	6.64288773263732	1.87478265254703e-16	1.01613219768049e-13	0.250548155245581
AT3G50070.1	-4.36152612594865	5.25640770102621	1.47798155877159e-07	1.33511000809033e-05	0.242153723285342
AT3G50230.1	-5.41458723422103	0.729617929360546	0.00147770853398219	0.0386117505366972	0.807530814464695
AT3G50740.1.DE	6.64227601271311	6.17909366050188	2.60741899581742e-11	4.996236197036e-09	0.281138102389705
AT3G51070.1	-2.79147955574121	4.15791904057741	0.000688491842942534	0.0206004578243216	0.272348807118537
AT3G51300.1	-4.8034623229615	3.33153557455448	1.79316185250649e-06	0.000128363322045465	0.33100606697367
AT3G51740.1	-3.90738483228288	4.71948861926762	3.97580091282699e-06	0.000256520486713649	0.26234284881026
AT3G51920.1	2.91744022110075	6.3785879668956	0.000153397059560738	0.00592656256592097	0.239785823997224
AT3G52010.1	-7.24343139109818	2.72106829611733	2.36989389402399e-08	2.65481470479006e-06	0.410296047438655
AT3G52160.1	-9.0247204185989	5.43250150298385	4.9116581401726e-18	3.32764838996694e-15	0.239225096543566
AT3G52310.1	4.27876895172708	2.71082265828329	5.93030687432045e-05	0.00259211800474329	0.386198186867955
AT3G52400.1	5.63815609726913	4.72851046744897	6.11563133396108e-10	9.0635567504095e-08	0.255211404133271
AT3G52630.1	-4.82985721225328	2.83631191059415	3.48905371798014e-05	0.00165883080275898	0.440388284872964
AT3G52710.1	2.79648607698253	4.85596687407071	0.000120358455549069	0.00475666646201215	0.215158559758023
AT3G53750.1	-2.8187030414798	6.10090538607275	0.000528880170702222	0.0163668137654505	0.268323711637591
AT3G54240.1	-7.82541935907425	1.79915782324835	2.7735371079808e-06	0.00018723843038575	0.594897466648308
AT3G54820.1.DE	-3.16622505157684	5.35141485866909	3.85526255108038e-05	0.00180133819197031	0.233049546592557
AT3G55290.1	-2.83340087805762	4.92372384837029	0.000114911897392536	0.00455089497606764	0.218686451692917
AT3G55540.1	-8.40292364804813	-0.676835850619148	0.000611979559963816	0.0186045709174897	0.8278506063677
AT3G56200.1	2.51334085742182	5.51452424831239	0.000955740865422262	0.0267805084446976	0.241167239426838
AT3G56480.1	-2.76001447244977	5.46118239543806	0.000554016041245654	0.0171167496782248	0.260090039214968
AT3G56870.1	-3.48309096471097	2.7154479491881	0.001075043061772	0.0295131213919173	0.420819249152128
AT3G57130.1	-5.14671420892633	0.663660285482251	0.00125126215537048	0.0334316099822225	0.719142015620193
AT3G57260.1	6.61778426055462	6.91373070313835	4.91141953628087e-11	8.9586181349277e-09	0.288750690812209
AT3G57620.1	-10.1172627416683	4.10685806525864	7.51161924352458e-16	3.56238542624153e-13	0.283876136161482
AT3G58280.1	-9.04971273825231	-0.0734777894814497	0.000203994142559826	0.0074231801677462	0.822932988480357
AT3G58360.1	-9.2528830096097	0.118226823724266	0.00011427815105452	0.00453547764359661	0.794143320405188
AT3G58960.1	-8.6743605331293	-0.426188153744025	0.000379491689875972	0.0123693425377099	0.824438471984665
AT3G59650.2	-2.7288868993616	3.59106186819738	0.00121934040235008	0.0326246649260663	0.287255258767689
AT3G59820.2	-2.59789755067105	4.67643195728979	0.00141979816092254	0.0373041151145438	0.272087233918706
AT3G59845.1	-7.7642040051605	2.25957569286219	2.73373418583062e-07	2.31265138816744e-05	0.505172443719529
AT3G60245.1	-2.56810496701713	7.88791683325835	0.00118423409446215	0.0318651358467334	0.260150978904585
AT3G60420.2	2.73983364311977	3.82414017528809	0.000992518525818835	0.0276476893315467	0.279779393222011
AT3G60570.1	-6.481107413923	0.492643893996719	0.000365086291656798	0.0120029236615762	0.765640930690047
AT3G60780.1	-7.89914249058893	2.44661153894232	7.44890245252349e-08	7.03013330967018e-06	0.477356154450215
AT3G60955.1	-4.2207033955047	1.6385687741632	0.00151185220128466	0.0392337021318331	0.58336730494732
AT3G62020.1	-3.04885171723817	4.00471812972859	0.000760834218928383	0.022307612261316	0.321452441249695
AT3G62230.1	-7.16968836802791	5.43368133355434	1.72037597156694e-14	5.93373312374997e-12	0.232571586124298
AT3G62460.1	-2.97810765555886	3.62673415033439	0.00094227993296653	0.0264423821425667	0.318807499047021
AT3G62520.1	-8.95749028939251	-0.161794886174768	0.000215020087189147	0.00772524820829188	0.810593628606467
AT3G62710.1	-6.90036145148202	4.86731758995334	1.7692263098201e-13	5.00928702944586e-11	0.238714906223727
AT3G63470.1	-4.21619111116895	1.80252783106389	0.00112361885977341	0.0304936334333355	0.554598485811718
AT4G00160.1	-9.28511858039587	0.14901845884104	0.00010518875847358	0.00421866965802074	0.790213658350791
AT4G00700.1	5.07252530764494	4.14337575279003	2.92560030073645e-06	0.00019680367980486	0.378217134310668
AT4G01380.1	6.18045773573832	0.227306903457443	0.000577929798242583	0.0177113542369334	0.761330627461721
AT4G01430.1	-4.9125593693842	3.83344432203455	3.98044749403996e-06	0.000256520486713649	0.370047147234804
AT4G01525.1	-4.15234166231374	4.52950737482387	7.80689072558182e-07	5.97164181710835e-05	0.252594870159213
AT4G01730.1	-6.07932574121633	3.47349132464283	3.63135580231794e-08	3.94453299952622e-06	0.351517212347404
AT4G01750.1	6.17827974026706	2.42524252132719	7.17328184345879e-06	0.000425241114282542	0.510639555345014
AT4G02060.1	-4.33100062316244	4.52979853185907	1.92592552894756e-06	0.000135817127450316	0.289975208625226
AT4G02110.1	-4.42539535503189	3.09433785109611	1.60741738066003e-05	0.00085653673345845	0.358135127046591
AT4G02290.1	-9.09294468909505	7.43713275025761	6.13058117468963e-15	2.23648317084351e-12	0.311294226036436
AT4G02410.1.DE	3.92819854152861	5.50856818469765	1.86018632198456e-05	0.000972113898844275	0.307185159126046
AT4G02800.1	-6.06016903528093	4.53823490880944	2.43563014549031e-10	3.81850445123564e-08	0.269813469799634
AT4G04840.1	8.19579741605335	3.05572445681052	2.93140175212859e-07	2.41776918425562e-05	0.565147244425523
AT4G08550.1	-9.33041238578732	0.191989250018535	9.33063828589889e-05	0.00379833064986055	0.785642200553384
AT4G08850.1.DE	2.64050606826357	7.20085859750084	0.00125405129885667	0.0334590058218159	0.275640128986497
AT4G08910.1	-3.49497981289343	2.89507384860932	0.000735083679821005	0.0216866833689027	0.397911047797621
AT4G09420.1	5.09810675316831	0.368632969573064	0.00175705494768587	0.0441090881845992	0.738595304907882
AT4G10010.1	-7.774072824496	2.26924430486553	2.71946113464518e-07	2.31265138816744e-05	0.506055535521468
AT4G10120.1.DE	3.03774110867539	8.62516475631798	0.00019258999148826	0.00713560964557087	0.26481899306473
AT4G10240.1	-9.34662315509003	0.207488565157872	8.91098869796829e-05	0.00365100336070105	0.783990558023375
AT4G10290.1	-6.78486799873819	2.24600487344822	6.90335854431248e-07	5.36707834367245e-05	0.469722745553945
AT4G10500.1	8.5168750074705	4.20720540372115	1.58235828308942e-13	4.54808130760702e-11	0.297552303781438
AT4G10850.1	-13.5262384270291	4.32358844560839	2.34891990946215e-19	2.26848876088267e-16	0.256791426089715
AT4G11290.1	-5.29606076490022	2.56407517923764	0.000348710618706022	0.0115244606913819	0.663877888021121
AT4G11320.1.DE	-6.15959032473014	6.84607987698099	5.01081179321034e-10	7.66573384816131e-08	0.291424826052642
AT4G11485.1	-9.0167427954261	2.99858797832801	4.88778084340613e-11	8.9586181349277e-09	0.365779871700942
AT4G11521.1	6.14796969075979	1.85551861919354	1.21848623653116e-05	0.0006778499679471	0.529897223193629
AT4G12320.1	6.97227583295583	6.43216014031317	1.27560325163505e-10	2.06822168235187e-08	0.32150047664151
AT4G12540.1	-5.57493495201826	1.60263591906206	0.000252164142150151	0.00883082754014818	0.652376735804257
AT4G12940.1	-8.38079916204684	1.54732755296345	4.83985967186681e-06	0.00030162558729325	0.650616802587443
AT4G13075.1	-6.98631659719365	1.92232408883482	2.61531386258242e-06	0.00017782259488598	0.53484388223393
AT4G13210.2	-5.69471159877186	3.37738660638856	7.83704233062956e-08	7.35983628772489e-06	0.333700565615726
AT4G13370.1	-4.24860206290735	3.35537274065684	7.36709711051497e-06	0.000435370193727318	0.31167366905518
AT4G13770.1.DE	3.50158265578298	8.05965115858802	1.58056525677221e-05	0.000844600645661091	0.252319381472248
AT4G14080.1	-10.2740497164559	7.35656753127829	3.45994632245294e-20	5.96683470335748e-17	0.25734773801261
AT4G14090.1.DE	3.17172644636806	3.43509096861838	0.000817402097141724	0.0234941178526947	0.346322380629428
AT4G14200.1	-2.75394687264625	5.1791908963665	0.000164978580854249	0.0062592873576102	0.218185134734844
AT4G14310.2	-4.61651476191789	4.11998208201914	1.51933865813354e-06	0.00011042856070802	0.311539967115184
AT4G14400.1.DE	5.95834651566358	9.69002559771078	3.0572417136025e-09	4.05565561587689e-07	0.306559012435621
AT4G14815.1	-12.493491892665	5.60920880778207	8.09335629511529e-23	1.53530968918337e-18	0.238243645645134
AT4G15210.1.DE	-3.98650548052507	7.87407347761291	5.53518421394605e-06	0.000337628439030728	0.281595733728474
AT4G15500.1	5.32988791396082	1.81620002969967	7.01790407298326e-05	0.00297829172851214	0.532414508742642
AT4G15910.1	-3.48275062785086	4.76831428412197	2.24198184095511e-05	0.00114022508104339	0.257019089344565
AT4G16160.2	-8.08453381825056	2.05560471075008	3.82808067751735e-07	3.09015704053209e-05	0.530003791980435
AT4G16260.1.DE	7.75140581869622	3.20455464244806	1.01166440149846e-09	1.464982724918e-07	0.376493657389657
AT4G17000.1	-5.46643039358575	3.0678416936707	3.04526807879897e-07	2.50081105865007e-05	0.345167652694999
AT4G17210.1	-5.97674743722651	1.2169419994562	0.000127612279748153	0.00500166311326954	0.641711171415304
AT4G17340.1	3.61090762163589	6.77882547696873	4.15245057575686e-05	0.00189355738995451	0.293198867799283
AT4G17483.1	-3.71134789956733	2.19378545160704	0.00152072704709297	0.0393563329922968	0.488209364472168
AT4G18010.1	2.40616487746861	5.22873390142455	0.0015394539906494	0.0396785899492107	0.241913396302022
AT4G19038.1	-5.89589560982413	0.849931320865304	0.000242933263121746	0.0085499888709082	0.671558212275424
AT4G19370.1.DE	4.10352941844801	2.70280177956926	0.000154688430380749	0.00594016098041056	0.408843482682219
AT4G19840.1	2.60163673287841	7.01305291006651	0.000707215175839221	0.0210280123599844	0.244424905521656
AT4G20160.1.DE	-6.9411832111149	1.89621209300562	8.78026869116731e-06	0.000509362987986067	0.596092924381446
AT4G20710.1	-9.48060157467414	0.335780397468392	6.05848423053933e-05	0.00263599646452594	0.768302405464307
AT4G20860.1	5.97247243732315	1.65984963393102	3.74624782171281e-05	0.00176781893477343	0.566629912710335
AT4G20900.1	-7.06343302475977	0.24206032323971	0.000338121934773906	0.0112332278505447	0.800431480058126
AT4G21070.1	-4.04973119261656	2.58369684008144	0.000589270552448752	0.018029778032182	0.485025031500102
AT4G21390.1	4.60673073332528	1.46825635105044	0.00114990054634568	0.0310735233107943	0.643230798623634
AT4G21650.1	-3.09963730390641	8.3421195754716	0.000302913381434419	0.0102795471302521	0.291245807367438
AT4G21690.1	-9.4286723772345	0.286466291811887	7.58411488217318e-05	0.00315505831830757	0.782765870775714
AT4G21960.1.DE	2.90162528760002	11.2180760491361	0.000762028016153075	0.0223081349790491	0.298767012370588
AT4G22070.1	-10.5178909099429	1.34145072309927	2.5240603764354e-06	0.000172235342953164	0.670259008256724
AT4G22690.1.DE	4.21293182345054	7.26116344177115	4.14774161391467e-06	0.000265819791945815	0.299217850401977
AT4G23170.1	2.9989028149325	5.20490675055466	0.000302706422797264	0.0102795471302521	0.274172580974763
AT4G23660.3	-2.27839215826813	5.04973597358945	0.00182323982810207	0.045568984899995	0.226281339545079
AT4G23810.1.DE	2.77029602077189	3.89976587915439	0.000812286000677972	0.0233824968632187	0.275592867391292
AT4G24170.1	-5.00701014368109	0.748470351452072	0.00102483490678578	0.0283398224223414	0.674146765494968
AT4G24890.1	-8.07671544772035	2.0914721181945	3.12612625798494e-07	2.55614720318855e-05	0.525637535367392
AT4G25010.1	-6.18883052439223	3.64679576830766	7.36358593408904e-09	9.25080961388537e-07	0.324335636375231
AT4G25890.1	-2.6666254342308	5.03979815116741	0.000373108900440151	0.0122243106068215	0.23065543787416
AT4G26260.2	-6.66912406768697	4.61128313763277	5.15587049780534e-13	1.32171436950496e-10	0.235056163311686
AT4G26280.1	-8.6818369726115	-0.419033423130575	0.000384270224894637	0.0124706881064067	0.826205785790253
AT4G26760.1.DE	-3.69860713779311	5.4255740023423	1.83971132075997e-06	0.000131157875603569	0.225817943850636
AT4G26770.1	-6.14843706811657	1.12962848090682	0.000307276611310065	0.0104089952081284	0.752042227976998
AT4G27110.1	-11.3639219453568	2.17427535767184	9.09048870850398e-09	1.11978292727481e-06	0.501393828228144
AT4G27435.1	-2.81228717751663	3.75774863697983	0.00066007196118093	0.019875500164448	0.273624874015023
AT4G27510.1	-5.24503746370469	1.28576425740357	0.000852951628429382	0.0242950336205786	0.711370368157243
AT4G27590.2	-5.00870751874463	1.78231470958706	0.000198538931232758	0.00724479141084159	0.550923448442741
AT4G27820.1	2.26353200909242	5.55738441890017	0.00165306584914511	0.0420921599440037	0.220138023932198
AT4G28050.1	-2.62766466997079	4.49896750784566	0.000782415824269359	0.0226948443216969	0.251262342227591
AT4G28088.1	-9.6568146097238	0.505463087585453	3.95241378224384e-05	0.00183958788922674	0.756957057266325
AT4G28190.2	-4.37073845472368	3.76875903305853	7.13445433973115e-05	0.0030130122308874	0.415334361206269
AT4G28950.1	-5.52074360181854	1.97091921351169	4.14183171781208e-05	0.00189326620932278	0.524894214442025
AT4G29700.1.DE	-4.78660075324497	5.75681267602754	8.25775204343072e-08	7.71488903489479e-06	0.269199002088575
AT4G29880.1	-4.72775990973279	2.63537392970417	4.54135650667843e-05	0.00204145812634336	0.434689583439512
AT4G30130.1	-4.04809465351524	4.53700053006179	2.02611776406308e-06	0.000141828243484415	0.261866230138456
AT4G30140.1	-7.38434833098306	3.39795787445221	9.20914220895532e-11	1.54547842637607e-08	0.318481151467569
AT4G30770.1	-9.95297722004376	0.791193533698136	1.45055396360374e-05	0.000786200248273226	0.716792677182345
AT4G30800.1	-4.05680762566632	3.73042311334461	4.26514478877838e-06	0.000271509384708476	0.278023305332166
AT4G30850.1	-4.48712530964668	4.6337789247666	2.37911702590569e-08	2.65481470479006e-06	0.224132222660425
AT4G31020.2	-5.92914114671922	1.39731352632264	0.000154502034207758	0.00594016098041056	0.65629209656524
AT4G31360.1	-3.65136987373566	3.93353625984875	1.84299762212242e-05	0.000967700827560557	0.27066397449923
AT4G31700.1	-2.93477104770465	8.15912911701309	0.000290041809981759	0.00993157605659562	0.263919963878328
AT4G32280.1.DE	5.97474946126876	3.40141283396011	5.3724627464804e-08	5.53889229895289e-06	0.349270672313535
AT4G32500.1	-10.1608487069785	3.3001396834882	1.94596274490516e-12	4.67277383175328e-10	0.353501995308956
AT4G32510.1	-7.85947736348473	4.18107390072928	2.80425011358135e-13	7.38842009092198e-11	0.278342642100703
AT4G32717.1	-10.3386759114156	1.1668707873531	5.71870449328752e-06	0.000346593687660269	0.702472071011389
AT4G33010.1.DE	2.75010876505205	11.6599036869592	0.000734029787731115	0.0216866833689027	0.270960999060605
AT4G33150.1	-3.59410350945394	6.66356094982225	1.19347360060977e-05	0.000670400866993181	0.255953292103765
AT4G33390.1	-7.09254892674524	2.767864906896	1.37220145310238e-08	1.62690324464713e-06	0.386925327500631
AT4G33600.1	-7.15297142012998	0.360490328277101	0.000204264630867871	0.0074231801677462	0.766346854546882
AT4G33970.1	-6.16545153981458	3.35119542472586	1.27906254342521e-05	0.000704940410523606	0.564875153985205
AT4G34510.1	-7.52015544342321	4.32121752638767	3.82817333720488e-12	8.54358214197371e-10	0.29260904747293
AT4G34950.1.DE	3.63895232141666	5.72244994597557	1.579629212911e-05	0.000844600645661091	0.267639201460715
AT4G35050.1	-2.58639780513626	3.65579437821198	0.00180540154722089	0.045182674605251	0.279945771070905
AT4G35090.1.DE	2.8207255449579	10.5078529622803	0.000452593637893683	0.0142856926969104	0.262899565164732
AT4G35100.1	-2.75029182296012	9.46375068726774	0.000507044012277646	0.0157941295778439	0.255969987542747
AT4G35180.1	-2.997992420282	3.46217227740702	0.000562741488437005	0.0172737961741909	0.297615702312829
AT4G35650.1	-7.06250974992249	1.98037936313895	1.21889351570699e-06	9.03219140350065e-05	0.507076419951351
AT4G36130.1	-2.38913287390846	6.79377971937517	0.0018413138020454	0.0459601616115806	0.247611847101925
AT4G36670.1	4.59505441094969	3.38998656839812	2.96682690605945e-05	0.00145428181932681	0.403984639687423
AT4G37490.1	-6.53676889389251	3.73762150149326	1.24127569891065e-09	1.75723880659217e-07	0.32054478566754
AT4G38190.1	-7.06321246863449	3.24088057866659	3.68045514452368e-08	3.94453299952622e-06	0.420071938274225
AT4G38660.1.DE	-4.73846092131186	5.57320251323433	9.54289118255156e-07	7.21229664274913e-05	0.316132367698525
AT4G39110.1	-4.69460091535163	4.73497281998207	2.2090612239769e-07	1.936241372692e-05	0.278164900715893
AT4G39130.1	-10.1200431664116	0.952815060600121	1.05900483296005e-05	0.00060147669704348	0.716854613968529
AT4G39480.1	-8.13218880090364	5.63584119981514	3.94752180323115e-16	2.02390509749446e-13	0.242237641891497
AT4G39780.1	2.60183735637015	4.16904180778417	0.00143309978363467	0.037549589634737	0.273071447137615
AT5G01370.1	-3.53260066574017	3.23229527801011	0.000273917772591379	0.00949948838401911	0.3508867444296
AT5G01690.1	-9.19907740500613	2.34932526295096	1.60495604729971e-08	1.8452131040773e-06	0.482953905546177
AT5G01870.1	-9.28439235261878	2.40975695706169	6.98697106402101e-09	8.8361894056319e-07	0.4629432869412
AT5G02570.1	-4.69212152291302	1.94279798763388	0.000322315838027309	0.0107457494681512	0.548989487641521
AT5G02760.1	4.94450058259266	4.35528267834252	2.15836985032802e-06	0.00014997903318946	0.35704380946424
AT5G03390.1	-5.69948568164181	2.96319760883442	1.16771562465727e-05	0.00065970334501378	0.499461710056653
AT5G03490.1	2.46449784193546	4.12636923284058	0.00191341691568638	0.047447737111857	0.261403632053482
AT5G03600.1	-7.38800091173985	1.36962631373641	2.63169339729502e-05	0.00130689067399703	0.679386405931072
AT5G03870.1	-8.06507350546803	3.28957340125542	1.26383078313986e-10	2.066799134152e-08	0.355277075980155
AT5G06530.2	3.01480747311872	7.61915177194302	0.000162182926241289	0.00617793194939208	0.255588197947458
AT5G07230.1	-14.33523616771	5.1309586581847	2.02515590668335e-22	1.92086037748916e-18	0.240370280160793
AT5G07460.1	2.71835597338951	5.31398415414639	0.000513606773901357	0.0159723286900143	0.250425551943095
AT5G07510.1	-11.3294950582663	6.23144268116337	4.89575239776038e-18	3.32764838996694e-15	0.308301278601579
AT5G07520.1	-8.35091071338002	4.99852283692474	6.30100546043977e-14	2.02593345058546e-11	0.290711643979424
AT5G07571.1	-5.46288237242965	0.0794823350702411	0.00142477041568077	0.0373829803395078	0.764047803775962
AT5G07580.1	2.67605217750015	5.74533822096503	0.000284611154713244	0.00978093044367795	0.224102308786866
AT5G07660.1	-5.06742046668523	3.24231003976087	5.48612404377981e-07	4.31833083446071e-05	0.325427278483776
AT5G09750.1	-11.0278826763787	1.84273999293965	9.43639761681313e-08	8.68973120344394e-06	0.557030712017584
AT5G10180.1.DE	2.5999089023021	6.40990891774191	0.000797860878800263	0.0231075127799099	0.248726073711303
AT5G10200.1.DE	-2.42650728517215	4.56130413397764	0.00114497938343187	0.0309846774660521	0.232464695166072
AT5G10260.1	-3.8177679398018	2.58120578998629	0.000804039433209261	0.0231802857872032	0.4597198862401
AT5G10480.3	-2.47709364750979	6.86875352806438	0.00121788517243691	0.0326246649260663	0.245240120858274
AT5G10660.2	-5.01131992924101	2.35768054722352	2.44370943469629e-05	0.00122314427377806	0.442338158165898
AT5G10760.1	6.08512422422819	7.76672573837643	1.84890876323892e-09	2.54157965497409e-07	0.306793294778141
AT5G11550.1	-2.78744066345562	5.15844994444946	0.000193710433554102	0.0071631324064743	0.227692712278636
AT5G11920.1	7.93303336501134	3.38454943302736	1.35511464451884e-09	1.90418702270536e-07	0.396248917358437
AT5G12330.4	-5.37404111479082	0.69104742472812	0.00167682892008563	0.0425343045149444	0.817110423346675
AT5G13060.1	-4.62012116408155	2.60323537918124	4.86146041201294e-05	0.00216992715331495	0.427079227822305
AT5G13130.1	-9.49291175308014	0.34734126332067	5.65933090025531e-05	0.002490893438001	0.762814782960207
AT5G13180.1	2.61576744667348	6.49808522572295	0.000625395716777363	0.018951688094675	0.241968500232261
AT5G13520.1	-3.38645882658819	4.77374458880206	1.46293868694958e-05	0.000790653757590698	0.234997369108966
AT5G13840.1	-4.56211440228023	4.43774917321651	6.39191531543858e-08	6.25023884195206e-06	0.243936626951584
AT5G13940.1	-5.13121077052848	1.36989993710693	0.000388148957528422	0.012565163352072	0.620880911163442
AT5G14000.1	-4.38307591610762	2.08643960654247	0.000252309358289948	0.00883082754014818	0.475521934114456
AT5G14670.1	-5.46363695658804	2.23428612366562	1.19893050468038e-05	0.000670575681265726	0.459394751433502
AT5G14740.1	3.04328940476708	9.3640927572466	0.000195451754441503	0.00719945588690351	0.266193644342129
AT5G14890.1	-4.12809459971501	2.91657971699183	5.54805755783716e-05	0.00245330190844221	0.363724098739969
AT5G14980.1	-7.35818124446835	2.28679618934627	9.16125321383715e-07	6.97947684604381e-05	0.530419679915391
AT5G16130.1	-2.47001223390512	7.46062498123722	0.00140214443563896	0.0368913730153551	0.250147629670148
AT5G17165.1	-4.29706804949208	2.23310690963341	0.000244946096977058	0.0086048656660274	0.460978869016492
AT5G17200.1	-9.77212740594114	0.616580340291427	2.75171548749341e-05	0.00135937611452474	0.743007389430906
AT5G17340.1.DE	-12.7798754382392	3.57979141033169	2.65122165118725e-15	1.07007818559622e-12	0.307711311269762
AT5G17540.1	-3.09061110075384	3.06014220037846	0.00106907838021112	0.0293919085110218	0.344941131249483
AT5G18130.1	3.51523837487861	6.59811505751186	6.61822582114257e-05	0.00284688761512641	0.295736271279852
AT5G18330.1	-8.99553340656077	-0.12485692468033	0.000214234294038729	0.00771162155202027	0.81744233871641
AT5G18510.1	-9.0798709230018	-0.0465772139040166	0.000170125900995261	0.00642886123880497	0.806957082905926
AT5G19120.1	-2.7692096133682	4.82827022404803	0.00175569550762729	0.0441090881845992	0.316166102831008
AT5G19640.1	-10.8584251198856	1.6758993962229	3.26625398891588e-07	2.65926344076112e-05	0.596075215763446
AT5G20230.1.DE	-2.51121635953128	5.57537950744749	0.0011550608530278	0.031168569533339	0.2485887384546
AT5G20400.1	3.60253794336122	2.33592275492732	0.0017875295360912	0.0447944984143329	0.479139169542754
AT5G20960.1	3.8971356732343	3.5629895184432	7.76076111351144e-05	0.0032144462516007	0.349976123459945
AT5G21050.1	-5.46222386195356	0.740481105583464	0.000628161924464243	0.0189748912533228	0.700429268539553
AT5G22390.1	3.26805654145165	3.66414733519382	0.000181634263787202	0.00676935556786487	0.292453641156299
AT5G23010.1.DE	5.47519520300449	7.36251004332834	9.53957574626329e-10	1.3920442454355e-07	0.254783770767121
AT5G23350.1	-4.03023932681127	1.90795599836404	0.00186882275276357	0.0464633913760483	0.574874813595168
AT5G23510.2	2.78674192470564	3.99906359849275	0.000846955830100556	0.0241605294691843	0.280636049267838
AT5G23530.1	-5.48296700467188	5.16336805133075	4.98210881562386e-11	9.00100992689377e-09	0.219314292897416
AT5G23910.1	-5.21351143590258	3.87255153370777	4.88798249474279e-08	5.09478175413575e-06	0.290313983498252
AT5G24330.1	-6.233358510892	1.70689260249785	3.06753954004832e-05	0.00148826662595183	0.58701099656648
AT5G24660.1	3.25857072543242	4.56439513576035	2.65334557591218e-05	0.00131420275652883	0.233968955478561
AT5G24820.1	-12.0850954219831	2.88896816710617	1.80669149893329e-11	3.53329254997572e-09	0.398323648207611
AT5G24880.1	-4.16874590619148	1.85705624829461	0.000968109807446209	0.0270074162459626	0.531337329962551
AT5G24940.1	-6.39454116241156	1.63645642343242	2.2380321630086e-05	0.00114022508104339	0.584681669295932
AT5G25475.4	-2.63965745320796	4.28524060391239	0.000904545278163878	0.0255726138998044	0.258684480456124
AT5G25530.1	-7.84355624745747	0.992292589380354	3.00387031687806e-05	0.00146864484307157	0.699526964616369
AT5G25580.1	-3.5721967218002	3.03594332593686	0.000219694147991672	0.00784858378041812	0.344866960551881
AT5G25590.1	-3.43393854397303	4.85710895781607	3.95652007804171e-05	0.00183958788922674	0.267432432586721
AT5G25950.1	-9.99614356572733	0.832715664267158	1.28204766278674e-05	0.000704940410523606	0.713006245291978
AT5G26692.1	-7.40654568793771	3.71760611337311	3.8850838954846e-12	8.56977226713289e-10	0.282234937843055
AT5G27200.1	-7.3949784430621	0.558998568814543	0.000113843888794048	0.00453547764359661	0.743832300814497
AT5G27450.1	-3.38941217712218	4.28044990039731	3.76242247639692e-05	0.00177104601432381	0.259399803253606
AT5G27870.1	-7.68852713198625	4.41685488819052	1.22217274598112e-13	3.62259640488467e-11	0.264418656862671
AT5G28630.1	5.42411215784491	0.0496177038422003	0.00156439653969572	0.040212198317111	0.767553433309167
AT5G35110.1	-9.2418705759276	2.36758430681865	9.68149853900933e-09	1.18489049861295e-06	0.468876675450878
AT5G35490.1	3.94326848766087	4.28902246177035	7.07862277872453e-05	0.00299735433286617	0.355401763886179
AT5G35600.1	-5.69568269641291	0.296971597761704	0.00080084513326709	0.0231266644435602	0.740701859785934
AT5G35917.1	-6.61550069731549	-0.18131955519309	0.000780091664076095	0.0226620809609855	0.812712754178443
AT5G37060.1	-11.1434745704426	1.95646514570304	6.63324549811696e-08	6.42003403567749e-06	0.55437074879407
AT5G37320.1	-5.94814487489486	0.491542122240718	0.000834052581083394	0.0238642194014359	0.792454359686116
AT5G38120.1	-3.80094781154364	4.35125007141365	4.07231220247289e-05	0.00187504277866288	0.315464365541951
AT5G38450.1	-9.40926678809389	0.26694339754707	7.52231180897949e-05	0.00313622538497453	0.77716209029814
AT5G38760.1	-9.92447889505086	6.08594000042647	2.98136611453312e-19	2.69316739012825e-16	0.251801394190042
AT5G39020.1	3.8544519800584	3.7953389014534	0.000195005620325465	0.00719699731045538	0.386176407163896
AT5G39080.1	4.43333847368534	4.40031071580781	2.34257948078586e-07	2.01994239775035e-05	0.255008585075057
AT5G39320.1	-3.53715776577268	5.86885054568835	8.32151509699381e-05	0.00341686453225049	0.30614563552356
AT5G39670.1.DE	4.27689782379047	3.03603029632616	1.90833208589192e-05	0.000990427410909967	0.343394363590559
AT5G39870.1	-12.6017425505501	3.40250338588541	6.73097445835436e-14	2.12810975791637e-11	0.338285898790345
AT5G40460.1	-4.55943239428146	1.36318565761041	0.00129278542755383	0.0342994958890854	0.631780267234289
AT5G41780.1	-5.22771014441908	2.40553436376057	1.27607491732988e-05	0.000704940410523606	0.436572040581411
AT5G42230.1	-5.65719430290647	2.49048602316099	7.45698231093901e-06	0.000439313523100972	0.46178887078036
AT5G42490.1	-6.81595333077676	2.70628117619287	9.97719646910981e-08	9.14335347917938e-06	0.421505212283914
AT5G42650.1	3.72875163292447	7.46300127911805	3.958895241246e-06	0.000256520486713649	0.245556807807251
AT5G42930.1	-6.25213957090381	-0.51700503566072	0.00153578186426233	0.0396377985919134	0.826086926112223
AT5G43150.1	2.92879072802513	5.94191651290979	0.000172380898068652	0.00647537749774718	0.244856767059303
AT5G43300.1	-6.67502179292516	2.68780054877968	1.37861531139517e-07	1.25130777307016e-05	0.416815538984466
AT5G43440.1	3.44121602606692	5.73791391754479	4.0173175938024e-05	0.00185874426230321	0.269250487370358
AT5G43530.1	-5.41553106337331	0.412823014559331	0.00102795528008996	0.0283847331343618	0.73537556584672
AT5G43740.1	2.44471239684563	5.19676632949852	0.000777211434660214	0.0226130382139636	0.221451906636881
AT5G44040.1	-3.1471610742434	4.10100853762372	0.000182402181149404	0.00678464583608665	0.276510589267406
AT5G44568.1.DE	4.72935114681528	2.75911661495102	2.08354844915163e-05	0.0010653615655096	0.400774198321165
AT5G44630.1.DE	-10.2263735016498	5.68295717545603	9.21871206225216e-20	1.34522282939172e-16	0.247210557142146
AT5G45276.1	-5.69248126938243	0.976541696532943	0.000389609688885572	0.012590963881021	0.699929518295507
AT5G46380.1	-9.5481794051324	0.400637126006731	4.84856829815989e-05	0.00216927690132295	0.75725733573973
AT5G46500.1	4.45591869684202	2.64976839677911	4.12384830366243e-05	0.00188959908986658	0.393857238938758
AT5G46960.1	-7.6928667118144	0.878124693511694	4.25021973252996e-05	0.00193349324523005	0.709842050358752
AT5G46970.1.DE	-10.2624837007172	1.09260504570275	8.01394933264632e-06	0.000469211786544138	0.716514442435544
AT5G47220.1.DE	3.76444472020973	4.34469010622733	2.17496529055531e-06	0.000150580626138081	0.234319890060528
AT5G47470.1	-7.16063954742655	2.04294871155818	3.42746338407628e-06	0.000226546970020651	0.563661940347086
AT5G47700.1	-2.88264278208848	6.99879316637832	0.000283276875213903	0.00975274468749136	0.255003172050411
AT5G48210.1	-10.5676247649026	5.07694103056675	1.80747557082768e-20	4.28597644732515e-17	0.234292594845834
AT5G48485.1	-3.89988585014243	6.67965045660304	3.13336721331731e-06	0.000209295690269822	0.258487328173966
AT5G48543.1	-11.4989726035329	2.30806943819812	5.04208870892015e-09	6.55126183617913e-07	0.494202461206724
AT5G48657.1	3.80254711868105	2.46703960713458	0.000516805601107063	0.0160455028690687	0.425560924699982
AT5G49070.1	-5.7350988097764	3.1721849472307	5.74325735258036e-08	5.79519106268348e-06	0.330015034295103
AT5G49330.1	-4.68886914105229	4.21179332982471	5.07503203768415e-08	5.2608392215775e-06	0.250180344403847
AT5G49340.1	-8.6582047467289	-0.440667577042421	0.000415760376522907	0.0132891350696124	0.830826986780823
AT5G49660.1	2.62394606478473	5.85252300230993	0.00149106235406395	0.0388536440337818	0.280622990969272
AT5G49730.1	2.92966174685245	9.19627683843153	0.000376338201349638	0.0122876689838255	0.273028205486829
AT5G49740.1	2.89955272090876	8.83312762359309	0.000302625393908136	0.0102795471302521	0.260109313977442
AT5G50030.1	-8.02968848058982	4.92456154521355	7.21300448266416e-16	3.508479359901e-13	0.237988608476003
AT5G50060.1	-8.80431348589191	-0.304568856534488	0.000314883702204596	0.0105910351610305	0.826164690248896
AT5G50080.1	-9.7823038080877	0.62542686901725	2.50509056214364e-05	0.00125056757799644	0.73564688030794
AT5G50370.1	-2.46035844328329	4.59376257713184	0.000755888615389013	0.0221969149132037	0.22266907550526
AT5G51210.1	-6.72632907666222	0.728088754372266	0.000183288938027394	0.00680428797334571	0.738652544759999
AT5G51560.1	-3.12729533366916	5.68414021424336	5.71234968225726e-05	0.00250840910815788	0.238993517913281
AT5G51590.1	-3.20288128563871	3.60061126630987	0.000217211583423609	0.00778923201804513	0.289879633656519
AT5G51600.1	-5.59106088334596	4.39570449227229	2.03650625038198e-10	3.21937696414551e-08	0.23770612447096
AT5G52330.1	-6.34650393210108	1.59035403684753	3.40999273036222e-05	0.00163765979987269	0.604972144825922
AT5G52340.1	-4.66339923124899	2.49494361704186	3.46650119259229e-05	0.00165224943777577	0.413256606247665
AT5G52400.1	-7.58730424950352	0.776035363907779	5.62416674598168e-05	0.00248117309700633	0.716296511363608
AT5G52740.1	7.45167825227225	2.93486086255939	5.73933627730028e-08	5.79519106268348e-06	0.455123283799546
AT5G52760.1	3.9068596112925	2.78732365231855	0.000167145619805607	0.00632884712118236	0.382193011028703
AT5G53950.1	-5.4470833302626	1.54348208107203	0.000255547826988391	0.00889493995957756	0.64218795890597
AT5G54330.1	-8.53622664676164	-0.553876337388418	0.00050697369869653	0.0157941295778439	0.831411621080575
AT5G54610.1	4.01585842522664	5.97827010995786	1.45460152200207e-06	0.000106129964893767	0.253240476198845
AT5G54720.1	4.2404613845474	3.05703967358163	4.04695829194763e-05	0.00186790264715928	0.36848439682055
AT5G54970.1	-3.75648491795224	3.37412037488879	0.000218631725820294	0.00782536573360563	0.376752580540845
AT5G55620.1	3.16897406750153	6.56930931047213	7.46901332734098e-05	0.00312086305770173	0.252647273580312
AT5G55820.1	-5.05008117804868	3.9830051537655	2.60833562890173e-07	2.22883454415612e-05	0.310436737454237
AT5G56510.1	-7.96567928001917	2.85571219725597	1.54727955104779e-09	2.14247394769172e-07	0.387045447135608
AT5G56670.1	-2.48428378160245	6.77263679552238	0.0016771565512482	0.0425343045149444	0.260784028797873
AT5G56860.1	2.34115994803407	5.45201390357956	0.00125663254233288	0.0334807855731106	0.222690014531162
AT5G57130.1	-2.88388820795485	4.50036885572855	0.000164176842419271	0.00624135210559835	0.235252756331016
AT5G57220.1	4.12710853179393	2.35222939554341	0.000401900365231584	0.0129050244348649	0.466910406374
AT5G57380.1	-7.05017335435771	2.00253234790363	4.98789083932575e-06	0.00030720873124029	0.578289995461277
AT5G57410.3	-2.91040145820483	3.62361549791439	0.000487999559855009	0.0153014076866934	0.276574321794283
AT5G58120.1	4.26590488578919	4.71647447836415	5.53519012495884e-08	5.64529874572415e-06	0.21825319579946
AT5G58610.1	-5.52402719841285	1.43985619764535	0.000207455889807143	0.00751037830084256	0.629892365451211
AT5G58770.1.DE	3.17524584156402	5.37665452332655	3.03347553701647e-05	0.00147930670789723	0.228247115255144
AT5G59040.1	-10.5764250819734	1.39903461814132	1.85294204859022e-06	0.000131157875603569	0.658167059141804
AT5G59080.1	3.55552612797434	3.85907974342277	2.81611503187778e-05	0.00138398192110677	0.270253131005287
AT5G59570.1	-6.24353494409085	2.70578086332741	2.74299716572311e-07	2.31265138816744e-05	0.406549617500141
AT5G59640.1	-5.28993560446715	1.04156247198295	0.000561049940754227	0.0172497850504177	0.674637698392093
AT5G59850.1	-2.59729877999101	6.97912174597984	0.00100306768579055	0.027859727671225	0.25790082821128
AT5G60150.1	-6.89111766567012	3.17702797747172	6.57139745340436e-09	8.36640333497186e-07	0.363711659708481
AT5G60500.1	-10.3124620764409	3.45008919513572	8.98640927427959e-14	2.74955135375942e-11	0.319023686700934
AT5G60615.1	-7.909820295599	2.8286940467937	2.34421461600057e-09	3.17641080468078e-07	0.394163775212768
AT5G60760.1	-3.36991071248585	3.75635161634892	0.000380964266528846	0.0123960413997465	0.341001690040574
AT5G60900.1	4.46862735468453	5.91238749528526	1.14074870978665e-06	8.55336087930936e-05	0.29322456077305
AT5G61010.1	2.78339207575513	6.10558024634928	0.000240181551936153	0.00846885509336211	0.234520298769355
AT5G61110.1	-9.51005965444642	0.364510194523002	6.14351337059331e-05	0.00266687525492346	0.775569783728959
AT5G61120.1	-8.40777591503321	2.89842916716608	1.39245356728772e-09	1.94226795378294e-07	0.406267128487444
AT5G61160.1.DE	7.39848595661927	0.607157131112552	0.000128512280602064	0.00502655250107455	0.765198891879861
AT5G61320.1	-5.58317764597795	0.169272736888872	0.0011315964156617	0.0306662628644321	0.755172084124617
AT5G61440.1	-5.25483599880693	4.02197941681161	2.09336441385184e-07	1.84702897352416e-05	0.325724506845095
AT5G61600.1	3.68649467664886	3.06083260541822	0.000275964770412846	0.00952001608918221	0.374263450014511
AT5G61605.1	-8.29955757851145	3.77511318043326	1.11680855723373e-12	2.77848195407558e-10	0.305069062470784
AT5G61980.1	-4.53987171525552	2.9608948620809	1.2018752326323e-05	0.000670575681265726	0.358548521247621
AT5G62065.1	-8.36284051172498	1.49938416949275	5.59782645119202e-06	0.000340355024933053	0.653400863042513
AT5G62080.1	-10.1303206033657	5.78758989946035	1.16443314071145e-19	1.5491112073115e-16	0.247534475822802
AT5G62250.1	-5.25774506131413	0.548144071500564	0.000914441752142667	0.02577557212206	0.698996605804571
AT5G62320.1	-8.63145061661813	2.61702531401218	2.36501950695618e-09	3.18187376219565e-07	0.419181771738807
AT5G63730.1	-6.18645934522452	-0.576925324545496	0.00173479680529324	0.0437620949420382	0.829735765997358
AT5G63900.1	-6.11495392810265	-0.642284231331491	0.001941707519372	0.0480237179171929	0.826556153813671
AT5G64770.1.DE	5.16484813765863	5.92088873350204	9.01491838828327e-10	1.32568218469561e-07	0.232086367325166
AT5G65350.1.DE	-4.22258135683888	1.71328074162384	0.00105993580954168	0.0291828480508065	0.552607575763121
AT5G65360.1	-3.77994639641517	6.63124709057746	2.03305342341243e-05	0.0010451767870497	0.292797172713663
AT5G65420.3	-4.21768540555123	1.86049283907178	0.000895835173816811	0.0253641690258282	0.535797425843294
AT5G66170.2.DE	-2.92615428214285	3.96049850222743	0.000413764334577221	0.0132586307887329	0.272738801121601
AT5G66230.1	-6.35872044871237	4.25140465953612	9.96559959889996e-11	1.64389064687941e-08	0.275057957441279
AT5G66390.1	-9.96609764647839	0.803501499163784	1.39821412807161e-05	0.000760003495974739	0.715598333866251
AT5G66460.1	-2.30669444792578	4.95428797296517	0.00149381586038388	0.0388719984519646	0.222990981282485
AT5G66640.2	6.10734029050973	3.68774915361464	2.52776617163165e-09	3.37688199125721e-07	0.30094186350865
AT5G66690.1	-4.78082858946507	2.16232514307641	0.000233667217023567	0.00830087473209187	0.532586328653393
AT5G66790.1	5.95698015610128	3.54247025533579	6.53245116740133e-08	6.35490249464632e-06	0.352963746586231
AT5G66940.1	-10.0006265472627	0.837530670345999	1.30601581219869e-05	0.000716043929404886	0.715384978607564
AT5G67100.1	-3.90391081737736	4.28954865870431	4.92054116453705e-06	0.000304047771632794	0.26600749714302
AT5G67110.1	-3.85503643723374	4.37857114776034	6.12424770289037e-06	0.000368746536355491	0.266715935871068
AT5G67260.1.DE	-2.70681925069973	5.96661163906307	0.000358625120949967	0.0118109696951751	0.236265384844056
AT5G67340.1	3.17835767746801	3.56855155492781	0.000450560926261359	0.01424523461863	0.316835703506391
