baseMean	baseMeanA	baseMeanB	foldChange	log2FoldChange	pvalue	padj	dispersion
AT1G02790.1	13918.0589882424	27773.0637353993	63.0542410854509	0.00227033796797444	-8.782877208103	1.73901554296924e-10	2.63470515957301e-07	0.0661621842506049
AT1G03780.3	783.824119387198	1550.68479350384	16.9634452705516	0.0109393252204544	-6.51433243986439	3.71906691055375e-07	0.000119320792609072	0.0152696927306133
AT1G04020.1	376.604048250839	717.692751867854	35.5153446338231	0.0494854442118741	-4.33685196057193	0.000211790050723344	0.0247399191714959	0.015025510308029
AT1G04580.1	549.122903472436	1093.82842926014	4.417377684731	0.00403845572721024	-7.95198056114283	1.07500011053246e-08	5.9829240845573e-06	0.304785396154682
AT1G05450.2	174.990927642	349.069950659578	0.911904624421964	0.00261238362883684	-8.58041751228744	4.68069478279716e-08	1.96380349879479e-05	0.412971185876714
AT1G05577.1	126.722470585	251.307325046324	2.13761612367609	0.00850598415021154	-6.87730611796934	9.47341570489355e-07	0.000260959110796113	0.10904395587956
AT1G06160.1	259.915508679023	3.10502311882864	516.725994239217	166.416150368037	7.37865164083321	1.03695511187222e-07	3.82145984538746e-05	0.0666275405947098
AT1G06420.1	477.230751192064	949.132220074975	5.32928230915297	0.00561489979629181	-7.47652400819522	3.45371297680428e-08	1.59637638288864e-05	0.114911930712603
AT1G09380.1.DE	310.381359401304	620.228314771689	0.534404030919023	0.000861624692377583	-10.1806527844256	8.3182199976079e-10	8.37191473313897e-07	0.248641590631032
AT1G10340.1	348.593136603161	25.0372539698922	672.149019236429	26.8459560319475	4.74663287762118	5.580274911179e-05	0.0081579795052508	0.283423143403737
AT1G11120.1	318.752658981841	624.64544350303	12.8598744606528	0.0205874782156967	-5.60208906638645	7.2328936300855e-06	0.00145035472195634	-0.00269471093135522
AT1G11190.1	572.974619448588	1085.98879255993	59.9604463372411	0.0552127671556352	-4.17885428178613	0.000272984366212175	0.0304743241177413	0.00470965838427543
AT1G11600.1	716.574433949365	1431.7810109621	1.36785693663295	0.00095535345570326	-10.0316777883398	1.28204112289834e-05	0.0023001673330632	0.974755001717249
AT1G13100.1	194.925876396577	9.92309418769213	379.928658605463	38.2873175865546	5.25879468325159	2.34366624962643e-05	0.00382971029844785	0.0192570407738293
AT1G16410.1	6798.66537484252	123.011287816294	13474.3194618688	109.537260369076	6.77527789253175	7.6886588008069e-08	3.0834913846589e-05	0.416092817023042
AT1G16630.1.DE	515.19475660079	1013.34761621232	17.0418969892597	0.0168174244618631	-5.89389941168515	2.45859273852336e-06	0.000578002435967849	0.000677822090461028
AT1G17030.1	562.664313612053	1106.68351814209	18.6451090820168	0.0168477335899231	-5.89130166118637	2.60170736251675e-06	0.000606420183617044	0.319241615432922
AT1G18370.1	1064.05582271275	2106.74558047024	21.3660649552454	0.0101417395405079	-6.62355106098153	2.33465571952069e-07	8.05929064899351e-05	0.0614455012628201
AT1G18410.1	167.736464984851	330.66329369143	4.80963627827121	0.0145454193738223	-6.10329129692458	3.02140268150856e-06	0.000698276885825594	0.132769115070854
AT1G19460.1	35.7209722293097	71.4419444586194	0	0	-Inf	1.06312297374928e-05	0.00197227391953175	0.155720799420685
AT1G20610.1	418.727388255238	820.555024958596	16.8997515518809	0.0205955128392927	-5.60152613924262	5.58799910564339e-06	0.00118132033806202	0.0167510798021537
AT1G21130.1	5978.49027659854	18.8440255056519	11938.1365276914	633.523687606495	9.30725475287171	8.4982927029745e-05	0.0115878470151409	1.1675184613818
AT1G22350.1.DE	445.231390041477	42.0163466138181	848.446433469135	20.1932462445486	4.33580095030401	0.000150642317932517	0.0182653432200281	0.0573222670938601
AT1G22380.1	381.464700862058	760.492736725646	2.43666499847099	0.00320406084213536	-8.28588274121835	1.9239664996461e-06	0.000481362297356411	0.659872054671319
AT1G23000.1	460.266897913632	901.040475839497	19.4933199877679	0.021634233433971	-5.5305401871384	6.2410308631259e-06	0.00127014293036049	0.0130946905440654
AT1G23580.1	463.212819658252	925.356831254667	1.06880806183805	0.00115502260937424	-9.75786319223041	3.56568830454969e-10	4.86199428766873e-07	0.0592787234672885
AT1G24540.1	68.0245000374791	136.049000074958	0	0	-Inf	3.44128636536184e-07	0.000113069060806967	0.0664796777700495
AT1G24657.1	40.9497213386153	81.3650386463115	0.534404030919023	0.00656798103718776	-7.25033432283179	2.34520780257707e-05	0.00382971029844785	0.11586362999124
AT1G26330.2	154.853953002125	298.75029251115	10.9576134931008	0.0366781682487955	-4.76893459894335	0.000118269577674581	0.0153587126322071	0.123687869337601
AT1G26480.1	1195.1862909423	2383.97449151361	6.39809037099102	0.00268379145572518	-8.54151171352644	8.66069916573793e-10	8.37191473313897e-07	0.130744841735804
AT1G26760.1	159.696008810613	312.160474344521	7.23154327670494	0.0231661080471185	-5.43184050089147	1.89855285280767e-05	0.00321586551856634	0.0926937515849847
AT1G27260.1	23.272041683233	46.544083366466	0	0	-Inf	0.000329017263854977	0.0357475290939804	0.789243671644962
AT1G27860.1	25.2715699466259	50.5431398932518	0	0	-Inf	7.51772875983151e-05	0.0104599990310901	0.285171653951596
AT1G31760.1	155.361658697437	292.72524178108	17.9980756137934	0.0614845358202954	-4.02363259071763	0.000492771614162756	0.0485139880499369	0.127832389308192
AT1G34245.1	50.7562248336422	98.1638800443914	3.34856962289296	0.0341120340941971	-4.87357540462361	0.000381051795931896	0.0399679366417644	0.154004660595437
AT1G35310.1	3153.65452354726	6267.85635852526	39.4526885692624	0.00629444682719964	-7.31170468904069	1.59436095218853e-08	8.4029274831246e-06	0.268262246961147
AT1G36150.1	174.403241830651	348.272079630382	0.534404030919023	0.0015344440802897	-9.34806821400186	1.05486365162072e-06	0.000287671866433487	0.642718523913838
AT1G42560.1	48.3956772430242	94.9675452372045	1.82380924884393	0.0192045529268817	-5.70240781078875	0.000123943030307586	0.0157732190694061	-0.0176342065374771
AT1G47520.1	195.287749396166	373.61205352178	16.9634452705516	0.0454039025525249	-4.46103988452275	0.000202207851144136	0.0239756969937032	0.0146984131214078
AT1G47610.1	254.943506950547	509.887013901095	0	0	-Inf	3.90886338218239e-10	5.07612444264267e-07	0.0479791820143355
AT1G47980.1	4587.92154991779	9158.55108969015	17.2920101454211	0.00188807268486899	-9.04886997966489	9.19487870805507e-11	1.79109669462407e-07	0.187656833551097
AT1G48740.2	110.503352554879	218.570040111288	2.43666499847099	0.011148211334135	-6.48704393311572	3.79313492094352e-06	0.00086202152024209	0.0323864438605946
AT1G49290.1.DE	140.724226511422	277.565479369032	3.88297365381198	0.0139893968898396	-6.15952242332589	4.78065331357304e-06	0.00101854059776914	0.105157320320443
AT1G51270.3	483.241766172471	39.7740934869831	926.709438857959	23.2993226900632	4.54221611131671	9.05562550398032e-05	0.0122863663243307	0.104079488764862
AT1G51490.1	18.2444095611542	36.4888191223084	0	0	-Inf	0.000339087837803845	0.0364065528533412	-0.0377713998036075
AT1G51915.1	41.5164512443872	83.0329024887744	0	0	-Inf	4.65929312964605e-06	0.00100825345580101	0.299007701679241
AT1G53070.1	1088.24672315478	2103.72206123031	72.7713850792604	0.0345917297823563	-4.8534290313391	3.0767125504955e-05	0.00482212804394039	0.377898233128168
AT1G54385.1	587.742425722245	1126.93797091256	48.5468805319293	0.0430785737857581	-4.53688570280519	9.3740490580203e-05	0.0124246942900088	0.176852330775802
AT1G54540.1	46.1020877952931	90.8363186539532	1.36785693663295	0.0150584805384274	-6.05327998618379	7.80113436215499e-05	0.0107446835954711	0.083560581360489
AT1G54840.1	129.463561000043	253.220339097431	5.70678290265591	0.0225368267138294	-5.47157179788988	2.44894441526632e-05	0.00394073721600663	0.0137017722471649
AT1G54930.1	33.3978853669051	66.3398184215993	0.455952312210982	0.00687298100988668	-7.18484831147325	7.36433299662834e-05	0.0102991141103103	0.0352461742954853
AT1G56680.1	64.7548573807862	129.509714761572	0	0	-Inf	4.6587834328172e-07	0.000144374639768588	-0.00910676310316143
AT1G58460.1	83.8836521834228	167.767304366846	0	0	-Inf	1.46327834327146e-05	0.00257452023866813	0.794124950668244
AT1G60060.1	1013.70174174998	1905.58499157644	121.818491923512	0.0639270840513575	-3.96742890104149	0.000422819817473874	0.0436769668270077	0.00249712346727558
AT1G60240.1	103.745472266789	207.490944533578	0	0	-Inf	3.583485530664e-08	1.62875389844563e-05	0.1021493448926
AT1G61050.1	44.7241470050079	88.5363893855939	0.911904624421964	0.0102997720005323	-6.60124378803051	4.09465283624007e-05	0.00623828365905602	0.141775517958597
AT1G61590.1	240.027299188255	479.5986460643	0.455952312210982	0.000950695578381288	-10.0387289289664	2.91501526361332e-09	2.14852381767565e-06	0.163462388421881
AT1G63650.1	334.439513309488	652.513679098014	16.3653475209618	0.0250804665790058	-5.31729200252167	1.33666443824385e-05	0.00236702440878883	0.118500491719433
AT1G65240.1	161.976306979183	311.862498684756	12.0901152736097	0.0387674546461929	-4.68901017456863	0.000141866909230396	0.0174272634307303	-0.00108927918660454
AT1G66360.1	85.7429054385813	169.1275975974	2.35821327976295	0.0139433972530998	-6.16427407885015	1.31104393432866e-05	0.0023368287015083	8.31816969714497e-05
AT1G67630.1	428.675394140899	814.2753354964	43.0754527853975	0.0529003531208983	-4.24057883711277	0.000251012937695268	0.0283773554781217	0.0075961478950282
AT1G68825.1	34.8764297329021	68.3850025291713	1.36785693663295	0.0200022941587149	-5.64369071069537	0.000344267209580882	0.0366738713768759	0.137982777756554
AT1G69120.1	3275.43659871684	6543.10725012606	7.76594730762396	0.00118688980796919	-9.71859828470821	2.181873467553e-11	5.95018713336378e-08	0.136956740779203
AT1G69180.1	389.298283671813	778.596567343626	0	0	-Inf	1.31950880231975e-07	4.73477954579761e-05	0.729598508097524
AT1G69560.1	111.431244296255	221.872132249379	0.990356343130005	0.00446363557734627	-7.80756503800945	4.250299855401e-07	0.000133229801559357	0.0446041684063244
AT1G69940.1.DE	7368.46964553002	14722.4614465066	14.4778445534471	0.000983384782908194	-9.98995634876833	5.37547776175656e-12	2.93189308081726e-08	0.000608742283291847
AT1G73550.1	31.3448190941486	61.3217812516642	1.36785693663295	0.0223062166283016	-5.48641035187397	0.000490782080411252	0.0484931815757075	0.274526806009618
AT1G74055.1	100.844983563413	193.090566913489	8.59940021333789	0.0445355790849727	-4.48889783660501	0.000311530788077585	0.0341195024966419	0.0510754860536845
AT1G74420.2	185.027362931867	352.448908843481	17.6058170202532	0.0499528203336609	-4.32329005496985	0.000251817682729106	0.0283773554781217	0.0458507089731186
AT1G75870.1	255.665645655185	508.517125718397	2.81416559197393	0.00553406257065243	-7.49744532884945	9.99281507878363e-08	3.74920739903463e-05	-0.00266252377553294
AT1G76310.1	350.873742871538	690.946775687392	10.8007100556848	0.0156317540449329	-5.99937651700696	2.39224002391762e-06	0.000567293719063107	0.0208800378460399
AT1G77980.1	177.359223905266	354.184043779612	0.534404030919023	0.00150883146856709	-9.37235261401347	1.21809148711341e-08	6.64371458901395e-06	-0.00432072263703761
AT1G79360.1	265.894394946434	514.48202174741	17.3067681454583	0.0336392087845496	-4.89371241688175	4.07305810085729e-05	0.00623828365905602	0.00346107336695722
AT1G79800.1	121.488041869127	239.014658365734	3.96142537252002	0.0165739850417808	-5.91493566453631	1.00016421873365e-05	0.00188106747648865	0.187702685805493
AT2G02660.1	27.0604665488542	53.6649807854974	0.455952312210982	0.00849627271895344	-6.87895420920187	0.000208618594846187	0.0246287346322526	0.00897546111441754
AT2G02850.1	1328.55484808356	2593.95758364441	63.1521125227179	0.0243458539649641	-5.36018008372873	7.61977356973513e-06	0.00151677989065873	0.170398858176913
AT2G03210.1	70.5100047492804	140.108104874139	0.911904624421964	0.00650857868102022	-7.26344175720372	3.75571617758686e-06	0.000860690217470348	0.464064140755459
AT2G06983.1	67.1785478189026	134.357095637805	0	0	-Inf	3.6066863291438e-07	0.000117092789145334	0.140645411181813
AT2G13620.1	137.459746625763	274.919493251527	0	0	-Inf	9.73118133399134e-09	5.76910969911473e-06	0.257286298753162
AT2G13680.1	1283.18110866392	2550.65866127514	15.7035560527013	0.00615666701747173	-7.34363474197119	2.83396709084236e-07	9.54137241164963e-05	0.522993392128704
AT2G14710.1	36.4599810515462	72.9199621030924	0	0	-Inf	1.02221821149117e-05	0.00190937759216272	-0.0272682930505786
AT2G15340.1	81.1923141566784	160.026415033594	2.35821327976295	0.0147364001078691	-6.08447205210077	1.67285455478315e-05	0.00287965051487634	-0.0109715492576546
AT2G18470.1	562.162604518975	1120.44223538414	3.88297365381198	0.00346557237061018	-8.17269063849107	6.51452212580683e-09	4.03767120211087e-06	0.348015495793338
AT2G19000.1	727.221974148295	1444.00598083437	10.4379674622191	0.00722847938357419	-7.11209209758361	5.56175961403396e-08	2.29810221870182e-05	0.0579421599171333
AT2G19010.1	149.342696774176	298.685393548353	0	0	-Inf	5.96888839175688e-09	3.78552454259539e-06	0.0477087645826262
AT2G19610.2	27.7937948943738	55.5875897887476	0	0	-Inf	4.11964258043285e-05	0.00624148737838802	-0.00405536904724811
AT2G19910.1	644.082235855202	1259.72842863439	28.4360430760125	0.0225731534111988	-5.46924821639725	6.14602610599133e-06	0.00126021261606383	0.209322326856446
AT2G21260.1	111.888843657735	216.688289476145	7.08939783932612	0.0327170326392124	-4.93381428473545	9.16306746070471e-05	0.012309655799058	0.111075736112011
AT2G21430.1	500.030591398225	949.915751890286	50.1454309061646	0.052789345588151	-4.24360940826289	0.000192051376206971	0.022971197721668	0.00322915946030434
AT2G22610.1	698.456793525443	1364.48194088376	32.4316461671288	0.0237684685999752	-5.39480723619542	8.17734743581885e-06	0.00159571896629665	-0.000200356094046368
AT2G25890.1	229.991527913175	459.983055826351	0	0	-Inf	5.5739852680404e-10	6.33374724067798e-07	0.29805545929678
AT2G26410.1	384.705362939611	764.53739588228	4.87332999694199	0.00637422057205997	-7.29353534199577	8.41345044432198e-08	3.27776010095864e-05	0.356383555474935
AT2G26940.1	17.9896644003668	35.9793288007337	0	0	-Inf	0.000375935622848671	0.0395835535548498	-0.0353645096794889
AT2G27650.1	52.0307524898685	104.061504979737	0	0	-Inf	1.47135859188458e-06	0.00037854169961589	0.0305820620962673
AT2G29790.1	474.806409555728	949.612819111456	0	0	-Inf	1.53663008331718e-11	4.65615988912699e-08	0.319788787685698
AT2G30650.1	186.87986133192	372.847818039418	0.911904624421964	0.00244578238171574	-8.67548824170707	2.87409795254052e-08	1.39963437970951e-05	0.00441149144243891
AT2G31210.1	288.532424580877	576.608896849544	0.455952312210982	0.000790747965739341	-10.3044944402472	1.03786270683056e-09	9.43451795932541e-07	0.0163195789213667
AT2G31230.1	690.980825910167	73.5183919821549	1308.44325983818	17.7974956274312	4.15360234169262	0.000229320285026728	0.0263873143163034	0.13023656088649
AT2G31430.1	41.8967136902307	82.2686670064124	1.52476037404903	0.018533913694386	-5.75368863105951	0.000124653731445444	0.0157732190694061	0.126440515364624
AT2G31432.1	86.2809298959785	172.561859791957	0	0	-Inf	1.00360140856415e-07	3.74920739903463e-05	-0.00611901755510901
AT2G33190.1.DE	31.3302030091992	62.6604060183984	0	0	-Inf	2.17486499203402e-05	0.00363869590170304	0.0457772951912559
AT2G33200.1	16.7700033273178	33.5400066546355	0	0	-Inf	0.0004867073860289	0.0482654440887059	0.121015993010286
AT2G35215.1	40.1814378882896	80.3628757765792	0	0	-Inf	5.72382296999005e-06	0.00119156012377556	0.122510220125555
AT2G35765.1	265.249786862985	523.410175886644	7.08939783932612	0.0135446312775957	-6.20613506985788	1.43484480750669e-06	0.000372663359481094	-0.00345713796236244
AT2G36020.1	953.284134681661	1898.34636974349	8.22189961983494	0.00433108507007914	-7.85105577492667	7.52276574357224e-09	4.55896321317686e-06	0.00959571957969361
AT2G37210.2	81.3264631150273	160.216261231584	2.43666499847099	0.0152085997996728	-6.03896885427019	1.57420545244938e-05	0.00273440489769089	0.0894305832505193
AT2G37540.1	865.287332526644	108.562829006824	1622.01183604646	14.940766106459	3.90118222090286	0.000507775717540866	0.0498113366656725	0.00164421304670268
AT2G38160.1	205.976971571932	403.496688367905	8.45725477595907	0.0209599112452884	-5.57622358197634	9.26806789693083e-06	0.00176747887844196	0.0236789323284276
AT2G38920.1	46.9382214049922	93.8764428099843	0	0	-Inf	2.34304341911355e-06	0.000565461390111907	0.517097383380281
AT2G39855.1	43.318910488517	86.637820977034	0	0	-Inf	4.22342746650637e-06	0.000936399109260936	0.0112964306289142
AT2G40116.1	276.012047875457	541.586128288694	10.4379674622191	0.0192729594001992	-5.69727807251687	5.66494781927248e-06	0.00118837532291831	0.0656049223130017
AT2G41450.1	91.1694640594167	176.553693497469	5.78523462136395	0.0327675649642916	-4.93158772301147	0.00013397544488735	0.0166074743523769	-0.00876594278185348
AT2G42480.1	137.632418771215	274.808885230219	0.455952312210982	0.00165916146353496	-9.2353299937232	4.21481319217694e-08	1.81126802138137e-05	0.0835208087004296
AT2G42570.1	1767.97976225201	3407.95887764707	128.000646856938	0.0375593284580102	-4.73468492121753	4.4551758963797e-05	0.00671254706465032	0.132476514659553
AT2G45610.1	67.2068076941088	129.697188828692	4.7164265595259	0.0363649096955796	-4.78130919609293	0.000338886166617532	0.0364065528533412	0.214854865707949
AT2G46455.1	66.3968163173798	127.84185091911	4.95178171565003	0.0387336516176006	-4.69026867182527	0.000333161242648693	0.0360541279693353	-0.0127316280791323
AT2G46860.1	1398.26260161181	2791.33806635184	5.18713687177415	0.00185829761514825	-9.07180271000611	1.64275202560888e-10	2.63470515957301e-07	0.0868864250511141
AT2G47460.1	272.20776851527	532.98721322519	11.4283238053491	0.0214420224759136	-5.54341519823473	8.28767230863959e-06	0.00159571896629665	0.00897847212448376
AT3G01330.1	169.411380945675	328.022051835666	10.8007100556848	0.0329267803650461	-4.92459474004825	6.95850502956027e-05	0.00983240366119886	0.0388644644797099
AT3G02810.1	677.100786579257	1347.42598219402	6.77559096449396	0.00502854409372545	-7.63564352534696	1.78279153367216e-08	9.17330338014595e-06	0.0171097333735637
AT3G03760.1	473.160650734412	945.786897437905	0.534404030919023	0.000565036407637598	-10.7893685502057	9.05771119334568e-11	1.79109669462407e-07	0.0533848058323727
AT3G04210.1	6646.57113610682	611.422735736778	12681.7195364769	20.7413280456362	4.37443636625709	0.00011070719389315	0.0144454348548329	0.125233725103278
AT3G05960.1	754.726452973871	1507.92814557369	1.52476037404903	0.00101116248710175	-9.94976943727271	7.9010310216942e-11	1.79109669462407e-07	0.0170668008295821
AT3G06840.1	302.69356226009	584.24165672102	21.1454677991585	0.0361930162902705	-4.78814484427257	6.55161857550621e-05	0.00935440786244135	0.0665930331125573
AT3G07820.1	7690.15144552525	15338.0313751707	42.2715158797581	0.00275599357217298	-8.50321176142575	4.32588789877778e-10	5.36233131307131e-07	0.0488879960000934
AT3G08770.2.DE	19517.9455096904	38952.4463116832	83.4447076976036	0.00214221995275751	-8.86667766803738	1.27657449788733e-10	2.3208975421257e-07	0.254578549314693
AT3G11165.1	57.6700208537902	115.34004170758	0	0	-Inf	8.45570301089815e-07	0.000240203621677295	0.0333453847775123
AT3G11680.1	25.2411895313074	50.0264267504038	0.455952312210982	0.0091142290550924	-6.77766365642116	0.00027377835095327	0.0304743241177413	0.0173335270922783
AT3G12890.1	37.8646908465132	75.7293816930265	0	0	-Inf	8.30264959343639e-06	0.00159571896629665	-0.0235693043257556
AT3G13900.1	139.20461553125	268.726264787286	9.68296627521319	0.0360328242677651	-4.79454445454036	9.83558055596556e-05	0.0129577834464607	0.168442453540347
AT3G15720.1.DE	105.565447318412	206.036967483795	5.09392715302885	0.0247233650118127	-5.33798107292959	4.66797277902405e-05	0.00699452118993214	0.0977609885849273
AT3G16040.1	134.560799396795	263.792316484436	5.32928230915297	0.0202025683696037	-5.62931747409732	1.5262684723174e-05	0.0026681325326005	0.00906502145125726
AT3G16660.1.DE	778.382542801106	4.55900016861142	1552.2060854336	340.470723410035	8.41138693806475	2.02328933237084e-09	1.57648923951672e-06	-0.00125818209854215
AT3G17060.1.DE	603.394048285478	1198.26714807633	8.52094849462985	0.00711105908920995	-7.13571984029378	7.94117287022745e-08	3.13860471513004e-05	0.0255660472143673
AT3G17760.1	1137.15422525226	2267.45440782132	6.854042683202	0.00302279184073548	-8.36990265094244	1.4154369254056e-09	1.245173561056e-06	0.187178892901595
AT3G18570.1	82.1809478268582	160.322018562488	4.03987709122806	0.0251985168815314	-5.31051736678868	6.10718259043057e-05	0.00881211515468953	-0.0118495599293208
AT3G19090.1	608.134437189215	1213.14090191162	3.1279724668061	0.00257840821447629	-8.59930359490419	1.5369718075854e-09	1.30983619264567e-06	0.0031445957513586
AT3G19310.1	267.76445335247	526.395102460683	9.13380424425691	0.0173516132683608	-5.84878638598775	4.69539763436353e-06	0.00100825345580101	0.251041754923685
AT3G19610.1	22.3520321070422	44.1696601831654	0.534404030919023	0.0120988938720136	-6.36898103304392	0.000478943380865949	0.0476688501445083	0.158082843630176
AT3G21960.2	80.5519724664608	160.569540902003	0.534404030919023	0.00332817810848183	-8.2310516428454	6.80779495123702e-07	0.000201799321864331	0.103254892752743
AT3G24535.1	139.691940064945	265.092455013934	14.2914251159565	0.053911097225326	-4.21327391746359	0.000474636674108169	0.0475104394535023	0.286177663719336
AT3G24620.1	104.722845033723	208.911286036526	0.534404030919023	0.00255804289494243	-8.61074382818223	1.79227433447547e-07	6.26629658660006e-05	0.0115480867453079
AT3G25050.1	7908.70901880356	15808.0488782067	9.36915940038103	0.000592682846097315	-10.7204520770776	7.07375413906439e-13	9.64541745632125e-09	0.00102579753037413
AT3G26050.1.DE	245.871922144812	477.707194048351	14.0366502412734	0.0293833762944183	-5.08885601160162	2.3053784460837e-05	0.0038224725876192	0.051633040426862
AT3G26280.1	1922.42747893829	123.749110573095	3721.10584730349	30.069758320449	4.91024136747867	0.000121180340971166	0.0156245921681925	0.529418439803337
AT3G27640.1	123.22295926649	236.258064226922	10.1878543060577	0.0431217209003814	-4.53544143550377	0.000250451974115474	0.0283773554781217	0.0760808665194552
AT3G28917.1	701.361053293016	1402.26615427382	0.455952312210982	0.000325153902361069	-11.5865896410452	1.4831736255255e-11	4.65615988912699e-08	0.0131903732960503
AT3G36659.1	111.416182638137	220.317248559094	2.51511671717903	0.0114158865618931	-6.45281328564093	2.55977592768592e-05	0.00405858426301876	0.582424286419752
AT3G42880.1	165.881995535397	331.763991070794	0	0	-Inf	3.58184796252933e-09	2.57054146805624e-06	0.140007741804663
AT3G44860.1.DE	2834.65826307177	262.56667186988	5406.74985427366	20.5919122018391	4.36400590232311	0.000122582955369118	0.0156946468350761	0.0663087773591866
AT3G49540.1	3674.79920048543	7327.96746485941	21.630936111444	0.002951832989867	-8.40417318640289	6.54045389783544e-10	7.13458872991481e-07	0.215150784260237
AT3G51590.1	5971.5728625774	11937.958588283	5.18713687177415	0.000434507862748432	-11.1683300956156	2.34666806758337e-13	6.39959848710661e-09	0.0188012559128903
AT3G51690.1	23.8857469911561	47.3155416701013	0.455952312210982	0.00963641746701377	-6.69728738957632	0.000362794036623697	0.0384971057306024	-0.0224000794651254
AT3G52080.1	70.8940211141388	141.788042228278	0	0	-Inf	1.17942278954257e-06	0.000318455830629856	0.569062679099809
AT3G52620.1	181.194054123174	361.932155934137	0.455952312210982	0.00125977287382543	-9.6326206329546	1.03448265794471e-08	5.88649757511746e-06	0.0824623486661149
AT3G53075.1	106.542871559378	213.085743118755	0	0	-Inf	3.01263002424307e-08	1.44135848054619e-05	0.242654171173164
AT3G53190.1	2283.25623121821	4454.90201738201	111.610445054424	0.0250534006402263	-5.3188497478788	9.54379894260435e-06	0.00180742320113724	0.00912216088664044
AT3G54340.1	3350.41893883857	6696.4204999924	4.417377684731	0.000659662529367147	-10.5659842213256	2.12634898072571e-12	1.93292210177903e-08	0.0151891366913079
AT3G57240.1	303.035981131399	9.31506935648591	596.756892906313	64.0636016833092	6.00143300421728	1.91913625382117e-06	0.000481362297356411	0.204975493124415
AT3G58650.1	353.912885717036	691.617327350525	16.2084440835458	0.0234355668121238	-5.41515650154404	1.1237482037992e-05	0.00205676089032268	0.0020676450642314
AT3G58960.1	25.3869222296744	50.7738444593488	0	0	-Inf	6.59996094421444e-05	0.00937435077654541	-0.0208408071537096
AT3G59030.1	23.8380220808967	47.6760441617935	0	0	-Inf	0.000192039066276929	0.022971197721668	0.702612711063895
AT3G59160.1	24.6807994461637	48.8271948614084	0.534404030919023	0.0109448030433835	-6.51361019696354	0.000302701515541886	0.0334209434426833	0.0678489794455535
AT3G59830.1	120.552969764669	237.899515343824	3.20642418551414	0.0134780610245467	-6.2132432267473	4.00271444262545e-06	0.000894737914465892	-0.00726676890509745
AT3G59850.1	40.4271148184571	79.9423250124923	0.911904624421964	0.0114070315603088	-6.45393278030374	8.1455030949424e-05	0.0111626138141796	0.38076991093746
AT3G60460.1	22.23263185603	44.46526371206	0	0	-Inf	0.000125601945141236	0.0157847495204915	0.0555018257442744
AT3G61160.2	1727.1103461043	3323.99388122775	130.226810980838	0.0391778130869294	-4.67381932143665	5.26049564789786e-05	0.00775453928723364	0.00335558814085075
AT3G62520.1	30.9192471972561	61.8384943945121	0	0	-Inf	2.47517421292929e-05	0.00394739625501724	-0.0221518381533603
AT3G62710.1	1073.0086709062	2128.41152479215	17.6058170202532	0.00827181060390683	-6.91758113139953	8.78993059146652e-08	3.37619995999836e-05	0.391036921478664
AT3G63470.1	126.308906201586	240.21389025473	12.4039221484418	0.0516369895816114	-4.27545129529304	0.000475609620872213	0.0475104394535023	0.189311428183966
AT4G00460.2	210.71982074301	404.162389340636	17.2772521453838	0.0427482927680889	-4.54798938531288	0.000141834230681851	0.0174272634307303	0.0378591623258042
AT4G01730.1	406.510243635981	801.763824904066	11.2566623678957	0.0140398731125623	-6.15432629264395	1.36157485170625e-06	0.000357033728662319	0.130304108781715
AT4G02800.1	852.446515349943	1680.61959043392	24.2734402659646	0.0144431496598808	-6.11347080051412	9.25707289426165e-07	0.000260257355566402	0.317180891406327
AT4G09987.1	58.3152926424671	116.630585284934	0	0	-Inf	7.43881450989635e-07	0.000213540958420403	0.346832313614869
AT4G10115.1	109.315044191841	218.630088383682	0	0	-Inf	2.68919634909784e-08	1.33340133884086e-05	0.142171445096003
AT4G11320.1.DE	4233.19056139397	8353.31427279666	113.06684999128	0.0135355675961448	-6.20710080344283	6.59753330489754e-07	0.000197715748085561	0.297180333513341
AT4G12410.1	108.385610105909	214.868959244267	1.90226096755197	0.00885312133610442	-6.81959809023567	1.94839186333671e-06	0.000483041768227775	0.416093867382984
AT4G13075.1	137.493149500022	272.927134595076	2.05916440496805	0.00754474049648122	-7.05031300496753	6.48763274168586e-07	0.000196582480553906	0.0266034609572969
AT4G14310.2	637.399801179968	1226.64498042155	48.154621938389	0.0392571793036974	-4.6708996733833	7.58025025604752e-05	0.0104934520168869	0.0808317298908759
AT4G14330.1	679.668829667895	1344.95302450109	14.3846348347018	0.010695269331089	-6.54688337648786	3.42863602461088e-07	0.000113069060806967	0.0213106730148719
AT4G14400.1.DE	30242.4735556386	963.39115197244	59521.5559593048	61.7833741128313	5.94914675644738	9.3665949183128e-07	0.000260649397976845	0.36449704722653
AT4G14695.1	873.063711191627	1735.01290545274	11.1145169305169	0.0064060139815598	-7.28635733776632	3.43005590262397e-08	1.59637638288864e-05	0.0488236240131215
AT4G15210.1.DE	8621.94524331982	16248.1201774226	995.770309217022	0.061285262439201	-4.0283160059425	0.000365372165036678	0.0386204043128498	0.119362581560286
AT4G15980.1	385.236753527431	770.473507054862	0	0	-Inf	1.60225964989358e-08	8.4029274831246e-06	0.628388153650921
AT4G16030.1	19.4808884076203	38.9617768152405	0	0	-Inf	0.000230674077467317	0.0264315662462655	0.36355250744922
AT4G16260.1.DE	327.120765490116	3.0064886091971	651.235042371034	216.609848571803	7.75895502903993	3.25534472222093e-05	0.00504411965452767	0.811988382254217
AT4G17000.1	306.461817938616	599.749954541747	13.173681335485	0.0219652894272425	-5.5086306804421	8.30890298170675e-06	0.00159571896629665	0.0385083306168447
AT4G18960.1	1692.55724135071	3371.8475916472	13.2668910542303	0.0039346057891511	-7.98956518629307	2.73116999276986e-09	2.0689371353563e-06	0.0152379445933389
AT4G19370.1.DE	236.491965866689	26.0970929811488	446.886838752229	17.1240083742291	4.09794854106251	0.000405114253022722	0.0420186102628345	0.336218342904967
AT4G19980.1	20.7089583673778	41.4179167347557	0	0	-Inf	0.000171420966287214	0.0206850494319408	0.333914738131924
AT4G20160.1.DE	135.051008779735	267.964401435795	2.13761612367609	0.00797723918633376	-6.96989474890854	7.43053635592387e-07	0.000213540958420403	-0.00575098397658468
AT4G20320.1	6460.13047579576	12115.5579944352	804.702957156322	0.0664189761235868	-3.91226070651268	0.000343767204812839	0.0366738713768759	0.0546930565113378
AT4G21690.1	42.8430557137763	85.6861114275526	0	0	-Inf	3.97534811185006e-06	0.000894737914465892	0.236744054711748
AT4G22690.1.DE	5624.72800670787	578.132729981189	10671.3232834345	18.4582583376343	4.20619452619181	0.000218025339756866	0.0253011448532318	0.45534219779108
AT4G22960.1	510.776933042809	994.171873071407	27.3819930142117	0.0275425142833879	-5.18219592447016	1.19284282866952e-05	0.00216866778537643	0.0903900733963047
AT4G23320.1	321.99310456509	6.30858074728881	637.677628382891	101.080996491476	6.65936798182759	3.8579125635625e-07	0.000122336201768503	0.26645763470273
AT4G23560.1	471.646768790762	942.381632957103	0.911904624421964	0.000967659589842064	-10.013212764301	3.41542874734932e-10	4.86199428766873e-07	0.20040836798087
AT4G24170.1	59.8389571152778	116.250892888955	3.427021341601	0.0294795270508121	-5.08414281075969	0.000195410359779423	0.023270899220719	0.019850443445682
AT4G27250.1	44.4714709103009	87.5750848839688	1.36785693663295	0.0156192476255692	-6.00053122880461	9.38538016113017e-05	0.0124246942900088	0.0604533555864619
AT4G27570.1	767.568348032747	1526.61574757086	8.52094849462985	0.00558159347444718	-7.48510723258999	2.16712077749265e-08	1.09443612450004e-05	0.445196543476313
AT4G29150.1	147.882327559584	292.494537214983	3.27011790418492	0.0111800990723508	-6.4829232171074	2.18675463492047e-06	0.000532455229008179	0.0603274808680356
AT4G29700.1.DE	1986.34989090971	3838.26686687289	134.432914946526	0.0350243793902874	-4.83549670253011	3.76699012764118e-05	0.00580393151248037	0.00888585439108384
AT4G30590.1	17.6652228007101	35.3304456014202	0	0	-Inf	0.000405225129226119	0.0420186102628345	-0.0532396068097486
AT4G32280.1.DE	377.065927171128	11.8865615590496	742.245292783206	62.4440709027509	5.96449268857355	2.36396813655333e-06	0.00056550679870128	0.381006880362025
AT4G33050.2	3082.51715722895	329.387195756623	5835.64711870128	17.7166787108905	4.14703626670167	0.000212281951014999	0.0247399191714959	0.402912984454004
AT4G33070.1	115.142550671507	225.553916783451	4.73118455956317	0.0209758474915134	-5.57512708842532	1.67894258320318e-05	0.00287965051487634	0.0156058569315604
AT4G34850.1	2530.64140898271	5057.69889318641	3.58392477901708	0.00070860777889432	-10.4627250765111	3.07227483466512e-12	2.09460017540381e-08	0.185019983136526
AT4G34940.1	49.0936473687597	97.1184866756813	1.06880806183805	0.0110051968314461	-6.50567124125478	3.11535996430024e-05	0.0048547989477961	0.455996630935874
AT4G35010.1	6349.64511218477	12658.6071625825	40.6830617870383	0.00321386557498151	-8.28147469739248	8.90269983722747e-10	8.37191473313897e-07	0.00370484241226275
AT4G35700.1	159.27058843794	318.541176875881	0	0	-Inf	4.07535135859343e-09	2.84971556154363e-06	-0.00624751936190693
AT4G38660.1.DE	1748.81890417823	3376.10904187069	121.528766485761	0.0359966947093694	-4.79599174836763	4.80356328529044e-05	0.0071194551278889	0.149823045125862
AT5G05040.1	29.9688572057468	58.9473580683636	0.990356343130005	0.0168006909144503	-5.89533562591622	0.000309925514060095	0.0340805592497293	0.00838291615874568
AT5G07030.1	4320.19938298774	8450.19752350183	190.201242473644	0.0225084966291798	-5.47338648918245	7.88763151712682e-06	0.00155872173263453	0.449584123589403
AT5G07660.1	346.192965959728	672.814160212981	19.571771706476	0.0290894170543029	-5.10336180434692	2.39904105429936e-05	0.00389430051141654	0.00436578728734723
AT5G09480.1	104.816923822238	203.549564148316	6.08428349615885	0.0298909188119192	-5.06414894531723	9.93938908263226e-05	0.0130315903688685	0.500737900486353
AT5G10140.1	76.1543753943631	146.224467292567	6.08428349615885	0.0416092026786828	-4.58695354624981	0.000436136731704335	0.044882584189845	0.247751332991775
AT5G10500.1	139.533412524976	278.610872737742	0.455952312210982	0.00163652016782623	-9.2551529029677	4.12761140983438e-08	1.81126802138137e-05	-0.00397279959742731
AT5G13350.1	187.600510036183	373.833163135734	1.36785693663295	0.00365900372551029	-8.09433340006667	6.87555253148097e-08	2.79855512068683e-05	-0.00325170471194713
AT5G13380.1	1969.06991134153	3935.70315768459	2.43666499847099	0.000619118084074335	-10.6574977793811	7.7388899602208e-12	3.01496097293116e-08	0.454234741559054
AT5G15380.1	25.9949470608806	51.9898941217613	0	0	-Inf	5.59400890133072e-05	0.0081579795052508	0.149439784262018
AT5G15510.2	329.981078896573	646.332524145449	13.629633647696	0.0210876493732331	-5.56745790197276	7.02188130268004e-06	0.00141847203707694	-6.59089109382368e-05
AT5G15720.1	223.464904209363	440.987670359946	5.94213805878003	0.0134746126891255	-6.21361238466399	1.80039858272516e-06	0.000458866072425213	0.0230080249209269
AT5G15800.2	1933.01648312109	3836.07216279212	29.9608034500615	0.00781028150113169	-7.00040973719524	4.2507115019034e-08	1.81126802138137e-05	0.184408586738518
AT5G17340.1.DE	438.240777601939	876.481555203878	0	0	-Inf	2.68152039119464e-11	6.64797659893354e-08	0.0419240855956792
AT5G20330.1	234.43936714523	467.966829666038	0.911904624421964	0.00194865226894979	-9.00330761562594	1.03608919220285e-08	5.88649757511746e-06	0.181711758711024
AT5G22380.1	86.5478938296367	7.62316491933279	165.472622739941	21.7065516082818	4.44005864659894	0.000446609280855008	0.0457025775459854	0.0280403531172558
AT5G23010.1.DE	5935.39184490977	266.327801009296	11604.4558888102	43.5720786370523	5.44533203457687	4.36588830628687e-06	0.000960178548393139	0.0780591001939267
AT5G23530.1	1316.69669408364	2576.80093117149	56.5924569957891	0.021962292977774	-5.50882750269174	4.64596648636266e-06	0.00100825345580101	-0.000730952887307604
AT5G24100.1	24.170872567262	48.3417451345239	0	0	-Inf	9.31766989612054e-05	0.0124246942900088	0.21340331496694
AT5G24200.1	101.940305402949	7.72169942896432	196.158911376934	25.4035932350767	4.66696066967161	0.000211269516944798	0.0247399191714959	0.032631569142576
AT5G25140.1	613.982031792192	55.9072339123325	1172.05682967205	20.9643144125131	4.38986374597125	0.000124931807377497	0.0157732190694061	0.00130013737500795
AT5G25250.1	704.451067189781	75.1958507767615	1333.7062836028	17.7364345216634	4.14864411495995	0.000284242653732182	0.0315104935363022	0.0378946536744047
AT5G25340.1	170.051114766014	332.194136787025	7.90809274500278	0.0238056361303956	-5.39255300889958	2.31274238919427e-05	0.0038224725876192	0.0011298645881186
AT5G25530.1	71.2012886612575	141.946625010304	0.455952312210982	0.00321213915567126	-8.28224989029748	1.34924316813905e-06	0.000357033728662319	0.00523717391877386
AT5G25550.1	189.240551430916	378.481102861833	0	0	-Inf	1.73727008987958e-09	1.43566947336685e-06	0.0178593511610865
AT5G26310.1	20.5070918720429	41.0141837440858	0	0	-Inf	0.000447456573091493	0.0457025775459854	0.758532873252291
AT5G26670.1	868.842158171038	1632.3787519399	105.305564402178	0.0645104968911376	-3.95432226054656	0.00046272275162864	0.0465642515116776	0.411997490275843
AT5G26700.1	834.748616137172	1640.99749547966	28.4997367946833	0.0173673249795868	-5.84748063122905	7.01623449113944e-05	0.00986287272205483	0.625054644217712
AT5G36150.1	154.241770250426	308.483540500852	0	0	-Inf	5.35587073115084e-09	3.47761787402892e-06	0.255619537185408
AT5G36296.1	32.5852557443814	63.6457511147138	1.52476037404903	0.0239569860885267	-5.38340976865282	0.000451608960719517	0.0457837470921262	-0.0286398260685581
AT5G38435.1	172.480669777266	344.049434930111	0.911904624421964	0.00265050464218087	-8.55951721726572	4.09334138448609e-08	1.81126802138137e-05	0.111138270566462
AT5G39670.1.DE	294.997934734497	29.317468383026	560.678401085968	19.1243798325569	4.25734105958147	0.000241260007747815	0.027528877285735	0.00590077241329325
AT5G41880.1	439.114740227096	832.982233826522	45.2472466276698	0.0543195818472799	-4.20238381603114	0.000268561813983442	0.0301397087619031	0.28729383514329
AT5G42630.1	96.9320805921264	186.774763344927	7.08939783932612	0.0379569365387644	-4.71949263099525	0.000150698625811533	0.0182653432200281	0.296063268945637
AT5G43530.1	47.0305397005414	92.0019149961147	2.05916440496805	0.0223817559129613	-5.48153296545556	0.000146587701385041	0.0179264269258809	0.00195181699397511
AT5G44568.1.DE	240.616937906536	17.8418626359195	463.392013177153	25.9721769320342	4.6988950375685	0.000131830185173317	0.0164914723846859	0.491918212444564
AT5G44630.1.DE	1888.18374363697	3773.31796652583	3.04952074809806	0.000808180167998355	-10.2730354300096	7.09361075353314e-12	3.01496097293116e-08	0.249702605998675
AT5G45116.1	79.7248268091756	159.449653618351	0	0	-Inf	1.72022527926533e-07	6.09250176504479e-05	0.264743606395097
AT5G45380.1	3682.73714642748	211.682325817886	7153.79196703707	33.7949422059526	5.07873544197497	9.10192594171531e-05	0.0122880506117088	0.542029982695498
AT5G45880.1	2926.49996728892	5835.1735204015	17.8264141763401	0.0030549929859007	-8.35461521696436	8.77834587697915e-10	8.37191473313897e-07	-0.000336156900210552
AT5G46650.1	76.5273763287684	151.45154056478	1.60321209275707	0.0105856440071756	-6.56174714738288	6.02121481371845e-06	0.00124397385746148	0.133750882374126
AT5G46970.1.DE	76.3998801418288	152.799760283658	0	0	-Inf	2.70954947476953e-07	9.23651546580496e-05	0.523046078977586
AT5G47150.1	80.3753326312513	160.216261231584	0.534404030919023	0.00333551679967474	-8.22787397705581	6.90942639635521e-07	0.00020260964220968	0.0917367229320337
AT5G47635.1	274.161175589333	532.775698563381	15.5466526152852	0.0291804837518048	-5.09885238943376	2.45654844604571e-05	0.00394073721600663	0.00301725645654287
AT5G49180.1	263.699899008849	526.409441674567	0.990356343130005	0.00188134228743993	-9.05402193103359	5.18931120692823e-09	3.45165136400341e-06	0.00267885030498328
AT5G49615.1	51.6822702955215	103.364540591043	0	0	-Inf	1.81575430499523e-05	0.00309483972822031	0.703123134029322
AT5G50080.1	54.8353746037307	109.670749207461	0	0	-Inf	1.23597952173666e-06	0.000330454877816474	0.117687315440215
AT5G51210.1	58.9635164978693	117.015128371317	0.911904624421964	0.00779304895968901	-7.00359640458676	1.08540245311632e-05	0.002000000695874	-0.0119121536674533
AT5G51810.1	151.862496376723	303.724992753446	0	0	-Inf	4.74564576025387e-09	3.23546263819708e-06	0.208204110133327
AT5G52360.1	512.322875306977	1022.05218217807	2.59356843588708	0.00253760862812307	-8.62231470319182	1.89417241155304e-09	1.51929340692538e-06	0.0999233778048161
AT5G53660.1	155.390976377007	295.54910701356	15.232845740453	0.0515408281702374	-4.27814047082525	0.000328144270472296	0.0357475290939804	-0.0042813876118563
AT5G58782.1	22.322757478953	44.6455149579061	0	0	-Inf	0.000132930398249737	0.0165531730167515	0.00327597400640025
AT5G59120.1	1465.08091301067	2924.97468914957	5.18713687177415	0.00177339547279375	-9.13926998699471	1.53507289618788e-10	2.61643580949622e-07	0.138530484720809
AT5G59220.1	1166.46416143345	2196.18613035925	136.742192507655	0.0622634805936448	-4.00546996255266	0.000457877953762648	0.0462473691743006	0.415327504787064
AT5G59305.1	49.4184019191976	98.8368038383952	0	0	-Inf	1.98901911486706e-06	0.000488671534067924	-0.0130161067443247
AT5G59310.1	4259.81105897789	8222.20063529747	297.421482658306	0.0361729779958776	-4.7889438148104	3.03607398674438e-05	0.00478594067586739	0.0133459172125149
AT5G59870.1	2921.23509874374	5540.0899282099	302.380269277583	0.0545803900651279	-4.19547348473734	0.000222045804183383	0.0256585217198519	0.234733629159939
AT5G60090.1	111.299377304579	222.064350578239	0.534404030919023	0.00240652779037911	-8.69883120114296	1.21227368974803e-07	4.4079887724158e-05	0.263201114319191
AT5G60660.1	396.297339845589	747.93077281306	44.6639068781173	0.0597166322093298	-4.06572338451496	0.000449572138756767	0.0457473201344619	0.148016984706503
AT5G61160.1.DE	52.5162782338307	0.550348689681952	104.48220777798	189.847290884548	7.56869560166134	2.04527847913969e-05	0.00344301169164312	0.603275435105292
AT5G64690.1	144.826890171027	278.759860567624	10.8939197744301	0.039079944121967	-4.67742778528876	0.000121462855768282	0.0156245921681925	0.0570441276461531
AT5G64770.1.DE	2183.49143463703	120.769034689459	4246.21383458461	35.1597894733793	5.13585452695511	1.23596282049444e-05	0.00223218159454992	0.0866329889598221
AT5G64820.1	26.7015064017184	53.4030128034368	0	0	-Inf	4.72618451221449e-05	0.00704304796899461	0.37185937437284
AT5G65158.1	25.2967966067514	50.5935932135028	0	0	-Inf	6.26843651934874e-05	0.00899718591153472	0.329840246263613
AT5G65350.1.DE	118.518069627475	225.308766574807	11.727372680144	0.052050228042282	-4.26395170550558	0.000401745539373985	0.0419770214722909	0.171777794002538
AT5G65690.1	1025.92978739252	2047.59910053773	4.26047424731492	0.00208071699494108	-8.9087035318715	5.57405059500097e-10	6.33374724067798e-07	0.166760316274668
AT5G66640.2	471.443563698629	13.3813969769396	929.505730420318	69.4625330989095	6.11816311750774	6.02857916057198e-05	0.00874496714297651	0.643193907707176
AT5G66940.1	63.7406742137087	127.481348427417	0	0	-Inf	4.84564936688917e-07	0.000148478318971275	0.0899745495825486
