logFC	logCPM	pvalue	padj	dispersion
AT1G01370.1	-5.49549195859972	2.75710575375775	1.35571375780427e-05	0.00208925447297328	0.479147423120491
AT1G02050.1	-5.42806641092651	6.46055777661128	3.01634858762031e-09	1.09702587232692e-06	0.266593675128175
AT1G02205.3	-4.19211083839331	8.82319179774123	6.63195082068151e-06	0.00110981424868546	0.309838742497069
AT1G04700.1	-4.03243572418619	3.52069582305453	3.48965675566908e-05	0.00460538758106147	0.337223032324601
AT1G04890.1	-10.9913374431911	1.80454878478451	3.76208999757588e-07	8.48087015403944e-05	0.618360074655833
AT1G05260.1	-6.08064734472583	2.4753371467657	7.89128365831373e-06	0.00128125324016562	0.522161924678071
AT1G07330.1	-7.2287384225167	2.64747926761065	2.87464281356583e-07	6.58921277526346e-05	0.480831521512303
AT1G07370.1	-5.44506944097227	4.03345469431741	3.45175281934576e-07	7.84612180444119e-05	0.353395330904217
AT1G08150.1	-6.81306193392824	1.71660933645785	3.22389182275445e-05	0.00435337115095412	0.655881149337008
AT1G08730.1	-4.40822671325288	3.8204382299628	1.74578792187609e-06	0.000333005994021079	0.293291331146588
AT1G08930.1.DE	4.83748409519816	6.29099581753466	1.12702157346343e-07	2.76952859994252e-05	0.279763494103125
AT1G09380.1.DE	-9.97036447423714	3.09608067531673	1.14036016969893e-10	5.76029710164403e-08	0.414470170077743
AT1G11040.1	-9.06439754579258	-0.0631383794021759	0.000311804093798844	0.0303752866662538	0.882596073071404
AT1G11600.1	-9.83088110615032	4.29397010687745	1.71190954632528e-13	1.33416447700327e-10	0.340950639603124
AT1G11765.1	-7.77796776763974	2.94587442132686	9.48903890476832e-09	3.03711670323577e-06	0.421501642336389
AT1G13110.1	6.10607809248544	6.50326485042157	2.18046232352607e-10	1.00632977600193e-07	0.276090616724656
AT1G13130.1	-5.80482526269047	3.05879414959832	2.10229212976213e-06	0.000392768646736449	0.438783920711835
AT1G14370.1	5.28768469100069	4.5258403446225	3.82098653837924e-08	1.06352091640174e-05	0.293233436239599
AT1G15125.1.DE	8.42166791886197	7.58100473665093	1.22639772511335e-10	6.08226377234851e-08	0.4126737185633
AT1G16070.2	-5.29460619153362	1.73100956402345	0.000196516947188495	0.0209390342517991	0.591617323381084
AT1G16630.1.DE	-5.8714236472093	3.82857264831743	2.53797047616036e-08	7.36470432747085e-06	0.328026967610102
AT1G19970.1	-3.05005382811472	4.22409864102784	0.000422861258909912	0.0384479551976189	0.294638461233477
AT1G20680.1	-7.79212739450476	0.923480545286434	6.33910049197893e-05	0.00761725304492111	0.754264717977432
AT1G20790.1	-9.24082160181707	0.103611693405134	0.000198365443938828	0.0210537518066903	0.859781169270717
AT1G22170.1	-3.9071714701801	4.0761321460276	2.7107528174982e-05	0.00379185664630248	0.314178082936492
AT1G22350.1.DE	4.32362826291087	3.59986317973683	1.40111596105935e-05	0.00213509721060423	0.341437021408618
AT1G22460.1	-7.85611635209349	2.70723538606721	1.45506780606336e-07	3.54373969160627e-05	0.502385905134596
AT1G23205.1	-4.00392959314308	4.25604795419731	0.000171815746543106	0.0185976909462552	0.40518510651797
AT1G23420.1	-9.17838523193926	2.28535782784253	1.0921798208103e-07	2.7083080883857e-05	0.546278622745382
AT1G23620.1	-11.9305984661579	2.73335155043147	5.06423119895265e-10	2.22801668409406e-07	0.463468963273858
AT1G24145.1	5.90837328671045	3.41989082486524	6.30822705866291e-07	0.000132361161137806	0.40735469623018
AT1G24600.1	-4.35962878903398	3.02610482218676	4.00602708892441e-05	0.00517878677272944	0.384788237072676
AT1G24620.1	-8.91874621024968	2.88284866428071	1.40195295694068e-09	5.46301011521014e-07	0.427979307537137
AT1G25240.1	-6.68761441460409	2.55145406241823	8.35685866679116e-07	0.000171391002897791	0.4773290908476
AT1G26770.2.DE	-3.29424989928196	4.60046494300761	0.000202773674407583	0.0213554344278596	0.303348343686926
AT1G26780.2	-9.19792261455741	3.13980870499237	2.15449848209946e-10	1.00632977600193e-07	0.404932505680248
AT1G26820.1	-3.74132084115486	4.05603385437208	5.43329600036249e-05	0.0066459199552416	0.316479198552444
AT1G27040.1	-7.55602414457912	1.5131109385881	1.72498110824304e-05	0.0025296940693304	0.670165396364422
AT1G28335.1	-12.0379147778022	2.83992590352137	2.33259224719383e-10	1.04305112666731e-07	0.451816005742266
AT1G28370.1	4.63161180877427	2.26541271810223	0.000415399797546428	0.0381510447059727	0.556093771309861
AT1G28700.1	-9.69921266105555	2.82799398015688	1.71891981415312e-09	6.60379940431757e-07	0.459116117959286
AT1G31310.1	-9.79685229871994	2.89983340589617	5.3668821927282e-10	2.32368961223884e-07	0.435061844778358
AT1G32250.1	-10.1598269398314	0.990024889763324	1.50962501236631e-05	0.00227502991504507	0.752392723499408
AT1G44760.1	-3.29422029290881	5.86119345375105	4.68911378765735e-05	0.00589743597820774	0.255074297652067
AT1G49290.1.DE	-6.11399777274824	1.96707989748637	2.20828256544952e-05	0.00314507727077735	0.558800640400922
AT1G51670.1	-5.1500557598825	1.9182622639802	0.000141253609747881	0.0156624988337112	0.55118631592981
AT1G51800.1.DE	3.74385579528017	3.49433715065272	8.82554444694055e-05	0.0102877938409913	0.333044589400277
AT1G52430.1	-5.4716321478001	1.34605649959279	0.000275513411874351	0.0271306113202046	0.637653481391397
AT1G55560.1	-7.60811841820905	5.92755769986816	4.64765656727926e-13	3.42632778880206e-10	0.285409846158972
AT1G62180.1.DE	3.07621027470268	8.55087849684656	0.000200815914242628	0.021231223615489	0.272004664050808
AT1G64370.1	3.1922528932607	8.08629789966928	0.000124916021661441	0.0140798938961121	0.272333636365234
AT1G65490.1	4.06265929618475	5.87883615200664	5.31140118630477e-06	0.000922796752604046	0.288196561685121
AT1G68840.1	6.71280936195088	4.86454063960781	4.23805435061262e-12	2.62730473912864e-09	0.260127557171838
AT1G69720.1.DE	3.20602634642552	4.18054117343949	0.000145311540429351	0.0160472181712203	0.276455274510841
AT1G69770.1	-3.41081991703762	5.00236190348723	2.18310531626459e-05	0.00313413493219733	0.248314278503614
AT1G69940.1.DE	-10.0015539072992	7.66133909174921	3.07358920631788e-19	1.39730487967888e-15	0.264032710120804
AT1G71030.1	3.18621579270487	6.08146145333839	0.000246186892384882	0.0249637169649905	0.295990228090995
AT1G71160.1	-9.9270483528404	4.42009662889649	2.18341094477778e-16	3.30871668559464e-13	0.275813314011208
AT1G72230.1	-3.76419273458176	4.54658927080451	0.000192031351663326	0.0205413301149825	0.374450285422367
AT1G72260.1	-9.10273971063457	6.50729495018178	9.01185698620362e-15	8.47642837974746e-12	0.311503495638309
AT1G73050.1	-7.01531535585994	1.8962350464174	7.31858110450166e-06	0.00120258395655116	0.585860938349442
AT1G74490.1	-6.04783574914178	1.28235175415193	0.000124220216465846	0.0140595636702858	0.652114580161579
AT1G75050.1	-4.98832501858042	3.01401742779662	1.10803843673968e-05	0.00172708368222561	0.410170517938474
AT1G75240.1	-4.92394824800918	6.17176992623724	1.57491948979795e-08	4.7207779036504e-06	0.253530924971855
AT1G75580.1	-3.98529730829468	3.43839682753873	3.49494163316979e-05	0.00460538758106147	0.331696234356936
AT1G75890.1	-4.39284659617624	2.58197581496092	0.000158836210453585	0.0173303012501697	0.45149639164617
AT1G75920.1	-11.3235096548937	5.27686364890292	5.60873889028298e-20	3.82473926775622e-16	0.256555416036399
AT1G76360.1	4.83356219819761	4.60701445144784	5.65716419631219e-07	0.000120555052955318	0.309895406969493
AT1G76960.1	6.70334759055234	6.69551728269309	3.5899917629813e-12	2.27730710043816e-09	0.262662510332813
AT1G78430.1	-4.88176441853598	3.61440704541585	7.37613678231142e-07	0.000152423396220537	0.317368154322721
AT1G80130.1	5.05275972355512	8.01309426560434	8.88550554408313e-08	2.24416606227737e-05	0.295013392264843
AT1G80280.1	-3.39675371892948	6.33507127148551	5.32981303348817e-05	0.00660824136883894	0.272677219218823
AT2G04070.1	10.3655827241318	1.19066071445358	6.19677135859392e-06	0.00104339094042201	0.712221360455552
AT2G07170.1	-6.34469880133917	3.60017920266469	6.77778754041784e-09	2.25460622853631e-06	0.336698110817507
AT2G13680.1	-7.35964048230445	5.13489995577871	9.87207771768209e-13	6.56782107085889e-10	0.277384258418685
AT2G15340.1	-5.98964387282911	1.19163001547777	0.000214252553042914	0.0224775649590445	0.683857089885441
AT2G15555.1	-9.19128227094195	0.0567609771762663	0.000221651981276963	0.0229885973128962	0.864334687142743
AT2G19030.1	-9.14240832952912	0.0108617065476824	0.000261410065100895	0.0261189829514913	0.876099273054592
AT2G19130.1	3.39865103927484	5.09508678832538	0.000148016202612899	0.0162799917688389	0.307081915222148
AT2G19170.1	-3.90262073948684	5.59403455523262	2.58265221691039e-06	0.000469646696804431	0.253479084236796
AT2G19770.1	-10.7329982908706	4.70288385229353	2.03627527760038e-17	4.62862339559213e-14	0.278072618038165
AT2G21450.1	-11.3172830877954	2.12605160097331	4.99790389616604e-08	1.36327824575721e-05	0.560366527465389
AT2G22030.1	-9.38119205050592	0.237846317759245	0.000138281305907897	0.015458603201843	0.841753727444828
AT2G23510.1	-9.87984344141266	2.98251984815347	2.21357871320585e-10	1.00632977600193e-07	0.420694708079394
AT2G23530.1	-8.23451311488261	1.35502246575661	1.09506316843529e-05	0.00171666885318445	0.67887844147824
AT2G25210.1	-3.16779916074448	5.78422100373402	0.000100827964290845	0.0115558167309301	0.261101861174298
AT2G25890.1	-11.87277921396	2.67610470460541	1.34654537660465e-09	5.3231475706732e-07	0.486046845064944
AT2G26010.1	9.09260584301311	5.10849237810039	7.35251260529555e-08	1.91004272699664e-05	0.622992962621991
AT2G26410.1	-7.25708267365776	3.40321750163443	1.33813387766303e-09	5.3231475706732e-07	0.357374370765227
AT2G28640.1	-7.95359384184787	1.11526321309213	2.9013969940485e-05	0.0039970406973061	0.717484693056947
AT2G28680.1	-9.56899635716321	4.75226913772627	2.32490490840291e-17	4.87818701434663e-14	0.255788917656711
AT2G29550.1.DE	-3.48341333532922	7.25479898568193	9.42364037769984e-05	0.0108459341174058	0.303901051341395
AT2G30140.1	3.66975999670782	4.56340560728215	7.44060819458527e-06	0.00121531418996229	0.251202154029812
AT2G31100.1	-7.27233829637733	0.421301988959795	0.000273225762986199	0.0270028229600527	0.814612366745969
AT2G31880.1.DE	3.42538578828949	7.02288569274002	5.73782704110502e-05	0.00698708518750989	0.278936509752234
AT2G32680.1	7.51135908933329	6.21787872792133	4.45193787598132e-12	2.69856687651427e-09	0.306160797149595
AT2G33100.1.DE	-5.13056896723631	2.91833188202834	3.34463626139825e-05	0.00445032406352	0.480939332515865
AT2G33190.1.DE	-8.99713437043505	-0.126607270303977	0.000362807977409686	0.0343621986104306	0.889788828464481
AT2G33560.2	-5.39324214717625	3.1159706744418	1.77069836440735e-06	0.000335412078374579	0.391471481792819
AT2G34700.1	-9.82503766711637	0.664919026736136	3.84729946648582e-05	0.00502118600704946	0.783485240660964
AT2G35765.1	-6.21586883397002	2.87487935044643	4.85102223155665e-07	0.000106710752750138	0.423211303247016
AT2G36270.1	-3.43775356869667	4.0918052112511	0.000422513574739125	0.0384479551976189	0.358764740550042
AT2G39030.1.DE	4.05114377032381	2.71412320441931	0.00042835953055713	0.0388184814452054	0.462682733677741
AT2G40010.1	-4.02347696974334	2.95109579151566	0.00014085064785538	0.0156624988337112	0.394675612252137
AT2G40116.1	-5.698591988655	2.92967953968376	1.14298913626661e-06	0.0002275716399266	0.402889468394567
AT2G40550.1	-3.89460482241487	4.03064701476035	4.36142240164509e-05	0.00553332645812433	0.32942540153665
AT2G42840.1	-7.72164513099483	7.71524657412505	6.7665052570328e-11	3.61901889992321e-08	0.359955828210113
AT2G44450.1	-6.30465711907181	1.94700889459874	3.28063265823081e-05	0.00438768016426911	0.603021170016629
AT2G44460.1	-8.04251911546841	2.01795310232295	3.32610443971921e-06	0.000596882571067243	0.633325975273529
AT2G45580.1	-7.68561734012505	3.34468473463048	6.45639944274395e-10	2.75173761874573e-07	0.366780494371372
AT2G46430.1	3.74352990261761	5.85110178386228	4.31406147268609e-05	0.005516460950918	0.3113174275393
AT2G46440.1	3.61031966025479	6.69743899236889	1.53540011931159e-05	0.00230115983815727	0.264267849791943
AT2G46770.1	-6.16849176079663	1.58971564233028	0.000230301283389843	0.0234400302500924	0.729861047098863
AT2G47340.1	-8.26442210715947	1.41813675213796	1.75150696727119e-05	0.00255485858536129	0.72389827190344
AT3G02020.1	6.3291754180167	6.55320123711352	3.0523183532724e-11	1.73454349421274e-08	0.265259840596048
AT3G02120.1	-5.58306818986178	2.95240375284894	1.83677739951569e-05	0.00266498814503136	0.504991041524111
AT3G02970.1	-7.0217740382323	2.67738898492244	2.07463537992671e-07	4.96402011037377e-05	0.456041185705715
AT3G05730.1	7.12899900505004	5.16496163118576	4.30588752360978e-08	1.18638074728792e-05	0.449656246057625
AT3G05820.1	-5.0734441761426	3.5170440893271	5.12695186705334e-07	0.000111878292862091	0.327224183248727
AT3G05930.1	-6.36933551168117	3.43320467989367	2.83749905311393e-08	7.97922285276172e-06	0.363582542451846
AT3G06160.2	-6.15436777069018	3.79417766484123	2.62480036598749e-09	9.67522697068119e-07	0.3063272326827
AT3G07195.1	5.23808382118074	2.21899446604628	5.08080497268171e-05	0.00632827019359996	0.509063888353878
AT3G08770.2.DE	-8.87435802377746	9.07053152740853	4.20964243435729e-16	5.46792460390303e-13	0.28072506946421
AT3G08790.1	-7.68918716045454	1.6433453887573	1.23542453338874e-05	0.00191469744302526	0.665907958949778
AT3G09020.1	7.81141184311593	3.0156120433722	1.0305774013461e-08	3.23115629615144e-06	0.429564028393994
AT3G10470.1	-5.63542452901101	1.31212002086464	0.000254864100041771	0.0256528710584479	0.653855496610992
AT3G11050.1	-3.83872855969911	2.79140546343306	0.000403247859648805	0.0375405865789777	0.420128046957883
AT3G11165.1	-9.87549727600538	0.713631623751513	3.28147066580232e-05	0.00438768016426911	0.776578951672602
AT3G12160.1	-6.41507665572773	1.31071343030072	8.92005077753492e-05	0.0103537117046306	0.668691245343038
AT3G13229.1	-5.48784974412203	1.1848672971862	0.000370867569549638	0.034957363309197	0.663996941328412
AT3G13400.1	-8.08510794137919	7.82904520190702	1.64356553769631e-11	9.74598634168308e-09	0.359182771719866
AT3G13450.1.DE	-2.80241923745831	5.02458556937987	0.000356749379221893	0.0339061073764306	0.249734992009044
AT3G15720.1.DE	-5.27665056512675	1.56555289431908	0.000555737930169007	0.0490578107482848	0.697569938920674
AT3G16660.1.DE	8.37347747858635	4.40799994156046	1.19066413174439e-14	1.08259151738639e-11	0.268982823330365
AT3G16720.1	3.26849522273488	4.11986006487347	0.000227849526244507	0.023364855366058	0.303360528531686
AT3G17060.1.DE	-7.09671174900756	4.05384071716904	5.16414874689454e-11	2.81724970738085e-08	0.306358978712075
AT3G17320.1	-9.13579107379942	0.00422703678729226	0.000257957993581965	0.0258688242313796	0.87206302307873
AT3G17675.1	-9.0681101337205	3.00940379152297	3.26846941456061e-09	1.17307947659171e-06	0.460082509584982
AT3G18810.1	-6.6047356055309	2.47057214752815	5.63689347730311e-06	0.00096098464612748	0.552610861739674
AT3G18850.1	-4.25561330733755	6.5390465928729	6.9469270157242e-07	0.000144649868860999	0.262126249851954
AT3G19050.1	-5.59294517586503	5.18327578277322	3.86050200899526e-09	1.36757030258914e-06	0.280581770281627
AT3G21090.1	-4.12193739216843	2.44162187326331	0.000561104156966216	0.0493717357727983	0.489696672709142
AT3G21320.1	-5.55628699724278	3.5755522994417	7.49455538858615e-08	1.92857535221193e-05	0.325286896801753
AT3G21570.1	-6.84709695634797	2.51805303421353	5.40609640494386e-07	0.000116111883179255	0.473019389149455
AT3G21720.1	-7.43240181248611	2.30574934234869	1.45050259248557e-06	0.000282609708680207	0.55386332426152
AT3G21985.1	-8.95727681528319	-0.163987651006534	0.000411083694724593	0.0378821957466308	0.900648026631209
AT3G22060.1.DE	3.3789773189767	4.03252438359382	0.000128204429757255	0.0143910791378133	0.296808576835918
AT3G22880.1	-3.97253749508272	3.78289723498017	1.47579675601332e-05	0.00223640600632086	0.30228914788034
AT3G23670.1	-5.68236071994023	4.21931449982524	2.59692227470021e-08	7.4564472512629e-06	0.316917370939077
AT3G25050.1	-10.7165851795559	7.76345913160534	1.2802426999149e-20	1.74605900627894e-16	0.264510818933684
AT3G25760.1.DE	2.76420837223372	5.17908822710356	0.000406632777279014	0.0376644160416124	0.248591024019019
AT3G25770.1	4.45243724807656	6.4232922698488	2.64942157227738e-07	6.12442984974662e-05	0.261919172589043
AT3G26050.1.DE	-5.1271914319472	2.76763643918051	4.69165820020926e-05	0.00589743597820774	0.490212214678721
AT3G26830.1.DE	4.38676602489931	2.245608799907	0.000458133936112232	0.0413792032295806	0.523200357377945
AT3G27060.1.DE	-3.44512346361284	5.74794757319223	8.69364645539262e-05	0.0101775362387873	0.294721436347563
AT3G27503.1	-10.3762483074342	1.20094989943567	5.53671628137634e-06	0.000949842830233349	0.705140067936848
AT3G28007.1	-3.91433313416167	4.79745229858692	1.67916693336056e-06	0.000322553777755465	0.245014081176995
AT3G28750.1	-8.17908131920315	7.70080728691598	1.59020358432587e-15	1.80733263206903e-12	0.262039668604033
AT3G28840.1	-6.9120794568455	7.07993229537816	8.63681503932989e-13	6.04067702122568e-10	0.259532251550283
AT3G44050.1	-4.86671781518459	4.1510048847276	7.10435373029066e-08	1.8776421903586e-05	0.270293176937764
AT3G44860.1.DE	4.34563819105301	6.26485189421919	2.38894568604994e-07	5.61752340330898e-05	0.250277365066657
AT3G45930.1	-3.61250625800554	4.91881526243854	2.81304234398263e-05	0.00389499269120884	0.280056107599696
AT3G46900.1.DE	4.16494404816181	3.22725907099568	8.27066130259477e-05	0.00972408742891714	0.391002878582867
AT3G47440.1	-6.41709161738727	2.45452567624047	2.25744497121387e-06	0.000413263936106045	0.491237072906373
AT3G48320.1	3.234259226874	4.65366070783781	9.03187946843246e-05	0.0104390922144251	0.265438218740001
AT3G48720.1	4.66848054027823	4.99624647125069	5.21783804786803e-08	1.40917790526432e-05	0.250294190598071
AT3G50740.1.DE	6.60914011659183	6.1616543876718	9.1409937681078e-11	4.79497859639762e-08	0.294706306076883
AT3G51290.1	-4.86667836342682	3.47755603521013	4.3971310374114e-06	0.000773809956822392	0.36621507087095
AT3G51720.1	-4.52050521489187	4.86654777683746	5.19381521934196e-07	0.000112437855347612	0.279695023016562
AT3G52110.1	-2.89602817547499	4.2760136881953	0.000389553997179085	0.0363899465104586	0.266946702180028
AT3G52130.1	-9.80367173504631	5.210957068638	3.26580127790545e-17	6.36294724695908e-14	0.270631663016138
AT3G52810.1	-10.4407160056817	4.39622573679006	2.38332886673346e-15	2.60040245991554e-12	0.309001702866578
AT3G53065.1	-9.76121953964309	0.603587386158767	5.40555129533547e-05	0.00664176678751646	0.806604718470858
AT3G53075.1	-10.7627450057409	1.57974541650988	1.2269185239475e-06	0.000242512004186347	0.656995333347509
AT3G53190.1	-5.29737299887542	5.97295459585253	1.60476141244351e-06	0.000310447354944834	0.388627434365085
AT3G54340.1	-10.5375299005297	6.52561632362857	5.27829796014706e-20	3.82473926775622e-16	0.259663874605111
AT3G54820.1.DE	-3.20450392390756	5.36368378477073	6.61471235944474e-05	0.00791357495739361	0.253018494443392
AT3G56020.1	-2.89189770035984	5.93070876700253	0.000306486950435553	0.0299684901683154	0.25897014280504
AT3G56180.1	-6.90473652379225	1.80650091948766	8.51537479943544e-06	0.00136631693178941	0.582337539478798
AT3G57540.1	4.45968229755305	3.24100483034483	0.000325082407729219	0.0312227916747532	0.516813444135367
AT3G57620.1	-10.1504425840887	4.12311372720944	3.67430833200003e-15	3.71200401377647e-12	0.300531276919143
AT3G57690.1	-8.14453605395349	5.73283424884251	3.39183909485381e-15	3.55843057655105e-12	0.261262600080084
AT3G57830.1	-3.23493461041049	3.85791073541203	0.000218133038426459	0.0227969919124848	0.296145592275958
AT3G58260.1	-9.49240648667141	0.344432192229691	0.000104323839342052	0.011906449229009	0.829273148230322
AT3G58340.1	-7.79051224156994	0.921872813188548	6.00067323771526e-05	0.00727468284022929	0.749084903443628
AT3G59060.2	3.02307609257951	6.73542599922491	0.000229276092090191	0.0234230860072815	0.268572412347295
AT3G61230.1	-5.94041762415138	3.43928822234035	7.15895398311012e-08	1.8776421903586e-05	0.354901567777118
AT3G62230.1	-7.20635321662528	5.44789817400008	2.04124546008369e-13	1.54664034485286e-10	0.255908238807099
AT4G00780.1	3.77254978594168	7.42993044549342	1.37433283603198e-05	0.00210604925665418	0.280790432311961
AT4G02410.1.DE	3.90218769366829	5.4920871310018	3.97761930726568e-05	0.00516654865925171	0.32918937183071
AT4G02800.1	-6.10303672705928	4.55727541093623	9.82125997322208e-10	4.08297514969501e-07	0.292814523788281
AT4G04077.1	-10.3348148274128	4.81292228340739	4.44012281497857e-17	8.0742153349447e-14	0.278963885800182
AT4G09644.1	-10.0286542718463	0.862682576923403	2.78959856905656e-05	0.00388223878408959	0.786455520626408
AT4G10010.1	-7.81157094565173	2.28304311867792	9.11659929838614e-07	0.000185577223180656	0.559203809055614
AT4G10120.1.DE	3.00630999469684	8.60791917436835	0.000337399349601403	0.0321791680387324	0.280830660688599
AT4G10260.1	-7.40595640518818	3.55071756114482	1.67293120493099e-10	8.14866865658976e-08	0.330884080221594
AT4G10500.1	8.48575189239766	4.18903367187895	9.63656179443457e-13	6.56782107085889e-10	0.318339113388925
AT4G11320.1.DE	-6.19454069165839	6.85720426271138	9.87925211276425e-10	4.08297514969501e-07	0.303765009843236
AT4G12860.1	-10.4713617310867	1.29400952957155	4.01942325917542e-06	0.000716586981964234	0.695773007924209
AT4G12960.2	-10.245253450685	5.11685225904465	1.62196727156049e-17	4.02203647875958e-14	0.274742244829029
AT4G13240.1	-11.110002586135	1.9212534039197	1.97468177396934e-07	4.76667210164263e-05	0.599687253789001
AT4G13370.1	-4.28578063726908	3.3692115000844	1.66838121084796e-05	0.00245991536693512	0.342210776832488
AT4G13770.1.DE	3.46697328292703	8.04119926824015	2.91719906155026e-05	0.00399861501517117	0.264342895903253
AT4G13830.2	3.00347856111804	6.30530685469049	0.000486273140772647	0.0437758167024934	0.295233384225618
AT4G14150.1	-4.25280671409022	3.2669726621847	3.80703512663314e-05	0.00499252390140251	0.369383252614728
AT4G14315.1	-9.4503937085382	0.304202952342563	0.000118534196214049	0.0134719052922109	0.836447366120977
AT4G14400.1.DE	5.93115305870432	9.67135901265778	7.2007536982995e-09	2.36644528468091e-06	0.319303534795719
AT4G14723.1	-9.34084241991372	0.198815536091671	0.000156118354614284	0.0171021701157182	0.847978181724638
AT4G15210.1.DE	-4.02249326577448	7.88493899674763	6.67284505097105e-06	0.00110984874667889	0.290514946907808
AT4G16260.1.DE	7.71304706166923	3.18154167199177	5.73334306120118e-09	1.93072097136277e-06	0.413696017506558
AT4G16270.1	-8.83755200772548	5.36193666111409	1.09966038042813e-16	1.7644374233493e-13	0.254905499905579
AT4G19370.1.DE	4.07256068289548	2.68560839599346	0.000407339616976781	0.0376644160416124	0.458716635539616
AT4G20160.1.DE	-6.97162925635129	1.91089562787026	1.97279868928164e-05	0.00284719734643044	0.650417997559069
AT4G20420.1	-7.55317100193963	5.97744521123274	1.08823367406129e-13	8.99507573556657e-11	0.267671415127382
AT4G22010.1	-3.64504755111129	5.92293975479078	0.000321611480433303	0.0311084977013447	0.382237682987956
AT4G22690.1.DE	4.18528629576982	7.2437748977966	6.90381011346813e-06	0.00114130441493982	0.309999804067736
AT4G23200.1	5.66636390914385	1.53168572769451	0.000164573539273856	0.017884750720211	0.628516575951327
AT4G23260.1	7.02030684687954	6.26008783084102	3.18199703469635e-12	2.06655555036696e-09	0.277324998527774
AT4G23300.1	3.89378557800903	4.64990419732934	3.03934370381489e-06	0.000549034292774561	0.254749688451492
AT4G23560.1	-9.75667788587467	3.69723166122867	7.58983958369237e-13	5.44810669274676e-10	0.343042179047956
AT4G24140.1	-4.9454531038221	5.59570718119814	1.60668299009715e-08	4.76364042618262e-06	0.254825588274795
AT4G25150.1	-4.26625109746119	3.42055550001357	1.57441601802265e-05	0.00234674020347562	0.339601220063566
AT4G25780.1	-4.42797554691334	3.52471365084028	4.15108583724087e-05	0.00534099850860467	0.396989365069616
AT4G26760.1.DE	-3.73291774720383	5.43624812479879	4.62203786840433e-06	0.000808175172669647	0.248198268557566
AT4G28000.1	-8.06075662864882	4.45813275893781	6.78651972569142e-14	5.78487182992765e-11	0.273351546798793
AT4G28088.1	-9.67857580662564	0.523805005010962	6.7015755741185e-05	0.00794777725805349	0.814705321417971
AT4G28240.1	2.87974602192126	6.56885660736068	0.000262540069675911	0.0261361513888679	0.251819298596676
AT4G28310.1	-5.11439938535933	3.51004991932086	3.03546153699566e-05	0.00413991421723153	0.474210871507297
AT4G29700.1.DE	-4.82518246246537	5.77039178378905	2.56967683200081e-07	5.99086110653727e-05	0.29446552454476
AT4G30040.1	-10.7813158761214	1.59762260249026	9.80175466043205e-07	0.000198046268053782	0.646179604733428
AT4G30860.1	-5.23285965399572	3.18241968843432	4.87913068875102e-05	0.00610495632096613	0.516158979714526
AT4G31870.1	3.14252385359609	3.97251541748071	0.000223477402264812	0.0230029928361407	0.282390332722302
AT4G32280.1.DE	5.93216228477252	3.37965766247718	2.23572410442989e-07	5.30294316491601e-05	0.383247908844063
AT4G32460.1	-4.81883373996275	6.76436572987344	5.83956076254225e-07	0.000123477285984391	0.313033296518318
AT4G32714.1	-11.5042565089503	2.31101510093753	1.73142175583003e-08	5.0782786272877e-06	0.537271376034029
AT4G34420.1	-4.88843995453148	2.12428944816988	0.000182181382872846	0.019641745377955	0.540847054551948
AT4G34440.1	-6.52129562284516	1.98052410200434	2.21378757190765e-05	0.00314507727077735	0.607281513108967
AT4G34850.1	-10.4676944977819	6.12364671029223	1.23170921020247e-18	4.79961887524184e-15	0.275426651198483
AT4G34950.1.DE	3.61004050607956	5.70617298879402	4.32790498770559e-05	0.005516460950918	0.293721329923114
AT4G37050.1	-7.72510686699222	2.61261339243615	6.26642283286781e-08	1.67577662364839e-05	0.464223043498284
AT4G38660.1.DE	-4.77573281561951	5.58457520182803	2.20664467406276e-06	0.000409460182138843	0.341727704471565
AT4G39480.1	-8.16723148666333	5.6482450671728	8.30480184338594e-15	8.09035999578708e-12	0.269463458128764
AT5G02760.1	4.90102785167979	4.3319380891839	5.50784800140109e-06	0.000949842830233349	0.38115170922859
AT5G03640.1	5.38724031125063	1.81979379988741	0.000252498937533421	0.0255089389596264	0.628963393933004
AT5G03670.1	-5.36790982901323	3.36387636991084	4.27921703834255e-06	0.000757949371135517	0.422430015235615
AT5G07230.1	-14.3553859137426	5.14896321502155	1.15697952586608e-20	1.74605900627894e-16	0.266470292245033
AT5G10380.1	3.27310418858082	6.89898865621644	0.000520080878841208	0.0462092707887676	0.344439741856978
AT5G10660.2	-5.0464027500253	2.37217463394762	5.40304983661454e-05	0.00664176678751646	0.485492870987436
AT5G10760.1	6.05771761463255	7.74844536842293	3.97626489199983e-09	1.37291870201366e-06	0.31754587080184
AT5G11510.1	-4.83848087956024	3.77168654621877	2.2523052555271e-06	0.000413263936106045	0.345509658832393
AT5G11610.1	7.42326544783806	4.40288705855561	2.16971864460568e-11	1.25922160572147e-08	0.311740461136553
AT5G13350.1	-7.90983388349147	2.38056611294901	4.46511366009891e-07	9.98318895955065e-05	0.53843096853259
AT5G15100.1	-6.39078930283357	0.917010389720508	0.000188279227493882	0.0202192617651599	0.713780179782831
AT5G15830.1	4.77954247339245	2.10810883626824	0.000331921535846953	0.0317678025729732	0.560017799517729
AT5G16250.1	-5.90846920156678	5.81611502542956	3.9753044660096e-09	1.37291870201366e-06	0.304474004390345
AT5G17090.1	-9.41857002429792	2.55080299361232	1.28023713617561e-08	3.92371105207441e-06	0.494382146926754
AT5G17160.1	-5.35783439799966	4.19053025130698	7.84009799449261e-08	1.99863881304462e-05	0.312067016316349
AT5G17340.1.DE	-12.7960795428417	3.59375977392383	3.41505136874075e-14	3.00491471564973e-11	0.339826187756623
AT5G19470.1	6.23229806101334	4.67358942901506	1.04566362208918e-05	0.00164870327281657	0.570127431086977
AT5G19610.1	-8.84913577983034	2.81385932561541	2.61908723619814e-09	9.67522697068119e-07	0.438119223860302
AT5G20240.1	-8.33659522790913	7.12530669413542	5.30950856674149e-16	6.58306659886398e-13	0.25860754526785
AT5G20710.1	-8.49361077447377	6.22575592544313	5.91590840633247e-16	7.01601015650134e-13	0.262527667473418
AT5G20740.1	-8.59864309473463	6.13473582659935	2.94921227464985e-16	4.02228316078119e-13	0.260744500981756
AT5G23010.1.DE	5.44077694274045	7.34161361704564	2.55815196341847e-09	9.67522697068119e-07	0.265948589940126
AT5G23910.1	-5.25237415281303	3.88751779874835	9.18418329410452e-08	2.29832080470907e-05	0.30646010641816
AT5G23980.1	4.96027593501045	1.75107474493366	0.000314026283901354	0.03048290016362	0.581308427121941
AT5G24210.1	5.87765882242537	6.4265707822916	9.81504419086899e-11	5.0514143470629e-08	0.251927499384601
AT5G26730.1	-12.0463453302483	5.98310542680539	2.01125674167008e-19	1.0972210028507e-15	0.290860076499233
AT5G36220.1	3.75596285487508	4.80335747239663	5.73515876801812e-06	0.000971664134877207	0.254860457126887
AT5G36260.1	-6.96201121279251	3.23282115823349	9.56231104731322e-09	3.03711670323577e-06	0.376799578858145
AT5G37000.1	-4.30115952023911	2.5801543977011	0.000221444947329431	0.0229885973128962	0.459169470651513
AT5G37170.1	-8.84776066696645	-0.267955052526463	0.000508324560404654	0.0453123171050906	0.908309750550774
AT5G37810.1	-9.76586351027031	2.89417267344859	1.23331446677615e-09	5.02106249406761e-07	0.455607700556928
AT5G39080.1	4.40187647744178	4.38077189044324	1.02033785773134e-06	0.000204645262833367	0.281903396233089
AT5G39670.1.DE	4.24027475501208	3.0168900423468	6.04045821892301e-05	0.00729051233794526	0.386702529646348
AT5G40040.1	-11.5083882402302	2.31503293954008	1.34991604302217e-08	4.09129554505732e-06	0.528559479405653
AT5G40260.1	-9.55746426786345	4.72971173687594	5.26585308703275e-17	8.97729216593703e-14	0.261114023131693
AT5G41780.1	-5.26524778834747	2.4198905468785	3.16369966352032e-05	0.00429334506078825	0.482586428566126
AT5G44190.1	2.84644816669182	6.81496342962694	0.000322993086241296	0.031131739976692	0.254110356483197
AT5G44568.1.DE	4.69066490712716	2.73788979870026	6.6691989773777e-05	0.00794391879938566	0.45247617138616
AT5G44630.1.DE	-10.2640677352747	5.70211998844101	5.16967266630483e-18	1.56681290354219e-14	0.275622872190385
AT5G45810.1	-5.25326322708712	1.68200211246136	0.000306529631446273	0.0299684901683154	0.619617661591489
AT5G45880.1	-8.3624141123165	6.32948427997485	2.85633873898618e-16	4.02228316078119e-13	0.251622381879442
AT5G46970.1.DE	-10.2854101988878	1.11249565894252	1.02277578082071e-05	0.00162199156822363	0.739252503668292
AT5G47150.1	-8.01964735468334	1.1798033933335	2.2679675931932e-05	0.00320535502795496	0.707299423604959
AT5G47220.1.DE	3.72778690536845	4.32640069656331	8.35440787293529e-06	0.0013484212044382	0.259776566960498
AT5G48140.1	-7.79009931753303	5.46798509719609	1.5080304187917e-13	1.20983958039356e-10	0.279409608801279
AT5G48310.1	-5.53585770097402	3.57218975272784	4.5116800586854e-07	0.000100052924358343	0.36888389364066
AT5G49150.1	-6.09535130093056	1.94901277363647	2.32459841676954e-05	0.00326845726877436	0.559264427216262
AT5G49740.1	2.86814920210025	8.81687306031733	0.000536885566740626	0.0475474922207275	0.277428735028763
AT5G50830.2	-7.06350172621738	3.87057506524431	4.51126653826032e-11	2.51130239518626e-08	0.297403400540687
AT5G52160.1	-9.84307216429271	5.9927680786999	1.33414261482216e-17	3.63914081045042e-14	0.274988965362223
AT5G54585.1	5.1456847545169	4.37175667150267	2.64227610286003e-08	7.50764221434511e-06	0.274970446217836
AT5G55720.1	-10.0355595719108	5.68223405925145	4.2827741099273e-18	1.46026536745609e-14	0.268110427098664
AT5G56510.1	-8.0038207183509	2.87181129938514	9.57554116942026e-09	3.03711670323577e-06	0.432734093490962
AT5G57130.1	-2.91722021447624	4.5093443792852	0.00026950156384205	0.0267316151160713	0.256455431694185
AT5G58770.1.DE	3.13997499557659	5.35858204226325	7.71216000778127e-05	0.00910669214425323	0.248689257256356
AT5G59040.1	-10.594448682404	1.41433240001173	2.0092187846251e-06	0.000377968695091164	0.665741771171272
AT5G59390.1	-7.13174636558858	3.64611463827352	1.98639888553559e-10	9.5057898948692e-08	0.320253578628431
AT5G60200.1	-3.0850535611577	3.97343550951782	0.000380599205681785	0.0356756169532029	0.295569316759317
AT5G61010.1	2.74803656835278	6.09011522626828	0.000417311753135286	0.0381980291619839	0.247931787215083
AT5G61160.1.DE	7.36502249776633	0.585479510475022	0.000223304251645145	0.0230029928361407	0.823391715198382
AT5G61270.1	3.84214133007362	4.23767037082734	8.85541791867102e-06	0.00141256862320228	0.273788805167839
AT5G62320.1	-8.66617999891477	2.63277549558638	1.24578500760098e-08	3.86150882412862e-06	0.466058403860816
AT5G62500.1	-3.90983742342555	4.18738628231117	1.6287837351813e-05	0.00241458336655111	0.298904961566575
AT5G62730.1	-5.30488890156892	5.02507282286972	1.3014359424649e-06	0.00025539041872385	0.381119561632085
AT5G64770.1.DE	5.12827162315146	5.90019913190732	4.88606635299953e-09	1.6659653988846e-06	0.251303531746727
AT5G66170.2.DE	-2.96017343111627	3.97130746476691	0.000506781707973506	0.0453123171050906	0.287642598652182
AT5G66690.1	-4.81035183879505	2.17372277069804	0.000371655070560074	0.034957363309197	0.581771314748373
AT5G67260.1.DE	-2.74535483094329	5.97808928062254	0.000491818694461465	0.0441294030553466	0.253579660939412
