logFC	logCPM	pvalue	padj	dispersion
AT1G01370.1	-5.5381484476753	2.76026807961805	5.74640867221555e-06	0.000657788597582332	0.449351172704036
AT1G02050.1	-5.41564677262919	6.46920058296951	8.29881774925576e-09	1.75049107423346e-06	0.281053518164756
AT1G02205.3	-4.21957702868059	8.8420084842792	8.05687858911663e-06	0.000889716363255802	0.318660769321401
AT1G04700.1	-4.03556881069067	3.53450902094969	2.64198887011175e-05	0.00244325404229596	0.326980525304805
AT1G04890.1	-10.9974477070493	1.8089302888076	3.79429028531476e-07	5.69841692209711e-05	0.619131041444863
AT1G05260.1	-6.1221564082269	2.47944807364725	4.60850870735143e-06	0.000540722087269428	0.496770513997124
AT1G07330.1	-7.26460591991186	2.65331537382281	1.58319996260329e-07	2.5844706867784e-05	0.460454155243183
AT1G07370.1	-5.49254523086918	4.03520368707834	1.43267518072111e-07	2.35926413751557e-05	0.336749651773914
AT1G08150.1	-6.83757629325033	1.73745703982782	3.40082985787961e-05	0.00305472626420928	0.662589042130141
AT1G08730.1	-4.41861226372973	3.83091673003317	1.15737924683622e-06	0.000149844693799009	0.284499827499762
AT1G08930.1.DE	4.85762989919397	6.3186341307338	2.30372249732144e-07	3.60398187018462e-05	0.295575753928504
AT1G09380.1.DE	-9.97956959569775	3.11003758271878	4.22952705027224e-11	1.61913912305557e-08	0.394953012091587
AT1G10747.1	-8.71832056155377	-0.390681784414705	0.000629220127518766	0.0373808527022462	0.907901756849
AT1G11040.1	-9.07139568870291	-0.0582868774911081	0.000323286391689201	0.0213699134900752	0.890174201426422
AT1G11600.1	-9.877696696143	4.31342825044797	4.48014915923796e-14	2.47370118136395e-11	0.325054291452253
AT1G11765.1	-7.81126417608856	2.95463161105864	4.16758194935645e-09	9.65901431299613e-07	0.401666404383882
AT1G12000.1.DE	-2.7352544093168	6.26933956755508	0.000637039428760644	0.0377259974641122	0.262176560004008
AT1G12220.1	2.8521480150956	4.10521516443295	0.000842233350717387	0.0471977513224403	0.2923156873392
AT1G13110.1	6.12176777742692	6.52857248139257	6.78767470140855e-10	1.87389731131681e-07	0.292903693879829
AT1G13130.1	-5.85646795799819	3.07150963113366	7.08865239641944e-07	9.71352346262643e-05	0.409380959245236
AT1G14370.1	5.30109568651608	4.55305614343795	2.34933612587967e-08	4.50041705011622e-06	0.28654880313597
AT1G15125.1.DE	8.45162775169005	7.63034479651752	3.47138069243756e-10	1.03441634506556e-07	0.435375119430094
AT1G16070.2	-5.32046424903527	1.73655779859606	0.000160488425773409	0.0119084949290285	0.594858591093786
AT1G16630.1.DE	-5.91340927269317	3.83552067762446	9.1657950893225e-09	1.89087331002034e-06	0.311843698694875
AT1G19970.1	-3.08341487822402	4.22431437224835	0.000234137194962416	0.0166494604584448	0.276552112181009
AT1G20680.1	-7.81891192064307	0.925934122761732	8.25202408532406e-05	0.00659213821931015	0.780060094805655
AT1G20790.1	-9.25216085460723	0.112544604053549	0.000215605386529092	0.0154487019897353	0.870815016127355
AT1G22170.1	-3.94520419802135	4.07753277229617	1.48610733405622e-05	0.00151623331425204	0.300075905407073
AT1G22350.1.DE	4.31073950122068	3.605129511421	1.14939149501342e-05	0.0011921285378943	0.333167276026741
AT1G22460.1	-7.8995364894782	2.71342427936054	7.05604843714976e-08	1.21525869092305e-05	0.477715628483737
AT1G23205.1	-4.06559874598901	4.25586548581812	8.90815977152293e-05	0.00705623980551899	0.382919234431785
AT1G23420.1	-9.19974060083942	2.28699455923641	8.22643346663439e-08	1.40395304971934e-05	0.535001560162225
AT1G23620.1	-11.9424400098114	2.74347295161998	1.91530673861397e-10	6.0050445792928e-08	0.439515330630778
AT1G24145.1	5.88521620025801	3.41872452451382	4.96165236581171e-07	7.16500768179871e-05	0.399580209537704
AT1G24600.1	-4.37513015586956	3.03426677920213	2.3009268362435e-05	0.00217061806516579	0.363360013511867
AT1G24620.1	-8.93027684661766	2.88878003155962	5.16534940971691e-10	1.46922885558508e-07	0.405045925393927
AT1G25240.1	-6.69180704406725	2.56448258821249	6.09253731121502e-07	8.59963931905561e-05	0.466538288659044
AT1G26770.2.DE	-3.34279619013809	4.60282636192817	9.22546342070944e-05	0.00724642781577315	0.28139126787998
AT1G26780.2	-9.23027017415016	3.14809531857657	7.49406506837498e-11	2.55792879142915e-08	0.384059268031657
AT1G26820.1	-3.78426259447323	4.05913633703443	2.84122271763893e-05	0.00260186702820662	0.300667562237017
AT1G27040.1	-7.60154757125725	1.52403208725799	3.531962425614e-05	0.00315740621981199	0.72734164401622
AT1G28335.1	-12.0440040245569	2.84434883540415	8.22106935723989e-11	2.70761640427131e-08	0.427252694623576
AT1G28370.1	4.64951155896801	2.27912689997317	0.000349881037725999	0.0227550688563075	0.54486466738467
AT1G28700.1	-9.70763831330062	2.84213593057698	6.64636125574482e-10	1.86227074409101e-07	0.435595077513983
AT1G31310.1	-9.82428025083903	2.91003728419619	1.84330220775167e-10	5.9662607493314e-08	0.411121347789836
AT1G32250.1	-10.1627449517491	0.991255824668029	2.0886286491289e-05	0.00201076028872292	0.781068125062602
AT1G33720.1.DE	3.23581264704399	3.54722388444177	0.00051503698600392	0.0312905803826913	0.33212362563117
AT1G33740.1	-8.63298346768049	-0.469586309037304	0.000727666522869443	0.0415212268505412	0.910922619504602
AT1G44760.1	-3.29245386014087	5.86511106786629	4.88456731483118e-05	0.00414922996386089	0.255988462945693
AT1G49290.1.DE	-6.1401295790124	1.97860210327038	2.03444512860371e-05	0.00197889318130971	0.555420478202585
AT1G51670.1	-5.16390968076742	1.92705947532048	0.000140446509613871	0.0106314609878274	0.552143584800999
AT1G51800.1.DE	3.74985634072159	3.50831686879212	6.29390133306055e-05	0.00520508412887866	0.321717843000943
AT1G52430.1	-5.49397077733763	1.3531423317153	0.000425233007092562	0.0267882524904318	0.680700010085048
AT1G55560.1	-7.65428797993096	5.9397965516561	3.85141538565317e-13	1.90270055354913e-10	0.285462854524229
AT1G62180.1.DE	3.07680632587026	8.55494839529076	0.000240446718676552	0.0169060159165353	0.278708414714091
AT1G64370.1	3.18954346053808	8.09743955806042	0.000202768693823882	0.0146972072940376	0.289340731496415
AT1G64450.1.DE	-3.08733431051749	3.58174333246681	0.000594020233228742	0.0355144644535133	0.314483601356457
AT1G65490.1	4.03601460489595	5.85388172494044	4.46963869355087e-06	0.000527726586125978	0.280620945380446
AT1G68840.1	6.69998324126438	4.85406853471337	7.09524199542316e-13	3.24875556048973e-10	0.241692051509341
AT1G69720.1.DE	3.19889562051779	4.18762898766763	0.000119200388990012	0.00917110205946517	0.268678425531429
AT1G69770.1	-3.43745496986004	5.01076993630413	1.00768275663247e-05	0.00107431544241148	0.232872040302326
AT1G69940.1.DE	-10.0044396129255	7.66936001466851	1.84946437514753e-18	4.33999933933057e-15	0.276409855368133
AT1G71030.1	3.16187405858665	6.08012051989186	0.000340807583009451	0.0223705620833441	0.305632199916754
AT1G71160.1	-9.93412262971136	4.42739862885514	1.79031871047546e-17	2.10060332198474e-14	0.255709615561533
AT1G71790.1	-2.9878823755905	3.82178371322692	0.000461515827397176	0.028406677467958	0.287538140680479
AT1G72230.1	-3.82310283884763	4.5460347147114	9.61824799267419e-05	0.00752347373193636	0.351749263488201
AT1G72260.1	-9.14669442451362	6.51104224204796	9.38943928318563e-15	5.87559812210813e-12	0.314405734581366
AT1G73050.1	-7.04134344114234	1.89997278996307	6.93707061636711e-06	0.000784515823379878	0.583165816086853
AT1G74490.1	-6.04804754332275	1.28904883282862	0.000200237249111483	0.0145699762696506	0.695678493490965
AT1G75050.1	-5.02716220798719	3.02260663605979	4.76983681111685e-06	0.000552741644784547	0.384284614522417
AT1G75240.1	-4.92818370767316	6.17574462379701	2.1129631850238e-08	4.08934617241771e-06	0.258531934127648
AT1G75580.1	-3.99039087391382	3.44592251600352	2.40268020566266e-05	0.00225332536138334	0.319428762167907
AT1G75890.1	-4.40267926826465	2.58835334476741	0.000116067916950427	0.00897371979906579	0.440140704560144
AT1G75920.1	-11.3392630837333	5.28624017948501	2.26077146377261e-20	2.12207313447016e-16	0.250943985283073
AT1G76360.1	4.82949776599099	4.62352622219469	3.93104470480831e-07	5.8569446224894e-05	0.301854908191389
AT1G76960.1	6.70650368403539	6.70917834601784	1.45657863096466e-11	6.03872726412187e-09	0.278300418929857
AT1G78430.1	-4.88052652886504	3.62095791976083	4.40372096438335e-07	6.4586760675288e-05	0.305513860987675
AT1G80130.1	5.07517011014213	8.04205996312951	2.11677293099315e-07	3.33934270870038e-05	0.314905232914185
AT1G80280.1	-3.3825710028776	6.34646706890074	8.84306124215736e-05	0.00703435545334831	0.287147645112819
AT2G04070.1	10.3840160557358	1.20688322932968	1.09559329893345e-05	0.00114902642463004	0.75904440919085
AT2G07170.1	-6.37667780847777	3.60555499057532	2.68489467173199e-09	6.54591268473047e-07	0.319658544043363
AT2G13680.1	-7.36065135859678	5.15154048015218	6.15909360947531e-13	2.890616608267e-10	0.271052600649091
AT2G15340.1	-6.02730994585554	1.19854068985176	0.000314809200189352	0.0209571387062224	0.723810398762683
AT2G15555.1	-9.20072988941218	0.063918884633252	0.000242599593995688	0.0169937394704517	0.876548467023761
AT2G19030.1	-9.14838800436935	0.0148032366018372	0.000278015754936026	0.0189101078529493	0.884690416333455
AT2G19130.1	3.40963572108957	5.12341277142432	0.000130770935835785	0.00993912056050684	0.30390252282746
AT2G19170.1	-3.92960119499188	5.60414054109065	1.3029842269503e-06	0.000167540567757109	0.242421673916057
AT2G19770.1	-10.7293339345232	4.70681399683618	2.74818365448106e-18	5.1591651745573e-15	0.26241320718954
AT2G21050.1.DE	-2.74517940282718	4.58151257630882	0.000669072256195832	0.0392515420798886	0.264691339624592
AT2G21450.1	-11.3258380121336	2.13286284781454	4.0427486004462e-08	7.22804947392157e-06	0.552195202781562
AT2G21460.1	4.91599497005495	2.6850492876145	0.000824991953272064	0.0463699818526241	0.677594240571763
AT2G22030.1	-9.38974249438219	0.244249317028672	0.000156948255607251	0.0117386039940834	0.859243951896153
AT2G22340.1	-6.26490477232551	0.291889626571471	0.000781639480955396	0.04419794571077	0.816923039748727
AT2G23510.1	-9.90460826902907	2.99025777874929	8.06848534119719e-11	2.70481563054098e-08	0.399539897357856
AT2G23530.1	-8.26386311402334	1.36044372781592	2.01163778753903e-05	0.00196689980132658	0.72573083235454
AT2G25210.1	-3.17673238773715	5.78533371759978	7.79710749838975e-05	0.00633658437520652	0.254345339614029
AT2G25890.1	-11.876463400076	2.67813990149686	6.94320210871692e-10	1.88905410415859e-07	0.467380476950221
AT2G26010.1	9.01275860919134	5.03630035385903	4.78996111800013e-08	8.32610556187189e-06	0.599352547192674
AT2G26410.1	-7.28360767101822	3.41812657565569	7.67965242768653e-10	2.05957307178513e-07	0.347818424273817
AT2G28640.1	-7.95129315889283	1.12674499081166	4.43351616375123e-05	0.0038304849307267	0.755913717982578
AT2G28680.1	-9.57821204518023	4.76161281788749	4.15174780740773e-18	6.49506346570544e-15	0.243773768676395
AT2G29550.1.DE	-3.52716486806137	7.25660861270563	8.04053841593912e-05	0.00645064220865065	0.30437825078207
AT2G30140.1	3.66757701460581	4.57067476332914	4.67007741953625e-06	0.000544542629794745	0.240026700983323
AT2G31100.1	-7.30744881879262	0.430952919522049	0.00030088797270049	0.0202457702921373	0.828152796316247
AT2G31880.1.DE	3.41812790542846	7.03288994389786	9.06625324919633e-05	0.00715129295156146	0.293171742876177
AT2G32680.1	7.51771089105493	6.24257004100372	1.47968600729562e-11	6.03872726412187e-09	0.321744741331902
AT2G33100.1.DE	-5.16391974852031	2.94055831378151	2.0829282634866e-05	0.00201076028872292	0.460379752887807
AT2G33190.1.DE	-9.00388930704071	-0.122002243354025	0.000381295672405554	0.0245981569005823	0.897157691488661
AT2G33560.2	-5.41711923607811	3.11880636486167	8.76767992816486e-07	0.000118414140497438	0.369829842733174
AT2G34700.1	-9.83111253991073	0.669114778589431	4.76159942339613e-05	0.00408171260161715	0.804930655118396
AT2G35765.1	-6.21122251524427	2.88343029608072	2.56892484938442e-07	3.9856550576441e-05	0.404173026701618
AT2G36270.1	-3.41825968928233	4.11145922564739	0.00044549427029715	0.0276929269413523	0.358505592285668
AT2G38860.2	2.77893170169388	4.70348218365288	0.000463463216679841	0.0284333168847407	0.255362214499069
AT2G39030.1.DE	4.00848794231771	2.68288381811946	0.000393622657858204	0.0251342794420818	0.445745289149216
AT2G40010.1	-4.02828407917154	2.95612568379048	0.000100468642737912	0.0078261320751818	0.378799079845571
AT2G40116.1	-5.70808089779321	2.9408047859587	6.21200685885964e-07	8.70283617622179e-05	0.38479512620976
AT2G40480.1	-2.66601562416446	4.25264684748158	0.000676435692104841	0.0395598979684866	0.251184691386305
AT2G40550.1	-3.94547766809516	4.03727973260795	2.23229874468353e-05	0.0021272560575606	0.313663079304103
AT2G41830.1	-2.55775600345982	4.55683512769504	0.000775092929441858	0.0439601799529064	0.239184454361903
AT2G42840.1	-7.78624134368729	7.73343868745894	7.12553191992585e-11	2.47717797653274e-08	0.36482628743811
AT2G44450.1	-6.34996407207505	1.95552632567484	1.89954939687597e-05	0.0019069647501365	0.593510547237412
AT2G44460.1	-8.0414895009686	2.01248618680248	3.00719969404323e-06	0.000366585453612166	0.62653818150471
AT2G45580.1	-7.698258896516	3.35950257719835	4.31334524605696e-10	1.26522547350355e-07	0.359991324260568
AT2G46430.1	3.74962197224532	5.87615432622622	5.43486564568974e-05	0.00453461034517927	0.320311131558695
AT2G46440.1	3.60115805259492	6.70323226362806	2.65610710352245e-05	0.00244426954188368	0.278282679882615
AT2G46770.1	-6.22964333828223	1.59808744421253	0.000207830447251235	0.0150061576394132	0.757928567137438
AT2G47010.1	-2.85444719922285	4.2902033358647	0.000453748391182149	0.0281129325005363	0.266010315884282
AT2G47340.1	-8.270669539339	1.43858210369204	3.20074024223853e-05	0.00291686876541475	0.777599511936005
AT3G02020.1	6.2961365366309	6.53189007548406	5.81500767753838e-11	2.05971960623449e-08	0.270957962401051
AT3G02120.1	-5.64758284373012	2.96354669251341	8.87449096492297e-06	0.000968609412119179	0.478737352350546
AT3G02970.1	-7.04425511801677	2.69082492494806	1.15573120677785e-07	1.93719124507504e-05	0.438256433669379
AT3G05730.1	7.0630666199202	5.10112617005917	2.53557282023033e-08	4.80811197517009e-06	0.42953186951039
AT3G05820.1	-5.09360394233607	3.52768551736241	2.62472719965814e-07	4.0388527638674e-05	0.312217369655668
AT3G05930.1	-6.39655300972768	3.45034455333097	1.35695485843831e-08	2.68148563762761e-06	0.348604032646474
AT3G06160.2	-6.15015702043937	3.80141662967402	1.71340126829089e-09	4.23232658021381e-07	0.29963694019185
AT3G07195.1	5.22300060950392	2.2150193826073	4.4481207846291e-05	0.0038304849307267	0.500457665491778
AT3G07540.1	-3.1597741170453	4.88132535284944	0.000700902414648932	0.0403620890497067	0.338565871566765
AT3G08770.2.DE	-8.89373679610807	9.073059845361	6.35133764655467e-16	5.67779341137004e-13	0.284848732784485
AT3G08790.1	-7.73648118591542	1.65781615138933	1.48342057478719e-05	0.00151623331425204	0.680648596547017
AT3G09020.1	7.83344132294659	3.04324978167921	4.66492425115498e-09	1.06798320691381e-06	0.411569364862016
AT3G10470.1	-5.66996570964646	1.32216518995424	0.00038629066807658	0.0248350503828823	0.695742010724107
AT3G11050.1	-3.85494143526327	2.79816979157113	0.000251445516398707	0.0175479058712005	0.397607299845547
AT3G11165.1	-9.8828517291789	0.719052370444161	3.94374054795809e-05	0.00345961875265501	0.795590795085452
AT3G12160.1	-6.44188156135792	1.31342790628932	0.000142589146988959	0.0107503054474849	0.710229402349169
AT3G13229.1	-5.49986963229919	1.18767289213481	0.000550548544206083	0.0330206000651143	0.704862904017611
AT3G13400.1	-8.10976303547477	7.85339948920345	4.31241443311024e-11	1.61913912305557e-08	0.375726070629611
AT3G13450.1.DE	-2.81442973829494	5.03673235740706	0.000252737170766417	0.0175727218770294	0.239679414474652
AT3G15720.1.DE	-5.32959170293801	1.56843334880582	0.000757713668527275	0.0431047233310986	0.732927714614683
AT3G16660.1.DE	8.35975696814294	4.40357832318143	1.53089073813743e-15	1.10536199334823e-12	0.250853180786116
AT3G16720.1	3.28202892499819	4.14466003755787	0.000189778585157747	0.0138626979734101	0.297839330087851
AT3G17060.1.DE	-7.13701759782007	4.06366343661894	1.95702601865064e-11	7.65401030169344e-09	0.293681433628656
AT3G17320.1	-9.1443268621655	0.0105194131340258	0.000275766500506304	0.0188253255054722	0.881333206623002
AT3G17675.1	-9.0917197680027	3.00765367453854	1.2460376592024e-09	3.16106283462252e-07	0.434806023228482
AT3G18810.1	-6.61733534249531	2.49260688196868	3.88699342178782e-06	0.00046478042998231	0.536485159020974
AT3G18850.1	-4.28558101484947	6.54563560064892	7.71644414979155e-07	0.000104971598568143	0.267291450276027
AT3G19050.1	-5.6399490143823	5.19580105365694	1.19401251705255e-09	3.07057492912705e-07	0.266974681786297
AT3G19100.1	-2.70022940951842	5.35479891062283	0.000420246625219033	0.0266530064028274	0.240283908841728
AT3G21090.1	-4.15859234757249	2.45260564958367	0.000393584316010162	0.0251342794420818	0.472153284344923
AT3G21320.1	-5.58225081062384	3.5826105109072	3.47250120028101e-08	6.32905485756073e-06	0.30979436683212
AT3G21570.1	-6.85254262789817	2.52684001008095	3.73712750122836e-07	5.65783020810968e-05	0.460397336865718
AT3G21720.1	-7.47308244620779	2.32452405725357	1.07797179678947e-06	0.000142029861447023	0.541992430332517
AT3G21985.1	-8.962970596444	-0.160364004529757	0.000424135265406056	0.0267882524904318	0.905404421033087
AT3G22060.1.DE	3.35764081767853	4.0297377181995	0.000126456220137947	0.00968964334959049	0.293366607774248
AT3G22880.1	-3.97604614131947	3.78695058592609	1.10996007564701e-05	0.00115762669445118	0.294197955341119
AT3G23670.1	-5.73322005262025	4.23101022044256	7.16567083570402e-09	1.54621998389278e-06	0.298324189192632
AT3G25050.1	-10.7287969075548	7.77139777947598	7.7562381118197e-20	4.85359526910637e-16	0.276106891229455
AT3G25760.1.DE	2.73626718852921	5.16308889153512	0.00030619130141427	0.0205290332194646	0.234479059239928
AT3G25770.1	4.44969820907829	6.4225083631583	4.63551750739534e-07	6.74593567180874e-05	0.272479816638909
AT3G26050.1.DE	-5.09578741949928	2.77421571422085	3.3871295503348e-05	0.00305472626420928	0.473342711243709
AT3G26830.1.DE	4.40226533808871	2.2694392190616	0.000436258328420427	0.0272995919981222	0.515901285755801
AT3G27060.1.DE	-3.48807501884803	5.74942269795076	4.82030966737969e-05	0.00411325788116904	0.281197102859639
AT3G27503.1	-10.3816897945151	1.20462990267685	9.72116958719407e-06	0.00104882480839307	0.74921752920009
AT3G28007.1	-3.9344768814756	4.80472944007973	6.9342039308169e-07	9.57175076420777e-05	0.230015516330243
AT3G28230.2	-8.68416764540664	-0.421312815469291	0.000687060296837266	0.0398799645368309	0.915589405632701
AT3G28750.1	-8.1954195251003	7.70707948016919	4.71198523141807e-15	3.05027926722108e-12	0.271795670694466
AT3G28840.1	-6.92005215494828	7.0846067750811	2.15485552379145e-12	9.63169113050877e-10	0.269394311194038
AT3G44050.1	-4.87407264370444	4.16080472352845	4.10143879578636e-08	7.26380287861295e-06	0.261431325195726
AT3G44860.1.DE	4.34043132198539	6.27041123645645	4.27221954108699e-07	6.31514783030126e-05	0.260538331270062
AT3G45930.1	-3.63991184584235	4.91768480649852	1.01291127314138e-05	0.00107431544241148	0.255507238849043
AT3G46900.1.DE	4.18707141420033	3.25595707528329	6.52847467832046e-05	0.00532865457113522	0.381652318210036
AT3G47440.1	-6.40987033624224	2.46109706649529	1.61082265704888e-06	0.000204324146897153	0.47765409849596
AT3G48320.1	3.22096228887197	4.65796203603113	6.42793775982092e-05	0.00526950548319293	0.252969201661087
AT3G48720.1	4.6501582538174	4.99228262879137	2.63346824443893e-08	4.94380993528521e-06	0.238541953261787
AT3G50740.1.DE	6.63406222844308	6.19499540292292	2.14008476642633e-10	6.58619857706909e-08	0.308648861008935
AT3G51290.1	-4.87318667916979	3.49584499360531	2.99082386067369e-06	0.000366585453612166	0.355845357901227
AT3G51720.1	-4.55737984981209	4.86906833449538	1.32367289397359e-07	2.19905409190851e-05	0.256553770464492
AT3G52110.1	-2.9012495274617	4.27904732725401	0.000266358793087106	0.0183836530243538	0.253121380229773
AT3G52130.1	-9.83290560308844	5.21586617583158	5.82631733307543e-18	7.81267537813036e-15	0.257787425491132
AT3G52810.1	-10.4653610121863	4.41467976045129	3.63418418853287e-16	3.5907652511225e-13	0.291037428028845
AT3G53065.1	-9.7637519463823	0.604419559678931	6.41714353249321e-05	0.00526950548319293	0.824916236425725
AT3G53075.1	-10.7669591102513	1.58227122382664	2.30210223979595e-06	0.000286207717534367	0.696846775278614
AT3G53190.1	-5.36360528548942	5.97859433557015	9.53357623492965e-07	0.000126931791956266	0.380012301267349
AT3G53750.1	-2.90087129428712	6.11492338998871	0.000542520431822012	0.032643384828829	0.282966965871886
AT3G54340.1	-10.552111548473	6.53251507201247	2.31800850386588e-19	8.70319472861482e-16	0.269479669686143
AT3G54820.1.DE	-3.2329929367779	5.36847633523204	3.75983428995168e-05	0.00334518337086554	0.240821293168698
AT3G56020.1	-2.90995929594792	5.93165429389617	0.000289392519873945	0.0196128728360779	0.259663833231699
AT3G56180.1	-6.91821111846893	1.81636165978912	8.61567481294933e-06	0.000945860019084783	0.584169224419849
AT3G57540.1	4.47352233662881	3.27852985248329	0.000293976394059372	0.0198518663513546	0.511872876197243
AT3G57620.1	-10.1486606424822	4.13025082462579	9.51948758432412e-16	7.76997132263116e-13	0.287224225931786
AT3G57690.1	-8.17382220459663	5.74120187007859	1.0869520007501e-15	8.16213996403265e-13	0.252355265549998
AT3G57830.1	-3.26428537272218	3.86635649987139	0.000145084905376931	0.0108947157145645	0.285144235681939
AT3G58260.1	-9.49995788203509	0.349937842822906	0.000116156922770627	0.00897371979906579	0.843508209045871
AT3G58340.1	-7.81892252057202	0.925927237875096	7.87806834450757e-05	0.00634742390692878	0.775413074143784
AT3G59060.2	3.00119191185903	6.73149915471958	0.000350301757815633	0.0227550688563075	0.28126619629798
AT3G61230.1	-5.9749750355682	3.44576046978608	3.09433583260532e-08	5.69509476328428e-06	0.336506229763732
AT3G62230.1	-7.23593332200839	5.45776146830165	4.92113674220209e-14	2.63955714461028e-11	0.245128097444412
AT4G00780.1	3.7814471474154	7.45109105737325	2.4126053248711e-05	0.00225332536138334	0.298270946419041
AT4G00820.1	-2.61839560038212	5.27352090000951	0.000499371151890846	0.0304373202417106	0.23333085316143
AT4G02410.1.DE	3.91121123636664	5.52112725083902	3.92736829620786e-05	0.00345961875265501	0.330114493728506
AT4G02800.1	-6.13567761615198	4.55856886538902	1.91925997313998e-10	6.0050445792928e-08	0.271651076588501
AT4G04077.1	-10.3475054961011	4.81353490894159	5.21086102372701e-18	7.52488415372517e-15	0.261960714680596
AT4G09644.1	-10.0292056620799	0.861642988166186	3.39900731205953e-05	0.00305472626420928	0.805576637085998
AT4G10010.1	-7.85649420610901	2.29295709807039	6.38228341906933e-07	8.87515604638433e-05	0.543993892565988
AT4G10120.1.DE	2.98807323678539	8.60774396967756	0.000439906224653798	0.027436410483142	0.288751847442787
AT4G10260.1	-7.4237840628984	3.55719800821184	5.37342288406439e-11	1.9779464275008e-08	0.313538364348627
AT4G10500.1	8.49971709109544	4.2159359920932	5.92084593649875e-13	2.85005232733054e-10	0.313567429742109
AT4G11320.1.DE	-6.24479538957372	6.87116663731118	1.12716200165592e-09	2.93891836903981e-07	0.309290910538153
AT4G12860.1	-10.4759363460386	1.29686326169595	7.2298179707382e-06	0.000812726783021966	0.739233395440042
AT4G12960.2	-10.2512862227844	5.11755860825982	2.36160346990657e-18	4.92604243783956e-15	0.260153824952636
AT4G13240.1	-11.1242509236123	1.93362711941023	1.87151784091635e-07	2.97745800233243e-05	0.598261484168988
AT4G13370.1	-4.30470884857505	3.37623655015301	1.08195643299174e-05	0.00114109933239067	0.330874096960236
AT4G13770.1.DE	3.44523843472094	8.03325311336962	4.9560617970668e-05	0.00417220395140516	0.277134286726303
AT4G13830.2	2.99455963809438	6.31710374211004	0.000683099509414155	0.0398255499696644	0.309328012274657
AT4G14150.1	-4.28830101146353	3.27698789235299	2.28832194071448e-05	0.00216962968651682	0.353698779021252
AT4G14315.1	-9.45768032862798	0.309447919357692	0.000129379381110174	0.00987332976252558	0.848624497632595
AT4G14400.1.DE	5.92849665261101	9.68895793218188	1.77435068734153e-08	3.46977973473567e-06	0.336176252585766
AT4G14700.1	-5.21045438016535	1.23447480240624	0.000869130269001145	0.0485600670832098	0.702390653927137
AT4G14723.1	-9.35335814710001	0.208894569958954	0.000176731304111207	0.0130621132759043	0.865573612107537
AT4G15210.1.DE	-4.06644474167532	7.89491010096268	7.43493125558023e-06	0.000830809312267903	0.298492672186453
AT4G16260.1.DE	7.66850227291389	3.14558338705483	2.78742242047434e-09	6.70875398712369e-07	0.393668955977753
AT4G16270.1	-8.83762007566912	5.36924784462821	4.15200977685319e-17	4.33031553004805e-14	0.24798882193705
AT4G19370.1.DE	4.07557647954195	2.70285041725377	0.000320522479620145	0.0212620795403145	0.446092815517118
AT4G20160.1.DE	-6.94469868886783	1.91986967365194	1.95031136765609e-05	0.00194751038856424	0.65039269896902
AT4G20420.1	-7.54403185890844	5.97954379726773	1.65044152830495e-13	8.60659411413023e-11	0.271660958553748
AT4G22010.1	-3.71320346021401	5.92777483592399	0.000224645698289462	0.016035261193871	0.375305375988349
AT4G22690.1.DE	4.18720836766105	7.26466307220006	1.17411438098378e-05	0.00121107963045102	0.326064369366634
AT4G23200.1	5.65504337128295	1.52077498722071	0.000309622492372718	0.0206852065811852	0.682733715324607
AT4G23260.1	7.01720667607239	6.27355133920887	1.06085571515947e-11	4.52623735015652e-09	0.291003701433173
AT4G23300.1	3.88437776704175	4.65442738018481	1.6358149035311e-06	0.000206101699221405	0.240728842670945
AT4G23560.1	-9.79233521022314	3.71052621433364	2.23423623084431e-13	1.13360315572e-10	0.327039154350816
AT4G24140.1	-4.97346235547733	5.60339886010756	5.56991172779198e-09	1.23016415136281e-06	0.24197799589162
AT4G24860.1	-4.38643220927664	1.99710957758061	0.000661254400563619	0.0390368832131472	0.549733849378089
AT4G25150.1	-4.28815682285546	3.42588116581066	9.45042821627193e-06	0.00102550802834724	0.32577408807504
AT4G25780.1	-4.48499789212941	3.53200476140577	1.99805922507843e-05	0.00196689980132658	0.375792833739871
AT4G26760.1.DE	-3.75348928632092	5.44705537847349	2.69486832504507e-06	0.000332833967539941	0.238803883758575
AT4G28000.1	-8.08453627581504	4.47200928821727	9.83759930033947e-15	5.95745973113783e-12	0.256007397524651
AT4G28088.1	-9.68199671644441	0.525468058314877	7.85940439471291e-05	0.00634742390692878	0.832303188852593
AT4G28240.1	2.8713101486724	6.57155954173012	0.000368792717146501	0.023873605789625	0.262766076191945
AT4G28310.1	-5.17040248963481	3.50815073159658	1.50570911700731e-05	0.00152792850019342	0.448714767325938
AT4G29700.1.DE	-4.87347259562632	5.77813929746405	1.13697714812497e-07	1.92292540556307e-05	0.282660562139268
AT4G30040.1	-10.7944429927986	1.60882118686051	1.56685306815035e-06	0.00020009886155365	0.675378831113411
AT4G30860.1	-5.30086670825017	3.18991402968975	2.56391813836109e-05	0.00238279382234915	0.488120173971837
AT4G31870.1	3.14509880322761	3.98345380107945	0.000211430968124968	0.0152076381785825	0.280749419411399
AT4G32280.1.DE	5.90551415407285	3.35358807173346	1.61568708679581e-07	2.61476669658773e-05	0.371850997700644
AT4G32460.1	-4.87247487665866	6.77344951127586	5.68607091619916e-07	8.08671282650052e-05	0.317674612215968
AT4G32714.1	-11.5087951188042	2.31388296883144	1.23964206698099e-08	2.4757234599398e-06	0.525137545101682
AT4G34420.1	-4.91095601594065	2.12551019222248	0.000159047517640824	0.0118484089232984	0.531330563535006
AT4G34440.1	-6.54470963938753	2.00100310638736	1.99668236396972e-05	0.00196689980132658	0.603552921553835
AT4G34850.1	-10.4596884769948	6.12708312841837	3.88333166545651e-18	6.49506346570544e-15	0.284044376597615
AT4G34950.1.DE	3.61889173332366	5.73089525897144	4.26222966133756e-05	0.00370439062186527	0.294344710487694
AT4G37050.1	-7.73434199712803	2.61777445666931	4.01065849128398e-08	7.22804947392157e-06	0.450604921322653
AT4G38660.1.DE	-4.8389654518886	5.59522523313966	8.85456240546028e-07	0.00011873335716979	0.323912039690909
AT4G39480.1	-8.20248953588357	5.66125102808358	1.89739977205504e-15	1.31925503410331e-12	0.257444957860966
AT5G02760.1	4.84265117218305	4.27902474564588	3.32281912442364e-06	0.000402446989824548	0.358071096555837
AT5G03640.1	5.41773430352598	1.84932177756973	0.000238030168961559	0.0168624164600579	0.629060299829193
AT5G03670.1	-5.41947703495013	3.36720425763952	2.20682757582619e-06	0.000276191827206567	0.403388473913546
AT5G04980.2	3.17854797472854	3.82572452627613	0.000688281495228956	0.0398799645368309	0.338793394734631
AT5G07230.1	-14.361462564032	5.15343188217289	1.58344974407418e-21	2.97261020455047e-17	0.25347728060057
AT5G10380.1	3.26266806560346	6.91289799652313	0.000707078057213222	0.0405931999023358	0.359042829225119
AT5G10660.2	-5.04404551311924	2.38017745703644	4.94007925735653e-05	0.00417220395140516	0.481430257382066
AT5G10760.1	6.06109804062164	7.77105316365588	1.06544452236041e-08	2.15070860411526e-06	0.335788751992148
AT5G11510.1	-4.8887217545359	3.78222587748698	1.08188729488756e-06	0.000142029861447023	0.33065700720848
AT5G11610.1	7.42396471840247	4.42056804236619	6.90316428082341e-12	3.01379309404413e-09	0.297578471102467
AT5G13350.1	-7.95176369325611	2.38794470123281	3.30885931152965e-07	5.05018015084115e-05	0.526575879724983
AT5G15100.1	-6.4129147894555	0.922994952711302	0.000239483183243521	0.0169015706730474	0.739335728388711
AT5G15830.1	4.73979970586505	2.0748323417682	0.000329927220523618	0.0217323638978592	0.552874992472747
AT5G16250.1	-5.95599652175941	5.82136494391285	1.59581017380687e-09	3.99441925238352e-07	0.293883514695657
AT5G17090.1	-9.41793956215482	2.55723980971046	7.74089381054663e-09	1.65136135801582e-06	0.479031997205611
AT5G17160.1	-5.40174981869626	4.19565645492706	2.69069020400559e-08	5.00122051483137e-06	0.295281333235767
AT5G17340.1.DE	-12.8083881307007	3.60440771906247	1.27194230729753e-14	7.46192904215515e-12	0.327562756787085
AT5G19470.1	6.26981597836461	4.73374797949805	9.94661415939295e-06	0.00106701592922448	0.571375511248338
AT5G19610.1	-8.86346198756354	2.82260267214305	9.89095043718398e-10	2.6152508810881e-07	0.414727332003096
AT5G20240.1	-8.34613912600623	7.1310612954319	1.9840207718899e-15	1.33021506966747e-12	0.269306003067054
AT5G20710.1	-8.52470273524921	6.23547216713301	1.0040532313864e-15	7.85378804700704e-13	0.267104661651433
AT5G20740.1	-8.62891871525086	6.14525542029062	4.83318972972786e-16	4.53667353980906e-13	0.264966034626841
AT5G23010.1.DE	5.41340029894195	7.32774556602953	5.03081162764417e-09	1.13787261067185e-06	0.273923418636101
AT5G23910.1	-5.28804416934833	3.89411223075711	4.16803674144309e-08	7.31276203244029e-06	0.293522348050199
AT5G23980.1	4.96401710749165	1.76035736736813	0.00034472117109783	0.0225486081707999	0.59024303400263
AT5G24210.1	5.86822275925696	6.42899678159273	2.78998814089048e-10	8.44781409176402e-08	0.264177664410928
AT5G26730.1	-12.0689361010359	5.98407453451269	2.11121840303967e-19	8.70319472861482e-16	0.291183016788556
AT5G36220.1	3.73171923176565	4.79524599166111	3.72991995437648e-06	0.000448857610919933	0.242337406861777
AT5G36260.1	-6.99246882756905	3.23965619856083	2.85703663816422e-09	6.78925934281733e-07	0.359730288170418
AT5G37000.1	-4.29617323376607	2.58772781085155	0.000188663256542846	0.0138350598245267	0.450346583381418
AT5G37170.1	-8.86001986157619	-0.258418804908054	0.000498235196340225	0.0304373202417106	0.905153944369872
AT5G37810.1	-9.76094430424871	2.89496954390054	4.73125765819708e-10	1.36646000026667e-07	0.431532122588948
AT5G38110.1	-2.96392518866689	3.69097813374125	0.000667390612384178	0.0392515420798886	0.29975762663322
AT5G38240.1	3.60936658453701	2.93188863399279	0.000699974465294521	0.0403620890497067	0.412846441967957
AT5G39080.1	4.37920164651056	4.37581154820306	5.22132897991902e-07	7.48244343053586e-05	0.264940340544723
AT5G39670.1.DE	4.2239385704037	3.00984834557285	4.2365240470422e-05	0.00369917515977318	0.366787395872893
AT5G40040.1	-11.5162570240557	2.3211859164156	9.96670415144155e-09	2.03374931559796e-06	0.518204070890084
AT5G40260.1	-9.57166317855708	4.73372766062842	7.43123394208885e-18	9.30043698632227e-15	0.246719493714201
AT5G41310.1	-6.80219579832475	0.0283248781878934	0.000881623751528997	0.0491119367580233	0.883736606323418
AT5G41780.1	-5.29167579950751	2.42738671711374	2.01051136091473e-05	0.00196689980132658	0.469664072419246
AT5G44190.1	2.83737572759835	6.81622529815802	0.000459736825319765	0.028390261255684	0.265913211458242
AT5G44568.1.DE	4.65267279341663	2.70939813738752	5.2774628865323e-05	0.00442293798075317	0.435638853447435
AT5G44630.1.DE	-10.2608143026112	5.70476015806474	1.705327836439e-18	4.33999933933057e-15	0.267459222274505
AT5G45810.1	-5.28565165179109	1.68425714351396	0.000265122938545175	0.0183658779531681	0.626742448110534
AT5G45880.1	-8.37123553884269	6.33776585717067	8.81953911166879e-16	7.52587307924356e-13	0.260523885106569
AT5G46910.1	-2.78797110149157	4.09728321113051	0.000616014076636394	0.0367124833672858	0.267093535460187
AT5G46970.1.DE	-10.2870310953039	1.11249084542926	1.54940189844818e-05	0.0015638130021273	0.773500659304497
AT5G47150.1	-8.01018827044686	1.18443852315777	3.78604136486009e-05	0.00335261106332634	0.751275273018762
AT5G47220.1.DE	3.71485838963836	4.32246750099319	4.84503802113275e-06	0.000558011648900154	0.245478825604149
AT5G48140.1	-7.83281906553134	5.47922872093925	2.67987419210349e-14	1.52452358207148e-11	0.265483156897952
AT5G48310.1	-5.58232822724544	3.57775488898336	1.7759414707646e-07	2.84955121629606e-05	0.348684246361623
AT5G49150.1	-6.11857521520151	1.95771925543571	2.10816921675432e-05	0.00201921738296576	0.554585024802021
AT5G49730.1	2.87670915221859	9.17686321898825	0.000820705367168542	0.0462675731467118	0.297867677038735
AT5G49740.1	2.85955987927439	8.82430811017672	0.000716724798324714	0.0410215690211886	0.288559140337159
AT5G50830.2	-7.08970897563059	3.88238197256907	1.67223398397138e-11	6.67932948533928e-09	0.289506846111836
AT5G52160.1	-9.83910529686627	5.99401735251901	1.91967798349704e-17	2.11988910495235e-14	0.277752059489619
AT5G54585.1	5.11877432861349	4.35989327963284	8.61771105261485e-09	1.79755877323043e-06	0.255908902684744
AT5G55720.1	-10.0382907868947	5.68557447667986	1.21773520571446e-18	3.81009050281292e-15	0.259232412626116
AT5G56510.1	-8.03014429503519	2.87853596240441	3.69779470230158e-09	8.67733749328845e-07	0.40900573536581
AT5G57130.1	-2.92809850887245	4.52058322287085	0.00017946351159681	0.0132120333459095	0.244255567923745
AT5G58770.1.DE	3.11416322253707	5.34694432063284	6.17611255225424e-05	0.00513027260811809	0.238947355152528
AT5G59040.1	-10.6038598152051	1.42188083230301	4.40144607507511e-06	0.000522964222578386	0.720083530540449
AT5G59390.1	-7.15084772637966	3.65218404684548	5.581581015153e-11	2.01505808456668e-08	0.301541059729776
AT5G60200.1	-3.11706254394808	3.97648855680572	0.000270571422012888	0.0186059974558533	0.286921323626649
AT5G61010.1	2.74552380957813	6.09669372688636	0.000539275079717618	0.032552447175366	0.257152825431205
AT5G61160.1.DE	7.32003228056053	0.555246079995148	0.000271997909869929	0.018635827598497	0.840705273605085
AT5G61270.1	3.81081309585473	4.21774810659703	6.12657701179996e-06	0.000697055940863762	0.260873410160106
AT5G61710.1	-6.16511460435823	0.634224418858037	0.000891024309010601	0.0494887554824142	0.836393410841923
AT5G62320.1	-8.6790130117674	2.64020258793368	6.92451878933866e-09	1.51155803758436e-06	0.449485272094185
AT5G62500.1	-3.94183520792565	4.18816965749412	8.03828584701584e-06	0.000889716363255802	0.283102507012761
AT5G62730.1	-5.31629914868087	5.05063819727921	1.10452998812753e-06	0.000143995426854987	0.377416428428388
AT5G64770.1.DE	5.1036328054004	5.88579019135591	5.21781463679866e-09	1.16611945448359e-06	0.250528243707207
AT5G66170.2.DE	-2.95420120202035	3.98161987737446	0.000521695710578166	0.0315928824989803	0.287368006879039
AT5G66690.1	-4.78577290386904	2.18743043777493	0.000397775038639635	0.0253133247470572	0.578568013732495
AT5G67260.1.DE	-2.77057955506194	5.98167797480194	0.000431502378439278	0.0270922881285638	0.252686651252599
