logFC	AveExpr	t	pvalue	padj	dispersion
AT1G02790.1	-8.79182199523652	5.16605288354837	-30.5699281529309	7.56190367938084e-06	0.0362792544229668	0.287597077469533
AT1G03780.3	-6.62034994294616	2.03518952672357	-11.8171733340343	0.000312353691334336	0.0390743005338472	0.560231263078714
AT1G04580.1	-7.77083217869167	0.966010440663625	-16.6199437098054	8.28909128983971e-05	0.0362792544229668	0.467560679769755
AT1G06160.1	7.21585429409856	0.170859605418332	14.8472463896595	0.000128746906235521	0.0362792544229668	0.486006233393158
AT1G06250.1	-3.69936790938259	2.94001252337474	-14.2748383746369	0.000150056228022992	0.0373889183717994	0.259153050444026
AT1G06420.1	-7.37344092028287	0.993749154811372	-18.0978235587171	5.9392272719979e-05	0.0362792544229668	0.407421417075942
AT1G08930.1.DE	4.71104782220775	4.74051299874362	10.8479004802526	0.000434522937468888	0.0450565590407378	0.434281991320228
AT1G09380.1.DE	-9.42466217304319	-0.698579512796933	-15.3443272255248	0.000113230158055371	0.0362792544229668	0.614211495526867
AT1G10340.1	4.78903034432405	1.70679850875128	12.7243859814927	0.000234575145957818	0.0373959008405267	0.376366321431115
AT1G11120.1	-5.63002866897203	1.24986452508509	-12.3203066357793	0.000265821520738147	0.0373959008405267	0.456971472822105
AT1G11190.1	-4.24745981665973	2.72818148580278	-11.0832536046665	0.000400050764271074	0.0438143951503472	0.383232213947662
AT1G13100.1	5.1676104155476	0.773353442584708	13.4901512453434	0.000186966052714321	0.0373889183717994	0.383065417248854
AT1G15125.1.DE	8.17794136798664	3.97903578827438	18.76734030254	5.15129426417284e-05	0.0362792544229668	0.435753880739287
AT1G15410.1	2.10600723209032	5.56930364582457	10.9924370191699	0.000412934063187446	0.0441612738713131	0.191586927304438
AT1G16410.1	6.71407301078261	5.08675896295634	16.8419770603079	7.86992846021899e-05	0.0362792544229668	0.398651119565168
AT1G16630.1.DE	-5.96954165762893	1.76242705206077	-12.6020091112869	0.000243530111072664	0.0373959008405267	0.473697614794006
AT1G17030.1	-5.86695754953514	1.90398662502469	-10.4254987469468	0.000506206253952138	0.0472474993255701	0.562750779789154
AT1G17920.1	-3.57692770045098	3.21304016989282	-13.8478688927217	0.000168878605866977	0.0373889183717994	0.258301672853862
AT1G18370.1	-6.90678350877531	2.26317256864972	-11.1720430024832	0.000387935732850671	0.043798621130846	0.618220276026518
AT1G18710.1	3.46419180377831	3.02822073050135	13.6127561689056	0.000180505953221094	0.0373889183717994	0.254481293927181
AT1G19460.1	-7.18171984658176	-2.64246313173721	-11.1136787010692	0.00039584694574294	0.043798621130846	0.646205459034085
AT1G19970.1	-3.10289080737978	3.45072883300692	-12.375486126779	0.00026126077016622	0.0373959008405267	0.250728801728889
AT1G20610.1	-5.59879336323946	1.67823536556235	-15.7376007632846	0.000102580833029888	0.0362792544229668	0.355759016094835
AT1G21065.1	2.02243999376618	6.52744756217676	10.697142191521	0.000458560496552679	0.045594382158782	0.189063579557654
AT1G21130.1	9.05881022988534	3.58265584146157	16.3447426138252	8.84812213572016e-05	0.0362792544229668	0.554233886939458
AT1G21250.1.DE	2.60733686210525	7.33099083373057	10.3731663478358	0.000516082513573059	0.0472474993255701	0.251354000762673
AT1G21270.1	3.86064361721466	5.49530526122836	12.4678634080851	0.000253841828939752	0.0373959008405267	0.309647570786758
AT1G22350.1.DE	4.39417209215399	2.28661560930941	11.52969931456	0.000343529617983029	0.040924127156224	0.381117665974594
AT1G22380.1	-7.93817789118089	0.292239947165834	-13.7266156579332	0.000174754365432025	0.0373889183717994	0.578305540782958
AT1G23000.1	-5.52034377964831	1.86121142946541	-16.5823515906056	8.36279721547808e-05	0.0362792544229668	0.332904760189487
AT1G23580.1	-9.58032775777147	-0.208045054963146	-12.748529019019	0.000232857269107928	0.0373959008405267	0.75148495512533
AT1G24540.1	-8.12189970097409	-2.17091197987719	-13.1756861852804	0.000204904642816874	0.0373889183717994	0.616430870222736
AT1G26480.1	-8.44946244454642	1.78918166951397	-20.1353966414603	3.90906936241276e-05	0.0362792544229668	0.419632282144785
AT1G26760.1	-5.37354788886839	0.387510145884691	-13.396150019932	0.0001921153954595	0.0373889183717994	0.401126284855958
AT1G27860.1	-6.65657345568519	-2.90353558130189	-10.370248853686	0.000516640138315135	0.0472474993255701	0.641891390419159
AT1G28470.1	-4.00169773149972	0.566172041001633	-10.6120979938529	0.000472852259194969	0.0458902276174591	0.377088275458605
AT1G28600.1	2.38134203616649	5.127199238596	10.7165093910882	0.000455381353556464	0.045594382158782	0.222212471361879
AT1G28660.1	3.09600453672674	1.56492350987567	10.135799614404	0.000564012142459618	0.0485210572145623	0.305452421565932
AT1G29660.1	4.39349697319899	4.78685495890577	14.6118986939204	0.000137018550329461	0.036785755733201	0.30067940280937
AT1G30250.1	6.67289822683978	0.839458118717178	11.1310835225506	0.000393466874507027	0.043798621130846	0.599483259048507
AT1G34245.1	-4.72406855509876	-0.969512619006526	-10.0373503793105	0.000585510493346098	0.0493985468904638	0.470648963777957
AT1G35310.1	-7.75809375022943	3.36236430350981	-11.3425930924139	0.000365920402240186	0.0422839630910683	0.68397884743112
AT1G36150.1	-8.53022117934562	-1.15479626035496	-14.7593603074675	0.000131760837553393	0.0362792544229668	0.577953312450117
AT1G47610.1	-10.0269081638724	-1.21723982342477	-17.2847295258911	7.11026653471423e-05	0.0362792544229668	0.580102115503334
AT1G47980.1	-9.0205489219443	3.4375026382681	-22.8113057950647	2.39454847342109e-05	0.0362792544229668	0.395442023485385
AT1G48740.2	-6.23611481802602	-0.544144588545926	-12.7709285618447	0.000231277464864172	0.0373959008405267	0.488305512620083
AT1G48750.1	-2.30677625768625	5.52842240759612	-12.2732688692364	0.000269787982222383	0.0373959008405267	0.187951252617655
AT1G49290.1.DE	-5.99316143034524	-0.0944574373975161	-12.2745291177273	0.000269680753035171	0.0373959008405267	0.488259987235659
AT1G49450.1	-3.06133751117085	4.15773451977388	-12.2691340986446	0.000270140165948581	0.0373959008405267	0.249515368122763
AT1G51090.1	4.07529954614049	2.15951951106479	13.1077263779416	0.000209059952746339	0.0373889183717994	0.31090819480323
AT1G51270.3	4.52842394396948	2.3553058238236	14.7712886216762	0.000131346642012777	0.0362792544229668	0.306569322416746
AT1G51800.1.DE	3.69456994485979	2.48904838708335	10.9297827283866	0.000422124485848434	0.0446192126107467	0.338027757428729
AT1G51915.1	-7.37307547502369	-2.54797062943123	-11.1586752030273	0.000389730198252766	0.043798621130846	0.66074828246846
AT1G53070.1	-4.85769805814971	3.35167503264369	-18.81117691169	5.10440268964999e-05	0.0362792544229668	0.258234669789903
AT1G54385.1	-4.59427380086734	2.58768276196267	-14.7606513423544	0.000131715929356173	0.0362792544229668	0.311251427481691
AT1G54840.1	-5.43399791673255	0.0451446989054112	-11.4755030506612	0.000349835131145882	0.0413002331665773	0.473530257692666
AT1G56650.1	3.87718890192353	1.28641367118846	10.2323758101946	0.000543869337654551	0.0478708053105273	0.378913848928483
AT1G56680.1	-8.06303074715927	-2.19956498247777	-13.3701523455414	0.000193570689104535	0.0373889183717994	0.603061995015193
AT1G58460.1	-8.28876853107152	-2.09344729809136	-11.6825943780333	0.000326488945128238	0.039926816244808	0.709497245462602
AT1G59590.1	3.8355523191605	0.984382592971098	10.3486025693445	0.00052080094223683	0.0472474993255701	0.370634807304564
AT1G60060.1	-3.98854158140976	3.70299361226696	-14.769848692163	0.00013139655534274	0.0362792544229668	0.270046204571217
AT1G60240.1	-8.7232888524013	-1.87020594875686	-14.2006491741553	0.00015313124986549	0.0373889183717994	0.614288033273676
AT1G61300.1	2.07153295763555	5.77335346715344	10.643144796876	0.000467571366923128	0.0458902276174591	0.194635419997629
AT1G61590.1	-9.05940786879787	-0.875873276386809	-12.6669401465199	0.000238726668274558	0.0373959008405267	0.715200969137513
AT1G63480.1	-3.13665776012262	2.76596337514667	-11.4238389373419	0.000355980908946582	0.0418423503439445	0.274571252039418
AT1G63640.1	-2.53901295469709	4.87256260256991	-12.9819103755435	0.00021703418515537	0.0373959008405267	0.195580841436119
AT1G63650.1	-5.31407841508415	1.47311546116251	-15.3081125287725	0.000114278841455078	0.0362792544229668	0.347141321642104
AT1G64450.1.DE	-3.0663836442945	2.83505309125026	-11.8238934037763	0.000311668062934467	0.0390743005338472	0.259337896543889
AT1G64760.1	-2.99434333202865	3.15719722744958	-10.1692831683723	0.000556924954292772	0.0483478107990147	0.29444979380075
AT1G66360.1	-5.98689167539677	-0.819487866732197	-10.1243212044618	0.000566467495989636	0.0485790411419288	0.591337587428414
AT1G67630.1	-4.27523772485348	2.30879314850845	-10.787712688208	0.000443926728908795	0.0453746447818014	0.396306228059517
AT1G69120.1	-9.63440982966477	2.63824382815148	-21.3157914831575	3.12565115580902e-05	0.0362792544229668	0.451984616066325
AT1G69180.1	-10.5020772202979	-0.980262552640997	-16.6697059140821	8.19276793739221e-05	0.0362792544229668	0.630009747887997
AT1G69450.1	2.61384952250042	4.96524042653799	13.3820962860318	0.000192900390651325	0.0373889183717994	0.195324369712446
AT1G69560.1	-7.24308221445707	-1.02425746899158	-13.8263773153882	0.000169901864871542	0.0373889183717994	0.523859724730338
AT1G69720.1.DE	3.21536066258326	3.39621771599577	13.1108221685236	0.000208868391234024	0.0373889183717994	0.245244777272831
AT1G69940.1.DE	-9.98705873006705	3.66238606827678	-25.7089539725403	1.49595428372021e-05	0.0362792544229668	0.388466163996178
AT1G72730.1	-3.19169610090089	3.50011128974272	-13.9818126688541	0.00016267172483289	0.0373889183717994	0.228274843648186
AT1G72930.1	3.3414814342039	7.17493235517976	16.6008786515195	8.32636975622378e-05	0.0362792544229668	0.201283408206712
AT1G74055.1	-4.4743053481603	0.13587081340165	-10.4903900253003	0.000494284441063337	0.0471121201961186	0.426514680328314
AT1G74420.2	-4.3402942969121	1.08740628495894	-11.5087476930475	0.000345950319426405	0.0410191789612065	0.377130024280062
AT1G75870.1	-7.40582841613297	0.0465186118671058	-12.3644540211171	0.000262164752924022	0.0373959008405267	0.598961216037895
AT1G76310.1	-6.10954461133668	1.11813941583709	-11.5501775268312	0.000341183984341113	0.040924127156224	0.5289567711963
AT1G76680.2	2.04250177859776	5.15065839969022	10.3601453898062	0.00051857703431321	0.0472474993255701	0.197149914576244
AT1G77980.1	-8.65215546679832	-1.07893355208066	-12.0027384588155	0.000294091401034944	0.0383740028594448	0.720848454416141
AT1G79270.1	2.73973046041143	5.38728595029544	10.3872018637838	0.000513410336405974	0.0472474993255701	0.263760201865704
AT1G79360.1	-4.97710994711455	1.31285227772392	-10.1053665096164	0.000570551305491489	0.0486234520376825	0.492521467912942
AT1G79800.1	-5.74265682888122	-0.191993445518659	-12.5784976188477	0.000245299129669349	0.0373959008405267	0.456545527366989
AT2G02850.1	-5.43845644860252	3.36576655426061	-17.1575127411515	7.31878115908425e-05	0.0362792544229668	0.316972310069083
AT2G03210.1	-6.82121514704818	-1.60809281758484	-11.7212740820851	0.000322346044160435	0.0397769184176435	0.581951680276273
AT2G06983.1	-8.0914862019758	-2.18674450197866	-12.8894812474595	0.00022313527125644	0.0373959008405267	0.627758871488377
AT2G13620.1	-9.09784866116009	-1.68213166111865	-15.2484482487886	0.000116033166067665	0.0362792544229668	0.596640950785459
AT2G13680.1	-7.31473698624542	2.36721682777841	-20.717971815537	3.49504697479362e-05	0.0362792544229668	0.353062406463933
AT2G14710.1	-7.23952574007261	-2.61119987541696	-11.7848766722853	0.000315675184696608	0.0391308089175508	0.614306448967595
AT2G15340.1	-5.91201734827205	-0.858290158918448	-10.4752064205303	0.000497042360899778	0.0471121201961186	0.564381942553909
AT2G18470.1	-7.9701216085474	0.888464089139722	-15.1891673670191	0.000117809663058273	0.0362792544229668	0.524724062614074
AT2G19000.1	-7.07929306530811	1.76143354776114	-17.2741625921792	7.12730109873864e-05	0.0362792544229668	0.409819754070928
AT2G19010.1	-9.25591004103642	-1.60274114266842	-15.8492177602078	9.97887946561433e-05	0.0362792544229668	0.583997909617657
AT2G19610.2	-6.84698774680797	-2.80820892081031	-10.8503916797972	0.000434139085050416	0.0450565590407378	0.631035998410697
AT2G19910.1	-5.51685258505631	2.29762183507426	-16.0347001513133	9.53557780888883e-05	0.0362792544229668	0.34405710945611
AT2G21260.1	-4.90751181714185	0.0863361974351555	-11.0958711429656	0.000398300687193349	0.043798621130846	0.442282697222294
AT2G21430.1	-4.28959563852129	2.55542562684888	-12.3563265691108	0.000262833222179887	0.0373959008405267	0.347157839713035
AT2G22540.1	3.80448030014035	5.59101923204529	17.1224089607857	7.37765917378747e-05	0.0362792544229668	0.222193051740179
AT2G22610.1	-5.40300095731429	2.51138227938169	-16.1730611455886	9.22083389829482e-05	0.0362792544229668	0.334074106854411
AT2G25440.1	7.97095252176941	-1.02357177140602	14.3762629926865	0.000145976031393857	0.0373889183717994	0.55445233061084
AT2G25890.1	-9.83371360629382	-1.31501791742414	-15.49926418671	0.000108877012185463	0.0362792544229668	0.634463255018638
AT2G26410.1	-7.11993301290134	0.762691419786079	-14.2267158314537	0.000152041940119383	0.0373889183717994	0.500462165495705
AT2G27650.1	-7.74221470161588	-2.36057652648101	-12.5500782994454	0.000247458871343837	0.0373959008405267	0.616905689102992
AT2G29550.1.DE	-3.68942819149598	6.26938237437757	-10.8935398108912	0.000427557206774765	0.044845817638287	0.338680378971704
AT2G29790.1	-10.8733325913771	-0.794492761239225	-17.1231010977597	7.3764925733724e-05	0.0362792544229668	0.635009542331073
AT2G30650.1	-8.27614874697561	-0.858459615745076	-11.9682700108434	0.000297380822985849	0.038435414330081	0.691507522764551
AT2G30766.1	6.22787694426954	-0.0279714391154576	12.2505154298086	0.000271733155250854	0.0374264387719497	0.508376727489811
AT2G31210.1	-9.36247713542793	-0.729447913608982	-15.3895877902879	0.000111936373451507	0.0362792544229668	0.60836438655858
AT2G31230.1	4.2009678567233	2.9976923784843	13.0953556476583	0.000209827621615365	0.0373889183717994	0.320798302066313
AT2G31432.1	-8.4757185623118	-1.99316022769605	-14.1872213776908	0.000153696192547208	0.0373889183717994	0.597419208220697
AT2G31880.1.DE	3.49364383082806	6.11610743773508	15.0175162880539	0.000123148788756158	0.0362792544229668	0.232637925194539
AT2G33190.1.DE	-7.01122884898523	-2.72664262900904	-11.0439427331638	0.00040556504130002	0.0440643993677006	0.634848352475718
AT2G33620.1	-2.29155798851253	5.18826543782171	-10.9597764964687	0.000417693403653298	0.0444106968527561	0.209088021936477
AT2G34790.1	-2.96803101392931	3.69915106189381	-12.2156203767833	0.000274750416002895	0.037651852235251	0.242970141702362
AT2G35215.1	-7.35604756990831	-2.55482067696658	-11.5286702581995	0.000343648018729613	0.040924127156224	0.638065570890668
AT2G35765.1	-6.20248352892773	0.733152040957781	-13.1327721234701	0.0002075164345017	0.0373889183717994	0.472290501244824
AT2G36020.1	-7.79911806344983	1.79022798328879	-18.6949215209761	5.22994611814187e-05	0.0362792544229668	0.417178432907516
AT2G36420.1	-2.35550095626831	3.93207823509051	-10.7832308156073	0.0004446370760921	0.0453746447818014	0.218441114406922
AT2G37210.2	-5.79567930825529	-0.773222791008284	-12.0993508944771	0.000285110204128334	0.0383016767329251	0.479007457408382
AT2G37540.1	3.86829420371464	3.51409243640963	15.510901392671	0.000108558562390796	0.0362792544229668	0.249391966706875
AT2G37750.1	-3.40014970958092	1.40229542798191	-10.6200183051495	0.00047149802902339	0.0458902276174591	0.320164204230442
AT2G38160.1	-5.53382571452913	0.700019176228295	-13.130540731959	0.000207653372252931	0.0373889183717994	0.421446902111207
AT2G38920.1	-7.50972366891073	-2.48145191439277	-10.9541288400627	0.000418523306485216	0.0444106968527561	0.685561013436804
AT2G39855.1	-7.47989922346962	-2.49074268798277	-12.3293975541407	0.00026506333547043	0.0373959008405267	0.606671914878562
AT2G40000.1.DE	2.64942118404324	6.08182014699296	13.2396367651038	0.000201088198433634	0.0373889183717994	0.20011283021196
AT2G40116.1	-5.65216971785664	1.0533656742058	-15.0008285324686	0.000123683829566409	0.0362792544229668	0.376790502312774
AT2G41180.1	3.73353693202028	3.50476422533926	14.8650268798373	0.000128147657818333	0.0362792544229668	0.251162474323164
AT2G41450.1	-4.85170933257603	-0.162069473261817	-10.6140631737144	0.000472515797538879	0.0458902276174591	0.457101983771042
AT2G42480.1	-8.28749013339549	-1.26981448141082	-14.0729303698558	0.000158611634049714	0.0373889183717994	0.588895838719366
AT2G42570.1	-4.7987022759287	4.09982558435028	-17.8946932556499	6.20766043932526e-05	0.0362792544229668	0.268163427412404
AT2G42690.1.DE	2.04321427869649	7.0126569916782	10.6277620157419	0.000470178661495426	0.0458902276174591	0.192252543448948
AT2G44040.1	-2.97797141306243	3.11767383504782	-10.7919997956312	0.000443248573123454	0.0453746447818014	0.275942500876247
AT2G46100.1	2.27275470670295	5.54995255078867	12.0143142619053	0.000292996876774003	0.0383740028594448	0.189170572465326
AT2G46455.1	-4.58624202628684	-0.478834470023897	-10.2057551536115	0.000549330915558853	0.0480153955070688	0.449378018309984
AT2G46780.1	-2.79195694685369	3.24765298748489	-12.0638216100793	0.000288372743422103	0.0383379969198169	0.231432214193304
AT2G46860.1	-9.19235992181131	1.60757933231881	-12.6821117412626	0.00023762139197697	0.0373959008405267	0.724828806854224
AT2G47460.1	-5.51397073788329	1.1100635315416	-14.7230326770649	0.000133032358266902	0.0362792544229668	0.374513244575813
AT3G02810.1	-7.5619981439076	1.41314934223234	-17.6288202959321	6.58235016410798e-05	0.0362792544229668	0.428956561866625
AT3G03670.1	-6.25386543005605	-1.90923757684825	-10.3450492845438	0.000521487928458677	0.0472474993255701	0.604527369376551
AT3G03760.1	-10.0684392059858	-0.375983250329979	-13.2284337969437	0.000201750319355833	0.0373889183717994	0.761121033716932
AT3G04210.1	4.3684631438871	6.20883580251524	21.3156784872854	3.12571623405968e-05	0.0362792544229668	0.204941313338576
AT3G05960.1	-9.63395885688091	0.544218610341158	-16.990015169852	7.60511542402994e-05	0.0362792544229668	0.567036507064214
AT3G06840.1	-4.91393191280811	1.45800279304785	-10.3511783163248	0.000520303655939671	0.0472474993255701	0.474721984554972
AT3G07820.1	-8.50808390258078	4.45611686742438	-27.5873580174251	1.13323953599783e-05	0.0362792544229668	0.308405172296919
AT3G08770.2.DE	-8.86702177256409	5.58383255798758	-31.4560117592931	6.75627238048224e-06	0.0362792544229668	0.281886395529608
AT3G10180.1	-3.66021218151275	2.11132974796242	-11.253054846811	0.000377278379660293	0.0432300785366213	0.32526387113007
AT3G11120.1	-2.29472881888995	5.34269480853778	-12.0506076152447	0.000289598011275065	0.0383379969198169	0.190424324827155
AT3G11165.1	-7.88975296313183	-2.28677438061509	-12.8337270972144	0.000226919135585465	0.0373959008405267	0.614767082342302
AT3G11840.1	4.20744016615658	1.98934446591143	13.2302205825518	0.000201644534076854	0.0373889183717994	0.318017386021924
AT3G12890.1	-7.29349479125192	-2.58434156667814	-11.8611597500747	0.000307899761543893	0.0390545785909931	0.61490570441107
AT3G13450.1.DE	-2.77924419602835	4.40219172539273	-12.1474028791785	0.000280770627751437	0.0382038759172841	0.228793283936616
AT3G13900.1	-4.81824392459255	0.422635431702352	-11.015344288397	0.000409636251587508	0.0441503130755101	0.437412013500825
AT3G14560.1	-2.27331214175022	4.15715785038567	-10.2871372720063	0.000532845250908181	0.0477920706507032	0.220985885736786
AT3G15680.1	-2.78240324035563	3.7714229069835	-13.0095673670223	0.000215249172541253	0.0373889183717994	0.213873617919739
AT3G16040.1	-5.53393124048499	0.0804163733539651	-13.0182521016903	0.000214692432854135	0.0373889183717994	0.425090188548928
AT3G16660.1.DE	8.26685298644098	1.25467771145994	18.7728872034107	5.14533111921673e-05	0.0362792544229668	0.440361298550765
AT3G16800.2	3.18714123405443	4.46569195187925	15.2878047119127	0.000114872214074675	0.0362792544229668	0.208476056184241
AT3G16950.2	-2.51688163396893	4.98495207452619	-12.5188312833798	0.000249860957797915	0.0373959008405267	0.201047651893063
AT3G17060.1.DE	-7.16599094399483	1.40789405333691	-13.1006616857542	0.000209497923932911	0.0373889183717994	0.546994580570476
AT3G17760.1	-8.278246764718	1.79284216971908	-20.2123643690211	3.85097795170207e-05	0.0362792544229668	0.409563503486304
AT3G18570.1	-5.22483937893347	-0.478897870472731	-10.2850381468179	0.000533262671951664	0.0477920706507032	0.508003889178572
AT3G19090.1	-8.66685570729952	0.672973595402797	-12.2989907917409	0.000267609903847302	0.0373959008405267	0.704680233854598
AT3G19210.1	-3.80341247925979	1.09224085584549	-10.5905139421439	0.000476567409569678	0.0460524551833598	0.359133890955423
AT3G19310.1	-5.77830658496632	0.899706559825588	-10.8939342646166	0.000427497611833279	0.044845817638287	0.53041504057301
AT3G19800.1.DE	1.88034288280258	5.87781706567104	10.058763712308	0.000580748835415886	0.049338322400706	0.186935784215885
AT3G24620.1	-7.88973362881321	-1.46080529396137	-10.4961618334773	0.000493241061952411	0.0471121201961186	0.751677970860648
AT3G25050.1	-10.6707816401493	3.42390864320635	-27.5916195222285	1.1325502549876e-05	0.0362792544229668	0.386739953106146
AT3G25220.1	-3.00126680198159	6.26597681785256	-14.3364511049525	0.000147560896789913	0.0373889183717994	0.209345170573268
AT3G25760.1.DE	2.72658294190979	4.56831738676079	11.0500088175531	0.000404707977804589	0.0440643993677006	0.246749390604882
AT3G26170.1	3.84876165831882	3.70363299831498	11.9314107737117	0.000300949329943655	0.0386397164773874	0.322573896022315
AT3G26280.1	4.90643440456909	4.08283232732397	19.624675999017	4.32363832945953e-05	0.0362792544229668	0.250013524035498
AT3G27060.1.DE	-3.58406199187849	4.77868411515666	-11.0964665139496	0.000398218344015267	0.043798621130846	0.322991286223671
AT3G27925.1	2.37873739470758	6.89434648638844	12.305932247279	0.000267025877708227	0.0373959008405267	0.193300056176853
AT3G28917.1	-10.6372491068991	-0.0883080308115225	-16.2880182480275	8.96914957236682e-05	0.0362792544229668	0.653072027850124
AT3G36659.1	-6.16452054185172	-0.593497970729254	-12.4868347892062	0.000252350879192981	0.0373959008405267	0.493681597131438
AT3G42880.1	-9.39047561504641	-1.53555406819138	-15.9981631505858	9.62092396635658e-05	0.0362792544229668	0.586972112151672
AT3G44860.1.DE	4.33316964422855	5.00882286266135	20.0623316312742	3.96523271774526e-05	0.0362792544229668	0.215985346263232
AT3G45090.1	-2.20898499069338	4.74533089108412	-11.009655140032	0.000410452209357079	0.0441503130755101	0.200640706961049
AT3G48310.1	3.30421981903805	3.41960171544215	13.6656240713914	0.000177806411153712	0.0373889183717994	0.241790627473453
AT3G48740.1	2.72460185970675	6.15468483682085	12.4816591313647	0.000252756545017935	0.0373959008405267	0.218288436739968
AT3G49540.1	-8.37921449230412	3.43237185999805	-22.8259528859604	2.38851366457487e-05	0.0362792544229668	0.3670915529427
AT3G49900.2	-2.93683625542129	3.19283372552877	-12.4735812033958	0.000253391316598566	0.0373959008405267	0.235444513290358
AT3G50410.1	-4.0049070633597	1.40683169175358	-10.811494903764	0.000440180968598779	0.0453746447818014	0.370430463040352
AT3G50740.1.DE	6.44374891079473	3.73062966444027	12.9110089955421	0.000221695337988588	0.0373959008405267	0.499089491225639
AT3G51240.1	-3.07441847617739	4.50914474235994	-13.6470704683346	0.000178748018825011	0.0373889183717994	0.225280471974625
AT3G51590.1	-11.2943825981806	2.66203900479113	-18.3389781531558	5.63911010849617e-05	0.0362792544229668	0.615867607445571
AT3G52080.1	-8.08425810540011	-2.19042487840535	-12.742073440655	0.000233315068395409	0.0373959008405267	0.634453893477526
AT3G52400.1	5.48838879996984	2.78787528219952	13.7428164363315	0.000173954687018425	0.0373889183717994	0.399364193314869
AT3G52620.1	-8.68549361335688	-1.07123332099471	-14.780438882806	0.000131030012597167	0.0362792544229668	0.587634351200536
AT3G53075.1	-8.73699610891665	-1.86423010707858	-13.7819752916143	0.000172040570488096	0.0373889183717994	0.633943678177446
AT3G53900.2	-2.40080118152742	3.63700946485892	-10.4725025225611	0.000497535499852669	0.0471121201961186	0.229248088158044
AT3G54340.1	-10.4358029469353	2.30032256815525	-24.6171161651693	1.7745695718361e-05	0.0362792544229668	0.423924674072947
AT3G54750.3	-3.66702805401861	3.09376850944969	-13.0447308161474	0.000213006055568294	0.0373889183717994	0.281111822520659
AT3G54820.1.DE	-3.24362087388612	4.5780815003614	-13.2389668560611	0.000201127715274596	0.0373889183717994	0.245005589118241
AT3G57240.1	5.99074416869001	0.974382715202451	10.1620211756223	0.000558452583392235	0.0483478107990147	0.589522897576833
AT3G58650.1	-5.44647797214174	1.48683858695796	-11.9832444033092	0.000295946166834425	0.0384321329321028	0.454507793451802
AT3G58960.1	-6.71951942782374	-2.8717508395692	-10.6417224289702	0.000467811693428337	0.0458902276174591	0.631431563139728
AT3G60460.1	-6.51810919665929	-2.97369889591939	-10.0387209283483	0.000585204273764783	0.0493985468904638	0.649296782247711
AT3G61160.2	-4.68862309151716	4.16178863966043	-19.4755965365235	4.45491001016573e-05	0.0362792544229668	0.240743490589588
AT3G62520.1	-7.00122731566059	-2.73014233163868	-11.3483083211225	0.000365209988391304	0.0422839630910683	0.61694017447775
AT3G62710.1	-6.88322690470455	2.35092139490118	-19.9551136066372	4.04948859107939e-05	0.0362792544229668	0.344935490741338
AT4G00460.2	-4.55921284466665	1.1649170035343	-12.3213890606726	0.000265731104438202	0.0373959008405267	0.370024257996912
AT4G00700.1	5.0444500937968	2.24696531337973	15.7404084899542	0.000102509411194983	0.0362792544229668	0.320477711681769
AT4G01230.1	-3.65599030762378	0.713636070056036	-10.0198485789638	0.000589438482931479	0.049460236516998	0.364874806122256
AT4G01730.1	-6.27179335577496	1.23310826228443	-12.8806371099685	0.000223730212906865	0.0373959008405267	0.486916392584426
AT4G02410.1.DE	3.95059766043869	4.23580951054212	16.4544936892188	8.61969533872408e-05	0.0362792544229668	0.24009232584453
AT4G02800.1	-6.14865057039234	2.3719853038681	-18.7145973766054	5.20842906646337e-05	0.0362792544229668	0.328548375722933
AT4G03210.1	-5.5636301800627	6.50760671749854	-17.4241079797054	6.89027108736153e-05	0.0362792544229668	0.319306456694535
AT4G08850.1.DE	2.60024082986598	6.57756153827588	13.6129749109843	0.000180494678801584	0.0373889183717994	0.191011946093271
AT4G09987.1	-7.85216198595784	-2.30825919743902	-11.9227525928659	0.000301795299390691	0.0386397164773874	0.658586339421006
AT4G10115.1	-8.79165591154095	-1.83624026657214	-14.1920902019933	0.000153491048045378	0.0373889183717994	0.619475763359097
AT4G10120.1.DE	3.08728206166659	7.88745658196802	10.269427197974	0.000536379790190002	0.0477920706507032	0.300628457863323
AT4G11320.1.DE	-6.2628632308339	4.6167669325505	-10.6948079656605	0.000458945526091345	0.045594382158782	0.5855984746003
AT4G12410.1	-6.51535265533327	-0.777877997475179	-13.5100887062378	0.000185896120089901	0.0373889183717994	0.482258317987581
AT4G13075.1	-6.89638563710668	-0.567750645964572	-10.6898028727321	0.000459772472357634	0.045594382158782	0.645136839211341
AT4G13770.1.DE	3.46467213570559	7.16333525564721	13.477148168461	0.000187667998725829	0.0373889183717994	0.257077542844973
AT4G14330.1	-6.5495127334778	1.90312953355692	-14.8696121200859	0.000127993688746428	0.0362792544229668	0.440462917296323
AT4G14400.1.DE	6.09198512951306	7.53636526806519	21.6512074840775	2.93971856312535e-05	0.0362792544229668	0.281369301642561
AT4G14695.1	-7.26019941431519	1.92614460837278	-19.6830758188306	4.27353529812082e-05	0.0362792544229668	0.368854922936863
AT4G15980.1	-10.5086809337472	-0.976838695969837	-16.9372213839544	7.6982573768471e-05	0.0362792544229668	0.620448932887105
AT4G16260.1.DE	7.43968216954718	0.29193205118608	12.6198976736096	0.000242194816871612	0.0373959008405267	0.589520007369384
AT4G16780.1	3.16826082810285	5.46736852496653	15.3783032468523	0.000112257209258894	0.0362792544229668	0.206021482165228
AT4G17000.1	-5.48019102316511	1.29250347291428	-15.3382281881235	0.000113405925875871	0.0362792544229668	0.357289704909232
AT4G18740.1	2.08604965730975	3.7943083798243	10.1059350018507	0.000570428291164977	0.0486234520376825	0.206418273710223
AT4G18960.1	-8.0769159184519	2.47230174086825	-15.4482498987171	0.000110286858420589	0.0362792544229668	0.522836953791291
AT4G19370.1.DE	4.05022097603967	1.49750118886279	12.0350683280312	0.000291047210476413	0.0383437124488032	0.336534938202735
AT4G21690.1	-7.42894296074952	-2.51939464095899	-11.3986169686192	0.00035903010452433	0.0418423503439445	0.65174073145906
AT4G22690.1.DE	4.26227177421711	5.93885587578699	18.928875671205	4.98111586502224e-05	0.0362792544229668	0.225173002784363
AT4G23320.1	6.66427814271454	0.694140146140988	14.0949401988101	0.000157649938524785	0.0373889183717994	0.472813509579639
AT4G23560.1	-9.58380500105512	-0.208072895436735	-11.5733239566374	0.00033855671177703	0.0409179633721827	0.828094421011926
AT4G24170.1	-4.90793882690152	-0.785789469647911	-10.2598779516739	0.000538297722857934	0.0477920706507032	0.478362301191001
AT4G26760.1.DE	-3.72263654770884	4.44538347789067	-14.0790073443957	0.000158345376961424	0.0373889183717994	0.264410441492573
AT4G27570.1	-7.48129149396629	1.54186163329217	-19.0942094889867	4.81415317038764e-05	0.0362792544229668	0.391809438263542
AT4G28270.1	2.93058169250359	3.76125151718546	11.2354089627174	0.00037956835525404	0.0433104963018113	0.260834447791635
AT4G29150.1	-6.45276024773636	-0.297717525285956	-11.4023686549899	0.000358574491157555	0.0418423503439445	0.565914016901436
AT4G29240.1	-3.78143712052238	2.30818880494468	-10.2309215350102	0.000544165950873215	0.0478708053105273	0.369608652317614
AT4G29700.1.DE	-4.95494063169328	4.18712069033744	-10.7120126617834	0.000456117042240973	0.045594382158782	0.462559258296131
AT4G31360.1	-3.69623139821421	2.96701329138979	-14.5963676418461	0.000137587440313392	0.036785755733201	0.253229535519339
AT4G31500.1	2.68860958381172	7.09401708208071	13.546570110293	0.000183958078349645	0.0373889183717994	0.198471610298526
AT4G32280.1.DE	5.91525032979032	1.27435833247467	15.8870126051614	9.8864944713191e-05	0.0362792544229668	0.372332450209586
AT4G33050.2	4.16231300368202	5.12821984906982	18.9010688505934	5.00990393128473e-05	0.0362792544229668	0.220215747404748
AT4G34850.1	-10.4069089593725	1.87014866309773	-15.8793398093794	9.90516296679644e-05	0.0362792544229668	0.655374158138835
AT4G34950.1.DE	3.58582663018812	4.67162121486045	16.1662684077294	9.23598022201003e-05	0.0362792544229668	0.22180917325817
AT4G35010.1	-8.2941948629066	4.29064631932703	-27.0215003506041	1.22962354727185e-05	0.0362792544229668	0.306947976806964
AT4G35700.1	-9.3587013310883	-1.55145603715037	-15.9572586419308	9.71760771028504e-05	0.0362792544229668	0.586485532452079
AT4G37925.1	1.97061535188869	6.62799680445958	10.3794874962843	0.00051487691215694	0.0472474993255701	0.189856710419868
AT4G39320.1	-3.83462651531312	0.84844848534628	-10.2749997159499	0.000535264499894091	0.0477920706507032	0.373199671174745
AT4G39330.1	-2.79094128828265	8.55477376563549	-11.6571438776178	0.000329251139962834	0.0400848564193145	0.239418962104549
AT5G01220.1.DE	1.99310003680252	5.73675759344365	10.4730293546829	0.00049743936803761	0.0471121201961186	0.190307882209012
AT5G04770.1	-4.98024033330398	1.50887838896142	-13.7583965519397	0.000173189949480803	0.0373889183717994	0.361978251935315
AT5G05060.1	-2.10019423795108	5.30054077499324	-10.0311786489112	0.000586891906879479	0.0493985468904638	0.209366646877438
AT5G06530.2	3.01270737520185	6.91267519634109	13.0807966392731	0.000210735596550636	0.0373889183717994	0.230315282645451
AT5G07660.1	-5.08684060607779	1.65758769771617	-14.8860103053746	0.000127444936812362	0.0362792544229668	0.341719540812167
AT5G09480.1	-5.0884270822826	-0.214419103685332	-11.1287813652918	0.000393780664135908	0.043798621130846	0.457231292021987
AT5G10200.1.DE	-2.47635362884332	4.07408699113959	-12.1021975368947	0.00028485080281313	0.0383016767329251	0.204620162684828
AT5G10500.1	-8.31046527630312	-1.25194774316038	-13.2821173324231	0.000198602007933486	0.0373889183717994	0.625688289623548
AT5G11670.1.DE	2.41563642829017	7.76777988461846	10.7325566523069	0.000452767956602532	0.045594382158782	0.225075581387305
AT5G13350.1	-7.9645819701185	-0.734506619905441	-10.3606714916491	0.00051847595444997	0.0472474993255701	0.768732217456961
AT5G13380.1	-10.3404981189508	1.49978192219653	-18.9945743112957	4.91391620074133e-05	0.0362792544229668	0.544392201135116
AT5G13720.1	2.4607405887354	4.59352983776623	10.2545979651459	0.000539361855531045	0.0477920706507032	0.239964608763712
AT5G15380.1	-6.72715192923144	-2.87011001212636	-10.2525962382613	0.00053976596972669	0.0477920706507032	0.656141310249461
AT5G15510.2	-5.54280120848936	1.37130652526779	-15.377422264992	0.000112282305157012	0.0362792544229668	0.360450608234126
AT5G15720.1	-6.13007773699937	0.530539164649532	-14.407480055706	0.000144748162225585	0.0373889183717994	0.425478828587487
AT5G15800.2	-7.07825182143789	3.1405410976408	-13.0194425739372	0.00021461625708805	0.0373889183717994	0.543667809219988
AT5G17340.1.DE	-10.8092605822008	-0.82606221471463	-18.6928518193033	5.23221595070711e-05	0.0362792544229668	0.578256367016108
AT5G18470.1.DE	2.63070724743345	2.79218659789364	10.1484598374378	0.000561319331145957	0.0484422135432956	0.2592223144766
AT5G20330.1	-8.57151172940066	-0.71108885051276	-10.4081814288343	0.00050944814461621	0.0472474993255701	0.823535964280423
AT5G23010.1.DE	5.44204259053769	5.55756961404369	16.6438057053887	8.24272665612903e-05	0.0362792544229668	0.326971047780001
AT5G23530.1	-5.51975370047711	3.38237602491665	-20.3106190097982	3.77838017756824e-05	0.0362792544229668	0.271766886957718
AT5G24100.1	-6.60564628184297	-2.92863605554135	-10.3528739858879	0.000519976604387465	0.0472474993255701	0.63804952043724
AT5G24200.1	4.57317776719503	0.0984931782587359	10.8497872467942	0.000434232179297569	0.0450565590407378	0.421499303458348
AT5G25140.1	4.39160286684192	2.78416885830993	14.0678748589089	0.000158833562728368	0.0373889183717994	0.312172443306945
AT5G25250.1	4.10749315919747	3.09719886590812	12.6856329941782	0.000237365776207146	0.0373959008405267	0.323790950052118
AT5G25530.1	-7.3385779854765	-1.73858836831679	-11.8416746707031	0.000309862924673687	0.0390743005338472	0.619724674891846
AT5G25550.1	-9.60267961358892	-1.42935696473317	-16.5065152794096	8.51399734311806e-05	0.0362792544229668	0.581750869341115
AT5G26700.1	-5.77565626402191	2.49011233921475	-16.5474097784283	8.43204265176679e-05	0.0362792544229668	0.349036878965265
AT5G35670.1	-2.86813656346146	3.95794372208681	-13.2002293757218	0.000203429353017635	0.0373889183717994	0.217279297338318
AT5G36150.1	-9.26413433802968	-1.59895219950957	-15.5654411180449	0.000107081506194493	0.0362792544229668	0.595173260286844
AT5G37300.1	-2.9115827861688	5.17904740954478	-13.4167473607029	0.00019097208623799	0.0373889183717994	0.217011076372855
AT5G38435.1	-8.15234387084733	-0.926193725758413	-12.7388824516579	0.000233541773072417	0.0373959008405267	0.639957539586714
AT5G38510.1	2.26124015503371	5.44966737173566	11.6826215010579	0.000326486016854458	0.039926816244808	0.193555885965229
AT5G39670.1.DE	4.21395351589322	1.81321842234036	13.3629076324323	0.000193978681892441	0.0373889183717994	0.31534705109132
AT5G41750.1	3.56955090120291	3.54099735767004	14.8131689699388	0.00012990521790755	0.0362792544229668	0.240971456441683
AT5G44568.1.DE	4.59788878183522	1.27471885628224	11.0043659161343	0.000411212625909558	0.0441503130755101	0.41782405427776
AT5G44630.1.DE	-10.1380253772287	1.58028122528118	-16.151599548141	9.26879478527823e-05	0.0362792544229668	0.627679342037399
AT5G44870.1	2.78820528048813	4.82026698584135	10.1889152147916	0.000552821129863561	0.048166086365844	0.273650847191309
AT5G45116.1	-8.31184997446039	-2.07531696049676	-13.7113623197546	0.000175511476533917	0.0373889183717994	0.606201614443894
AT5G45380.1	5.19508385816237	4.85911694384483	17.1445284905876	7.34049038375513e-05	0.0362792544229668	0.303017015662721
AT5G45880.1	-8.34423664815938	3.14981082984464	-24.0287015208943	1.95177043272868e-05	0.0362792544229668	0.347261238436193
AT5G46490.2	3.28748431300053	4.78300427919304	12.3511977862336	0.000263256150288544	0.0373959008405267	0.266167247087945
AT5G46970.1.DE	-8.20729867402208	-2.13158403951422	-12.138366301269	0.00028158039893565	0.0382038759172841	0.676145246429421
AT5G47220.1.DE	3.7133890882862	3.34868027022355	15.2853962916127	0.000114942840577661	0.0362792544229668	0.242937050335017
AT5G47635.1	-5.11434572515799	1.3095836907869	-12.5462410303903	0.000247752301585196	0.0373959008405267	0.407639683692485
AT5G48230.2	-2.57812683515978	6.07282189301569	-11.5685634126041	0.000339094999160768	0.0409179633721827	0.222856265139272
AT5G48600.2	-3.71794207495739	3.81759135660003	-15.9066397757264	9.83893975364042e-05	0.0362792544229668	0.233735228016604
AT5G48657.1	3.74357645179541	1.41887015515482	11.1502217618422	0.000390870310973426	0.043798621130846	0.335740089457818
AT5G49180.1	-8.50031351091505	-0.397650050887065	-16.3335797306398	8.87177727092038e-05	0.0362792544229668	0.520419506996958
AT5G49615.1	-7.61191068190909	-2.43186973528128	-10.763201526558	0.000447828943889031	0.0454005320773151	0.707216218438985
AT5G50080.1	-7.80000103820422	-2.33086055548955	-12.8946901796857	0.000222785792075316	0.0373959008405267	0.604900228660967
AT5G51810.1	-9.25300123856719	-1.60556569221983	-14.8030970834978	0.000130250057026445	0.0362792544229668	0.625071982327419
AT5G52360.1	-8.58630739965759	0.468108485045527	-11.8773596845218	0.000306279378794983	0.0390305838276541	0.722913814830998
AT5G52860.1	-4.81764735984472	1.57582996431327	-10.5828157837615	0.000477901243698098	0.0460524551833598	0.455233036110961
AT5G53660.1	-4.25798245068481	0.891199122356522	-11.8028252945443	0.000313823884030474	0.0390789549835391	0.360759593099543
AT5G55620.1	3.19151017909134	5.7845508858231	10.2074202834279	0.000548987296091296	0.0480153955070688	0.312665697156888
AT5G57345.1	2.39070040859044	6.37050396797103	12.0756331823697	0.000287282982993857	0.0383379969198169	0.197977230053729
AT5G58770.1.DE	3.13166717933475	4.60880858100693	11.1245801301675	0.000394354106921775	0.043798621130846	0.281508797877445
AT5G58782.1	-6.52874917687192	-2.96632050505876	-10.3901386477308	0.000512853392673719	0.0472474993255701	0.628360159399586
AT5G59120.1	-9.2392309384987	1.6364985740259	-16.6327731630706	8.26412285103971e-05	0.0362792544229668	0.555483493216414
AT5G59305.1	-7.67480083367326	-2.39374451891661	-12.5945260042201	0.000244091412650836	0.0373959008405267	0.6093759170533
AT5G59310.1	-4.92846625266571	5.3375995436966	-13.3319796731587	0.000195732538350375	0.0373889183717994	0.369672499770474
AT5G64000.1	3.51635152763225	3.05331371496171	13.4040414115876	0.000191676356215274	0.0373889183717994	0.262335173374832
AT5G64690.1	-4.64544551225312	0.608024327911716	-11.3223636803729	0.00036844883525508	0.0423964902373049	0.410289374497474
AT5G64770.1.DE	5.10754738597078	4.27651889352061	18.5676757424863	5.37181627568017e-05	0.0362792544229668	0.275077368692074
AT5G65350.1.DE	-4.22096356708651	0.493482377522453	-10.7752232526749	0.000445909750340023	0.0453746447818014	0.39172864154241
AT5G65360.1	-3.89652342477895	5.50249874331385	-18.4200939521135	5.5424410125312e-05	0.0362792544229668	0.211536566257952
AT5G65690.1	-8.82686990382765	1.33147095133229	-14.204509177092	0.000152969329415026	0.0373889183717994	0.621413228277044
AT5G66170.2.DE	-2.99899830095865	3.28138248694114	-10.0018242347564	0.000593518089432373	0.049649790849418	0.299845131304858
AT5G66490.1	3.09166785608249	3.05109572901765	12.3911473273287	0.000259984141607077	0.0373959008405267	0.249506181664374
AT5G66640.2	5.94229698233256	1.56170449914365	12.4532450217307	0.000254998181324002	0.0373959008405267	0.477168559035285
AT5G66940.1	-8.02445262144475	-2.21988400097882	-12.9119370985942	0.000221633520770795	0.0373959008405267	0.621475504424383
AT5G67260.1.DE	-2.78205556372537	5.37573950187737	-13.243263341143	0.000200874440772793	0.0373889183717994	0.210073264576891
