baseMean	baseMeanA	baseMeanB	foldChange	log2FoldChange	pvalue	padj	dispersion
AT1G02813.1	1136.06790706101	2270.2316735931	1.90414052892049	0.000838742825707654	-10.2194838584575	2.7647930621019e-11	5.3822621510375e-08	0.371233981712322
AT1G02900.1	155.566690767552	301.688940817393	9.44444071771186	0.0313052268078611	-4.99745263612359	0.000109945996178371	0.0153758205166657	0.511255751306094
AT1G02930.1	2367.70976671991	230.566912090162	4504.85262134966	19.5381574073736	4.28822251180527	0.00041270052228556	0.0474588187104247	0.48715170878459
AT1G02980.1	72.38500546544	142.332638824561	2.43737210631857	0.0171244777476715	-5.86779619950205	3.30496187236437e-05	0.00536151374222729	0.00623891210874367
AT1G04425.1	77.8608393187548	149.704811254022	6.01686738348774	0.0401915431647565	-4.63696421866319	0.000374557511333985	0.0443834365821584	-0.00296086796373076
AT1G05040.1	29.1861840187133	57.3059048826304	1.06646315479616	0.0186100046230909	-5.74777777598382	0.000349425217589701	0.0419525765647124	0.338880534559692
AT1G07370.1	592.411225056929	1158.54579234342	26.2766577704339	0.0226807243564222	-5.4623894732719	8.14487655914724e-06	0.00163083672341348	0.219780494622117
AT1G07645.1	101.027227204513	201.597484758519	0.456969650507472	0.00226674281702893	-8.7851635714153	2.27130266209026e-07	8.71860320459266e-05	0.225733545014547
AT1G07850.1	124.831865979351	249.206762308194	0.456969650507472	0.0018336968317992	-9.09102914922649	9.46831930908702e-08	4.23032089262062e-05	0.348966846931229
AT1G08320.1	303.783320564211	602.615634988894	4.95100613952775	0.00821586074450093	-6.92737255589309	2.61254326708904e-07	9.88920197239511e-05	-0.00295503089400312
AT1G08695.1	19.2193399378411	38.4386798756822	0	0	-Inf	0.000265427419878264	0.0333362161353097	0.108973600226759
AT1G09380.1.DE	309.982592757716	619.431953938034	0.533231577398079	0.000860839635424138	-10.1819678744785	9.92006760063365e-10	9.65576865670248e-07	0.244762476632516
AT1G09460.1	183.776658597395	359.174737721039	8.37857947375188	0.0233273072792199	-5.42183640620406	1.98541373510811e-05	0.00355989907477871	0.227206611466949
AT1G09600.1	195.892449831579	381.883489294938	9.90141036821934	0.025927830466041	-5.2693546973063	3.14460865084988e-05	0.00516284121507606	0.172649424567759
AT1G09790.1	137.901934430691	275.803868861381	0	0	-Inf	9.60602420801434e-09	6.23339485155292e-06	0.0139567308458404
AT1G15415.1	680.164742452086	1353.54999825178	6.77948665239381	0.00500867102149908	-7.6413564287537	1.37979994039134e-08	8.27635043417901e-06	0.217910279240629
AT1G16380.1	67.5618557413559	135.123711482712	0	0	-Inf	4.43156970960929e-07	0.000149108643044064	0.100426400493931
AT1G16410.1	6803.58138731995	122.887097184682	13484.2756774552	109.728978764876	6.77780077293911	8.93248741310487e-08	4.23032089262062e-05	0.421176443097143
AT1G16630.1.DE	514.84274685282	1012.62449087225	17.0610028333938	0.0168483016035865	-5.89125302220017	2.77006917190434e-06	0.000662240922904219	0.00109046587904815
AT1G18370.1	1063.54284937936	2105.68378520092	21.4019135577967	0.0101638782177138	-6.62040519535434	2.6958987856417e-07	0.000100649350005314	0.0634714061761806
AT1G18570.1	574.12226274439	13.82392857999	1134.42059690879	82.0620990874366	6.35864415265551	4.07072635748034e-06	0.000909373574973517	0.52114705471915
AT1G22100.1	50.7312919618451	101.46258392369	0	0	-Inf	1.7377075529603e-06	0.000451042682365523	0.28336289517594
AT1G22350.1.DE	445.08563379424	41.9459115320232	848.225356056457	20.2218839709536	4.33784550701143	0.000162195247635277	0.0213549240533906	0.0553336588906067
AT1G22470.1	31.6044357617978	63.2088715235956	0	0	-Inf	2.27836078109472e-05	0.00398041312358689	-0.023418492355445
AT1G23380.2	350.898957499304	674.376726413979	27.4211885846292	0.0406615286539354	-4.62019173602848	8.51668400266794e-05	0.0123464737132294	0.0157793370538916
AT1G23520.1	473.508250363823	947.016500727646	0	0	-Inf	2.27475447074885e-11	4.76893525736839e-08	0.0631197474601595
AT1G24020.1	20508.4918094062	40428.9879126538	587.995706158635	0.0145439135757984	-6.10344065802181	7.97005560481252e-07	0.000236716015473849	0.139084478700549
AT1G25340.1	30.2907218641362	59.5149805734762	1.06646315479616	0.0179192388961552	-5.80234682827548	0.000356236204503524	0.0425827259541186	0.431244126043487
AT1G26680.1	27.9136738439895	55.3703780374715	0.456969650507472	0.00825296244497773	-6.92087220924109	0.000161946405866866	0.0213549240533906	0.611037250317318
AT1G27270.1	40.7341263871233	81.4682527742465	0	0	-Inf	5.54331126304864e-06	0.00116213388587021	0.334192576887884
AT1G29600.1	142.404429777776	14.4022452129209	270.406614342631	18.7753097065753	4.23076480068044	0.00041265339472182	0.0474588187104247	0.305250016904252
AT1G30795.1	223.991971991594	447.983943983189	0	0	-Inf	9.3239770494884e-10	9.41169150025026e-07	0.234912138095214
AT1G32780.1	682.774073756935	1343.91684626457	21.6313012493047	0.0160957140387288	-5.95717961064269	1.90179079488815e-06	0.000484405666578332	0.00351380711672289
AT1G43630.1	99.0644095547977	197.13861788169	0.990201227905551	0.00502286786092721	-7.63727296284617	8.55986270692688e-07	0.000245568945489037	0.0229163159016001
AT1G44740.1	67.1116565073614	130.719477753608	3.50383526111473	0.026804232401533	-5.22139536884533	0.000111539027175776	0.0154308865312112	0.0546063610990889
AT1G47760.1	24.3403565409099	48.6807130818198	0	0	-Inf	8.04917419332675e-05	0.01198416057093	0.32163867126975
AT1G48590.2	276.443880398873	537.043939240422	15.843821557325	0.0295019092473774	-5.08304786673779	2.44333210647513e-05	0.00416191082686708	0.152591073617371
AT1G48953.1	23.3391636272694	46.6783272545388	0	0	-Inf	9.89497634654585e-05	0.0141192505418199	0.362097080355573
AT1G49290.1.DE	140.570158172819	277.255773360907	3.8845429847316	0.0140106838448952	-6.15732881605012	5.30407799730711e-06	0.00113316681438781	0.102507674596829
AT1G51250.1	266.174005709579	528.08276071081	4.26525070834846	0.00807686034402515	-6.95198969049228	3.36604775576314e-07	0.000119140604591647	0.000217949031312684
AT1G51790.1	192.841682326168	10.464332540481	375.219032111856	35.856948415996	5.16418080862515	3.65753854877881e-05	0.00586367974167163	0.407549673366138
AT1G53020.1	22.059673591152	44.1193471823041	0	0	-Inf	0.000142854834917331	0.019085125837436	-0.045040486385396
AT1G55570.1	3739.03301225739	7473.11501837526	4.95100613952775	0.000662509024329745	-10.5597722732623	2.59982942666374e-12	1.77139377985734e-08	0.054644383415598
AT1G56360.1	491.593394841128	981.206387226445	1.9804024558111	0.00201833424811783	-8.95261917158019	1.63045166638346e-09	1.43342999082629e-06	0.0275507944918776
AT1G58225.1	315.865974326289	6.91196428999501	624.819984362583	90.3968767991181	6.49820102345414	7.90086744736371e-07	0.000236716015473849	0.0611754809587151
AT1G62450.1	247.558255803709	494.65954195691	0.456969650507472	0.000923806399649475	-10.0801218390882	2.49878368592667e-09	1.9457671593213e-06	0.13036388310243
AT1G63650.1	334.315818669821	652.25578802659	16.3758493130507	0.0251064837041862	-5.31579620408696	1.47994453577975e-05	0.00274202380917947	0.121235900255978
AT1G65200.1	40.022755668685	79.1315720363551	0.913939301014944	0.0115496163856704	-6.43601125568161	8.09086939550568e-05	0.01198416057093	-0.0210513333579307
AT1G67040.1	624.144443523345	1179.96861378622	68.320273260466	0.0579000767158062	-4.11029093003275	0.000337559871584265	0.0408557475662884	0.0746238406760723
AT1G67160.1	24.0472958567498	48.0945917134997	0	0	-Inf	9.02894736938007e-05	0.0130198376510627	0.00696869524889684
AT1G69940.1.DE	7363.04726434729	14711.6222179996	14.4723106949664	0.000983733165555297	-9.98944533729293	6.90182706861868e-12	2.35127993660167e-08	0.000851388332553571
AT1G70440.1	61.6185007830357	123.237001566071	0	0	-Inf	6.07378536114895e-07	0.000194746995567945	0.378775457345372
AT1G70540.1	141.055483450272	280.58753409524	1.52343280530363	0.00542943866061608	-7.52498123643134	3.15750065575525e-07	0.000114739363829271	0.0297261756678003
AT1G70890.1	738.223955253862	65.9528190714181	1410.49509143631	21.3864261042265	4.41862350808226	0.000131670613107405	0.0179427544481461	-0.000716287838214491
AT1G72110.1	257.543667470941	514.554103364484	0.533231577398079	0.00103629836767693	-9.91434484573558	2.28667893628731e-09	1.88851962816892e-06	0.0186313695964856
AT1G74000.1	331.076695982741	655.755214947542	6.39817701794078	0.0097569594142726	-6.67935265750803	4.14851548786269e-07	0.000141329551382762	0.0500119002224551
AT1G74490.1	86.510598569669	170.507563106129	2.51363403320918	0.0147420676679581	-6.08391730407266	1.31247965967021e-05	0.0024669186651484	0.00579226902900511
AT1G74540.1	2911.12636447587	5811.6649612415	10.5877677102348	0.00182181316040163	-9.10040927633649	1.38137720879502e-10	1.98147654992103e-07	0.248851741874753
AT1G75940.1	21831.030761065	43621.3113498429	40.7501722870726	0.000934180358775927	-10.0640112668824	4.6585992567238e-12	1.81379234489644e-08	0.0252394752457252
AT1G76310.1	350.672440332853	690.529530996471	10.8153496692343	0.0156623999173897	-5.99655089900792	2.69080795379069e-06	0.000648984778518685	0.0221366866879388
AT1G76740.1	396.044040236922	771.142534655719	20.9455458181254	0.0271617047132236	-5.20228216143896	2.07589876473234e-05	0.00369781339438008	-0.000590601320654401
AT1G79250.1	235.599045914655	470.664860251913	0.533231577398079	0.00113293262877683	-9.78572221257643	3.53574820366949e-09	2.67675782063356e-06	0.0130125549968649
AT2G01430.1	30.2331258666234	59.5523124322319	0.913939301014944	0.0153468314442864	-6.02591536684903	0.000338790597709737	0.0408557475662884	0.0930668948530113
AT2G14610.1	909.234459140479	9.52999860896258	1808.938919672	189.815234387417	7.56845197609141	3.71625453754604e-06	0.000851115976187225	0.658110663781448
AT2G14710.1	36.4323916807065	72.8647833614131	0	0	-Inf	1.09840549581517e-05	0.00212239340936031	-0.0271941885551275
AT2G16270.1	590.258551199871	1111.50806415392	69.0090382458261	0.0620859537338185	-4.00958927834504	0.000390223636533564	0.0456196650501546	0.0454010620962954
AT2G16750.1	3138.43644468611	6053.02078051205	223.852108860166	0.0369818834227147	-4.75703748922358	4.26431215691441e-05	0.00675695136770612	0.235309996920921
AT2G17180.1	24.707235033486	49.414470066972	0	0	-Inf	8.29143934934831e-05	0.0121055008818689	-0.0227905765647209
AT2G18300.3	1480.92642905292	50.2897497517576	2911.56310835409	57.8957565453451	5.85538570501315	1.83049240861541e-06	0.000470643774569853	0.213150560764178
AT2G18340.1	124.435511902021	247.347590998738	1.52343280530363	0.00615907678402012	-7.343070170582	5.97525936193824e-07	0.000193868712678887	0.0103716095702865
AT2G18470.1	561.391231982069	1118.89792097941	3.8845429847316	0.00347175815764438	-8.17011783138407	7.73515460747672e-09	5.14180252858953e-06	0.34357049302947
AT2G19500.1	188.045413206025	376.09082641205	0	0	-Inf	2.27664599732028e-09	1.88851962816892e-06	0.304406214446509
AT2G21490.1	1430.07499594784	2854.97019997548	5.17979192019958	0.00181430682542468	-9.10636582764528	2.24248867984843e-10	2.60856611959754e-07	0.426751902413562
AT2G22960.1	94.4111401088843	185.013999159928	3.80828105784099	0.0205837454199835	-5.60235067075004	3.23547369504341e-05	0.00528021557393492	0.0363528737520741
AT2G23510.1	285.569311121891	570.681652593275	0.456969650507472	0.00080074354665324	-10.2863721134604	1.32218350558436e-09	1.24257894004125e-06	-0.00171425426853794
AT2G23770.1	270.231538186295	14.8841757403633	525.578900632227	35.3112533606377	5.14205612485163	2.30504966498386e-05	0.00400125765109078	0.317055554804395
AT2G24320.1	43.6444012504616	86.7555709235252	0.533231577398079	0.00614636699086588	-7.3460503738823	1.88844100347884e-05	0.00340844841780214	-0.00658278035372186
AT2G25735.1	102.981830568432	0	205.963661136863	Inf	Inf	5.07696965893593e-08	2.56089372672628e-05	0.10621669302566
AT2G25880.1	479.453892293783	940.018301241306	18.8894833462599	0.0200948038153258	-5.63703369727671	4.74416508727877e-06	0.00104272157490884	0.342637477104447
AT2G27120.1	139.541961207421	278.093721186937	0.990201227905551	0.00356067452252879	-8.13363371815353	1.56666880610815e-07	6.46939267298054e-05	0.121678134459049
AT2G30630.2	211.522109050062	409.105740893392	13.9384772067321	0.0340705979248635	-4.87532892341866	6.25132239714474e-05	0.00950788980561473	0.212524338060763
AT2G31985.1	137.173517027353	273.890064404199	0.456969650507472	0.00166844186736576	-9.22728286432357	5.16801772106646e-08	2.56089372672628e-05	-0.00644518828031711
AT2G32590.1	304.005799146298	596.586755119073	11.424843173523	0.0191503466603825	-5.70648568166167	6.25348969158376e-06	0.00127188513473451	-0.000243203743539676
AT2G33190.1.DE	31.3152774453324	62.6305548906647	0	0	-Inf	2.31965476213526e-05	0.00400125765109078	0.0480575865433761
AT2G33460.1	184.730264418994	357.730637956902	11.7298908810854	0.0327897295799935	-4.93061218603738	6.2795192082287e-05	0.00950788980561473	-0.00405477899603391
AT2G34270.1	19.3491555343906	38.6983110687812	0	0	-Inf	0.000252837329523909	0.0320503654829983	0.224325644448955
AT2G34700.1	55.6222044951812	111.244408990362	0	0	-Inf	1.10239331143957e-06	0.000306577829693612	0.0993702837815319
AT2G34825.1	194.77476571736	388.635592133704	0.913939301014944	0.0023516613493818	-8.73210396460004	2.61679056342545e-08	1.45546959215505e-05	0.0566228503208501
AT2G35215.1	40.1666709481809	80.3333418963619	0	0	-Inf	6.17896597255539e-06	0.00127188513473451	0.12559091387494
AT2G37370.1	109.716682342125	216.539022927424	2.89434175682605	0.0133663748810584	-6.22524794725046	7.448538543589e-06	0.00150372199605166	0.118604489967062
AT2G38790.1	518.034945511114	22.9979098903651	1013.07198113186	44.0506109451401	5.46109012314569	9.37727611530694e-06	0.00183862074278112	0.311817466700428
AT2G38920.1	46.9379584476379	93.8759168952757	0	0	-Inf	2.54923627234527e-06	0.000631608048786345	0.522376036284204
AT2G39060.1	94.1338820394901	187.734532501582	0.533231577398079	0.00284034892405096	-8.45971611546838	3.80796505893711e-07	0.000133054204764451	0.0810446759980236
AT2G41445.1	90.7673014043811	181.534602808762	0	0	-Inf	9.22354571177099e-08	4.23032089262062e-05	0.0705012685238276
AT2G42660.1	23.157252610281	46.314505220562	0	0	-Inf	0.0001138381392747	0.0155906766220737	-0.0356941387842915
AT2G44380.1	36.0044760306835	1.09757901912898	70.9113730422381	64.6070777651272	6.01362031704052	0.000135759729140212	0.0183168101880561	0.241723958708892
AT2G46720.1	1258.69608740142	2375.56100196666	141.831172836183	0.0597042857324078	-4.0660216940808	0.000313130149715584	0.0384416626141826	0.253765488732983
AT2G47040.1	13385.8745175726	26689.1047616677	82.6442734775044	0.00309655472581465	-8.33512034144413	8.80468953511951e-10	9.22934648423643e-07	0.116816992597621
AT3G02970.1	231.390328333023	459.353083331822	3.42757333422412	0.00746174012670806	-7.0662721690046	3.26224835582765e-07	0.000116985943012798	0.218386467697644
AT3G03430.1	628.665487589654	1255.8838043009	1.44717087841302	0.00115231271671555	-9.7612519935489	2.15847064281073e-10	2.60856611959754e-07	0.171409510757486
AT3G03510.1	40.9082326687224	81.8164653374448	0	0	-Inf	5.73108004997505e-06	0.00119232714261084	0.0412127687244137
AT3G04620.1	883.725964010639	1735.76609063914	31.6858373821415	0.0182546701154153	-5.77559059205943	2.64985431395389e-06	0.000644813656004457	0.0458370391449141
AT3G05960.1	754.255251291303	1506.9870697773	1.52343280530363	0.00101091299046697	-9.95012545519938	9.73523343723447e-11	1.47402251165771e-07	0.018200046239973
AT3G06840.1	302.566106584926	583.958483481892	21.1737296879611	0.036258964099145	-4.78551848119498	7.14604797285145e-05	0.0107601321244251	0.0686619022607949
AT3G07120.1	81.2807154226443	159.590827161572	2.97060368371665	0.0186138748482654	-5.74747777744708	2.92841391584663e-05	0.00486652395502951	0.00749018591266862
AT3G07250.1	110.198158742087	210.266121335283	10.1301961488912	0.0481779760075465	-4.37548240361242	0.000392467003124164	0.0456196650501546	0.000639806711906467
AT3G07830.1	1220.076847562	2439.1634938961	0.990201227905551	0.000405959350565669	-11.2663771045364	4.14432878185133e-12	1.81379234489644e-08	0.0490831731547899
AT3G08770.2.DE	19513.260603066	38943.0416629236	83.479543208284	0.00214363181825528	-8.86572714919794	1.59250818634197e-10	2.1701109055282e-07	0.258493782868461
AT3G11825.1	75.976455310907	151.952910621814	0	0	-Inf	2.00657140207434e-07	8.04222014590205e-05	0.328256916783664
AT3G15720.1.DE	105.526698529376	205.950468976279	5.1029280824728	0.0247774530829573	-5.33482829178091	5.06954492274962e-05	0.00785030552980785	0.100330091480925
AT3G16660.1.DE	778.398170289845	4.55356116412649	1552.24277941556	340.885457220674	8.41314324263144	2.41477841595001e-09	1.93565796906769e-06	-0.00119828372970384
AT3G17060.1.DE	602.837936274829	1197.14537113296	8.53050141669692	0.00712570220993611	-7.13275209156772	9.23727557712382e-08	4.23032089262062e-05	0.0242357756578297
AT3G18220.1	168.023090490353	334.599010102293	1.44717087841302	0.00432509013690924	-7.85305408515737	1.40372932286587e-07	5.97769358834161e-05	0.00662697707676241
AT3G18660.2	329.467259489721	624.431805589038	34.5027133904046	0.0552545739688219	-4.17776229415747	0.000380563905722419	0.0447064167524087	0.0983676523149108
AT3G19390.1	1398.53863313308	2789.00373449997	8.07353176618945	0.00289477266248154	-8.43233423233319	1.51726776315771e-09	1.37838718723667e-06	-0.000674796802940848
AT3G20530.1	427.904566480191	844.68813367275	11.1209992876329	0.0131658050401136	-6.24706045024639	9.73517774532618e-07	0.00027637763986575	0.0267669940384762
AT3G20580.1	725.835264643876	1443.59699752156	8.07353176618945	0.00559264931975508	-7.48225241393302	3.35451937920003e-08	1.82848142321435e-05	0.190622221930947
AT3G20865.1	2197.19737941595	4375.35275163187	19.0420072000411	0.00435210788271621	-7.84406996522214	4.92334108719471e-09	3.6265064321731e-06	0.20635521585301
AT3G20975.1	67.0247733348753	134.049546669751	0	0	-Inf	4.06718687771914e-07	0.00014031279894349	0.116498291859411
AT3G21980.1	61.4700192571083	122.940038514217	0	0	-Inf	6.37233497854727e-07	0.000200421698047052	0.167597977633524
AT3G22030.1	18.7669365337651	37.5338730675302	0	0	-Inf	0.000299093246431007	0.0368845580915415	0.0782980299431015
AT3G23130.1	60.6724597484333	121.344919496867	0	0	-Inf	7.33626808769689e-07	0.000227207557343285	-0.0156177857842746
AT3G23740.1	161.904160701779	308.575799083029	15.2325223205278	0.0493639564923532	-4.34039815948625	0.000368523792099695	0.0438591590824677	0.000430257055426288
AT3G26010.1	27.807199879896	55.614399759792	0	0	-Inf	4.61077843192495e-05	0.00718069459335329	0.00845176865050822
AT3G26050.1.DE	245.738175410964	477.460407866633	14.0159429552951	0.0293551941152995	-5.09024039303591	2.5359525530441e-05	0.00426920061427961	0.0534892857209185
AT3G26820.1	149.046214037378	292.836374227667	5.25605384709018	0.0179487738193475	-5.7999709008891	8.66988757438913e-06	0.00171223997066958	0.317345519240987
AT3G26880.1	23.3725931183305	46.7451862366609	0	0	-Inf	9.57117055350195e-05	0.0137290885402706	0.639671331468494
AT3G27809.1	73.351280135287	145.788620969559	0.913939301014944	0.00626893439924764	-7.31756405177397	3.91781368614829e-06	0.000889800785019046	0.00541895382073345
AT3G29060.1	156.02489261513	308.241504172419	3.80828105784099	0.0123548613872283	-6.33877736503115	3.09185102891514e-06	0.000726425068465977	0.0158957944901981
AT3G42520.1	50.0658569422414	99.1415126565773	0.990201227905551	0.00998775589934333	-6.64562372241781	2.35770023024222e-05	0.00404130579088186	0.513931604134507
AT3G42960.1	939.536805757836	1877.16947098675	1.90414052892049	0.00101436793978946	-9.9452032313096	6.94050801595866e-11	1.1126859145114e-07	0.168306355024532
AT3G43860.1	1074.71438174993	2134.95705471574	14.4717087841302	0.00677845427952043	-7.20482795783584	4.99792785032759e-06	0.00108105972724467	0.630153750866437
AT3G44860.1.DE	2833.77244526139	262.312543373811	5405.23234714897	20.6060765437595	4.36499793262719	0.00013250903514394	0.0179671703672285	0.0641880112780111
AT3G45320.1	35.5983462223712	71.1966924447425	0	0	-Inf	1.12201934178318e-05	0.00213842763223489	0.385965757098424
AT3G45480.1	30.3957070754971	60.7914141509943	0	0	-Inf	2.65494958374217e-05	0.00443914085615394	0.136306586881941
AT3G50840.1	523.051187585113	39.6621721236661	1006.44020304656	25.375317315161	4.66535395801855	7.78610612824618e-05	0.0116594800230341	0.20165835371938
AT3G51300.1	368.225894514821	711.162924843769	25.288864185873	0.035559874260077	-4.81360596697611	4.53812858171659e-05	0.00710816990609793	0.0848416082543421
AT3G51590.1	5966.15542492016	11927.1310579201	5.17979192019958	0.000434286493126104	-11.1690652957491	3.09461011091399e-13	4.17026281034625e-09	0.0176834661608853
AT3G51690.1	23.8715703306718	47.2861710108361	0.456969650507472	0.00966391739358115	-6.69317616199208	0.000380187771221395	0.0447064167524087	-0.0212603901221779
AT3G52310.1	236.573241468847	23.2870682068305	449.859414730863	19.3179927475332	4.27187329239322	0.000296676878490657	0.0367528711199289	0.0847871917430072
AT3G52600.1	960.816278955395	1909.82640510281	11.806152807976	0.00618179368367274	-7.33775877936747	3.4984343466742e-08	1.83358326315882e-05	0.1471333713602
AT3G52620.1	181.111799101764	361.766628553021	0.456969650507472	0.00126316142629086	-9.62874526388374	1.20115558559583e-08	7.44006689314288e-06	0.084876656219697
AT3G57240.1	303.186889776014	9.29989453922994	597.073885012798	64.2022210568248	6.00455130270597	2.14504845825118e-06	0.00053634083193741	0.208767959690021
AT3G57860.1	199.772948536865	390.710949860306	8.83494721342318	0.0226124894031816	-5.4667363630136	1.82085829567828e-05	0.00330837813269439	-0.00382995361602408
AT3G58440.1	33.6736805712009	67.3473611424018	0	0	-Inf	1.57539128951306e-05	0.00288159155734155	0.0844568308932172
AT3G62170.1	8823.57633672112	17618.2086539631	28.9440194790966	0.00164284690047565	-9.24958624516297	6.4189613885045e-11	1.09338983551438e-07	0.100274874164009
AT4G00870.1	1888.10607706952	3683.20649108863	93.005663050412	0.025251275831381	-5.30749990729222	8.19786567504391e-06	0.00163083672341348	0.0765255253363934
AT4G02060.1	846.401570699723	1615.19095127505	77.6121901243966	0.0480514022587414	-4.37927765675253	0.00018279465476346	0.0237232643853492	0.292665316487326
AT4G03220.1	64.5403264884055	127.100250521	1.9804024558111	0.0155814205534071	-6.00402942030774	3.09917062033904e-05	0.00511907855071031	0.0319658415213759
AT4G03620.1	153.234392294142	303.726966685239	2.74181790304483	0.0090272455322884	-6.79149843683571	1.2658843238405e-06	0.00034500411361949	0.120674875701066
AT4G08300.1	878.509352226944	93.4591535317647	1663.55955092212	17.79985681506	4.15379373085243	0.000221047229619914	0.0281515009161735	0.265581578003017
AT4G10240.1	40.4705928263296	80.9411856526592	0	0	-Inf	6.22284932069237e-06	0.00127188513473451	-0.0142862301592716
AT4G10500.1	676.70751757084	3.64875435597447	1349.76628078571	369.92522628321	8.53108987518597	4.36217761659277e-06	0.000966559258232677	0.761777442651576
AT4G10595.1	22.8385671704492	45.6771343408983	0	0	-Inf	0.000110012658719814	0.0153758205166657	0.384605704542773
AT4G10640.1	67.0991760688939	130.237547226166	3.9608049116222	0.0304121583673871	-5.0392079809224	0.000161710314080451	0.0213549240533906	0.09937795455736
AT4G11320.1.DE	4227.66796574529	8342.15396291016	113.181968580434	0.0135674753886885	-6.2037038981314	7.55732468090056e-07	0.000231423962756476	0.293060923460178
AT4G12320.1	3160.15566609751	50.207281298857	6270.10405089615	124.884357182648	6.96444896833497	5.57479837717839e-08	2.7131349102075e-05	0.431359972338202
AT4G12860.1	87.0377704136967	174.075540827393	0	0	-Inf	9.96693630558115e-08	4.38127229148885e-05	0.213373172713411
AT4G12920.1	107.558322775632	215.116645551265	0	0	-Inf	3.44875704527716e-08	1.83358326315882e-05	0.0323619117948199
AT4G14310.2	636.772463032695	1225.33252124893	48.2124048164649	0.039346384740792	-4.66762510692992	8.27385352212462e-05	0.0121055008818689	0.0786338347918538
AT4G14400.1.DE	30221.9488363027	961.616976713178	59482.2806958922	61.8565209811536	5.95085378857349	1.06240802460452e-06	0.000298503796933728	0.359758656269185
AT4G14785.1	58.6296856037974	117.259371207595	0	0	-Inf	7.99070720760038e-07	0.000236716015473849	0.316222534379452
AT4G15210.1.DE	8613.10848829997	16229.5846473298	996.632329270178	0.061408369402365	-4.02542089456318	0.000393359554075964	0.0456196650501546	0.116789594576332
AT4G15650.1	41.7757076181187	83.5514152362375	0	0	-Inf	5.51628282149754e-06	0.00116213388587021	0.00880752040412249
AT4G15980.1	384.62574502457	769.25149004914	0	0	-Inf	1.39690364706918e-08	8.27635043417901e-06	0.622853006790704
AT4G16260.1.DE	327.452095620619	3.0035787409215	651.900612500316	217.04129264822	7.76182573489391	3.48103424136456e-05	0.00561373415468341	0.818331689428449
AT4G18190.1	795.36819210885	1590.2031526403	0.533231577398079	0.000335322928087977	-11.5421612471248	9.09630601666269e-12	2.47910724178125e-08	0.168798944247534
AT4G19370.1.DE	236.325463618401	26.0605428780194	446.590384358782	17.1366493188235	4.09901314578022	0.000431549297245785	0.0492110650507809	0.331832930732325
AT4G19620.1	124.530409254777	249.060818509553	0	0	-Inf	1.62329608109081e-08	9.41304497745724e-06	0.0169455506128436
AT4G19630.1	26.9319459644164	53.3306603514348	0.533231577398079	0.00999859318981287	-6.6440591638604	0.000203413899777994	0.0260274292232369	0.186498214500529
AT4G20160.1.DE	134.941057633852	267.749188958112	2.13292630959232	0.00796613546390984	-6.97190427176274	8.35189301146379e-07	0.000244397211227521	-0.00604120895322105
AT4G20860.1	113.164663041573	3.45598214499751	222.873343938148	64.4891479722355	6.01098450373565	1.04849433611646e-05	0.00204111890260843	0.100099498916687
AT4G21630.1	384.718211269313	763.571477098083	5.8649454405427	0.00768093834886571	-7.02450171478848	1.59650375457357e-07	6.49419601897734e-05	0.00089702487435291
AT4G22690.1.DE	5620.13552513313	577.126641471042	10663.1444087952	18.4762643804068	4.20760119013439	0.000199456413659531	0.0256414391409286	0.45043626779921
AT4G23140.2	1987.22089961145	38.3935432815372	3936.04825594136	102.518494505146	6.67974038754428	1.4968450303234e-07	6.27615607022059e-05	0.303492297120934
AT4G26330.1	19.8271836941384	39.6543673882768	0	0	-Inf	0.000267421475623532	0.033432591269008	0.539396569155768
AT4G26440.1	71.8472076416105	143.237445632714	0.456969650507472	0.00319029460829135	-8.29209462860435	1.49035645618786e-06	0.00039435121220334	0.00303093528496333
AT4G26660.1	656.997329031524	1292.7446664482	21.2499916148517	0.0164378876713805	-5.92683127042786	2.05949310265765e-06	0.000519716898331775	0.270153773901269
AT4G27570.1	767.520061362572	1526.50962130845	8.53050141669692	0.00558823953522481	-7.48339042267018	2.55408652084136e-08	1.45018904247939e-05	0.450082727126086
AT4G28395.1	3284.89056635012	6567.26749866703	2.51363403320918	0.000382751887861942	-11.3513028859463	4.59044119433432e-13	4.17026281034625e-09	0.00260564682521603
AT4G29340.1	804.177400753713	1605.30793589682	3.04686561060726	0.00189799448596453	-9.04130848360085	4.76721276084859e-10	5.1970246633667e-07	0.0902318087754772
AT4G29700.1.DE	1984.77168062893	3834.95947911964	134.58388213823	0.0350939515452522	-4.83263378681177	4.14527394999265e-05	0.00660674246977191	0.00818768448388773
AT4G30130.1	851.928009958414	1606.73642619018	97.1195937266516	0.0604452554529665	-4.04822708773805	0.000290072493378412	0.0360987933083801	0.0253179086922212
AT4G31610.1	374.694814978217	746.875995923225	2.51363403320918	0.00336553061944646	-8.2149503023544	1.08813411177007e-08	6.89674583306548e-06	0.00642270816500378
AT4G32280.1.DE	377.332079309656	11.8884017348311	742.77575688448	62.4790256463379	5.96530004986922	2.64099519279058e-06	0.000644813656004457	0.385890535403797
AT4G33800.1	41.6497943892638	83.2995887785277	0	0	-Inf	5.32198401121447e-06	0.00113316681438781	-0.00727374114935841
AT4G34160.1	775.391145712384	1479.03444483008	71.7478465946901	0.0485099227036142	-4.36557630905051	0.000166057623906492	0.021758338855517	0.0102565270844305
AT4G34850.1	2529.83331854854	5056.08653990908	3.58009718800534	0.000708076722925261	-10.4638066890338	3.93906863084088e-12	1.81379234489644e-08	0.188432048614587
AT4G36180.1	1543.49580207069	2981.26645089282	105.725153248567	0.035463168083116	-4.81753476539262	4.45809685736138e-05	0.00702317755783394	0.454941285608943
AT4G36350.1	417.635983802834	834.814997955161	0.456969650507472	0.000547390321959712	-10.8351424519422	1.96783239696812e-10	2.55387162604615e-07	0.106568352060707
AT4G38660.1.DE	1746.92262481644	3372.1351872791	121.710062353786	0.0360928775373299	-4.79214202178635	5.27272687293661e-05	0.00811880780762793	0.146873133588236
AT4G39590.1	48.0720491857332	95.6108667940684	0.533231577398079	0.0055771022194222	-7.48626857113342	1.10581883073737e-05	0.00212239340936031	0.0984400407601669
AT5G01660.1	130.758610740519	249.177235184828	12.3399862962103	0.0495229280759016	-4.33575957240152	0.000334393327516876	0.04068551673279	0.274566207849227
AT5G01910.1	188.761073339566	372.342956669769	5.1791900093634	0.01390973003944	-6.16776176950209	3.14353152452815e-06	0.000732254770679403	0.191509305857109
AT5G12000.1	746.118675156651	1481.1169529365	11.1203973767967	0.00750811565200782	-7.05733341162528	9.36084843068689e-08	4.23032089262062e-05	0.134533747578412
AT5G12330.4	57.4441727924128	112.222187697835	2.66615788699039	0.0237578498662776	-5.39545191456291	0.000108651354813107	0.0153429224045411	0.208537584081461
AT5G13060.1	221.268593894189	425.856892678601	16.680295109777	0.0391687803967653	-4.6741519821634	0.000113570221614501	0.0155906766220737	-0.000500097486764831
AT5G13220.1	597.42400796662	1139.78106635916	55.0669495740769	0.0483136202200472	-4.37142622941159	0.000169437332599573	0.0220949524529606	0.131583933412328
AT5G13670.1	145.440408406361	290.880816812721	0	0	-Inf	7.44031708961283e-09	5.0694600490077e-06	-0.00403920450389142
AT5G15380.1	25.9867250696034	51.9734501392068	0	0	-Inf	5.91500022283603e-05	0.00905659640860523	0.15288309372087
AT5G15960.1	5451.84059129457	10788.4413458043	115.239836784808	0.0106817873955096	-6.54870311476422	2.20939696922149e-07	8.60212928559465e-05	0.0083035690099835
AT5G17340.1.DE	437.810461577364	875.620923154727	0	0	-Inf	3.28177589640616e-11	5.96276801871024e-08	0.040217894938768
AT5G18330.1	31.7047242349809	63.4094484699619	0	0	-Inf	2.10042124439708e-05	0.00371720003862325	0.230116723875072
AT5G23010.1.DE	5937.17797078072	266.012547241129	11608.3433943203	43.6383302769468	5.44752399610769	4.87569862018576e-06	0.00106305832155634	0.080449137599132
AT5G23270.1	309.61792512102	605.525556905144	13.7102933368965	0.0226419730439953	-5.46485650824979	1.20010025742047e-05	0.00227135641775955	0.374240389902845
AT5G23910.1	536.387938789669	1045.50841667016	27.2674609091756	0.0260805752248458	-5.26088050023332	1.48902738591973e-05	0.00274202380917947	0.00294420914616605
AT5G25090.1	596.200503556025	1187.98323254992	4.41777456212967	0.00371871794237974	-8.07097895821307	6.72798548772461e-09	4.70165426878068e-06	0.381784192577746
AT5G25340.1	169.944033021573	331.967058130738	7.92100791240823	0.02386082509816	-5.38921225803906	2.53764768295772e-05	0.00426920061427961	0.0017705279293095
AT5G26730.1	2292.38618661897	4583.85843393694	0.913939301014944	0.000199382095714066	-12.2921765163743	2.09910115085022e-13	4.17026281034625e-09	0.420049036231493
AT5G29560.1	59.5958297818979	118.734689913288	0.456969650507472	0.00384866167453838	-8.02142743136703	3.69272741499907e-06	0.000851115976187225	0.0336599789912935
AT5G35090.1	66.5163721426658	133.032744285332	0	0	-Inf	4.60212197151778e-07	0.000152958819770421	-0.00582746851931133
AT5G36150.1	154.042186001003	308.084372002007	0	0	-Inf	6.20753066358734e-09	4.45210633435288e-06	0.251666246197465
AT5G38435.1	172.411170248059	343.908401195103	0.913939301014944	0.00265750792315322	-8.55571029161622	4.71033965412754e-08	2.42218107421872e-05	0.113893405012826
AT5G39670.1.DE	295.022972730372	29.2942256886735	560.75171977207	19.1420563810595	4.25867391799223	0.000258321846562591	0.0325939981769299	0.00672882096745852
AT5G40730.1	488.281400855714	961.862307146627	14.700494564802	0.0152833669180896	-6.03189378639149	1.64445338077334e-06	0.000430941658073045	0.0498641124615864
AT5G43300.1	234.943407266651	465.621563824954	4.26525070834846	0.00916033757824828	-6.77038351892822	6.39784535484461e-07	0.000200421698047052	0.0253582468869926
AT5G44568.1.DE	240.802160735605	17.828700234552	463.775621236657	26.0128677433176	4.701153550339	0.000142605668766351	0.019085125837436	0.497191025679013
AT5G44630.1.DE	1887.71703893609	3772.38721226158	3.04686561060726	0.000807675734003094	-10.2739361841501	9.00818963637554e-12	2.47910724178125e-08	0.25359562696646
AT5G45380.1	3679.59750170772	211.263930612543	7147.93107280289	33.8341289593451	5.08040734253906	8.30604192011994e-05	0.0121055008818689	0.536650241845852
AT5G46970.1.DE	76.3993315916166	152.798663183233	0	0	-Inf	3.04212256170235e-07	0.00011204055175221	0.52831262370077
AT5G47740.2	65.0332487015829	130.066497403166	0	0	-Inf	5.04359661605978e-07	0.00016561226767963	-0.0118151476261958
AT5G50040.1	176.180248381209	350.303832379717	2.05666438270171	0.00587108730364205	-7.41215657480044	1.4388244940759e-06	0.000384448262368085	0.542514755050677
AT5G50080.1	54.7725495660674	109.545099132135	0	0	-Inf	1.35591789043993e-06	0.000365883031545047	0.114743130605324
AT5G50790.1	2050.57776400778	4097.27098503082	3.8845429847316	0.000948080563605283	-10.0427027215067	1.73487375781994e-11	3.9401874496354e-08	0.000231005561265137
AT5G52330.1	108.726558422138	214.939482811066	2.51363403320918	0.0116946128293176	-6.4180120902451	3.96486788809723e-06	0.000893045532414892	0.24392323703942
AT5G52340.1	205.230452653938	395.227179165677	15.2337261422001	0.0385442270806336	-4.69734139152315	0.000102593649895225	0.0145629548658565	-0.00257878411753401
AT5G53190.1	841.654404354708	1680.79517467621	2.51363403320918	0.00149550288523015	-9.38515359085262	2.2971155379152e-10	2.60856611959754e-07	0.0222431192571623
AT5G53680.1	18.4591122879218	36.9182245758436	0	0	-Inf	0.000332393432577351	0.0406235453428839	-0.0293733590968593
AT5G57200.1	93.3121817936695	185.710424286324	0.913939301014944	0.00492131394630736	-7.6667407311419	1.13632284549036e-06	0.000312821644757518	-0.004177227440208
AT5G60090.1	111.273961883035	222.014692188672	0.533231577398079	0.00240178508972248	-8.70167721932326	1.37170800536399e-07	5.93405237749051e-05	0.267234041041132
AT5G61160.1.DE	52.5622983286233	0.548789509564491	104.575807147682	190.557226997053	7.57408051403656	2.21078672527995e-05	0.00388727622005031	0.609187691019583
AT5G61620.1	58.9297051142514	117.859410228503	0	0	-Inf	8.42934536412525e-07	0.000244397211227521	-0.00277049012800828
AT5G62065.1	101.961561136031	203.466152621555	0.456969650507472	0.00224592466422378	-8.79847474889756	2.20448733261191e-07	8.60212928559465e-05	0.143595486141876
AT5G62080.1	2029.86177320459	4056.29597307495	3.42757333422412	0.000845000798012722	-10.2087596756831	1.03523926978041e-11	2.56494645987231e-08	0.362133078385628
AT5G62210.1	2281.70241310705	4481.29980342237	82.1050227917446	0.018321698255725	-5.77030295535953	2.95348971462301e-06	0.000699951379846395	0.131676200936298
AT5G63920.1	353.953321702618	675.001217103681	32.905426301555	0.0487486918064337	-4.358492685778	0.000195692504789371	0.0252767939598555	0.272089704136128
AT5G64770.1.DE	2184.19053176308	120.662412023058	4247.7186515031	35.2033295231275	5.13763997998122	1.36565691614557e-05	0.00254928860223503	0.0891365422509674
AT5G65350.1.DE	118.485230572511	225.240570263937	11.7298908810854	0.0520771673919149	-4.26320521094812	0.00042907314874852	0.0491342840167738	0.174961188551941
AT5G66830.1	37.0511481696045	73.0358331844129	1.06646315479616	0.0146019167345346	-6.09769843149769	0.000110816172976146	0.0154091019300606	0.24401437380989
