logFC	logCPM	pvalue	padj	dispersion
AT1G02800.1	-8.11115576456593	4.36804476751753	6.33092335347089e-11	3.67260904749753e-08	0.361707980331998
AT1G04610.1	-9.04631250908902	-0.0785971379043504	0.000303194839261152	0.0308455495987139	0.876222614391108
AT1G05450.2	-8.32545209250797	2.27616326494866	4.71070807590711e-07	0.000115709419540187	0.563763853582683
AT1G05550.3	-4.12775902712603	2.53659032681607	0.000384932759864898	0.0381643334462416	0.463226862058817
AT1G07330.1	-7.22316501183254	2.64688144313978	3.01810006319062e-07	7.76306587008417e-05	0.482270948912337
AT1G07340.1	-9.69248426905404	4.17748786407162	2.2626313995535e-15	2.93764976708696e-12	0.286208653003398
AT1G08930.1.DE	4.84317543655281	6.29618503466055	1.27984741265605e-07	3.75215480710401e-05	0.282756275444273
AT1G09380.1.DE	-9.96651144128211	3.09691657988354	1.11453635675752e-10	6.20159872795792e-08	0.413816571700953
AT1G11770.1	-9.02714767489293	3.54916931578949	1.25572382510813e-10	6.84746201831464e-08	0.402488493093096
AT1G13130.1	-5.80063912025405	3.05966174997035	2.11607297650328e-06	0.000433794960183172	0.438890222532669
AT1G14440.1	-3.99172381572639	4.50363100701212	2.18506415783786e-06	0.000441302031581105	0.25747207753156
AT1G14890.1	-3.21938498349105	4.46510957007911	0.000153369323308124	0.0170678146938613	0.281536485106871
AT1G15125.1.DE	8.42532535116003	7.58650410837055	1.40491861081666e-10	7.51080508312085e-08	0.415457300654959
AT1G15570.1	-5.32929748640585	3.81344008959765	1.89829049113096e-06	0.000398129924928351	0.390189335418358
AT1G16630.1.DE	-5.86605594743433	3.82829026709932	2.74784796239558e-08	9.13659447496531e-06	0.329422152933835
AT1G18250.2	-7.08729576203778	5.52435229743523	5.15943164960406e-11	3.12604230947677e-08	0.313657436430083
AT1G19230.2	-6.76748676361571	2.74947204077264	9.2156140641569e-07	0.000211145981058183	0.488359567592808
AT1G19830.1	-5.42331877643675	3.02474950545018	8.57583640190081e-05	0.0105800986198111	0.574944676660327
AT1G20120.1	-6.12821155308662	6.17390401093808	4.64626822286096e-11	2.94605821154195e-08	0.258230843679003
AT1G20135.1	-11.9528805331542	2.75785720181329	5.07242140102872e-10	2.4263082368254e-07	0.465254653255789
AT1G21130.1	9.26613326650359	7.32807771785106	2.6772659400026e-15	3.17372416757265e-12	0.309492502297117
AT1G22110.1	-6.69299299960556	2.3464174125222	2.10169512835307e-06	0.000433794960183172	0.50807374315019
AT1G22350.1.DE	4.32733385485431	3.60491535625821	1.49786127283839e-05	0.00246019202433366	0.344034672910056
AT1G22690.1	4.40303146790734	4.36407538364192	2.05878984688784e-06	0.000428495459354175	0.298644199154476
AT1G23670.2	-9.8201946087352	3.80119285460588	7.76197717017118e-13	6.41303962256719e-10	0.349164275802779
AT1G24020.1	-6.09520032912662	9.14041054765248	2.87016809480272e-09	1.16798706126561e-06	0.31543769050716
AT1G24145.1	5.91121254309238	3.4250351325389	6.3273852692656e-07	0.000151329964356602	0.407738844278631
AT1G24220.1	-9.68105509692201	0.527586091359008	5.82500414894724e-05	0.00774725551809983	0.799739044934045
AT1G24230.1	-8.92623385277766	-0.190265541662594	0.000457790885104717	0.0439495369097892	0.909035647908016
AT1G24620.1	-8.91314621976039	2.88217394552505	1.57756418610283e-09	6.82734722763391e-07	0.430673165353118
AT1G26450.1	-3.91715522753538	3.44018186941971	0.000170486362109945	0.0185932426517106	0.390068527915346
AT1G26770.2.DE	-3.28872052381077	4.60042430200005	0.000222005231212481	0.0230151050532635	0.305872974758647
AT1G27045.1	-5.64350255391152	4.63461983267234	2.15305693332297e-09	9.03124573646936e-07	0.273753661924324
AT1G28710.1	-4.73688950106177	4.60031802015571	4.65137205564772e-08	1.49199598937924e-05	0.253007606435751
AT1G29140.1	-9.01691644365108	5.75436582796887	2.60076818154513e-16	5.45461111306369e-13	0.271053302890247
AT1G32300.1	-9.397863873759	0.256498962892374	0.000134743161701731	0.0151184045423773	0.842000639242034
AT1G49290.1.DE	-6.10939611532582	1.96764496362623	2.19474050230666e-05	0.00341940570259378	0.558067298479679
AT1G50310.1	-8.29009231707378	5.85313381775104	7.75433701099736e-16	1.17456665891579e-12	0.254466727497172
AT1G51800.1.DE	3.74940592340723	3.49923454547387	8.83627210002079e-05	0.0108522954417598	0.333504085634564
AT1G52200.1	5.18095406467441	2.25030358752722	8.30840168380961e-05	0.0103437704068068	0.532144149725835
AT1G53860.1	-6.62845239850852	2.06109157885909	1.19803135216179e-05	0.00202884005072617	0.580937537889873
AT1G54000.1	-4.33561377977311	2.49332890226413	0.000506939957224352	0.0471730987499043	0.525643402572482
AT1G56010.2	4.45934059195077	3.23872993653529	0.000108438306481347	0.0126349163513416	0.44696905337891
AT1G56680.1	-10.0383956732145	0.873850632467707	1.81214279485804e-05	0.0028725624012677	0.749054152847504
AT1G61070.1	-12.0678593818265	5.18692684539891	1.40227446756071e-19	7.64660267160853e-16	0.270295613525327
AT1G61566.1	-8.45646140407034	6.48350050870922	4.84684742404662e-15	5.50622062569296e-12	0.279614297733032
AT1G61590.1	-9.62116525159094	2.72937820399169	3.46333205012815e-09	1.3685180919818e-06	0.47016732720799
AT1G62180.1.DE	3.0826483064341	8.55543787671461	0.000205673224784745	0.0217351956347135	0.273827402840175
AT1G63100.1	-6.19648726973398	3.88646883426327	1.35227185282644e-08	4.70315287495677e-06	0.340330681797887
AT1G64030.1	-8.2864528947546	1.44381149548993	7.67669402668415e-06	0.00135912378336067	0.666973692628894
AT1G64400.1	2.94775897044265	5.49504783684919	0.000207920125287878	0.0218878077836833	0.253236840726098
AT1G64800.1	-7.97768549954923	1.10866132429138	3.01958712938234e-05	0.00452357379574778	0.719345073423856
AT1G68750.1	-8.44159605271417	3.61060768510112	1.48937164488529e-11	1.04122353584096e-08	0.341040860571523
AT1G68875.1	-10.8691342035939	7.28649011311255	1.18453459654888e-19	7.64660267160853e-16	0.280355086166027
AT1G69500.1	-6.70527787032758	5.67911381137345	4.25455057898183e-12	3.31429490102684e-09	0.262738757511755
AT1G69720.1.DE	3.21055486424937	4.18534341410653	0.000150494243059945	0.0168164981025795	0.278940541388815
AT1G69940.1.DE	-9.99596889972011	7.66100474731171	4.81011773937702e-19	1.88754401138028e-15	0.266874664394887
AT1G71690.1	-8.86343781694447	-0.25139099942172	0.000497424976949347	0.0466058144210445	0.90782801280414
AT1G72250.2	-4.47289512910393	4.3735511297319	2.82401243134118e-07	7.33301894671592e-05	0.261920348569749
AT1G74550.1	-8.27492307381217	6.00979585067612	2.26316980642696e-14	2.12776981973211e-11	0.284667368943712
AT1G74810.1	5.50828860843818	3.0066847952465	5.76634754152249e-06	0.00109180184527507	0.444290378955001
AT1G75160.1	-11.5978751560539	2.4059723717994	8.20403832459064e-09	2.94319874894689e-06	0.519412056131684
AT1G75910.1	-10.8170325034228	8.4932867273462	8.38356042826558e-20	7.61925916922203e-16	0.283204335018809
AT1G76530.1	3.64072174059722	4.00298997660953	2.63700197909451e-05	0.00401664016536379	0.279167773312134
AT1G78430.1	-4.87587251725503	3.61398952866559	8.24342510500336e-07	0.000190472021599929	0.319796188059532
AT1G79360.1	-4.91369616810764	2.87831322553678	2.19132317321132e-05	0.00341940570259378	0.430481687722951
AT2G02100.1	-5.60336281779921	7.22362534914765	2.72040804456956e-07	7.20115779953291e-05	0.36940050888863
AT2G04070.1	10.368592562173	1.19585595209522	6.05119103921252e-06	0.00112779002604712	0.710449619202341
AT2G06200.1	-5.9163463935001	2.12228570052224	2.46280716860097e-05	0.00377238412651154	0.549874890948102
AT2G06950.1	-4.44520092658339	6.63321517961421	2.55153786404291e-07	6.82036077089509e-05	0.260588576512177
AT2G11570.1	-9.29363202598173	0.156125015395764	0.000175194054014911	0.0188408893730751	0.853358187050012
AT2G13116.1	-8.89509737282476	-0.219634166647629	0.000487999698839525	0.0460391411379227	0.910592881780226
AT2G14900.1	-5.19915550896735	3.37963202141231	1.39484085664493e-05	0.0023189229241722	0.449468478537039
AT2G15535.1	-10.7828343590506	1.60182052973298	1.07843530038211e-06	0.000241012610368183	0.651786456705726
AT2G16535.1	-11.3848952349344	2.19534910645159	4.82747917737708e-08	1.53047929966496e-05	0.565865342886253
AT2G16570.1	-5.20798687526285	2.4111457728487	4.69167230165751e-05	0.00642806257812522	0.502107431936677
AT2G16580.1	-5.83542347236912	1.6892530497543	9.61048672185461e-05	0.011566906727243	0.61300615977062
AT2G16592.1	-9.84687565955714	0.688824069914063	4.34449266276806e-05	0.00606763652645022	0.798884691467601
AT2G16760.1	-7.90578357742834	3.36135655658749	2.76230522980171e-10	1.42102362434988e-07	0.362632242275857
AT2G17620.1	-7.37804186572903	1.85971748168917	1.10670932803687e-05	0.00188590186430784	0.642232214042631
AT2G17890.1	-6.48055913051829	1.68952965854964	2.81945409025419e-05	0.00427068976504336	0.607695202972324
AT2G18150.1	-9.44684995425169	0.302861428519529	0.000115309183373004	0.0132114380760697	0.833166772768723
AT2G19070.1	-10.8800513538163	6.07796776779044	1.49281528265288e-18	5.08770108519133e-15	0.286126917271798
AT2G21720.1	-10.317877077328	1.14587147375507	6.30383519326775e-06	0.00115642095960038	0.706433185839083
AT2G24450.1	-6.51615931623858	4.20783945167696	1.34461395080946e-08	4.70315287495677e-06	0.366652815019306
AT2G24600.3	3.06606180070352	4.32583606082137	0.000210697773672835	0.022010248272758	0.269802922579618
AT2G25210.1	-3.16113543794563	5.78340584349337	0.000115324491549774	0.0132114380760697	0.264382162392569
AT2G25510.1	3.82452690303739	10.177266441031	9.92838502102486e-06	0.00171327479492559	0.278329562802556
AT2G27660.1	4.29810073406009	2.40320559482393	0.00052409663205984	0.0486037233779304	0.517350709481733
AT2G27880.1	-9.99644894083688	4.48035032400709	5.91984583751545e-16	9.9587855477377e-13	0.287348453456612
AT2G29550.1.DE	-3.47757001313917	7.25443157810197	0.000101526986084643	0.0119316089465422	0.305798331133132
AT2G29770.1	-8.86687456617773	-0.247122184344228	0.000462921540072318	0.0442861606669185	0.896639693838913
AT2G29780.1	-9.32508670578185	0.187080499760366	0.00016434293587998	0.0180677828498695	0.852633960753419
AT2G31780.1	-9.07663694633554	-0.0495652573038803	0.000284612904791931	0.029063561232779	0.872060963796028
AT2G31880.1.DE	3.42934708726775	7.02781934577477	6.23925949492275e-05	0.00813939761383104	0.282150888575891
AT2G32530.1	-3.80208569042187	3.09297889563811	0.000255280187046441	0.0262649596219669	0.390588308651056
AT2G32680.1	7.51506008253109	6.22321863704046	5.60822603919953e-12	4.13265629618311e-09	0.309202884246142
AT2G32870.1	7.97897922267696	6.22029072852532	8.98444058510828e-10	4.08267954254962e-07	0.42096956097968
AT2G33100.1.DE	-5.12803765179675	2.92101098995996	3.85297428930522e-05	0.00555827216920142	0.482078503709336
AT2G33190.1.DE	-8.99395592169035	-0.12718368895566	0.000350597191706333	0.0350246469590179	0.884770939171505
AT2G34190.1	-5.1100155184242	3.94995443118567	7.58775894935446e-08	2.29866941949055e-05	0.291410488455208
AT2G36270.1	-3.43388018336241	4.09370742629394	0.000441871250402672	0.0428452278106338	0.360901598789995
AT2G37010.1	-11.6074852843364	2.41537303295826	6.87740386751194e-09	2.56866323900977e-06	0.514254122732372
AT2G38160.1	-5.57238104406483	2.5141710918413	9.90052234380736e-06	0.00171327479492559	0.467482089045358
AT2G38790.1	5.42908989442015	3.8166187375335	5.29415227081713e-08	1.64028479163442e-05	0.307757165788166
AT2G39030.1.DE	4.05635886683786	2.71881441191971	0.00043360491444754	0.0423108834775576	0.463800061028114
AT2G39250.1	5.36219908875256	2.82928506195554	5.01230083018475e-06	0.000962397057288642	0.423097341967296
AT2G39855.1	-9.45719910048488	0.312560241397953	0.000113147497966267	0.0130718920849587	0.832527284369844
AT2G41905.1	-5.08906783933937	5.76537221357161	7.28214488573222e-09	2.68307676093904e-06	0.25428200707897
AT2G41990.1	-5.98676470677799	3.18901575256869	1.7920999557577e-07	5.14332687302459e-05	0.380920037521282
AT2G42110.1	-6.60403542403913	2.22970885012217	3.93105401399265e-05	0.00564001829820307	0.658758826107286
AT2G46880.1	-10.5487076792012	1.37199402067182	2.68559503816299e-06	0.00053059962837329	0.678528443926642
AT2G46950.1	-5.8193708690374	2.3257320337495	4.8627431098357e-05	0.00653116703890002	0.590293295508176
AT3G01240.1	-8.52661355850663	6.36842324547456	6.05172976071746e-16	9.9587855477377e-13	0.263492339617073
AT3G03130.1	-6.62134938610007	3.9346272801967	1.07057277401118e-09	4.78510929236308e-07	0.323823187444712
AT3G03650.1	-7.69766581880536	3.50981605015809	8.4398103594354e-10	3.90019371949163e-07	0.373897623884467
AT3G04210.1	4.36123762640949	7.49660269060753	6.50395559388019e-07	0.00015420030371056	0.271579883182263
AT3G04720.1	6.05764062758209	4.40854526614422	2.25660566603298e-09	9.322174770362e-07	0.301069004517542
AT3G05400.1	-3.82757821610203	4.46799918581351	6.95487984170513e-06	0.00125579337009331	0.266568604809384
AT3G05980.1	-7.5225995202054	2.40048162195722	3.40199018304777e-07	8.58845021674051e-05	0.502224101659962
AT3G06830.1	-3.53015129885231	3.81663658941586	7.51681956654119e-05	0.0095323760689184	0.299121392595968
AT3G08770.2.DE	-8.86786664261023	9.06916456719439	6.20940232208109e-16	9.9587855477377e-13	0.283454499902164
AT3G09930.1	-8.68077587808598	1.82963805614774	1.28279317659329e-06	0.000277582190157271	0.609812386416225
AT3G10310.1	-5.78361506906625	3.4718809810659	1.41812258101963e-06	0.000302071188839846	0.423998959988935
AT3G11160.1	-7.41419438168923	0.562587203037256	0.00017552121403855	0.0188408893730751	0.791384472267991
AT3G11430.1	-7.4050607362427	4.20105019771155	1.55232910855918e-11	1.05810632862165e-08	0.307860411762365
AT3G12000.1	-11.2928660068161	5.23624442380943	4.84606934885822e-19	1.88754401138028e-15	0.269909435679089
AT3G12660.1	-10.8969942531397	1.71397029778004	5.51691561648902e-07	0.000134302414538905	0.627663956212831
AT3G12870.1	-6.72583798614376	3.43171414856709	1.82195678448495e-08	6.13279650975087e-06	0.384730322123957
AT3G13450.1.DE	-2.79793032091261	5.02589056291604	0.00042014756990414	0.0413549584600591	0.255076866225777
AT3G13510.1	-3.23150975753462	6.96594832441456	0.000100303962273074	0.0119316089465422	0.27044793470249
AT3G14040.1	-9.37800656161624	8.41275446498611	3.06945132042191e-17	6.97404918760862e-14	0.278116312610605
AT3G14540.1	-9.56630784053179	0.418068545338618	8.96137373541584e-05	0.0109076720935765	0.826638992521968
AT3G16660.1.DE	8.37846155504718	4.41316445159765	1.63757295879599e-14	1.5945866686276e-11	0.272098044757008
AT3G17060.1.DE	-7.09182637881072	4.05396840792136	5.86522595470638e-11	3.47642142728412e-08	0.308016146605367
AT3G18360.1	-7.24966884590329	2.90725354148098	2.91991277568845e-08	9.59173756977659e-06	0.418608708719293
AT3G18960.1	-4.03735475325975	3.33496390480752	4.3976550274564e-05	0.00608639920424359	0.345356983153282
AT3G20210.1	-11.3449702316041	2.15591057998319	6.90356814485407e-08	2.11489646594883e-05	0.576738664291995
AT3G20865.1	-7.84092123515153	5.91932561021275	1.48537623623905e-14	1.49995492892806e-11	0.262524468844449
AT3G20940.1	-5.74872382891863	1.77594410061439	9.38594699979112e-05	0.0113736819977469	0.603194906464074
AT3G21180.1	-8.52725382081919	5.58886889832513	4.28971178834799e-16	8.3542137078077e-13	0.256709139515844
AT3G21320.1	-5.55080336753916	3.57528101845756	8.37766848225952e-08	2.51007836449237e-05	0.327421480288238
AT3G21900.1	-9.35167244987638	0.212648216046967	0.000163974485461266	0.0180677828498695	0.857762625421392
AT3G22050.1	-10.7559945070223	1.57545779994322	1.23335042482705e-06	0.000269018394663276	0.656469505118101
AT3G22060.1.DE	3.38284254491071	4.03736505208213	0.00013225283508008	0.0149621309064663	0.298360059588287
AT3G22800.1	-7.52269368164961	2.02394207114467	4.33958562246553e-06	0.000839140439691651	0.607317542946496
AT3G23890.1	-6.14015335154934	5.9119139665067	3.37797463428416e-10	1.67455415279559e-07	0.283596443759861
AT3G25760.1.DE	2.7695954389739	5.18349580267687	0.000434514849576971	0.0423108834775576	0.25212144693121
AT3G26050.1.DE	-5.12096778831643	2.7670470834034	4.79149982400188e-05	0.00646733874759462	0.490930754598849
AT3G26830.1.DE	4.39217062490131	2.25067578516264	0.000453374857045684	0.0436793833121928	0.523217781483378
AT3G27060.1.DE	-3.43922531886836	5.74754411143008	9.67267461511608e-05	0.011566906727243	0.297725497723315
AT3G28007.1	-3.9089511772986	4.79755532835327	2.17853605820389e-06	0.000441302031581105	0.249530510233378
AT3G28540.1	3.43227328031375	6.25987944651862	2.99336241867448e-05	0.00450906222901435	0.260419939404725
AT3G28810.1	-6.95385317049133	4.10698799769005	2.1349470378249e-11	1.38593645205467e-08	0.285564671968263
AT3G29020.2	-9.33203378670263	0.193960510268583	0.000173560317900824	0.0187782621728808	0.859594428724245
AT3G29070.1	-10.8664021891583	1.68403073044471	8.12158234358789e-07	0.00018926063469908	0.64551681543273
AT3G36659.1	-6.40472111017309	1.63256499485443	4.27924232548827e-05	0.00601410010332152	0.627989557818019
AT3G44450.1	2.99414297665308	5.07687720783782	0.000172797917061405	0.0187702597955347	0.253554730874055
AT3G44860.1.DE	4.35074660423182	6.26985800778483	2.78007185907885e-07	7.28833261901777e-05	0.253491192954865
AT3G45730.1	4.3218815168517	2.44233434184057	0.000470983438379327	0.0448998721937495	0.510003850393151
AT3G45930.1	-3.60576351618789	4.91764761174836	3.30552535283799e-05	0.00487162966189879	0.28382513151278
AT3G46900.1.DE	4.17068425900011	3.23232523731753	7.90653260106063e-05	0.00998016719295917	0.389412112117477
AT3G46940.1	-4.21483753961334	3.96553668943584	0.00010107494872884	0.0119316089465422	0.410181279901634
AT3G48490.1	-5.27077063666605	1.83036793360624	0.000177966886983395	0.0190284987200089	0.583694643584183
AT3G50740.1.DE	6.61475689667836	6.16700985451706	1.09998078954084e-10	6.20159872795792e-08	0.297403869746896
AT3G54710.1	-4.69119216527624	2.92526813819979	3.51763816928118e-05	0.00515636584330383	0.422622498811327
AT3G54820.1.DE	-3.19898705941224	5.36380469404046	7.37123167367004e-05	0.00939143138236513	0.255523183068521
AT3G56600.1	-6.27665958350975	2.79992842961621	7.80719255572782e-07	0.000183502676751654	0.440530400059026
AT3G57830.1	-3.23011737527505	3.85867438940294	0.000235814260094162	0.024354075005558	0.297843646596147
AT3G61250.1	-5.06465145691227	3.30871871017399	1.47173126805898e-06	0.000311060100958357	0.352014444619
AT3G62520.1	-8.97211867388974	-0.14844554154771	0.000360944213557155	0.0359165838782329	0.883892596734529
AT3G63095.1	-9.99526478407285	5.82871344757043	2.39676977138675e-15	2.97036035531181e-12	0.32391604124637
AT4G01430.1	-4.94768731888908	3.84754346534288	6.31970375868171e-06	0.00115642095960038	0.390036078657939
AT4G02410.1.DE	3.90549562770889	5.49726773416424	4.36184397280118e-05	0.00606763652645022	0.33293979330856
AT4G02520.1	5.82224228467194	7.67733821474502	2.50674479279642e-10	1.31435378414604e-07	0.260810487439957
AT4G04460.1	-7.98303558090239	8.22225416374128	6.37501258410857e-15	6.68518146560463e-12	0.265744168367414
AT4G05330.1	-3.05699487360602	4.0780848297424	0.000261666680712231	0.0268208347730037	0.275888400766238
AT4G05520.1	-3.386417914584	3.90831566059291	0.000101372547658485	0.0119316089465422	0.289356359563864
AT4G10010.1	-7.8069376788784	2.28322459384537	9.44120114507317e-07	0.000214511957683683	0.560599193407866
AT4G10120.1.DE	3.01032148318217	8.61267922942852	0.000350696079949088	0.0350246469590179	0.283007984723193
AT4G11080.1	-4.03993613755986	3.87575903170372	6.08051105185866e-06	0.00112779002604712	0.285834001741601
AT4G11320.1.DE	-6.19046680314272	6.85818732602084	1.17652915939396e-09	5.17388185981875e-07	0.306387486962584
AT4G12830.1	3.10944654008518	5.55897417255942	8.88789432861418e-05	0.0108667461376532	0.249033275358238
AT4G12870.1	-9.26932377233347	4.70437919200177	1.48966572437086e-15	2.03078679874857e-12	0.281358528166372
AT4G13370.1	-4.28029322139171	3.36915811625088	1.68446030409864e-05	0.00271756273321002	0.342158792676102
AT4G13540.1	-5.52570584828666	4.03359371172922	1.36273272371753e-08	4.70315287495677e-06	0.291484678647953
AT4G13770.1.DE	3.4717188509663	8.04596543558773	3.11255249382261e-05	0.00461215998609095	0.266765093919452
AT4G14400.1.DE	5.93447748469298	9.67662543248773	8.16536750019691e-09	2.94319874894689e-06	0.321836028042312
AT4G15210.1.DE	-4.01797319591303	7.88571545720513	7.58994820376754e-06	0.00135254861291322	0.293455564981084
AT4G16260.1.DE	7.71816733789229	3.18649758996655	4.87070577334604e-09	1.89713989871828e-06	0.409997529586543
AT4G16620.1	-4.59088618274146	2.26766859108731	0.000210231587731759	0.022010248272758	0.497306419720639
AT4G17000.1	-5.49902641465454	3.08334876502007	1.11532745931521e-06	0.000245783230937433	0.383342628471166
AT4G18640.1	-3.46235526361029	4.57559872771103	0.000133265116974421	0.0150143529516843	0.311971020591078
AT4G18780.1	-3.1702620133739	4.70259226672541	0.000155616629127977	0.0172475097283508	0.275191912186698
AT4G19370.1.DE	4.07692267379001	2.69065103671446	0.000416924603804433	0.0411864105895938	0.460865529542445
AT4G19520.1	5.70155397982685	6.11207469574183	1.64301383552073e-09	6.99949566023012e-07	0.276550712109854
AT4G20160.1.DE	-6.96619357054802	1.91079922437387	1.95143148932401e-05	0.00307547858707625	0.64928342893438
AT4G20420.1	-7.5463979015555	5.97600383600307	1.51395879498705e-13	1.33155117888135e-10	0.270637069417403
AT4G21690.1	-9.44628641294403	0.303037063683243	0.000127762598198971	0.0145143634995623	0.845474129197993
AT4G22010.1	-3.64017058221927	5.92330466420397	0.000347320195484949	0.0349434875641961	0.385583685226719
AT4G22070.1	-10.5313256863603	1.35458539080177	2.96061293245421e-06	0.000580727421606935	0.682945655383523
AT4G22690.1.DE	4.18885032015073	7.24892876650023	7.50062257098477e-06	0.00134542417367039	0.312786813820654
AT4G23150.1	6.97157353154428	4.19472512225898	1.99096750844399e-11	1.32399339311525e-08	0.286410376966282
AT4G23680.1	-7.22246691968739	7.62670287543165	3.26951444412387e-13	2.78572847871991e-10	0.266148520114579
AT4G23800.1	-6.17596585812427	6.37832376000907	3.21313983798323e-10	1.62233810523357e-07	0.285390252177786
AT4G24890.1	-8.10232720185339	2.1063754124785	9.5419692237502e-07	0.000215009744533512	0.577266512472808
AT4G26760.1.DE	-3.72822050392917	5.43704971728365	5.41872990072699e-06	0.00103315853666658	0.251207713584405
AT4G29700.1.DE	-4.82012686822853	5.77049167168811	3.08658000066781e-07	7.86500969329045e-05	0.298102820851519
AT4G29880.1	-4.75548872059853	2.64977313119653	0.000105430442586251	0.0123371717472709	0.482463175073612
AT4G29980.1	-12.3957258353996	3.19772113277738	3.86953496517698e-12	3.10302561251619e-09	0.389698966066057
AT4G30770.1	-9.96907785474768	0.806663714287685	2.34077450164192e-05	0.00360571846255746	0.760909671782926
AT4G32280.1.DE	5.93906580599995	3.38458103604945	2.12318289925804e-07	5.84733148972429e-05	0.382108285769701
AT4G32830.1	-5.10022436644691	3.9106023693021	1.99045644407989e-07	5.53773417835083e-05	0.309645171786489
AT4G33130.1	-3.94885020066038	2.80168867444963	0.000343354568072685	0.0346724529574139	0.428384568939041
AT4G34440.1	-6.5183712018251	1.98273964948058	2.21326519180007e-05	0.00342867474172891	0.607266245496456
AT4G34950.1.DE	3.61410702600932	5.71122872931032	4.76482974643428e-05	0.0064646330163942	0.297248873558925
AT4G35190.1	-4.16706223397509	4.14811507294212	5.82046211136226e-06	0.00109444758252615	0.299414414768738
AT4G35620.1	-6.0602712826611	3.08257783829339	3.08839218254152e-05	0.00460136682278659	0.598505652871223
AT4G38070.1	-6.59456100813921	3.63683880185117	5.8364183770946e-09	2.24126685988006e-06	0.351622164226023
AT4G38660.1.DE	-4.77140863860289	5.58532082763616	2.48631516935715e-06	0.000494813015273888	0.344945860955547
AT4G39000.1	-10.0698105309921	0.904035552653385	1.70458731027124e-05	0.00273385723614972	0.748922780293309
AT4G39010.1	-3.96237273756674	4.14365809154219	1.79722157558652e-05	0.00286556995662962	0.308530957708285
AT4G39130.1	-10.1324758713453	0.964824975889363	1.48630604956893e-05	0.0024560081479695	0.747089616759487
AT4G39860.1	-2.96016172475546	5.64233447080943	0.000305622564785126	0.030976948806195	0.268780896781611
AT5G04500.1	-8.26969534175509	2.24594889770395	2.17328703352718e-07	5.92546709691185e-05	0.527444088191699
AT5G07230.1	-14.3520653787371	5.14795472322591	2.17288859593757e-20	5.92438075682378e-16	0.270738690343978
AT5G07660.1	-5.09834846365525	3.25618315586157	1.3582143810505e-06	0.000291588307868834	0.354854046136191
AT5G09750.1	-11.0431902410549	1.85785874195483	2.51430776704341e-07	6.78738626420183e-05	0.604004425307434
AT5G09980.1	-4.78780952347599	2.37341389545442	0.000195270327808625	0.0207970526863365	0.528730172913515
AT5G11440.1	-8.58204388896478	3.07221802138997	7.59118750250678e-10	3.56851253889392e-07	0.405992075427467
AT5G12000.1	-7.03575789433313	4.35960448405283	6.35208496114465e-12	4.55762095962129e-09	0.278897866269179
AT5G13060.1	-4.6538269917968	2.6173228377471	0.000109750755828019	0.0127334227985146	0.472637397312415
AT5G13220.1	-4.35468158840981	4.04415989055915	1.28953165760151e-05	0.00217031362003118	0.346144420291179
AT5G13520.1	-3.41371343285171	4.78320050771256	4.16907394145198e-05	0.00588962699552789	0.265927996354991
AT5G13960.1	-3.05216388319095	3.75745286060095	0.000495539882924964	0.0465892927860315	0.301353429339495
AT5G14150.1	-7.8967282941951	1.0296183733534	3.73372151950762e-05	0.0054428318879302	0.724292047552652
AT5G14345.1	-9.26252755978332	0.127676841216926	0.000204764138173456	0.0217233238416315	0.867899720405857
AT5G15230.1	-4.90576291720247	7.64337249716967	1.35295084628456e-07	3.92427710893069e-05	0.290344623660739
AT5G16570.1	4.81741632153137	6.35444544084071	1.1178111364842e-06	0.000245783230937433	0.32861176172675
AT5G17000.1	2.80702568058959	4.75440882751118	0.000503806089607088	0.0470420309354016	0.263109815438426
AT5G17165.1	-4.32583927472676	2.24421998330835	0.000484451341227053	0.0460202942153566	0.510305862097238
AT5G17340.1.DE	-12.7939515960529	3.59395313778582	4.44647968869579e-14	4.04110895707636e-11	0.34324471464613
AT5G18090.1	-6.34554327652843	1.54140272759602	6.98980923326087e-05	0.00894728397863181	0.649994417246146
AT5G22260.1	-9.39103542610252	2.52824835364217	1.53925555013467e-08	5.24597532180273e-06	0.498238641926318
AT5G22940.1	-4.41658776623756	4.5977310578045	6.64581308166501e-05	0.00854707989016964	0.421134560587559
AT5G23010.1.DE	5.44531772266186	7.34664269563797	2.98568037754915e-09	1.19712611020408e-06	0.268360309654478
AT5G23940.1	-8.52001033853976	8.48590049574995	5.56877716688404e-15	6.07330837820373e-12	0.287881933272873
AT5G24130.1	-8.941367977957	-0.176150032717247	0.000433762558856429	0.0423108834775576	0.903459921198594
AT5G24160.1	3.51425654495958	3.46500759758443	0.000443145213372409	0.0428452278106338	0.37300387827415
AT5G24330.1	-6.26890815166603	1.72522318227374	4.76578483878685e-05	0.0064646330163942	0.619897753391944
AT5G24420.1	-5.40939308802785	6.61105539668817	2.42093244865224e-06	0.000485343553033112	0.414947390176737
AT5G24860.1	-5.426074520929	2.12840502276785	8.57454776713502e-05	0.0105800986198111	0.566483324918289
AT5G25380.1	-9.29910191811342	0.161643178373565	0.000168210996724109	0.0184187663682042	0.850051603014703
AT5G27550.1	-3.69881019876476	3.77202847939992	3.95101226831757e-05	0.00564001829820307	0.299211578427872
AT5G28690.1	-6.30576721205963	2.94554364789248	1.96456031646116e-07	5.52203474518698e-05	0.40254158916384
AT5G33290.1	3.82520895480991	4.6098677909098	1.34849677307361e-05	0.00225562972502159	0.28437045392643
AT5G33370.1	-10.3092615487743	9.24626187703274	4.53730831020365e-20	6.18548555388513e-16	0.26587319113237
AT5G35090.1	-10.0770827083201	0.911298121828465	1.60035156664753e-05	0.00259723723003839	0.744346334448532
AT5G36220.1	3.76020853920864	4.80821782117749	6.80838670457075e-06	0.00123753775666748	0.259206334606244
AT5G37630.1	-3.50192409449667	3.85836174489684	6.07899013716321e-05	0.00800694039080941	0.288003314296374
AT5G39030.1	3.95485691409583	4.65784707795049	1.54144016242097e-05	0.00251660874421604	0.303367235717211
AT5G39220.1	-7.23713866349614	3.93083223813611	4.40013907847564e-10	2.14231771383283e-07	0.347125038103085
AT5G39670.1.DE	4.24568812146056	3.02176117596177	5.91190766412882e-05	0.00782466808070254	0.386116916959578
AT5G41130.2	-3.32286482025675	4.89818391864863	5.076987315028e-05	0.00678549309530581	0.26018920164309
AT5G41740.2	3.17270322284995	4.92027961112211	6.35295559989184e-05	0.00824825402052624	0.247123282573553
AT5G41761.1	4.79055826424906	2.40917981183516	0.000127739903612488	0.0145143634995623	0.498142590955273
AT5G43300.1	-6.7075147868851	2.70172959725673	5.90952273558622e-07	0.000142586847244034	0.466319876072491
AT5G44568.1.DE	4.69605647005254	2.74269680060939	6.58476246533432e-05	0.00850869898660381	0.452267271305411
AT5G44630.1.DE	-10.2574649662869	5.70076149252523	8.40109052228429e-18	2.08232484627347e-14	0.279200523144949
AT5G44700.1	-10.1867772397364	4.14798147661909	1.10234825282743e-15	1.58186974280736e-12	0.289465571559349
AT5G45670.1	-6.43619781349891	6.52349333375074	3.0028908452969e-06	0.000584812992121572	0.538169288305953
AT5G46490.2	3.32991439627789	5.61013177962267	4.02757767046936e-05	0.00571937006173683	0.255025943888628
AT5G46780.1	3.77343026094033	3.6945672781715	4.57495160593256e-05	0.00629980078463391	0.313983274331672
AT5G46970.1.DE	-10.2812521194398	1.11080446043794	9.77087723353837e-06	0.00170771133187451	0.734875917306514
AT5G47220.1.DE	3.7333024785614	4.33119209443004	9.30700867214955e-06	0.00163713284803973	0.262759932521853
AT5G48210.1	-10.597038777378	5.09306670195993	1.80247490708036e-18	5.46049759350512e-15	0.264964172086338
AT5G49130.1	-6.72351219856822	2.13670824343338	3.75298879490511e-05	0.0054428318879302	0.667296258062749
AT5G49240.1	-9.5096290329875	0.363089739499067	9.67037374652864e-05	0.011566906727243	0.82355864528578
AT5G50830.2	-7.05885600798773	3.87105807857691	5.03286541550607e-11	3.1186608080403e-08	0.298780942480566
AT5G56120.1	-6.05281068729166	4.57736191726794	3.63491150477612e-08	1.17983169259192e-05	0.35435625230931
AT5G58120.1	4.23530006260922	4.70224173066011	4.43833646590597e-07	0.000110010221584478	0.249347427332556
AT5G58770.1.DE	3.14477700937634	5.36322259672292	8.28604914629317e-05	0.0103437704068068	0.251490880584576
AT5G59080.1	3.52635187099433	3.84649977934197	6.18352728025214e-05	0.00810547458154205	0.291714819629597
AT5G59370.1	-6.93262986479631	4.3819301847695	4.68541699513653e-12	3.54855262145548e-09	0.267670383259812
AT5G60510.1	-10.8211424170158	4.79559654220973	7.88575878138471e-18	2.08232484627347e-14	0.27404562410353
AT5G60740.1	-7.85948119402683	2.37655216622253	1.91226961058368e-07	5.43104488880874e-05	0.503900005824172
AT5G61160.1.DE	7.36874857327916	0.590338670477772	0.000217281522806395	0.0226113767912839	0.821460241929311
AT5G61440.1	-5.29183188378331	4.03914156299343	3.95274478834163e-07	9.88730152790226e-05	0.342852330011454
AT5G61610.1	-5.12040868375017	2.87869506544857	8.20475009463194e-05	0.0103088714898682	0.5254776903704
AT5G61700.1	-11.1990074604696	2.01143584475934	1.14689559728955e-07	3.39892483261951e-05	0.583965553453195
AT5G62240.1	-7.23145824330945	3.0469011865033	4.93457822169203e-08	1.54645143924636e-05	0.433196527169044
AT5G64770.1.DE	5.1334451342022	5.90518062153222	6.21225908845478e-09	2.3524617228711e-06	0.25534689796237
AT5G66170.2.DE	-2.95482905934526	3.97189229635558	0.000536322992715136	0.0495689708351803	0.288729654600063
AT5G67100.1	-3.9342898057795	4.30049797660337	1.03694889462183e-05	0.00177813909508579	0.289540515437643
AT5G67210.1	-3.39954087840474	3.50176998307494	0.000486112038658453	0.0460202942153566	0.359263806373253
