logFC	logCPM	pvalue	padj	dispersion
AT1G01100.1	-2.77117865482547	7.74204103734411	0.000793712904873424	0.046430460876538	0.277835735943682
AT1G02800.1	-8.16717658456998	4.38925216404319	1.28952815089915e-11	5.91232931234201e-09	0.344155705747864
AT1G04610.1	-9.05984285327406	-0.0678906191011393	0.000325920926555634	0.0221980491934522	0.886558408567915
AT1G05450.2	-8.37315162319186	2.29195758879492	3.21386162568591e-07	5.34638679996848e-05	0.548496265622614
AT1G05550.3	-4.13778484971217	2.54214671714197	0.000278787350591682	0.0194097948756387	0.44839168796834
AT1G07330.1	-7.26385352164985	2.65455479106921	1.50331048646788e-07	2.79794361629932e-05	0.458579255620932
AT1G07340.1	-9.71696268842718	4.18754003918859	7.56728767679439e-16	7.90277076379894e-13	0.276309492573774
AT1G08930.1.DE	4.86196967991303	6.32415933079037	2.62168971202542e-07	4.4398669555544e-05	0.298919505920294
AT1G09380.1.DE	-9.9776417648592	3.11171285678575	3.51358907507528e-11	1.40528611560139e-08	0.391270402793692
AT1G11770.1	-9.02665050377807	3.56801798314651	3.95096418130637e-11	1.54729634750411e-08	0.381515535088859
AT1G12000.1.DE	-2.73382484110199	6.27108077876133	0.00069026927576779	0.0417224496652184	0.265236747178137
AT1G13130.1	-5.856550916805	3.07315885431293	6.45754400280588e-07	0.000101157426803954	0.406292798976381
AT1G14440.1	-4.00869674973247	4.51380645248561	1.05127286763316e-06	0.000152014056659755	0.244118800212636
AT1G14890.1	-3.25991838227341	4.47599638478779	7.03422533581431e-05	0.00592956806558912	0.261228931217371
AT1G15125.1.DE	8.45658668254884	7.63727483158678	4.00015909568741e-10	1.29646535656434e-07	0.438667560826279
AT1G15570.1	-5.39546078229206	3.82266754884335	8.88195963536991e-07	0.000133570461780547	0.373649143351666
AT1G16630.1.DE	-5.91311553332966	3.83683883442397	1.1509016804271e-08	2.57555354627007e-06	0.316020585791626
AT1G18250.2	-7.13843033193013	5.52994192053457	1.02588786615313e-11	4.82116002698666e-09	0.295846727055611
AT1G19230.2	-6.81963839046248	2.75904899102034	2.3506190029565e-07	4.12962018855853e-05	0.453380031317977
AT1G19830.1	-5.37382449669058	3.03266170801005	7.12664116510416e-05	0.00598065181346554	0.555652667013483
AT1G20120.1	-6.15637623021627	6.18697424262176	6.07935484680976e-11	2.33223902878224e-08	0.262609466294559
AT1G20135.1	-11.9609511691014	2.76410515770265	1.49140644411147e-10	5.49714869341323e-08	0.434858518250269
AT1G21130.1	9.29158027270093	7.36296575774793	1.39004035170869e-14	9.33213518979282e-12	0.327738147429094
AT1G22110.1	-6.7243668530051	2.35338450589987	1.54209947905214e-06	0.000217957789527986	0.495431332400104
AT1G22350.1.DE	4.31312769742926	3.60922384848617	1.05226654249023e-05	0.00123628165410821	0.330533528416449
AT1G22690.1	4.37272601222992	4.33847280109697	1.01939579159158e-06	0.000148785966260022	0.279099078160266
AT1G23670.2	-9.82630227229205	3.8183767147634	4.70487784440675e-13	2.76382167872369e-10	0.342895305840292
AT1G24020.1	-6.14398038080423	9.14598111897281	2.25968431019074e-09	6.24669789161258e-07	0.314948896889525
AT1G24145.1	5.8870760103067	3.42251583298372	4.38230974094524e-07	7.10160849226626e-05	0.39604782867063
AT1G24220.1	-9.69566785679738	0.539689726877167	6.73221992619529e-05	0.00572634706663435	0.817757952684747
AT1G24230.1	-8.93171463955357	-0.186964056995902	0.000475273278909307	0.0304543577382035	0.914883109938058
AT1G24620.1	-8.92823835104568	2.89001042543646	4.73505902331448e-10	1.48349399200443e-07	0.403028483738277
AT1G26450.1	-3.97546752829271	3.45248767256667	8.81740437575409e-05	0.00720650293284458	0.367901886442104
AT1G26770.2.DE	-3.34278143762232	4.60408827182959	0.000104610198405573	0.00826244751944525	0.285593433384527
AT1G27045.1	-5.63257705465763	4.64068205487797	1.03849181792339e-09	3.09866177671808e-07	0.262322651179237
AT1G28710.1	-4.7427830008168	4.61137639893714	2.2907342348335e-08	5.00711885423257e-06	0.242703674494243
AT1G29140.1	-9.01201944982371	5.76226339922861	1.52353193107158e-16	1.90929021601891e-13	0.26701417456995
AT1G29630.2	-3.54710709974449	3.1000276601778	0.0003354074236001	0.0227616922340602	0.363635123577571
AT1G32300.1	-9.40605146387693	0.262447287349786	0.000156776354567013	0.0117165037680168	0.860832006552157
AT1G33720.1.DE	3.23746001813599	3.55053763527624	0.000461080002530856	0.0298875237502588	0.328462175561524
AT1G47210.2	-3.08172361417741	3.47480443240211	0.000720053212595156	0.0432945802847704	0.322751622731867
AT1G49290.1.DE	-6.1387634056792	1.98019650568856	2.10791777985261e-05	0.00222610328234098	0.557507753218204
AT1G49830.1	-6.90386804026956	0.128180923716408	0.000746203359462461	0.0443896542758713	0.883492030868958
AT1G50310.1	-8.30003039080929	5.86275233242191	8.02900124143277e-16	7.94364028086595e-13	0.255044929385343
AT1G51800.1.DE	3.75333013757166	3.51288515192188	5.71412077981075e-05	0.0050778714346419	0.318410978846716
AT1G52200.1	5.1943688797654	2.27582431188141	8.32993743253617e-05	0.00691826966202854	0.525346841029532
AT1G53860.1	-6.66905438808315	2.06624980149209	9.22823888337036e-06	0.00111200278544613	0.566351535069313
AT1G54000.1	-4.39128263490064	2.49964141202571	0.000318925177690409	0.0218005654189975	0.499291403837546
AT1G56010.2	4.42416469229964	3.22833338369571	0.000102505177861798	0.0081303473985067	0.438133973050073
AT1G56680.1	-10.0492662818141	0.882543106397962	2.47917547222796e-05	0.00251911029875358	0.778107367263952
AT1G61070.1	-12.074464373612	5.19356942364741	3.15204749444715e-20	2.96260944003088e-16	0.260096769627763
AT1G61566.1	-8.48652334059509	6.48814095054545	6.48432584128468e-15	4.96562811240204e-12	0.283945080734615
AT1G61590.1	-9.65491898140207	2.74309047554378	1.21402634104115e-09	3.56582299357681e-07	0.442738670457168
AT1G62180.1.DE	3.07992434784377	8.55880656675697	0.000261683513859897	0.018423695481417	0.282407063545311
AT1G63100.1	-6.25108205165891	3.89608985094813	5.74186317314268e-09	1.45858843146941e-06	0.327814564481322
AT1G64030.1	-8.28659591151822	1.45709188705401	1.65803728668664e-05	0.00182267748041728	0.725087174539948
AT1G64400.1	2.93493780312871	5.49754490763968	0.00018154855628886	0.0133310537543672	0.246935675359548
AT1G64450.1.DE	-3.08464023405921	3.58366091129686	0.000560927086465083	0.0347996942949526	0.311568910456155
AT1G64800.1	-8.00941863774132	1.11352126018398	4.83757782834517e-05	0.00447964472991293	0.760855444152043
AT1G68750.1	-8.47481347647149	3.61865650134286	3.49266369000429e-12	1.7277655801237e-09	0.320312183913883
AT1G68875.1	-10.8704779193541	7.30002593583024	8.82917001391761e-19	2.07463422402029e-15	0.295171153611484
AT1G69500.1	-6.71504692243564	5.68401550641687	1.54867964852241e-12	8.08668889803451e-10	0.252549518857048
AT1G69720.1.DE	3.20157671648072	4.19168479711315	0.000131920238726934	0.0100806367788167	0.272464591992796
AT1G69940.1.DE	-10.0015275106228	7.67068695214942	2.76305497839011e-18	5.19399074837773e-15	0.279246049150539
AT1G71690.1	-8.8798026118423	-0.238245070462359	0.000502107157413176	0.0316731890773587	0.912208359032773
AT1G72250.2	-4.48569631037291	4.38416987386819	1.22799001163947e-07	2.40455794154153e-05	0.24780757377734
AT1G74550.1	-8.26776790905078	6.02485556967598	7.19733312787583e-14	4.509848937927e-11	0.294798744619551
AT1G74810.1	5.51702584029569	3.03255177757844	3.91853537638084e-06	0.000511532138925049	0.425927099035224
AT1G75160.1	-11.6061086312218	2.41236099573622	6.02350824401682e-09	1.50973210628037e-06	0.509320633511274
AT1G75910.1	-10.8110874801144	8.50406581344017	5.81402497472617e-19	1.82153402458171e-15	0.29564436550579
AT1G76530.1	3.62086957850214	3.99562542726494	2.50055297281031e-05	0.00252717176252087	0.27516737742886
AT1G76590.1	3.56739472112913	4.02631467729749	0.000576448157907489	0.0356449752379769	0.398564215288494
AT1G78430.1	-4.87738945436729	3.62231138806436	4.21711139181928e-07	6.89332695160164e-05	0.304444503832467
AT1G79360.1	-4.90168578727165	2.88785858308081	1.42172341601108e-05	0.00159080695084383	0.407780095496066
AT2G02100.1	-5.66486975842418	7.2270337690839	1.88776754774409e-07	3.37964327261842e-05	0.365813261051849
AT2G04070.1	10.3868080993063	1.21174461506541	1.11296616573205e-05	0.00129947440890876	0.761006438144271
AT2G06200.1	-5.90387185676107	2.12855601664306	2.27900947721479e-05	0.00236689614103225	0.546012012144349
AT2G06950.1	-4.47104171956317	6.64050230267002	3.04561762253434e-07	5.11174286325005e-05	0.266343912063904
AT2G11570.1	-9.30767514261112	0.16747064176728	0.000191491729869259	0.0138448520695475	0.866764349975778
AT2G13116.1	-8.90122850909695	-0.215755216462531	0.0004893927730073	0.0310129069155246	0.913884252327874
AT2G14900.1	-5.2651101883606	3.38601570485296	6.62738916576721e-06	0.000814259225739164	0.427788310048394
AT2G15535.1	-10.7897222040303	1.60682146457104	1.76531740069655e-06	0.000245810640728102	0.682519764664261
AT2G16535.1	-11.3903478154274	2.19897992321516	3.54776698358966e-08	7.57851406335436e-06	0.553355543349421
AT2G16570.1	-5.19379477273397	2.41990979055064	5.08934541796021e-05	0.0046441512216901	0.498157362284522
AT2G16580.1	-5.87159576258232	1.69475642249901	0.000108010229016478	0.00849529826381486	0.623058347902919
AT2G16592.1	-9.85135555471893	0.691389328661092	5.22154236228212e-05	0.00471233915222128	0.817866888251469
AT2G16760.1	-7.91146711444435	3.37428754111059	1.56195699711129e-10	5.64647454455731e-08	0.353057319877662
AT2G17620.1	-7.42425896130398	1.86481211788089	1.02000573418723e-05	0.00121354859438301	0.637326548664842
AT2G17890.1	-6.50968311723066	1.7048247018331	3.32645306084989e-05	0.0032331079000927	0.62131137420698
AT2G18150.1	-9.45871206684139	0.312259107951718	0.000127221800003123	0.00976128733248453	0.846576607213732
AT2G19070.1	-10.8820709502393	6.09330161185691	6.22545617692505e-18	1.06387386558034e-14	0.297930805697066
AT2G21050.1.DE	-2.74488063867025	4.582918766911	0.000764731235484832	0.0450989964864768	0.270112176654993
AT2G21720.1	-10.3315830642191	1.15737100937856	1.13306720650506e-05	0.0013147776140668	0.75383892296927
AT2G24170.1	-3.13009783632843	3.63739300306245	0.000684654399909302	0.0415165593854679	0.330596101488727
AT2G24450.1	-6.52605205128996	4.23082618618768	9.83413503709835e-09	2.25441549301677e-06	0.361623086868537
AT2G24600.3	3.06774716351854	4.33790302239757	0.00015624091350037	0.0117165037680168	0.259605202105624
AT2G25210.1	-3.17421804686045	5.78657101605017	8.81080003063504e-05	0.00720650293284458	0.257638226892774
AT2G25510.1	3.79255217890125	10.1625033059752	1.55086394193857e-05	0.0017250378923409	0.286745214950459
AT2G26010.1.Hnull	-5.33774468824033	5.08706494062121	0.000541923088260304	0.0338440870867681	0.730710042099598
AT2G27660.1	4.31090961470203	2.43036141654509	0.000508627389745986	0.0318705922414835	0.512952514932369
AT2G27880.1	-10.026147915405	4.49572019318207	1.12435936844943e-16	1.76130895067603e-13	0.273202682018487
AT2G29550.1.DE	-3.52682538148502	7.25780967130521	8.51263112349223e-05	0.00701844034471083	0.306387409918068
AT2G29660.1	-2.84444748512728	3.88103308771805	0.000765325028151191	0.0450989964864768	0.285509562090235
AT2G29770.1	-8.87805248270553	-0.238683142692675	0.000473195695308845	0.0304543577382035	0.902917328458589
AT2G29780.1	-9.33275138303944	0.192517921106746	0.000188358357594507	0.0136708895986932	0.870210439804488
AT2G31780.1	-9.08813935848289	-0.0407002475765928	0.00029951884272759	0.0206240117420998	0.881588626114673
AT2G31880.1.DE	3.42083277948263	7.03717035975964	9.7848514853912e-05	0.00786049735993093	0.296252230743601
AT2G32530.1	-3.82081982190613	3.10812567203116	0.000162312487647883	0.0120598819873712	0.370094598577688
AT2G32680.1	7.52121386631727	6.24800173455116	1.8199297678607e-11	7.77523631278307e-09	0.324762351616814
AT2G32870.1	7.98614281578749	6.25254969091302	2.04835274991745e-09	5.7470052228281e-07	0.439262436708055
AT2G33100.1.DE	-5.16283494505426	2.94277365285464	2.07820557071023e-05	0.00220712476374073	0.460271963797515
AT2G33190.1.DE	-9.00287832969037	-0.120723956105026	0.000376703787235609	0.0250125478666204	0.895352071845395
AT2G34190.1	-5.1428467278439	3.95863625809364	4.44398125239144e-08	9.28199550916159e-06	0.283838178521776
AT2G36270.1	-3.41388684868063	4.11372028392551	0.00050835006938654	0.0318705922414835	0.364312481129623
AT2G37010.1	-11.6209009113069	2.4268808202382	4.77303621412516e-09	1.24616020490451e-06	0.503016842237725
AT2G37390.1	-4.70438529653395	1.6969264783908	0.000682227850619912	0.0415032981746055	0.605676476944167
AT2G38160.1	-5.57942080018622	2.52221164493958	6.83201514118669e-06	0.000833949484571607	0.452043589452952
AT2G38400.2	-2.68217181357567	6.03330835578751	0.000680648583335654	0.0415032981746055	0.255984587909092
AT2G38790.1	5.43756985629635	3.83217430420776	4.08572597949457e-08	8.62960415309426e-06	0.303797095152369
AT2G39030.1.DE	4.00892358124922	2.68465019524936	0.000367960912281711	0.0245408394208473	0.44143126672585
AT2G39250.1	5.35324865781132	2.8328385876167	3.09066740892673e-06	0.00041204514860287	0.399223805177892
AT2G39855.1	-9.47063815625484	0.323439051396519	0.000126984660109162	0.00976128733248453	0.847957251158156
AT2G41905.1	-5.11418981385728	5.7749705614414	3.82283087070845e-09	1.02659392439396e-06	0.247205777368306
AT2G41990.1	-6.02282391661548	3.19665027240794	8.94913743020183e-08	1.80888048831112e-05	0.363451855711922
AT2G42110.1	-6.66126012117982	2.23156221642489	1.97402334200255e-05	0.0021326259070669	0.635721129087206
AT2G46880.1	-10.5573743128961	1.37869155581854	5.46170998072734e-06	0.00068905519609203	0.729123422710605
AT2G46950.1	-5.88466503064994	2.33683353387195	3.33664715724005e-05	0.0032331079000927	0.567547524236088
AT3G01240.1	-8.53980454687314	6.37403119188796	1.11280405954583e-15	9.96118605302023e-13	0.270229998062151
AT3G03130.1	-6.66287797349568	3.93982054885235	4.57187047646145e-10	1.45664442739868e-07	0.314073913951122
AT3G03650.1	-7.74060514330578	3.51614961653498	1.31437191861402e-10	4.94151266522129e-08	0.349421669691379
AT3G04210.1	4.35465666937836	7.50500335419873	1.30194032537565e-06	0.000186823467453522	0.285954705050319
AT3G04720.1	6.00760620719312	4.37233897631338	7.01006458359677e-10	2.12540635552342e-07	0.280385783600398
AT3G05400.1	-3.83901698958539	4.47300709510012	3.05921599072924e-06	0.000411551206851828	0.24868944104539
AT3G05980.1	-7.55498572133249	2.409235740056	2.52583098231593e-07	4.3403065225859e-05	0.4915184715339
AT3G06830.1	-3.53833878345094	3.82944964260145	6.62627971505845e-05	0.00567614559466186	0.295107633667724
AT3G08770.2.DE	-8.89189255137649	9.074080384022	9.66525765360167e-16	9.08437566862021e-13	0.288374747440342
AT3G09930.1	-8.68278082651229	1.84147835446981	1.34635395866562e-06	0.000191733043295426	0.613442287153695
AT3G10310.1	-5.84760911538695	3.48039727269921	4.5411316397842e-07	7.29608483458661e-05	0.397982922178347
AT3G11160.1	-7.44862803625753	0.569438496036517	0.000207193787013819	0.0148657588102511	0.810453105214521
AT3G11430.1	-7.45071659317576	4.21691471446291	5.59016327320101e-12	2.69445869768289e-09	0.295466540202612
AT3G12000.1	-11.3254888934404	5.24623269648921	1.1728165050841e-19	6.93940953251972e-16	0.260225143193825
AT3G12660.1	-10.9061442516175	1.72118496290416	6.57016258945283e-07	0.000102071005253334	0.63799010874938
AT3G12710.1	-3.70916688665095	4.83214163282975	0.000421414092836548	0.0276018889099005	0.408024341140202
AT3G12870.1	-6.76549648791317	3.43530505669015	6.4630905580381e-09	1.57783345857143e-06	0.361612124140435
AT3G13450.1.DE	-2.81203565273203	5.03867252170615	0.000289871526710492	0.0200331064672935	0.244109574097928
AT3G13510.1	-3.2630821673167	6.97085075760365	9.5039036535726e-05	0.00770061986551111	0.273088827915738
AT3G14040.1	-9.38085138447776	8.42655898070535	1.43517935453411e-16	1.90929021601891e-13	0.290082201264801
AT3G14540.1	-9.57342779377865	0.423066207984313	9.93607075855258e-05	0.00794801098379878	0.838539073018921
AT3G15720.1.DE	-5.32978987682517	1.56957584038677	0.00073217285466291	0.04369328673636	0.728938605223867
AT3G16660.1.DE	8.3617837636239	4.40721849438334	3.13567188212108e-15	2.56279826261357e-12	0.256881499161079
AT3G17060.1.DE	-7.13661559886339	4.06511563551968	2.29511302640216e-11	9.37902927615386e-09	0.295732986448425
AT3G18360.1	-7.27407894911301	2.92083625086494	1.11837556616287e-08	2.53291854129272e-06	0.394948116929747
AT3G18960.1	-4.04272423904655	3.34345881096538	3.38996398308787e-05	0.0032679252796967	0.336445259310644
AT3G20210.1	-11.3498567900346	2.15898366182542	5.486646129386e-08	1.13338432901317e-05	0.567202747052733
AT3G20865.1	-7.85946493313803	5.92472544090984	1.36964243228997e-14	9.33213518979282e-12	0.261966271744689
AT3G20940.1	-5.77285389255943	1.77843346976713	9.76941173163745e-05	0.00786049735993093	0.606186786324538
AT3G21180.1	-8.53968800018133	5.60072936562955	1.27441763431715e-16	1.84280789922259e-13	0.247984798101325
AT3G21320.1	-5.58077526969738	3.58395066636534	2.9213511106812e-08	6.31213312397531e-06	0.306346506160526
AT3G21900.1	-9.35799865281798	0.216850783521647	0.000186070161432654	0.0135571585062443	0.874095098073946
AT3G22050.1	-10.7627535116221	1.58033314858377	2.25743924324899e-06	0.000307502484743439	0.695105669428056
AT3G22060.1.DE	3.35945770220122	4.03320798076016	0.000134553647894204	0.0102149233237749	0.295863091395164
AT3G22800.1	-7.56003164364988	2.04386377230622	3.74865468975532e-06	0.000492777698307836	0.601553252294857
AT3G23890.1	-6.18666073846013	5.9268830136343	2.49490987177696e-10	8.52714832175697e-08	0.281834062230945
AT3G25760.1.DE	2.73763105116206	5.16561341684696	0.000338700068267991	0.0228203723415831	0.238214935075582
AT3G26050.1.DE	-5.09089721983336	2.77557118807708	3.12832413849601e-05	0.00307886058405486	0.469294924974499
AT3G26830.1.DE	4.40631602562552	2.27466654727	0.000440683759534494	0.0287637962212827	0.517072200104811
AT3G27060.1.DE	-3.48769057952163	5.75061204492027	5.01299237491029e-05	0.00459679173968603	0.282274522323994
AT3G28007.1	-3.9326361391406	4.80619903805237	8.41548304095095e-07	0.000128613211547802	0.233388252185066
AT3G28540.1	3.43649688865477	6.27456187054478	4.49107027291668e-05	0.00422115694951439	0.272675908368573
AT3G28810.1	-6.9583369406013	4.11949732973994	1.4384118662561e-11	6.28820145625166e-09	0.281258738410497
AT3G29020.2	-9.33801550069229	0.197839359583844	0.000196291239328467	0.014137481673933	0.877497080861169
AT3G29070.1	-10.8721860601072	1.68795873415051	1.01314690117685e-06	0.000148785966260022	0.658777293787535
AT3G36659.1	-6.41709101276798	1.64963222186233	5.72671956667775e-05	0.0050778714346419	0.652249220129447
AT3G44450.1	2.99054182118426	5.07977699511717	0.000125915030488361	0.00974053803753172	0.24282948043902
AT3G44860.1.DE	4.34322693511951	6.27453938854787	4.91857285496846e-07	7.83553665488958e-05	0.263447144307353
AT3G45730.1	4.27034533197745	2.40567885865715	0.000467075772008038	0.0301721318288904	0.501343068380806
AT3G45930.1	-3.63858115756225	4.91871202669659	1.14690956487752e-05	0.00132267521475875	0.258385265774833
AT3G46900.1.DE	4.19152767577613	3.26147539143086	6.59766303024744e-05	0.00567614559466186	0.382596567499873
AT3G46940.1	-4.26977254660094	3.96291723159005	6.11523565324551e-05	0.00534670696789345	0.395261344109853
AT3G47410.1	-8.67756382479564	-0.425997870747836	0.000681382238752315	0.0415032981746055	0.914203641809712
AT3G48490.1	-5.29055588492158	1.83363860486355	0.000178972658462973	0.0131934432697528	0.584630290495383
AT3G50740.1.DE	6.6386904534421	6.20093888909884	2.6674163413947e-10	8.95394506884598e-08	0.312149607017407
AT3G54710.1	-4.71530766208891	2.9280288330578	1.76892798586858e-05	0.00193327373711381	0.397659419564238
AT3G54820.1.DE	-3.23167803159363	5.36990345875102	4.362763399277e-05	0.0041331670453795	0.244664974247595
AT3G56600.1	-6.31364246018226	2.81265633469839	2.17331604490613e-07	3.85415047284391e-05	0.410111900494602
AT3G57830.1	-3.26300779469738	3.86798980689571	0.000157067717285893	0.0117165037680168	0.287954390329577
AT3G61250.1	-5.06745976765628	3.31634809973817	1.02103360184822e-06	0.000148785966260022	0.342377493984934
AT3G62520.1	-8.98471139972986	-0.138649419222501	0.000386668268626326	0.0255038249601322	0.896672363311971
AT3G63095.1	-10.0214742941334	5.85019931892256	2.43246306020502e-15	2.07842911844245e-12	0.324923811851806
AT4G01430.1	-5.0141020455133	3.85533967770904	3.06506910092861e-06	0.000411551206851828	0.373840174980178
AT4G02410.1.DE	3.91492070852335	5.52664205559307	4.37546676258389e-05	0.0041331670453795	0.334504728482873
AT4G02520.1	5.80451664315295	7.66918667048512	5.94604508296965e-10	1.83235664704366e-07	0.270756169245501
AT4G04460.1	-8.00339226399091	8.23432572829103	1.79190859077109e-14	1.1615275065281e-11	0.275599595173618
AT4G05330.1	-3.06294515749846	4.0867331362737	0.000227544847172423	0.016141086932631	0.271762960893478
AT4G05520.1	-3.38379756240635	3.91680911077565	9.40763860369021e-05	0.00765561863515881	0.286605129429901
AT4G10010.1	-7.85642067140778	2.29442501372634	6.32803351920511e-07	9.99616589025358e-05	0.543618016777633
AT4G10120.1.DE	2.99009605778504	8.61131270403623	0.000476304988564306	0.0304543577382035	0.292483319078049
AT4G11080.1	-4.0482777422728	3.88424522290495	5.16124398558276e-06	0.000660007241095134	0.282302381992161
AT4G11290.1	-5.41492452628801	2.58831025045377	0.000377889328339196	0.0250125478666204	0.688468470999498
AT4G11320.1.DE	-6.24481124821546	6.87286112080577	1.2405546482894e-09	3.58768404285294e-07	0.310766060703976
AT4G12830.1	3.09691674485533	5.55754467287272	6.64300473893824e-05	0.00567614559466186	0.238930577486367
AT4G12870.1	-9.27843583640254	4.7074739778138	3.02313543237589e-16	3.55180624111263e-13	0.267480809986128
AT4G13370.1	-4.30280042067405	3.3776600372535	1.03811582069281e-05	0.00122732711933229	0.329305496361543
AT4G13540.1	-5.55837589704469	4.04112475523358	6.86182048578921e-09	1.6536987370752e-06	0.282458999932394
AT4G13770.1.DE	3.44701758432482	8.03642740158659	5.12621007048127e-05	0.00465519308719357	0.278419268346371
AT4G14400.1.DE	5.93150614957236	9.69392419791105	1.87703285852377e-08	4.15111337347409e-06	0.337542804488831
AT4G15210.1.DE	-4.06606373577649	7.89650559128443	8.03576941509655e-06	0.000974557377193451	0.3006049424175
AT4G16260.1.DE	7.66877057581151	3.14722057520411	2.66125015644255e-09	7.25017107837784e-07	0.39262799415518
AT4G16620.1	-4.60857216895476	2.27849856583834	0.00017636166690994	0.0130521520258782	0.487297917575173
AT4G17000.1	-5.52020355063742	3.09069563086121	3.96424277904213e-07	6.53682769828368e-05	0.359121770264721
AT4G18640.1	-3.52124870493875	4.58450120794366	6.10216556368311e-05	0.00534670696789345	0.292404467471068
AT4G18780.1	-3.2149236768662	4.71174290584744	7.52496440059045e-05	0.00628685692454663	0.257752962104923
AT4G19370.1.DE	4.07891604009794	2.70764757346657	0.000301093416414497	0.0206567665757654	0.442756815384705
AT4G19520.1	5.69707448056864	6.12457759361905	3.88687841650491e-09	1.0290921193445e-06	0.289315448972237
AT4G20160.1.DE	-6.93995206737372	1.92131004645556	2.02683270992809e-05	0.00217716578749876	0.65305581446282
AT4G20420.1	-7.54036402524438	5.98055258396241	2.50692558786561e-13	1.52016732905477e-10	0.275729239146148
AT4G21070.1	-4.14781189488477	2.60312632104314	0.000629467288886264	0.0386690395309934	0.505794868081723
AT4G21690.1	-9.45296107915914	0.307586177594867	0.000140295646304456	0.0105914761414906	0.856972635804023
AT4G22010.1	-3.71440005894954	5.92911357380263	0.000229238597632487	0.0162001020988552	0.376515855764308
AT4G22070.1	-10.5463016582004	1.36737873465554	5.69933081133618e-06	0.000709510070142367	0.731233388762538
AT4G22690.1.DE	4.1904896703859	7.26971643019117	1.27256964756905e-05	0.00144687815090597	0.329008153831972
AT4G23150.1	6.98083016077676	4.21259535362107	1.32137842690918e-11	5.91411230215211e-09	0.282239719869338
AT4G23680.1	-7.23920870324981	7.64044399911698	9.72309453362856e-13	5.37572738362205e-10	0.277725399824129
AT4G23800.1	-6.22381551949112	6.38886113951619	2.82068396731477e-10	9.30231881010227e-08	0.286977680760836
AT4G24890.1	-8.09253938153635	2.11634289846816	7.82880499304194e-07	0.000120627767425576	0.568815846640443
AT4G26760.1.DE	-3.75164278171572	5.44874577812957	3.21977123679334e-06	0.000426234223304516	0.242385203712863
AT4G28050.1	-2.70104155612678	4.51538642333332	0.00072318854183519	0.0432945802847704	0.260113981226906
AT4G29700.1.DE	-4.87341708708281	5.77954287850527	1.33946569884124e-07	2.59580167080594e-05	0.285711235224169
AT4G29880.1	-4.73412275860383	2.65998089613666	8.35433138249005e-05	0.00691826966202854	0.470066451299668
AT4G29980.1	-12.4057269425377	3.20591706334893	1.6254329810928e-12	8.25807815637361e-10	0.374922182933304
AT4G30770.1	-9.97879086269302	0.814230288859956	2.98059251531024e-05	0.00296450677792603	0.78433166861319
AT4G32280.1.DE	5.90682830314938	3.35582153566276	1.43867243820392e-07	2.74461939609674e-05	0.368746963428354
AT4G32830.1	-5.13836241729729	3.91634930016566	1.00140937143544e-07	2.00260567704717e-05	0.297662742273687
AT4G33130.1	-3.95072297195869	2.80710725556962	0.000218502991511014	0.0156175636289888	0.402937419018781
AT4G34440.1	-6.54311195865229	2.00308878330825	2.05070206146998e-05	0.00219028962224504	0.605256879955593
AT4G34940.1	-6.41243444412331	0.497392351443812	0.00077166639872589	0.045330578010154	0.865133333935785
AT4G34950.1.DE	3.62257956733762	5.73610849063624	4.56622381832336e-05	0.00427044155904689	0.29699271944996
AT4G35190.1	-4.16087096952889	4.1634171765222	5.66528669976752e-06	0.000709510070142367	0.297812746634325
AT4G35620.1	-6.13229571795271	3.08702174758419	1.26658974348889e-05	0.00144687815090597	0.556583524267978
AT4G38070.1	-6.63699096620113	3.64337087533755	1.53774464345476e-09	4.37977633449432e-07	0.326695934409719
AT4G38660.1.DE	-4.83983731101912	5.59679184203422	9.44667702472916e-07	0.000140935424373697	0.326064252720546
AT4G39000.1	-10.0846314047236	0.916516001938455	2.3656789321615e-05	0.00243005642441377	0.779935389391967
AT4G39010.1	-3.98836572309335	4.16130226895314	1.32082971442793e-05	0.00148676389052791	0.30236949762971
AT4G39130.1	-10.1494234054505	0.979369163536631	2.1416256288816e-05	0.00224906584199533	0.780910478331949
AT4G39860.1	-2.94873254873419	5.6539098365919	0.000288891492177806	0.0200331064672935	0.265054809311661
AT5G02450.1	-2.7599294844411	6.9979264416636	0.000816279874304907	0.0475059723751816	0.277043840903653
AT5G04500.1	-8.28983931723346	2.25928409456943	1.65125013701525e-07	3.0431568701581e-05	0.517655877026007
AT5G04980.2	3.1828126459622	3.831188073509	0.000722342863341599	0.0432945802847704	0.341937300597546
AT5G07230.1	-14.3604095658211	5.15455930078585	2.98414986094929e-21	5.60960490861248e-17	0.257466754785762
AT5G07660.1	-5.12031149783546	3.26628272801499	8.50455425571171e-07	0.000128926299111991	0.342632667618564
AT5G09750.1	-11.0544945441774	1.8672024761681	2.45980608512085e-07	4.28142914704646e-05	0.603844720224363
AT5G09980.1	-4.83086584048157	2.37638474476035	0.000134764388993307	0.0102149233237749	0.512821127407553
AT5G11440.1	-8.60289591020405	3.07782150012375	2.13364632255542e-10	7.56760067384846e-08	0.379711161372187
AT5G12000.1	-7.06907397413078	4.37293450071448	1.10316349050632e-12	5.92493351272509e-10	0.260335169426197
AT5G13060.1	-4.69725315175794	2.62488338891256	6.3694711721048e-05	0.00553439367881755	0.44982261874882
AT5G13220.1	-4.40886834995161	4.04782227394741	6.36893196007308e-06	0.000787652519641143	0.330205424028126
AT5G13520.1	-3.43311514698673	4.7982794330805	2.38832502634709e-05	0.00243998553506916	0.252796877546892
AT5G13960.1	-3.07210893515809	3.76618716206434	0.000337817656629418	0.0228203723415831	0.287291566107529
AT5G14150.1	-7.93198140813844	1.03796800161419	5.39561790492859e-05	0.00482984882746893	0.758196993572974
AT5G14345.1	-9.26891102445595	0.131904166578926	0.000219832685826067	0.015653086470297	0.87739232814019
AT5G15230.1	-4.95203761964463	7.65609102795328	1.44545866695168e-07	2.74461939609674e-05	0.295777617430248
AT5G16570.1	4.84367561973368	6.39449054253002	1.99591749778192e-06	0.000275876890612533	0.346998431885702
AT5G17000.1	2.81501850863227	4.77271604750686	0.000395087104049367	0.0259679978388811	0.255188553348933
AT5G17165.1	-4.35213414327094	2.25778640566332	0.000365830602503679	0.0245408394208473	0.499687293019982
AT5G17340.1.DE	-12.8076856028722	3.60589003007235	9.92078627930488e-15	7.17272847993743e-12	0.324403685261126
AT5G18090.1	-6.38234050305762	1.54501285322842	0.000120098848676076	0.00932900065046646	0.695245285348241
AT5G22260.1	-9.39694862291707	2.54041240749068	8.81048173903469e-09	2.04468439173301e-06	0.481369698372296
AT5G22940.1	-4.48917913867003	4.60083513956758	3.10829720072187e-05	0.00307525109364051	0.397803913576623
AT5G23010.1.DE	5.41482939327842	7.3307399828425	5.73777749011446e-09	1.45858843146941e-06	0.275985638895243
AT5G23940.1	-8.56254932535565	8.49844452902297	6.60393141877066e-15	4.96562811240204e-12	0.291210122055338
AT5G24100.1	-8.63100971564392	-0.470713466325839	0.000795329737325526	0.046430460876538	0.926093033224027
AT5G24130.1	-8.94740927198129	-0.172333750233999	0.000457785310782403	0.0297766376196803	0.911779707367786
AT5G24160.1	3.50739374726985	3.47790537991987	0.000368151756393177	0.0245408394208473	0.361229041905246
AT5G24330.1	-6.29087102561189	1.72699520385845	5.23927483144083e-05	0.00471233915222128	0.626748810626678
AT5G24420.1	-5.47928479531507	6.61438455855955	1.7607464799043e-06	0.000245810640728102	0.411731345585314
AT5G24860.1	-5.40597774731224	2.13974385786756	0.000101959838700779	0.00812136037244597	0.565552041630539
AT5G25380.1	-9.31115135260962	0.171139346059762	0.000184031610558369	0.0134608023940709	0.863459119520814
AT5G27350.1	2.7004233827642	5.25260656273422	0.000489990070960252	0.0310129069155246	0.245694942536396
AT5G27550.1	-3.71940445594362	3.78127361725432	2.69064292195273e-05	0.00270006195059857	0.289395160096847
AT5G28690.1	-6.32855119301764	2.95729890331982	8.91222792774454e-08	1.80888048831112e-05	0.381729702436021
AT5G33290.1	3.84119514864716	4.63694497309598	9.80049561872431e-06	0.00117343768561006	0.277340673028974
AT5G33370.1	-10.3260677371554	9.25537332730063	1.47662720130221e-19	6.93940953251972e-16	0.273592198737008
AT5G35090.1	-10.0897067283051	0.92167950700431	2.22177158210024e-05	0.00232027012224001	0.775031934154957
AT5G36220.1	3.73334059231084	4.79844816638861	4.21254612493527e-06	0.000546120290045057	0.245081781147959
AT5G37630.1	-3.51554981217253	3.86721015595842	4.74060735940224e-05	0.00441158104663581	0.28093528974144
AT5G39030.1	3.95290851487108	4.67544218846246	1.2776985479859e-05	0.00144687815090597	0.297368526186841
AT5G39220.1	-7.28484497061937	3.93561139182044	2.23387523534334e-10	7.77636790258966e-08	0.335717502048137
AT5G39670.1.DE	4.22602769701579	3.01316622015772	4.0829014743063e-05	0.00389595847279238	0.365465146296167
AT5G41130.2	-3.35011982923817	4.91110526249073	2.32123092638113e-05	0.00239749994253365	0.242339398093693
AT5G41740.2	3.16413668886756	4.92234855549528	3.59132903960626e-05	0.00344437771869992	0.230496883074587
AT5G41761.1	4.75265892198645	2.3879673766113	0.000119368150343723	0.00931071572681041	0.490134554242018
AT5G43300.1	-6.749927705533	2.71277796339863	1.80970235298415e-07	3.27103700301885e-05	0.440225892269448
AT5G44568.1.DE	4.65339218915201	2.71140153516365	4.91888246673813e-05	0.00453260552008546	0.432173396964838
AT5G44630.1.DE	-10.2576021935241	5.7057858162463	2.22943664137576e-18	4.65654999828683e-15	0.269337046790011
AT5G44700.1	-10.2065550061079	4.15985991246016	4.1677083278717e-16	4.60850477337248e-13	0.280740396322796
AT5G45670.1	-6.51769785607813	6.52941364378255	2.18672886791159e-06	0.000300044739116803	0.53315415072852
AT5G46490.2	3.33120605600571	5.62143805009274	3.15175204809141e-05	0.00308576223958449	0.24866038278187
AT5G46780.1	3.76654070428795	3.69423402361535	2.70034922179238e-05	0.00270006195059857	0.296041475367357
AT5G46970.1.DE	-10.2857278401877	1.11342633094804	1.59637991047166e-05	0.00176522056217919	0.776122962913218
AT5G47220.1.DE	3.71716154485914	4.3259285752391	5.42805702535367e-06	0.00068905519609203	0.248195572810031
AT5G48210.1	-10.6063488220444	5.1013439417709	2.87638512334385e-19	1.08140575097235e-15	0.252366106401038
AT5G49130.1	-6.79431469942544	2.15385498172955	1.92126435424806e-05	0.0020876258572922	0.650614269173376
AT5G49240.1	-9.52113347122092	0.372182044447098	0.000110019475053274	0.00861727538354769	0.840118476053039
AT5G49730.1	2.87849313891325	9.18028564005328	0.000834479385011288	0.0484152576525994	0.298979927867389
AT5G50830.2	-7.08835488467509	3.88394824860562	2.0959867640162e-11	8.75563537555034e-09	0.292388400397354
AT5G56120.1	-6.10947116140545	4.5804935565129	8.62368367592249e-09	2.02635007174989e-06	0.331317984743476
AT5G57220.1	4.11697032786693	2.3684953612694	0.000755812923027282	0.0448194679087282	0.510121030065008
AT5G58120.1	4.21673687322151	4.69566926009217	2.53981124313464e-07	4.3403065225859e-05	0.237868075389451
AT5G58770.1.DE	3.11567851833222	5.34982442753635	6.87312246629044e-05	0.0058198628883481	0.242343111395894
AT5G59080.1	3.51699623649407	3.85008231596179	5.83184995271863e-05	0.00514681293010351	0.287570061890806
AT5G59370.1	-6.95786381312001	4.3930135180633	7.28536940080214e-13	4.15001133322056e-10	0.251540197712002
AT5G60510.1	-10.8252953941951	4.80618386227877	8.46165688599752e-19	2.07463422402029e-15	0.257595984375323
AT5G60740.1	-7.86631205326875	2.38763630811463	1.49792565856718e-07	2.79794361629932e-05	0.49580624847552
AT5G60760.1	-3.37348387129989	3.78426718899398	0.000617164504909606	0.038037568404232	0.366766784524644
AT5G61160.1.DE	7.32022955410529	0.557153113495456	0.000265175903711801	0.0185307681709087	0.837529116701278
AT5G61440.1	-5.34019359139544	4.04221823920192	1.80884175990241e-07	3.27103700301885e-05	0.328560297931473
AT5G61610.1	-5.08183677254519	2.88977971997708	6.38878299980535e-05	0.00553439367881755	0.504911870030418
AT5G61700.1	-11.2136710084003	2.02410444773152	1.03735861660535e-07	2.05265971315235e-05	0.580494417113631
AT5G62240.1	-7.27929234664883	3.05660576335332	8.40965797597488e-09	2.00107279281488e-06	0.399396554708079
AT5G64770.1.DE	5.10520972882616	5.88873283721697	6.37694043826842e-09	1.57728587313908e-06	0.253411916381368
AT5G66170.2.DE	-2.95071548384055	3.9834388736546	0.000559227603700977	0.0347996942949526	0.290300898200808
AT5G67100.1	-3.97684094561021	4.31256068649074	4.24463756916404e-06	0.000546511623459902	0.27055645420855
AT5G67210.1	-3.44283316339436	3.50481236202993	0.000264539657634448	0.0185307681709087	0.336543178636523
AT5G67260.1.DE	-2.76905690664098	5.98313143685816	0.000478027173454267	0.0304608637511637	0.256292998421563
