logFC	AveExpr	t	pvalue	padj	dispersion
AT1G01180.1	2.94421985437675	2.40605632353363	8.20280971335264	0.000320288872635486	0.0152408851900167	0.358928215728826
AT1G02180.1	-2.65434233872185	2.55787234777234	-8.96339761397733	0.000205186606371749	0.0116170192500708	0.296131272206728
AT1G02813.1	-9.92399234841254	0.937624195249224	-17.5404011100618	6.36728113685204e-06	0.00443994605755568	0.565779099699139
AT1G02900.1	-5.00252847983119	0.42051814769109	-10.2594461445487	0.000103312166248137	0.00840630076536787	0.48760219697525
AT1G02930.1	4.2736520790025	4.66226072797634	6.99999267703001	0.000701092857352881	0.0256876049645317	0.610522364262779
AT1G02980.1	-5.62998223448179	-0.840126283147418	-9.41787067303416	0.00015975628990432	0.0100279002503321	0.597797785714122
AT1G03470.1	-3.21316180839716	2.31817390791193	-7.35291096979866	0.000550925849867247	0.021938987868866	0.436991801151259
AT1G03680.1	1.54512612336723	7.76099771160978	6.59818493229212	0.000934195322876316	0.0312440129693652	0.234174419059587
AT1G04350.1	2.6776797751958	6.15372139396061	12.3685460351949	3.94643287988137e-05	0.00585303683465526	0.216491070783617
AT1G04425.1	-4.93830020360625	-0.527619021083089	-6.50802006902019	0.000998301754439192	0.0324384136028698	0.75880223958033
AT1G05040.1	-5.61617491690727	-2.22830234238616	-5.72421523507981	0.00183747062885671	0.0491281620768005	0.981125741479734
AT1G05360.1	-1.55522821161351	4.45231335638853	-7.39116635349977	0.000537033727754105	0.0215225713152797	0.210417157080641
AT1G06460.1	3.00481627455113	6.15706058452139	13.1280457182784	2.89693198617855e-05	0.00543220527964795	0.228885268914586
AT1G07270.1	-4.01538498087944	-0.734421805683999	-6.58060091380182	0.000946310809036938	0.0313347879053801	0.610185153829611
AT1G07370.1	-5.58709972912395	2.0727309406779	-12.206244551253	4.22574876952988e-05	0.00595863550462225	0.457724708501798
AT1G07590.1	1.97169478651799	7.89699254206872	7.41379745957738	0.000529008782355456	0.0214077737619692	0.265949373080174
AT1G07645.1	-7.85578572732542	-1.49580963549957	-13.2260604901608	2.78708091420507e-05	0.00543220527964795	0.593962634086659
AT1G07660.1	-1.46577100993061	4.92444998063784	-5.85592819084964	0.00165117667503116	0.0455066228502724	0.25030549592821
AT1G07750.1.DE	-1.50162484389823	6.34218625701205	-6.38765763007781	0.00109206071660715	0.0346729277522769	0.235082236848053
AT1G07850.1	-8.13486681969837	-1.35512493468574	-11.1238000759236	6.82335423510631e-05	0.00671475215722818	0.73130286090861
AT1G07900.1	6.66992017553314	-1.68138116005258	10.6494169445232	8.53498173812476e-05	0.00753162050468511	0.626317873577425
AT1G08320.1	-6.82104876212055	0.648163830724265	-12.5250836026341	3.69748330271437e-05	0.0056502354599853	0.544591076476809
AT1G08570.1	1.48605281589173	6.98894580625014	6.59420133248503	0.000936924090686146	0.031279618487632	0.225357513512817
AT1G08900.1	3.14314059781424	4.27135534920248	13.0840616224998	2.9478875214093e-05	0.00543220527964795	0.240226673375582
AT1G08930.1.DE	4.71412740534062	4.75054894264713	11.4010950888255	6.01097695055277e-05	0.00668087334089207	0.4134802287511
AT1G09080.1.DE	2.52499927025484	1.66947555308116	7.25255547815052	0.000589417860159017	0.0228898721065059	0.348153044518143
AT1G09380.1.DE	-9.4742794668173	-0.688543568893421	-15.4370821170434	1.24431143746248e-05	0.00454367240170309	0.613735121377451
AT1G09460.1	-5.32672207984955	0.60683212496058	-10.4122088012142	9.57895447247169e-05	0.00807381292666269	0.511584254747982
AT1G09600.1	-5.27963422221236	0.647406230511498	-7.87707804417349	0.000391937737978143	0.0176663350672354	0.670252877095408
AT1G09790.1	-9.14905787680601	-1.6465091199129	-15.6464340735078	1.15958910874064e-05	0.00454367240170309	0.584737572396574
AT1G09970.2	2.21540359920361	6.07629267985132	10.0168371924188	0.000116742245597354	0.00860741618933446	0.221167975144922
AT1G10070.1.Hnull	2.17232320038636	2.1317644502297	6.88765682646869	0.000758614978307763	0.0272680077082019	0.315393646216273
AT1G10090.1	1.44038650994927	5.09679094547461	6.56050105586047	0.000960385235851798	0.0315583931697035	0.219554344658261
AT1G10870.1	-1.19950941477663	4.9907251242352	-5.91647061839049	0.00157297587371378	0.0437361753288819	0.202740703393021
AT1G11740.1	-4.13084137505338	-0.93938144059255	-6.33395713009267	0.00113718421467713	0.0353880974659617	0.6521738764899
AT1G11755.1	-1.99451353358336	4.25821573694725	-7.34187602348176	0.000555011071810855	0.0219775673287569	0.271662655049506
AT1G12000.1.DE	-2.72098435987556	5.68272723347979	-9.58578245139129	0.000146046993980606	0.00966584260161785	0.283856260422501
AT1G13740.1	-1.51150940049789	3.41458711807595	-6.20380980442123	0.00125587338639114	0.0377397948721	0.243642124460472
AT1G14180.1	-3.21058505520514	2.64055344404319	-10.3521440760383	9.86676415639691e-05	0.00816985458518221	0.31013720748309
AT1G14820.3	-1.72625857790186	4.60371733686382	-7.20971810749339	0.00060680244846482	0.0233240466694167	0.239434961556636
AT1G15125.1.DE	8.19983592264317	3.98907173217789	17.8975537758995	5.72702561564151e-06	0.00443994605755568	0.458154003911132
AT1G15300.1	-2.74485763192396	1.6692899239346	-6.14395428466756	0.00131527314774529	0.0390550933412645	0.446757496027248
AT1G15410.1	2.10607964176509	5.57933958972808	9.93337513391959	0.000121831414250768	0.0088749594953738	0.212020548239786
AT1G15415.1	-7.8420533722465	1.1927104427365	-9.28085524010592	0.000172076266759957	0.0104671375728808	0.844970982669589
AT1G15470.1	-1.78454307962655	4.49486750949625	-8.36165652720321	0.000290993038808593	0.0144129870847906	0.213419801904185
AT1G15480.1	-2.30774844236882	3.12175093791791	-7.13241053346295	0.000639720016062682	0.0242422931893431	0.323557993688336
AT1G15700.1	-1.70502197999498	2.60454395431426	-6.1163989805215	0.00134371569707059	0.0397555055248026	0.27876238705566
AT1G15760.1	-4.27130466142862	0.283233721995517	-6.8940280473159	0.000755208372929033	0.0272680077082019	0.619565895600265
AT1G15910.1	-1.67341516576158	4.91480943339482	-7.76378030719995	0.000421162670952767	0.0182821560351691	0.215541282667374
AT1G16300.1	-2.40210888604602	2.86418857052739	-6.67496852369905	0.00088337004332526	0.0300949950744622	0.359868196758904
AT1G16380.1	-8.10445819058009	-2.16843467530433	-13.5716412370904	2.43715967386128e-05	0.00524798966851641	0.597161245939154
AT1G16410.1	6.70578268303969	5.09679490685985	17.0090260732787	7.48413428567529e-06	0.00443994605755568	0.394248480433252
AT1G16630.1.DE	-5.94522210487673	1.77246299596428	-11.8868492559682	4.84672859802904e-05	0.00613789576573665	0.500151215587405
AT1G16720.1	2.43852503262058	7.34225841782933	6.43916593973243	0.00105073123344826	0.0337022939656885	0.378702002005233
AT1G17147.1.DE	3.53742843296455	-0.106340356091933	6.0010744764386	0.00147080178880761	0.0422709333676266	0.589465844300581
AT1G17380.1	-2.35343975801932	3.59218228728259	-9.77601614145402	0.000132156134442051	0.00922204866945397	0.240736075305752
AT1G17480.1	-2.76713300055592	1.40218122677867	-7.27164132076206	0.000581860613386665	0.0226901495626883	0.380537608841511
AT1G17710.1	-2.889804573214	2.28155537663702	-7.80522174345892	0.000410185594852272	0.0181065536094756	0.370239907102674
AT1G18080.1.DE	-1.63027598335713	7.9982133506053	-6.81515484044215	0.000798674877448288	0.0284402676624281	0.239213344601186
AT1G18370.1	-6.84286413553944	2.27320851255323	-11.4499395933918	5.87999659631753e-05	0.00661798898349606	0.597633208430959
AT1G18570.1	6.20816765511384	1.7515088656895	12.1634185808796	4.30330558935663e-05	0.0059707179673568	0.5103966137343
AT1G18590.1	2.78139369335475	4.35647129968538	12.2988539350851	4.06361181936265e-05	0.00588979947540568	0.226150640379608
AT1G19020.1	3.99487243696548	0.491486372479361	7.73577815140689	0.000428775246704653	0.0184422415035713	0.516415072766654
AT1G19570.1	-2.04027887270674	8.79959191876898	-7.41207820224858	0.000529613470914857	0.0214077737619692	0.275264078040594
AT1G19640.1	-2.9890328066755	4.12115154043448	-11.2555234765062	6.42227419095893e-05	0.0066964736286166	0.265561420836138
AT1G19990.1	-2.64645373657329	3.33457321987295	-10.1129900739738	0.000111186748260889	0.00860741618933446	0.26168855276384
AT1G20950.1	-1.27210136566375	5.86716315997178	-6.06487285743122	0.00139884718953109	0.0404503565760407	0.209749057493441
AT1G21065.1	2.02268057495203	6.53748350608027	9.49928414386616	0.00015292818278452	0.00981036902258646	0.212929789689269
AT1G21070.1	-3.49309716966071	2.99324468948225	-8.55285732188701	0.000259806796524119	0.0132339527031635	0.408412889189882
AT1G21100.1	4.37691068161315	-0.0364503682144069	6.9909992808695	0.000705505393219035	0.0257989871030058	0.626077976233003
AT1G21250.1.DE	2.61607893774911	7.34102677763408	10.0086151375782	0.00011723231243188	0.00860741618933446	0.261382708975074
AT1G21690.3	-1.77461159257388	4.09978749960602	-8.0223760432318	0.000357870769108225	0.0163662748811635	0.221207729855927
AT1G22100.1	-7.66715143306766	-2.39173594801489	-11.9318793512381	4.75295207013623e-05	0.00607731204831841	0.642577016358457
AT1G22275.1	-2.60234200519755	1.20377668990371	-6.09422983581235	0.00136711986381919	0.0399632736552809	0.427017371400247
AT1G22350.1.DE	4.38702162307954	2.29665155321292	10.8378163979987	7.80058901294583e-05	0.00736783271795627	0.404788332074866
AT1G22470.1	-7.03551566118649	-2.7036445261499	-11.183286610227	6.63866916022283e-05	0.0066964736286166	0.629109840997239
AT1G22710.1	2.10090245023921	7.37959720768695	8.04432319900854	0.000353032904883208	0.0163166412879245	0.261165843075294
AT1G22750.4	1.224912268565	5.73665190437387	5.95657704728951	0.00152354367554948	0.0429333237265787	0.205640296237315
AT1G22890.1	3.07046916971661	2.50526241765471	6.3407867377426	0.00113132630351695	0.0352643602005052	0.484241040853826
AT1G23100.1	-3.48555648475684	1.38298195185293	-6.25353013151319	0.00120890010279738	0.0367677772365365	0.557374220872816
AT1G23140.1	2.11288991974065	2.3140254457356	7.09062629293737	0.000658380774039388	0.0246579039542512	0.297983539457607
AT1G23380.2	-4.64250569708972	1.89856366234351	-11.4101910636811	5.98632636457059e-05	0.00668087334089207	0.40687361597887
AT1G23520.1	-10.9178424935291	-0.761592057109572	-19.2862962928143	3.86433995467522e-06	0.00443994605755568	0.566093267871081
AT1G23540.1	-4.50903617381168	0.0322984421719013	-5.7466058871455	0.00180414238233413	0.0484438003119318	0.78464336381548
AT1G24020.1	-6.31945980173934	6.94863650948013	-18.7260351373468	4.51350635146148e-06	0.00443994605755568	0.337469184234091
AT1G24625.1	3.4963281172301	1.78743115743596	8.56683043160368	0.000257685961082604	0.0132335118155973	0.408123884923867
AT1G25275.3	1.80088173632461	5.19190118972243	8.59124273970221	0.00025402931846713	0.0131495488951268	0.209618304462788
AT1G25340.1	-5.64287980416247	-2.2110305950534	-7.66842512107921	0.000447756542870815	0.0189978148528213	0.735859021254722
AT1G25450.1	-1.49845007566306	4.43259980202956	-5.79808897692072	0.0017301409580917	0.0469260165199014	0.258438613416876
AT1G26750.1	-1.73993183578401	4.01649974098144	-6.7498977993172	0.000836861286799105	0.0293463521393209	0.257771582254181
AT1G26770.2.DE	-3.43137199720015	3.67858570334436	-8.80998918451632	0.000223848076709564	0.012230954796026	0.38948651642284
AT1G27020.1	5.7002102751005	1.35963668430666	9.44192847390712	0.000157701856650867	0.0100140678973301	0.603712503314667
AT1G27270.1	-7.34499207060514	-2.55447596288874	-11.1955855747469	6.601224985743e-05	0.0066964736286166	0.656061446859265
AT1G27770.1.DE	1.44685937451601	5.93538334226645	6.94044314420745	0.000730923842965665	0.0265733937183417	0.208467866453682
AT1G28100.4	-1.84871825582985	3.39894027184755	-7.29898596747158	0.00057123012273166	0.0223684195559673	0.253284259494234
AT1G28600.1	2.38163073238587	5.13723518249951	10.0967055588135	0.000112105330342255	0.00860741618933446	0.235881963528878
AT1G28610.2	1.63063182888525	4.19929777774501	6.34778497296364	0.00112536024806537	0.0351951268263504	0.256882020394579
AT1G29230.1	-3.74078030543052	1.12626706832996	-8.15191817494968	0.000330398461583301	0.0155655039221634	0.458883446220755
AT1G29600.1	4.18666614290696	0.71591511666083	8.92325488755463	0.000209886884163096	0.0117411722462189	0.469185986017967
AT1G30250.1.Hnull	1.75467824030089	3.21500032371027	5.86504723806239	0.00163911334448189	0.04530702121012	0.299175465955936
AT1G30440.1.DE	-1.42160187332458	5.87573357013004	-6.89150955559678	0.000756552832965556	0.0272680077082019	0.206283088176241
AT1G30755.1.DE	1.97912666858923	3.41889870636027	6.71510266020178	0.000858093340519721	0.0297558402263528	0.294727686044008
AT1G30795.1	-9.80668968828481	-1.31743511086746	-16.9748304404893	7.56364019530088e-06	0.00443994605755568	0.577719448960936
AT1G31170.4	1.3610820071571	4.62166344301387	6.10245573125986	0.00135838070666364	0.0398874401446464	0.223038407339025
AT1G31720.1	-4.12035568359591	0.07936731757148	-8.27420472364433	0.000306712238830573	0.0148965458425309	0.497976037723796
AT1G32090.1	-2.23009296114401	3.85322460866026	-5.99158561013515	0.00148186805947188	0.0423945084411468	0.372204138645982
AT1G32780.1	-5.97008196744513	2.2050768112872	-14.2879774137769	1.86413906903884e-05	0.00487902484188529	0.417839544013319
AT1G33120.1	-1.62050771859941	5.93588898478377	-6.07099173040892	0.00139216409837802	0.0403918284695774	0.266926359079435
AT1G33600.1	2.68293691484079	4.72055092754794	11.8129598565051	5.00538605067524e-05	0.00613789576573665	0.227118092961551
AT1G33720.1.DE	3.33008887856237	2.7126302964604	7.99452377076153	0.000364122865229755	0.0166117800360643	0.416546247662874
AT1G33840.1	4.06468557403966	-1.25242880264651	6.30259838693725	0.00116453980519901	0.0357658336250337	0.644922193117068
AT1G35560.1	2.22317745742472	3.89116794093264	5.90217117892627	0.0015910500106453	0.0441733766618744	0.376671124917994
AT1G41880.1	-2.3056664952539	6.81097046305481	-8.55525567369973	0.000259441320236579	0.0132339527031635	0.269502932839505
AT1G43630.1	-7.07741531449298	-1.09684015373555	-12.1194343095928	4.38471721730591e-05	0.0059707179673568	0.583972414363518
AT1G44191.1	-8.94848826071095	-1.75882220660989	-12.0571792924968	4.50307946527446e-05	0.00601894061876564	0.742170954219752
AT1G44740.1	-5.07788132054055	-0.693988915262897	-8.03908212584079	0.000354181189906	0.0163166412879245	0.631649389949411
AT1G48580.1	-3.40384933603091	0.893078602817112	-7.09737225338713	0.000655325329544875	0.024634989788251	0.479592899246121
AT1G48590.2	-5.17753021965768	1.25527080830625	-8.35500315626556	0.00029215514361062	0.0144129870847906	0.619692191950276
AT1G48745.1	1.85180855557843	2.82409394555541	6.34331425640646	0.00112916732445159	0.0352555299508175	0.291930760596985
AT1G49290.1.DE	-5.99847570823197	-0.0844214934940044	-10.0217639908686	0.000116449746302089	0.00860741618933446	0.598544898253195
AT1G49470.1.DE	2.21987330027189	3.882685725514	7.02296886870186	0.000689965664669763	0.0254286169277115	0.316087589418891
AT1G50320.1	1.85714089421381	6.32744780438185	7.30688381603788	0.000568202229381833	0.0223429479151903	0.254163189256899
AT1G51070.2	-1.78298931058001	5.4154195849483	-5.84300303762006	0.001668452408366	0.0457227597088923	0.305149475209968
AT1G51090.1	4.07836074035386	2.1695554549683	11.2282727272241	6.50291466143967e-05	0.0066964736286166	0.363222450988874
AT1G51250.1	-6.92650369161649	0.380175769169723	-11.5510928942409	5.61930975229985e-05	0.00647978810455387	0.599640549602873
AT1G51790.1	5.0189750968205	0.771256702320011	9.8112072629302	0.000129760350259111	0.00916908099048965	0.511555302249475
AT1G51800.1.DE	3.69776967964444	2.49908433098686	10.2010118870951	0.000106372530742629	0.00845116035204422	0.362490478451687
AT1G53020.1	-6.5223436258858	-2.95986492320546	-10.078043675933	0.000113169041296024	0.00860741618933446	0.647183504618222
AT1G53645.1	-1.64703319115889	4.27797612257763	-6.95644799764724	0.000722762752560537	0.0263276137541238	0.236763531002594
AT1G54630.1	-1.62232586391493	6.51261423397838	-5.97319894334703	0.00150358844084904	0.0426910095682758	0.271600842245825
AT1G55020.1.DE	-2.35023359932323	4.95078931560222	-9.06928933859703	0.00019337024810435	0.0112178616770659	0.259141980322661
AT1G55570.1	-10.4399861475806	2.45885088860005	-19.1346214661282	4.02848689651371e-06	0.00443994605755568	0.545607142846346
AT1G56360.1	-8.65352841897407	0.428182255450711	-15.2963915171961	1.3053751313682e-05	0.00454367240170309	0.565723517814369
AT1G58225.1	6.35912256325217	0.892302979394816	12.2548421536226	4.13973163207278e-05	0.00589472695124546	0.518906933564408
AT1G60390.1	-3.36228573817125	2.45562315155175	-7.76380854191304	0.000421155075589795	0.0182821560351691	0.433071696709147
AT1G60630.1	-1.88247989204598	3.27581576636044	-5.97031524964516	0.00150702850764174	0.0427241445394179	0.315306615033078
AT1G61790.1.DE	-1.64281469788321	6.07477580526299	-7.32348178010974	0.000561899946568763	0.0221414494668899	0.224321538198541
AT1G62180.1.DE	3.12029515517414	7.83263793983372	9.40666232561242	0.00016072419107751	0.0100279002503321	0.331711190129385
AT1G62450.1	-9.17159017124351	-0.839861655848983	-15.521514936609	1.20928884061571e-05	0.00454367240170309	0.590895296541667
AT1G63230.1	-2.54058127575119	1.66290056459598	-7.25460757663668	0.000588599815133377	0.0228898721065059	0.350202440161351
AT1G63650.1	-5.31144021926823	1.48315140506602	-12.6860045281679	3.46067633432449e-05	0.00553874434420515	0.418685032586483
AT1G64450.1.DE	-3.06593209969867	2.84508903515378	-10.5088010564023	9.13661234637748e-05	0.00787760392947299	0.291748990512176
AT1G64900.1	2.67569722582785	6.04453163727401	9.55381707264502	0.000148546571344918	0.00969248908873497	0.280065779518539
AT1G65200.1	-6.1457815528721	-1.96183524535418	-8.45530379535656	0.000275199065065501	0.0138676719221747	0.726855202559038
AT1G66910.1	2.27464091663089	4.20076093905451	8.81107338550981	0.00022370935090017	0.012230954796026	0.258157073163371
AT1G66960.1	3.10796109825174	2.43931962914646	8.35540725557949	0.000292084406575937	0.0144129870847906	0.371970031284392
AT1G67040.1	-4.1840714733358	2.86217784813948	-11.6095446122339	5.47489709747289e-05	0.00647208590214468	0.360399276034197
AT1G67160.1	-6.64029184016881	-2.90251695107526	-10.2232788964933	0.000105193901463449	0.00845116035204422	0.649526625205
AT1G67290.1	-7.22592922881028	2.45421979648631	-10.7165146774176	8.26443975454135e-05	0.00744124774309238	0.674279786509054
AT1G67470.1	1.89044157911427	2.71903251896644	5.95068431563803	0.00153069204310865	0.0430701910812427	0.317684736551443
AT1G68810.1	-1.41333782787889	3.92108865262199	-6.39014859274168	0.00109001884666345	0.0346666569236653	0.221174485595569
AT1G69420.2	-2.03281377305826	6.00882433925254	-8.81427633383632	0.000223300117314838	0.012230954796026	0.230627415804367
AT1G69490.1	3.40402863730599	5.13220639207471	10.5525490769057	8.94422359615364e-05	0.00774726390383888	0.322578801813462
AT1G69700.1	-2.90833717300005	4.72341703609256	-8.69080945272639	0.000239733759165696	0.0127713547081052	0.334645143104326
AT1G69720.1.DE	3.21563009796193	3.40625365989928	11.8022352314595	5.02892076996937e-05	0.00613789576573665	0.272459414246421
AT1G69940.1.DE	-9.98730618408364	3.6724220121803	-21.4015535663787	2.23170379178361e-06	0.00443994605755568	0.466662672553523
AT1G70410.2	1.90836572260192	6.74356840322973	7.75701125590551	0.000422988247574274	0.0183190947037006	0.246018171128611
AT1G70440.1	-7.92922282721239	-2.2611754691722	-12.2778357409877	4.09975524543151e-05	0.00588979947540568	0.64581600491216
AT1G70540.1	-7.21541656672308	-0.658849087226312	-11.3775719396481	6.07528386334186e-05	0.00668087334089207	0.63417894476932
AT1G70600.1	-2.19564072359958	7.27316345254992	-8.55503812501317	0.000259474446762318	0.0132339527031635	0.256648853168753
AT1G70890.1	4.38284862935696	3.06789963874848	14.5005730265558	1.72584952979059e-05	0.00470131416839767	0.30225347793707
AT1G70985.1	2.69651043496015	1.73923857375581	7.88217120168336	0.000390680898462064	0.0176520148257042	0.342102495107474
AT1G71040.1	2.57448265635533	6.01072718245854	7.7676081804095	0.000420134407314966	0.0182821560351691	0.33143827502118
AT1G72110.1	-9.24757847222515	-0.801175908733211	-13.9818735362324	2.08700513879118e-05	0.00524798966851641	0.661397662356275
AT1G72430.1	2.52089534947144	3.59444308932421	9.79773360995182	0.000130671529025179	0.00919677152162903	0.257293722183965
AT1G72510.1	1.35266002206094	5.54093992143597	6.48621857626002	0.00101456507168503	0.0328223151245986	0.208543700178678
AT1G72690.1	-2.22198799496566	1.75655969251644	-6.39274115620163	0.00108789842399772	0.0346578623346798	0.347579847310116
AT1G73010.1.DE	-2.63867940696057	3.07553843424552	-9.2405581743965	0.000175910327951784	0.0105636118983442	0.285554114498381
AT1G73080.1	-1.86024043505754	5.57825179569848	-8.56778432497401	0.000257541923192421	0.0132335118155973	0.217120362102857
AT1G74000.1	-6.60003917967266	0.876327732412197	-12.732960772954	3.39498687608351e-05	0.00553874434420515	0.51834285028913
AT1G74220.1	-5.34121560118185	-2.10470413637024	-7.08735050919448	0.000659870487815936	0.0246579039542512	0.753626562458375
AT1G74490.1	-5.89170252542024	-0.709967981851214	-9.50823125248215	0.000152198964920713	0.00979702652277301	0.619642325577872
AT1G74540.1	-9.07006002400112	2.74006487787699	-19.1169625443986	4.04813004055199e-06	0.00443994605755568	0.474450896837621
AT1G74690.1	-2.15622614834848	6.37748924212822	-9.89363672314096	0.000124346176273731	0.0089892720355425	0.217940703574159
AT1G75110.1	-3.05884231266747	2.53228164305702	-10.2947392167599	0.000101514069639075	0.0082959063171133	0.297126740975395
AT1G75380.1	2.34053398609674	8.65784765161735	8.66111117702206	0.00024389639275967	0.012841110919638	0.270234839186245
AT1G75540.1	1.71618396249323	3.93320586183222	7.40478248791776	0.000532188513837448	0.0214656980817354	0.231766964835698
AT1G75940.1	-10.0633930735256	5.19641575748385	-25.5821668373062	8.68396339606495e-07	0.00443994605755568	0.393375320297352
AT1G76130.1	2.43179634648464	3.44961580313269	8.70424628702892	0.000237877888155536	0.0127437743136041	0.279380461707351
AT1G76310.1	-6.0704143611429	1.12817535974061	-10.7634136316031	8.08134081425025e-05	0.00740960399729989	0.563985977768166
AT1G76740.1	-5.23900878276703	1.7435073637573	-10.9714404712541	7.32473618459726e-05	0.00706029442695847	0.477513303425707
AT1G76955.1	3.68289402792946	2.77632853935128	11.9380631659479	4.74024218062561e-05	0.00607731204831841	0.30850012910256
AT1G77760.1	2.07622350817206	6.47044603118274	7.74908766843451	0.000425137006085486	0.0183461665025437	0.267931348438533
AT1G77870.1	-3.36661468947489	1.68138082789742	-5.95920124191798	0.00152037282425778	0.0429135639797138	0.564943950171304
AT1G78040.1.DE	-1.71079813211016	8.34353115862049	-6.24335085631619	0.0012183478331893	0.0368761125163061	0.274019220044217
AT1G78410.1	3.80939811494662	-0.291397543746818	6.63923568033793	0.000906609709386755	0.0305387743685187	0.573770581187251
AT1G78440.1	-3.6980200949508	1.67602296436814	-9.68314508758025	0.000138733352377391	0.00932017741930843	0.381902786904839
AT1G78770.1	-3.43201592366229	2.22448712554902	-10.4467900315098	9.41774680316204e-05	0.00797369229334386	0.328523490307604
AT1G79245.1	1.55187354794957	8.09988579145839	6.46878269356748	0.00102779470821524	0.0330991905890206	0.239901944687792
AT1G79250.1	-9.11952329236105	-0.8649449717781	-13.713297902148	2.30891093733694e-05	0.00524798966851641	0.665013139613384
AT2G01210.1	-3.76801151056648	1.71157307615086	-9.84419914622035	0.000127560653841405	0.00911646406693173	0.382764657093837
AT2G01420.2.DE	2.27273335470916	5.33933822446991	9.22930996318658	0.000176998438183947	0.0105951039621193	0.24625170936663
AT2G01430.1	-5.70584268691312	-2.17683166017463	-7.01515459883473	0.000693726700014758	0.0255171957993687	0.813359507124889
AT2G02170.1	-2.54570237961348	4.50206936072796	-10.6218057414354	8.6493382274221e-05	0.00756153308477329	0.2396675708051
AT2G03340.1	1.48190591940911	5.25425942768694	5.71734676601401	0.00184783733667376	0.049335157074034	0.259194689434984
AT2G03980.1	1.57721844055292	4.75018345209525	7.45534421050119	0.000514639326933808	0.0211666538053564	0.211555415286036
AT2G04570.1	-3.53216954220513	6.88600043742242	-15.3928185462724	1.263151212215e-05	0.00454367240170309	0.229468666286623
AT2G05518.1	3.73401706063861	-0.162050432396039	7.00366621824058	0.000699299761727764	0.0256719498465528	0.533151772840575
AT2G13790.1	2.37558592752024	4.77410704587562	6.21072562716698	0.00124921388096909	0.037688963253122	0.382497323199877
AT2G13810.1	4.40108810621912	-1.78097086451451	6.88743445718783	0.00075873420043571	0.0272680077082019	0.639002539127771
AT2G14095.1	-4.03212787011407	-0.470886413045953	-6.67815250132864	0.00088133326171043	0.0300949950744622	0.603778944747349
AT2G14610.1	7.46236017137843	1.75549488791661	16.0088670680371	1.02850716379711e-05	0.00454367240170309	0.46613918022204
AT2G14710.1	-7.23955575320451	-2.60116393151345	-11.6785575688718	5.30999665650672e-05	0.00639786520228848	0.619901534115903
AT2G14860.1	-2.45079305620971	2.53689705586025	-6.54169792963216	0.000973773490949162	0.0318132490992719	0.374641734083786
AT2G15040.1	5.6336237645071	2.11347118700064	12.0244510669793	4.56681665667966e-05	0.00601894061876564	0.468514008092873
AT2G15400.1	-2.3421508315652	1.77131705303539	-5.96801734605045	0.00150977632511194	0.0427375840463916	0.392450406183087
AT2G15580.1	1.97169968064734	5.21808463912898	8.1412029575028	0.000332574543574608	0.0155887060374771	0.242187756642309
AT2G16270.1	-4.02992988139061	2.92360775646786	-12.9578432715223	3.10010396449014e-05	0.00544575272117352	0.311003135085548
AT2G16750.1	-4.8205304731477	4.91800454813316	-18.7981172029004	4.42311390133245e-06	0.00443994605755568	0.256436877221083
AT2G17180.1	-6.67998463508451	-2.88056323660393	-10.4508342916588	9.39910344639216e-05	0.00797369229334386	0.639181949369922
AT2G17490.1	-4.43700266749375	-1.02112618153444	-7.22865112765337	0.000599045851876212	0.0231680366910808	0.613807830691939
AT2G18020.1	-1.9827701422733	8.12767721574366	-6.52412714229014	0.000986481714124412	0.032135026514181	0.303913473638605
AT2G18300.3	5.80616272919625	3.37491939901099	17.3878407028086	6.66640733289413e-06	0.00443994605755568	0.333920860469949
AT2G18340.1	-7.03664956716877	-0.747951620660098	-11.1727248521637	6.67102468024203e-05	0.0066964736286166	0.629806037495506
AT2G18390.1.DE	-1.68391334999956	3.63307079118083	-7.18124032615031	0.000618692100305055	0.0235881069317116	0.234487814572593
AT2G18470.1	-7.97118619766464	0.898500033043234	-12.8537714105715	3.23263988068086e-05	0.00553874434420515	0.620143765051618
AT2G19500.1	-9.54149153470112	-1.45025302565754	-16.3499114220096	9.20902971967661e-06	0.00454367240170309	0.583580625510714
AT2G19660.1	-4.48051709268058	-1.77512293643612	-6.62673971457365	0.000914904831143807	0.0306533889593209	0.676126916955399
AT2G19880.2	-1.41409288067614	5.09481034307282	-6.89244235013323	0.000756054547983296	0.0272680077082019	0.205165717584683
AT2G20450.1	-2.27891669655754	5.13226580526138	-6.11122007446725	0.00134914104390502	0.0398091916188991	0.372906992186205
AT2G20680.1	-2.40728828647617	2.91890315556474	-9.15355714753328	0.00018453647707263	0.0109764165286618	0.262989376444205
AT2G20960.1	2.23383332507037	5.45187139394512	6.31657366742277	0.00115225479746918	0.0356213506138662	0.353646366319004
AT2G21050.1.DE	-2.79651707589378	3.93247080287877	-7.59762613763505	0.000468780981015577	0.0197118731972456	0.368077742341276
AT2G21060.1	-2.03672156308158	4.28173684563998	-8.13342415721382	0.000334164839838803	0.0156242844020153	0.250413789286415
AT2G21160.1	-1.52879807588131	6.70550165664218	-6.72135010235619	0.000854235170456987	0.0297337115998325	0.227454016321123
AT2G21490.1	-9.1837163464105	1.60152924177592	-15.773288896901	1.1115747366389e-05	0.00454367240170309	0.582232177857011
AT2G21970.1	1.85388851057028	6.89666543991795	6.64939801174806	0.000899928460863948	0.0304227614215805	0.27880546589253
AT2G22080.1	-1.81877638569039	5.97025821166094	-7.56479345202812	0.0004789227574295	0.0200486239390755	0.240426443527388
AT2G22420.1	-3.09620068644148	4.35829405868762	-13.3708499986128	2.63368442832655e-05	0.00543220527964795	0.231563489737954
AT2G22960.1	-5.52857695375751	-0.430739022727964	-9.41222836946555	0.000160242672431277	0.0100279002503321	0.587382364381734
AT2G23200.1	1.76394214043295	5.43911190986737	8.1674709704501	0.000327269634186021	0.0154946096830238	0.215971644933283
AT2G23510.1	-9.40150313397536	-0.724682232634363	-15.106401715815	1.39356166737676e-05	0.00468043539782274	0.622352252431685
AT2G23770.1	5.28376263837896	1.04839078164398	9.42874652595928	0.00015882365823024	0.0100176157050187	0.560388660765424
AT2G23790.1	-2.37907373634194	5.49549377121029	-11.2582891671854	6.41415613711848e-05	0.0066964736286166	0.211317519119712
AT2G24160.1	2.9319545907148	4.00169345255091	10.7089770620685	8.29432205060052e-05	0.00744124774309238	0.273784748414476
AT2G24170.1	-3.15728675076624	2.81851290278738	-7.10551765022566	0.000651658138350681	0.0246320741407673	0.4443429608068
AT2G24310.1	-4.84436903692095	-1.02357060810706	-5.82974324746614	0.00168639432944879	0.0459383591540861	0.830974681265171
AT2G24320.1	-6.67311665029984	-2.08126379877433	-8.90806231390103	0.000211698745127661	0.0117578070863213	0.749109785624921
AT2G25330.1	-3.74639646004001	-0.220535050368168	-6.56401834474633	0.000957904782425004	0.0315583931697035	0.570747408565445
AT2G25735.1	8.65080178981512	-1.85863807258915	14.7602525188346	1.57306069391068e-05	0.00470131416839767	0.586087655260396
AT2G25880.1	-5.61582765128169	1.8377595953819	-13.8696267143267	2.17653363435929e-05	0.00524798966851641	0.404901138794226
AT2G26010.1	7.85377319563184	0.660204264023177	6.65780849946935	0.000894442453604769	0.0303464627399914	1.17963338781189
AT2G26400.1	-2.13884790640873	2.60644567540423	-7.71840036076293	0.000433580714857948	0.0185217798101591	0.27711025684567
AT2G27120.1	-7.5552701273494	-0.858047385978954	-13.0454233188415	2.993526355354e-05	0.00544575272117352	0.579151012787553
AT2G27775.2	-2.27945571906193	1.70557109401883	-6.58365862692781	0.000944190902864557	0.0313347879053801	0.346229330563818
AT2G28410.1	-1.71602554162219	3.82038623924766	-7.08746934428191	0.000659816376762978	0.0246579039542512	0.242121053124082
AT2G28470.1	-2.82037026892579	7.55884355147024	-6.10880830685197	0.00135167628598153	0.0398214850647475	0.461689109766681
AT2G28740.1	-2.98497829813854	4.97075179475378	-13.0069655168059	3.03978393696029e-05	0.00544575272117352	0.229490752034495
AT2G28760.2.DE	-2.28292390679499	3.64776087559415	-6.57973510260399	0.000946912083967648	0.0313347879053801	0.346962890024479
AT2G28950.1.DE	-2.60150585948568	6.88943685693453	-5.87033863048613	0.00163216053260787	0.0451812803695104	0.443161122933422
AT2G29350.1	3.4345521971082	4.17487439138125	9.98532744865172	0.000118633569615614	0.00867640690465009	0.343959896635334
AT2G29550.1.DE	-3.70697798797338	6.27941831828108	-11.3312949310828	6.20418163798244e-05	0.00668087334089207	0.327145133060194
AT2G29660.1	-2.81453707110909	3.25029912693941	-10.0762498284216	0.000113271914617294	0.00860741618933446	0.279323867414467
AT2G29960.1	-1.4732504051835	5.87825584293535	-6.23840948725885	0.00122296511612347	0.0369563542164901	0.236158015627609
AT2G30630.2	-4.86294959385357	1.01929008490461	-11.1639982810072	6.69789871344925e-05	0.0066964736286166	0.435592112382056
AT2G30860.1	1.51795026176357	8.76924647088933	5.69222938028892	0.0018863306928252	0.0499612239090092	0.266670606602737
AT2G30984.1	-4.49938591120676	-1.65577712005778	-6.74172957172503	0.00084178985772243	0.0294642125991635	0.667393413416831
AT2G31610.1	-2.14183741781569	7.49504149919952	-6.85740187008658	0.000775039314190969	0.0276951310827632	0.312339492185639
AT2G31880.1.DE	3.49740280040833	6.1261433816386	14.2809050869088	1.86896035654257e-05	0.00487902484188529	0.244900640339271
AT2G31985.1	-8.33836103167199	-1.2534543446151	-13.2168419990699	2.79720021842499e-05	0.00543220527964795	0.630889060507706
AT2G32390.3.DE	2.13522991552607	3.33412850353398	7.54477174674896	0.000485233617906863	0.0202227296722337	0.283007887739763
AT2G32590.1	-5.71788183359966	1.13844769455439	-11.1810464511405	6.64551628824699e-05	0.0066964736286166	0.511390580352739
AT2G33100.1.DE	-4.88090123562398	1.119139153313	-7.21451463790707	0.000604826304785228	0.0232957279195556	0.676539099384228
AT2G33190.1.DE	-7.01292789276602	-2.71660668510553	-10.9749344875996	7.3127607354053e-05	0.00706029442695847	0.638994966274267
AT2G33460.1	-4.89378992250436	0.85515335522913	-10.6227709421851	8.64531030722775e-05	0.00756153308477329	0.460688642270369
AT2G33590.1	1.96659808394661	4.46431851391337	9.08126679791051	0.000192084784088456	0.0111777882406397	0.216555479286117
AT2G33640.1	-2.75431146892886	1.34032250997564	-7.1943123815161	0.000613200871375135	0.0234434776020467	0.382845687380123
AT2G33770.1.DE	2.23172028839711	7.88319544750119	8.28283351067899	0.000305117611044557	0.014857488645579	0.269439230611091
AT2G34700.1	-7.82903756085438	-2.3082152992508	-12.6280043869843	3.54390147013332e-05	0.00555093100271883	0.619974250953206
AT2G34825.1	-8.45719395811365	-0.822729170800347	-12.6854030314789	3.46152749541457e-05	0.00553874434420515	0.666687052601095
AT2G35215.1	-7.35813034416081	-2.54478473306307	-11.5802009405707	5.54683940994742e-05	0.00647709166075969	0.635406102357163
AT2G35605.1	-1.92858954893355	3.4103045081603	-6.29446018622633	0.00117176409689325	0.035870485285351	0.306394749013383
AT2G36160.1.DE	-2.33907272180639	6.74504238828527	-8.93416753730471	0.00020859670254092	0.0117041947178347	0.261812050427706
AT2G36830.1.DE	-2.22949650222778	8.29118525021412	-5.75097934522231	0.00179771486499707	0.048340269817575	0.3876724933954
AT2G36885.1	-2.05376627463776	4.71978888105861	-9.68167271014407	0.000138840693626642	0.00932017741930843	0.212129281388112
AT2G37120.1	-1.98312805201735	4.25680765270145	-8.99704788251956	0.000201341752344655	0.0115324129756186	0.220419861927198
AT2G37370.1	-6.02991013484276	-0.457787244372033	-9.68383961152715	0.000138682753200459	0.00932017741930843	0.622677613089033
AT2G37470.1	-2.7570298466517	4.59763813618573	-11.3519917744959	6.14613844198793e-05	0.00668087334089207	0.242867498622208
AT2G37590.1	-2.26985112639769	1.18699982929244	-5.99832621927322	0.00147399697881681	0.0422980873493752	0.378414084766586
AT2G37750.1	-3.40023994263075	1.41233137188542	-8.99246670631148	0.000201860176046953	0.0115324129756186	0.378120937633748
AT2G38370.1.DE	-2.29527118018656	3.4522185681261	-6.77537996524817	0.000821701174979244	0.0289226503462732	0.338766414866667
AT2G38790.1	5.35679370036732	2.04187359729537	11.3268595801516	6.21670442269374e-05	0.00668087334089207	0.472928410779824
AT2G38920.1	-7.51512715925704	-2.47141597048926	-11.2278360217154	6.504216661899e-05	0.0066964736286166	0.669329971040038
AT2G39030.1.DE	3.97067577368087	1.52701847415079	8.68994601304215	0.000239853597146262	0.0127713547081052	0.456927553718004
AT2G39060.1	-7.77406721896816	-1.53361764968232	-11.8024275502468	5.02849758526395e-05	0.00613789576573665	0.658683748395946
AT2G40000.1.DE	2.64823486144529	6.09185609089647	11.9780874372688	4.65894255602259e-05	0.00607731204831841	0.221089959086918
AT2G40480.1	-2.65963752182046	3.6993760814984	-11.0835603194677	6.95172735624255e-05	0.00680545142645495	0.239962380783813
AT2G40510.1	-1.59564456087483	6.14418446621194	-6.68753139966671	0.000875365428363311	0.0300949950744622	0.238599935538898
AT2G40550.1	-3.98656156073571	2.85677091018398	-8.40967114039289	0.000282765813531888	0.0141352825296419	0.474044881682432
AT2G40590.1.DE	-1.9281787340159	5.47524921477545	-6.79147954775597	0.000812288567428286	0.0287528736598532	0.283911439393646
AT2G40750.1	1.86325422632967	3.98664948791918	7.37653548469316	0.000542297764992047	0.0216872952995543	0.252592050861283
AT2G41130.1	-2.75540712891753	1.65807408266166	-7.59405665077194	0.000469871280716572	0.0197136173936355	0.362837315499541
AT2G41445.1	-8.53505213644912	-1.95303993148736	-14.5337901569574	1.70535586452146e-05	0.00470131416839767	0.587255770468336
AT2G41830.1	-2.52955503572774	4.03846424454678	-9.21842169964604	0.00017805928508146	0.0106247692774321	0.27440218273209
AT2G42600.2	2.20419768154412	8.96412569804791	8.36061198538792	0.000291175122693507	0.0144129870847906	0.263640710201173
AT2G42660.1	-6.58952462975657	-2.92589406618502	-10.2462218368161	0.00010399556938527	0.00842543414726521	0.64311750562334
AT2G42690.1.DE	2.04349257878795	7.02269293558171	9.25955340552316	0.000174090628843866	0.0105215673946923	0.220690187668127
AT2G42720.1	-2.93842736767015	0.397213398075991	-6.41112155517088	0.00107300263878949	0.0343580197592627	0.458332811565577
AT2G43240.1	-2.28295958702259	4.55525452116853	-10.3025603396529	0.000101120613552523	0.0082959063171133	0.221591479375846
AT2G44080.1	1.66315028809708	3.31874685509095	7.04779477492295	0.000678174260425507	0.0251419396429149	0.235981656846026
AT2G44380.1	5.88270369192289	-2.05883244534068	6.2705909734525	0.00119325628506684	0.0364098135294097	0.938141830144593
AT2G44460.1	-7.31638125893108	-0.991594532566154	-9.75717751152664	0.000133460065461485	0.00925651435577149	0.749846074880555
AT2G44740.1.DE	-2.99471093746926	2.90849399427927	-8.43786215353856	0.000278062770399964	0.0139745129209565	0.35491347013928
AT2G45130.1	-4.48540608798328	-2.02094819824548	-6.69262868457722	0.000872141819842306	0.0300784910931302	0.670200947845745
AT2G45870.1	-2.94318966716562	1.64651555118915	-7.42153959460451	0.00052629576566844	0.0214077737619692	0.396574003230452
AT2G45900.1	-3.39860984674328	1.27914290254186	-8.33826433055323	0.000295103022664059	0.0144446781614418	0.407592001406099
AT2G46400.1	2.49361000043217	3.17245310559468	8.64331725209149	0.000246431188272589	0.0129022858350184	0.288501500951937
AT2G46470.1	-1.38407427288931	4.30435423040289	-6.16978559748018	0.00128924548127127	0.0383428133955298	0.224331016211419
AT2G46720.1	-4.118402057593	3.91441359659851	-14.6663423270028	1.62639202631234e-05	0.00470131416839767	0.280806350061149
AT2G46810.1	-1.55851225810629	3.47412322261372	-6.24342056841554	0.00121828283882714	0.0368761125163061	0.249624743524495
AT2G46940.1	2.77687707925434	0.550798155064393	5.82100106853795	0.00169834621990733	0.0461302247823385	0.477044591911026
AT2G47000.1	2.98050091985067	3.4194117911473	8.14825419278126	0.000331140668044076	0.0155655039221634	0.365783988733583
AT2G47040.1	-8.34429106727802	5.33154794279489	-25.158698120053	9.48667740188843e-07	0.00443994605755568	0.331666250274974
AT2G47650.2	-1.70067510018613	5.6940312118752	-7.06719140908775	0.00066912551492724	0.0249541332908183	0.240643701541637
AT3G02970.1	-6.8562953935535	0.196216571672167	-11.5797104182335	5.54805148639237e-05	0.00647709166075969	0.592095583215755
AT3G03430.1	-9.35149039003656	0.408621135163537	-16.5136528721596	8.74005129440095e-06	0.00443994605755568	0.5662884197961
AT3G03510.1	-7.39701612629621	-2.52394080368579	-11.8322421332583	4.96339837837804e-05	0.00613789576573665	0.625157602674857
AT3G04380.1	-2.89168956239714	1.86024724882729	-7.78705876004847	0.000414954787311585	0.0182231079025901	0.371345542842564
AT3G04620.1	-5.77992246807054	2.68473260752501	-16.2249248123518	9.58714759154437e-06	0.00454367240170309	0.356237242077717
AT3G04630.1	-3.1225886280133	3.7167065654915	-8.70350659972746	0.000237979611836297	0.0127437743136041	0.358773626725471
AT3G04780.1.DE	-1.32411774301219	4.84617821244501	-5.69071910403844	0.00188867479667864	0.0499612239090092	0.232680214715312
AT3G04980.1	-1.74086596998896	3.22541669088197	-6.30383084618441	0.00116345028563361	0.0357658336250337	0.276160006901625
AT3G05110.1	-4.76377874464296	-1.63435896013137	-6.8050611955799	0.00080444600515655	0.0285829245990974	0.70003466651221
AT3G05400.1	-3.83094689428332	3.43736276594881	-12.5837771726473	3.60895641422001e-05	0.00560611113732886	0.304435372759974
AT3G05430.1	-1.86674576082654	2.77358824529756	-6.30419069625963	0.00116313239501879	0.0357658336250337	0.296111880297991
AT3G05960.1	-9.6425747901455	0.55425455424467	-15.6226295746531	1.1688705379864e-05	0.00454367240170309	0.617218423061766
AT3G06320.1	-2.71783705175776	2.7868169830081	-8.98122460828099	0.000203139048247869	0.0115703077298999	0.302613192554145
AT3G06840.1	-4.88443892019095	1.46803873695137	-9.92601307539068	0.000122292748952001	0.0088749594953738	0.492084675195605
AT3G07120.1	-5.55491157734457	-0.636438348036475	-9.30514968430226	0.000169812324405799	0.0103629624984786	0.596971759273865
AT3G07250.1	-4.3446321172981	0.350412145917408	-8.82648515253677	0.000221748279924715	0.0122228172125072	0.492226751896754
AT3G07520.1	1.97682187988978	3.55579259600184	8.02956453036073	0.000356277668341781	0.0163331586686637	0.246192912755752
AT3G07830.1	-10.6998517335043	0.714518594104544	-18.487071055606	4.82923513437172e-06	0.00443994605755568	0.578774847639248
AT3G08770.2.DE	-8.86562756551612	5.59386850189109	-26.0214117414884	7.9350190598314e-07	0.00443994605755568	0.340705095234353
AT3G10410.1	-2.59018909317734	7.41124014684485	-8.04260336835718	0.00035340922595678	0.0163166412879245	0.322058539324241
AT3G11760.1	-2.26615874215703	3.6380671714802	-9.1192055478045	0.000188078951198445	0.0110472873960186	0.248503965644531
AT3G11825.1	-8.23865236269924	-2.1054357263984	-12.9832613956931	3.06871665513436e-05	0.00544575272117352	0.63455953874827
AT3G13000.2	-2.08592994753263	4.28008583557951	-8.66826703977716	0.000242885674140353	0.012823817784107	0.240639788548353
AT3G13110.1	1.55626195671561	6.21987095828662	6.86344536992379	0.000771725527638494	0.0276292438428441	0.226746462284859
AT3G13450.1.DE	-2.77845430621149	4.41222766929624	-11.4698877409868	5.82747529803767e-05	0.00661538095746297	0.242239014797231
AT3G13850.1	-3.66991552223238	0.333077328927885	-6.08670638980801	0.00137517014832258	0.0401361771861354	0.602939469591885
AT3G14600.1.DE	-2.23319696019601	6.36100970309558	-8.79680454885724	0.000225543204333144	0.0122575029021414	0.253864565001176
AT3G15354.1	1.77002228804113	6.55880917496109	7.5061204111994	0.000497694558948258	0.0206504788741533	0.235810537411602
AT3G15720.1.DE	-5.5736802162257	-0.37084395564859	-8.21261322105727	0.000318383401150552	0.01523639119251	0.678673166043506
AT3G16660.1.DE	8.26662977897717	1.26471365536345	14.6998102049698	1.60714384619642e-05	0.00470131416839767	0.562363028073812
AT3G16800.2	3.18744561878405	4.47572789578276	13.6923627511525	2.32735262128564e-05	0.00524798966851641	0.232790036074362
AT3G17060.1.DE	-7.13624470109535	1.41792999724043	-12.1238421101449	4.37647714102291e-05	0.0059707179673568	0.58861247418621
AT3G17780.1	-1.7071074710297	3.69475534175134	-6.30530373599382	0.00116214977985817	0.0357658336250337	0.270741512622886
AT3G18220.1	-7.47248958312654	-0.529867931122875	-12.7315162460723	3.39698560119879e-05	0.00553874434420515	0.586928488225574
AT3G18660.2	-4.23169151853165	1.89025604180154	-7.60606726173804	0.000466214424479697	0.0196479065527363	0.5563573622099
AT3G18740.1	-1.84921406105878	6.92447449930424	-6.50674198706659	0.000999246726753651	0.0324384136028698	0.284199690833669
AT3G18810.1	-6.26432646429691	0.0148122465184203	-10.3373228891274	9.93934369896522e-05	0.00819385544586624	0.605991176969582
AT3G19390.1	-8.43341524396908	2.00442872930139	-15.1045216613027	1.39446894167947e-05	0.00468043539782274	0.55833712798567
AT3G19800.1.DE	1.88056092936478	5.88785300957455	9.04410633625223	0.00019610615686537	0.0113415733059738	0.207932200202775
AT3G20040.1	-2.04238785417877	2.21832420412825	-5.97901970818288	0.00149667244636844	0.0426234171241534	0.341592427163865
AT3G20530.1	-6.26223000630068	1.39556164841448	-12.7007372155338	3.43990556168788e-05	0.00553874434420515	0.493060355476185
AT3G20580.1	-7.44572928997307	1.51157591313163	-11.7777814204983	5.08307419818397e-05	0.00616396533090747	0.632184366829422
AT3G20865.1	-7.82321976125818	2.97843989550122	-18.9520742593396	4.23713238824231e-06	0.00443994605755568	0.412789632111265
AT3G20975.1	-8.09423127362671	-2.17557185107565	-13.1423352623365	2.88060219857022e-05	0.00543220527964795	0.615889878933714
AT3G21700.3	-2.03710976027704	4.65501651641023	-7.85681922317207	0.000396984228798657	0.0177855199302259	0.259279194596843
AT3G21790.1	2.27190107097714	4.544522455507	10.0207508923427	0.000116509822355136	0.00860741618933446	0.22671964360607
AT3G21980.1	-7.96158620765209	-2.24259333972396	-12.7559113553138	3.36341697096579e-05	0.00553874434420515	0.62414875628118
AT3G22060.1.DE	3.43972929490139	3.1597510571757	9.35189704744226	0.000165553967104427	0.010153930562319	0.367810859919823
AT3G23130.1	-7.97116366657245	-2.23528052881626	-13.2710095866273	2.73835531659612e-05	0.00543220527964795	0.600644857841463
AT3G23430.1	1.48937876697589	3.87918153298229	6.03025471250827	0.00143736891567721	0.0413733325253733	0.246984387556058
AT3G23740.1	-4.6142829702963	0.511039936978957	-5.84690922598551	0.00166320932762925	0.0457227597088923	0.789183274778573
AT3G24230.1	-3.92254283039985	1.1724628995496	-8.33908636499862	0.000294957440115125	0.0144446781614418	0.470380406043498
AT3G24630.1	-1.89678890205344	3.00933389216227	-7.34082383269654	0.000555402451647135	0.0219775673287569	0.258389105267042
AT3G25760.1.DE	2.72505677487952	4.5783533306643	10.7808633900462	8.01443973726133e-05	0.00738428476968451	0.252767953390033
AT3G26010.1	-6.84399130107901	-2.79851787175519	-10.813241346453	7.89202846489767e-05	0.00738002821025953	0.632926897846779
AT3G26050.1.DE	-5.29691419136262	0.983151420136634	-7.30326085050449	0.000569588868538647	0.022350714766289	0.725280706767679
AT3G26450.1.DE	1.90648907755266	5.78511685198615	8.6257077330738	0.000248970273611358	0.0129630062681415	0.22102407553673
AT3G26820.1	-6.14109069152427	-0.174698297121926	-8.6349917175903	0.000247627817699811	0.0129289235041268	0.711186633684233
AT3G26830.1.DE	4.2788367557418	0.931116595492192	8.47996195753861	0.000271209435517754	0.0137403033692499	0.504582069727088
AT3G27060.1.DE	-3.58667165581757	4.78872005906017	-11.4803440667963	5.80016631910778e-05	0.00661538095746297	0.312418481096835
AT3G27120.1	-2.98696001380982	0.50964679226682	-6.65076432072071	0.000899034573036605	0.0304227614215805	0.44911530010225
AT3G27620.1	-3.11329072358053	-0.0514908009357453	-5.85859063896016	0.00164764395258329	0.0454759408704192	0.531406086453091
AT3G27809.1	-7.03436958385928	-1.52457510877173	-9.44800129971754	0.000157188192819984	0.0100140678973301	0.74453520492949
AT3G28007.1	-3.92380828437268	3.74348053651355	-14.6415281773278	1.64083950781997e-05	0.00470131416839767	0.267991717589197
AT3G28270.2	1.4034880713244	6.42451268495611	6.35408939147925	0.00112001709033534	0.0351951268263504	0.220879497415706
AT3G29060.1	-6.26874313818134	-0.0610027439032782	-10.0451899795106	0.000115070733943137	0.00860741618933446	0.624054214103248
AT3G42520.1	-6.0076110104576	-1.63990789665992	-8.99879910314003	0.00020114399154382	0.0115324129756186	0.667601414544448
AT3G42960.1	-9.68919156163575	0.820151077734505	-17.0069891242274	7.48884244082782e-06	0.00443994605755568	0.569718219425033
AT3G43110.1.DE	-5.19242993148899	-1.59968937533298	-6.18412666559604	0.00127505476342987	0.0379808705759553	0.839638353524657
AT3G43860.1	-7.09968402309337	2.20514103745733	-12.1938541815681	4.24801637379965e-05	0.00595863550462225	0.582234617322637
AT3G43920.2.DE	-2.35606619062208	4.79801047643495	-8.19093152707377	0.000322615573033108	0.0153128341180058	0.28764325313116
AT3G44713.1	-2.5940446952002	0.86620048784131	-5.68993504415255	0.00188989307295731	0.0499612239090092	0.455900581477826
AT3G44820.1	2.15368843680184	2.93253617207841	7.50018224291764	0.000499642064505906	0.0206856216838172	0.287151480730425
AT3G44860.1.DE	4.33362294796496	5.01885880656486	17.7545288055626	5.97382074989444e-06	0.00443994605755568	0.244085494772872
AT3G45320.1	-7.1440821498062	-2.6563934381847	-10.7101293047381	8.28974582789134e-05	0.00744124774309238	0.667039766424269
AT3G45480.1	-6.95745865478122	-2.74605118264715	-10.7040808684709	8.31380094727282e-05	0.00744124774309238	0.649981884504866
AT3G45710.1	-4.04128195493281	0.200388223940635	-6.29906042856329	0.00116767405272609	0.0358035913459048	0.641569008706042
AT3G46900.1.DE	4.04690920711684	1.98344421288593	8.14770831293649	0.000331251413538271	0.0155655039221634	0.496692941338042
AT3G47500.1	2.62896525558303	6.68768320740137	11.3130922714105	6.25576563096938e-05	0.00668087334089207	0.232382552224624
AT3G48410.1	-1.8481871294516	3.23511330725212	-6.48103274700722	0.00101847898152644	0.0328923211972011	0.285168614570733
AT3G48580.1.DE	-3.22417615972266	0.243992250997776	-6.65815581898795	0.000894216745098552	0.0303464627399914	0.484244623793251
AT3G48930.1	-2.48161884245924	7.193499514565	-7.77828148555928	0.000417282810557559	0.0182821560351691	0.319044617640345
AT3G49080.1	-1.72462570568854	4.61970778171969	-6.71225045044388	0.000859861521668465	0.0297558402263528	0.25693703153977
AT3G49840.1	-1.63095682145668	2.86782401801178	-6.09866154567213	0.0013624035205822	0.0398874401446464	0.267428649588544
AT3G49910.1	-2.3211014492674	7.83847401346636	-7.74751331514437	0.000425565471116677	0.0183461665025437	0.299593089402022
AT3G50620.1	-2.14312429729864	2.6895741083773	-7.83873341670012	0.000401553964253993	0.0178853277538342	0.273401860143986
AT3G50740.1.DE	6.46116566551275	3.74066560834378	13.2582861821786	2.7520447639613e-05	0.00543220527964795	0.487330381674643
AT3G50840.1	4.590344725126	2.44096730536919	12.1030754561589	4.41545965877099e-05	0.0059707179673568	0.379270933388267
AT3G51300.1	-4.87777991278486	1.83732343589118	-9.72755747454428	0.000135541034555709	0.00932017741930843	0.501439331049892
AT3G51590.1	-11.3215893871495	2.67207494869465	-16.8126362714302	7.95465075930757e-06	0.00443994605755568	0.673397628091693
AT3G51670.1.DE	-1.84758360615726	5.84957905235222	-8.90504400254081	0.0002120608960557	0.0117578070863213	0.207476078234998
AT3G51690.1	-5.79660083516326	-2.51591871244128	-8.64360835039333	0.000246389471912199	0.0129022858350184	0.670622800129472
AT3G51740.1	-3.80082704139454	3.56580807637283	-8.59945718285621	0.000252812648116895	0.0131267031326109	0.441984530020316
AT3G52310.1	4.20004491939484	1.49410957805449	10.1807146188814	0.000107460487557915	0.00845116035204422	0.412549126129646
AT3G52460.1	-3.13987938833503	1.30777417088078	-6.6790882363854	0.000880735718556641	0.0300949950744622	0.470105990100571
AT3G52520.1	2.71062445863307	0.581559189259628	5.78432414209193	0.00174957498522579	0.047384742683435	0.468615587931551
AT3G52600.1	-7.27562087834533	2.05596374674789	-15.759855037685	1.11654648629377e-05	0.00454367240170309	0.46165531732036
AT3G52620.1	-8.72671571921951	-1.0611973770912	-14.562727041029	1.68773730813371e-05	0.00470131416839767	0.599250105741382
AT3G52930.1.DE	-1.67881949470924	8.17339814149768	-6.73804611403748	0.000844023491255926	0.0294874824194171	0.249155239708398
AT3G53450.1	-4.24270998418807	-1.31156823695801	-6.54011396878251	0.000974911230111757	0.0318132490992719	0.648721108598339
AT3G54820.1.DE	-3.24458969358922	4.58811744426491	-12.7515880619292	3.3693373014715e-05	0.00553874434420515	0.254445930799489
AT3G54970.1	-1.9377796871693	2.74521181661674	-6.78510450288089	0.000816000575164021	0.0287840225737144	0.285593197031311
AT3G55110.1	-3.44200850290229	5.31729643721277	-13.7285074135634	2.2956213037328e-05	0.00524798966851641	0.25071979052156
AT3G55880.2	4.25891029560001	3.35332133440461	11.2652780959512	6.39369566684072e-05	0.0066964736286166	0.378056383457652
AT3G55990.1	-3.52907940280642	2.97651190332235	-6.46798282450712	0.00102840643243179	0.0330991905890206	0.54562287788316
AT3G56400.1.DE	1.95974126354493	5.98597991740324	7.94861732316666	0.000374709851089034	0.0170121892779456	0.246551215622516
AT3G57240.1	5.98945896879188	0.984418659105962	9.70823107539821	0.000136919441237373	0.00932017741930843	0.61694647791912
AT3G57320.1	-1.55072052608505	2.98965680586721	-6.12718870063985	0.00133249399632284	0.0395040333673251	0.253088423068007
AT3G57390.1	-1.66396002906668	3.69062767425613	-6.63387053376801	0.00091016040996479	0.0305488840458896	0.250827932290316
AT3G57600.1	-1.81078708113769	2.44168170174357	-6.20632829559993	0.00125344345548503	0.0377397948721	0.291764630372755
AT3G57640.1	2.77354694317408	1.33087664041854	7.2927898433925	0.000573618845621643	0.0224152595058304	0.380313570352915
AT3G57860.1	-5.64754576570076	0.469034682221877	-8.03200488919681	0.000355738734691653	0.0163331586686637	0.70313026991515
AT3G58440.1	-7.1117254029116	-2.66773866919263	-11.1252095941278	6.81890855617051e-05	0.00671475215722818	0.639244172681958
AT3G58700.1	-1.75901433030006	4.80047980096858	-5.83077160049738	0.00168499485583599	0.0459383591540861	0.301677796837388
AT3G60260.1	-1.3904293877543	3.93201644981088	-6.33177718739243	0.00113906144748387	0.0353880974659617	0.219595438469134
AT3G61460.1	1.22106997175984	5.56532430906403	5.84278222330267	0.00166874937009471	0.0457227597088923	0.208987760469638
AT3G61590.1	-1.82317148707993	3.50460857596096	-6.38418996598271	0.00109491063732749	0.0346785163863228	0.285576008357279
AT3G62170.1	-9.22858882291478	4.29204686468728	-22.6069237689014	1.67067547981542e-06	0.00443994605755568	0.408219575438647
AT4G00870.1	-5.40254761498047	3.93327291363784	-15.3464560971394	1.28324754063993e-05	0.00454367240170309	0.352038775648504
AT4G02060.1	-4.41512114445715	3.1408514243607	-7.67691099007586	0.000445311572518053	0.0189368242467179	0.575116886227376
AT4G02410.1.DE	3.95217444942863	4.24584545444563	14.8673238532273	1.51475997309226e-05	0.00470131416839767	0.265829579583061
AT4G03220.1	-5.70894809356806	-1.04532608039485	-9.39559696823501	0.000161686527006338	0.0100279002503321	0.607619517191838
AT4G03260.1	1.28999131106432	7.51442325626118	5.68442606664892	0.0018984787473586	0.0499773200775242	0.226934310683153
AT4G03620.1	-7.36194009966609	-0.661831701713736	-8.934112614848	0.000208603172508758	0.0117041947178347	0.824025890095783
AT4G04490.1	3.42088258375679	3.11992852258861	11.8095783390529	5.0127925702053e-05	0.00613789576573665	0.289670171579652
AT4G04640.1	1.80103641480807	9.57305635211479	5.73347381817589	0.00182360327267637	0.0488268477396368	0.314126561300157
AT4G04840.1	7.12032917829417	-0.491970417610501	9.03375476118127	0.000197243961201969	0.0113723849532276	0.788191551190959
AT4G04890.1.DE	-1.23953983973599	7.01971619054819	-5.70162908877553	0.00187181715420271	0.0496930441107261	0.217400995476222
AT4G08300.1	4.14724907641472	3.38687675276789	10.0099706987274	0.000117151348918599	0.00860741618933446	0.414311809817981
AT4G08470.1	2.27345808179079	5.51714584159277	10.1845547907444	0.000107253647144072	0.00845116035204422	0.22322606422196
AT4G08850.1.DE	2.5991207677475	6.58759748217939	12.0181493841646	4.57921104747546e-05	0.00601894061876564	0.21626630562374
AT4G08920.1	1.5398639964989	7.41117249986531	6.78470932620399	0.000816231327505309	0.0287840225737144	0.226960938555115
AT4G09160.1	-1.93941903894302	4.83453441386308	-5.73355113596104	0.00182348798063268	0.0488268477396368	0.338257912583863
AT4G09900.1	2.15512770697425	4.07288817134714	9.24312756605778	0.000175662880834909	0.0105636118983442	0.233160009052371
AT4G10120.1.DE	3.09334220257472	7.89749252587153	10.0991146385815	0.000111968875807727	0.00860741618933446	0.306298355180291
AT4G10240.1	-7.38924927591356	-2.52671813479155	-11.9582624785771	4.69900447605057e-05	0.00607731204831841	0.617919977015992
AT4G10270.1	-2.39315560219263	1.57867802512507	-6.46516270216889	0.00103056660110959	0.0331120168110355	0.37016169776977
AT4G10500.1	8.33651007838813	0.87516219528637	15.0417583266797	1.42516240882289e-05	0.00469953555021668	0.554224439545848
AT4G10640.1	-4.89570799605773	-0.610405757577182	-8.08412004053035	0.000344454888314093	0.0160537600260715	0.60559565809423
AT4G11000.1	4.15132834572972	0.747269088942597	9.12056806648052	0.000187936926518872	0.0110472873960186	0.455161160518772
AT4G11320.1.DE	-6.2638225862265	4.62680287645401	-11.6585377062016	5.35722081886424e-05	0.00641365111537402	0.537273433776735
AT4G11330.1	2.50165575986489	4.26563089528955	7.34836175168435	0.000552605721474992	0.0219593597058012	0.340437208237806
AT4G11450.1	-2.47605944186986	3.34715530263299	-9.6262860900203	0.000142950578581405	0.00956191841642734	0.257218559547781
AT4G11680.1	-1.91010953931218	4.13462294523118	-8.72529273238802	0.000235004845012748	0.012656593314784	0.218916384572624
AT4G11840.1	1.31765846881398	5.02333234152652	6.35108408828363	0.00112256046152537	0.0351951268263504	0.207469850894397
AT4G11850.1	1.756523661203	5.01088547105813	7.19532070900242	0.00061277967595932	0.0234434776020467	0.244120273750318
AT4G12320.1	7.10431309491048	3.72139081668479	16.5924817945041	8.52438814144038e-06	0.00443994605755568	0.428164585798348
AT4G12860.1	-8.4538923695303	-1.9965020890437	-13.6575182842444	2.35843479920015e-05	0.00524798966851641	0.618991839775378
AT4G12920.1	-8.78837121897555	-1.82724208249035	-14.8274854205066	1.5361484006696e-05	0.00470131416839767	0.592708134234355
AT4G13510.1.DE	2.26315606399886	4.51148227463309	8.21934407278535	0.000317082860615943	0.01523639119251	0.275345093715237
AT4G13770.1.DE	3.4631901909045	7.17337119955072	12.8141197892825	3.28489145737963e-05	0.00553874434420515	0.270263603575882
AT4G14090.1.DE	3.01396953837712	2.58031371658687	6.5911410894476	0.000939026684701123	0.0312942297263161	0.45727583395271
AT4G14310.2	-4.731654318189	2.61612187583354	-8.9633225855673	0.000205195275112976	0.0116170192500708	0.527890664763966
AT4G14400.1.DE	6.10576434653311	7.54640121196871	19.9916778646864	3.19768841746062e-06	0.00443994605755568	0.305415302700451
AT4G14610.1	3.15656371761629	2.25240158414281	9.7407938006413	0.000134606419218094	0.00930169946920329	0.324056106947719
AT4G14690.1	-2.68942055509729	2.8701498651095	-10.3797037306704	9.73345927598083e-05	0.00813111558005937	0.25910378801569
AT4G14785.1	-7.86880241187577	-2.29081529693707	-12.2748410885756	4.10493579100949e-05	0.00588979947540568	0.641051265356045
AT4G15160.1	-6.39660559151968	0.641865002341323	-9.83531536296752	0.000128148616664882	0.00912379317739821	0.650371173211643
AT4G15210.1.DE	-4.16699714870341	6.71402691140671	-9.79098405466728	0.000131130813353723	0.00919677152162903	0.425595336019063
AT4G15650.1	-7.42898078730103	-2.50602064675746	-12.1379023904138	4.3503144351418e-05	0.0059707179673568	0.612048156950762
AT4G15760.1	2.2699270834574	2.6874088754481	6.18440291489951	0.00127478320323341	0.0379808705759553	0.367040620524364
AT4G15980.1	-10.5087841169388	-0.966802752066325	-17.5844415548791	6.28390723154423e-06	0.00443994605755568	0.597618302755991
AT4G16260.1.DE	7.36944414616022	0.301967995089592	11.2278886960685	6.50405960145738e-05	0.0066964736286166	0.656351727884572
AT4G16830.1	1.28693318361618	6.92028863105662	5.97947752524483	0.00149613005986011	0.0426234171241534	0.21522502228378
AT4G17900.1	1.31745034534499	4.31811429648069	5.87727348884689	0.00162310012385959	0.0449967403068804	0.22416012252026
AT4G18190.1	-10.8531582764008	-0.00136744481109807	-14.3463119048443	1.82492807054661e-05	0.00487902484188529	0.756512081180675
AT4G18425.1	-3.05830611145938	1.51937398982749	-5.97486719431477	0.00150160249634529	0.0426910095682758	0.511861772320133
AT4G18730.1	-2.10670667064504	6.75791394099936	-6.3489897019056	0.00112433691420546	0.0351951268263504	0.331817622890888
AT4G18810.2	1.34965577248798	6.26753572658503	5.76943041703127	0.00177088942129494	0.0477990219783838	0.233932238528056
AT4G18930.1	1.64397623150023	4.62054161449367	5.82759645354484	0.00168932023605674	0.0459514662184117	0.282101934237438
AT4G19370.1.DE	4.05210567544881	1.5075371327663	10.1019284005579	0.000111809747236093	0.00860741618933446	0.401121995204897
AT4G19620.1	-9.00172527098779	-1.72027850597285	-15.3304741126122	1.29026267985307e-05	0.00454367240170309	0.587178531131153
AT4G19630.1	-5.93963571432704	-2.44880319493317	-7.10044904739699	0.000653937273688171	0.0246320741407673	0.836515504115123
AT4G20160.1.DE	-7.47833918065101	-0.873571799895245	-8.20745761347626	0.000319383811973235	0.01523639119251	0.91116391126674
AT4G20325.1	-3.69477114406593	1.89454327936673	-10.8253163156969	7.84694245841692e-05	0.00737455652242022	0.341308377170321
AT4G20860.1	5.77562859118338	-0.307202688266919	9.70922508711059	0.000136848144092733	0.00932017741930843	0.594859892459468
AT4G20890.1	-1.52545590874305	6.53797671602092	-6.90250978847479	0.000750701032853786	0.0272397231921231	0.221000180440181
AT4G21065.1	-2.79722793861886	0.23285011118453	-5.92812689241279	0.00155841926527062	0.0435893579018252	0.47185696078789
AT4G21320.1.DE	-2.64577233175768	1.36425687757327	-7.10328907115624	0.000652659088090186	0.0246320741407673	0.372471443193993
AT4G21630.1	-6.93278220966854	0.930377518773004	-13.3123428263727	2.69443620886976e-05	0.00543220527964795	0.52077852111307
AT4G21960.1.DE	3.155530884469	10.4657085655275	6.58297944408102	0.000944661299210478	0.0313347879053801	0.479346914459264
AT4G22690.1.DE	4.26706332911458	5.9488918196905	17.33652904509	6.77073513184713e-06	0.00443994605755568	0.24613135178423
AT4G23140.2	6.70962528538555	3.30963462860006	17.6534824143411	6.15579242376582e-06	0.00443994605755568	0.380073751337292
AT4G23610.1	3.85601905711606	0.514777551336803	7.96748023471992	0.000370316498743323	0.0168534356183523	0.483969704789812
AT4G23810.1.DE	2.69229285065426	3.288283544057	8.7866568651324	0.000226858166841542	0.0122882596655724	0.30640696364711
AT4G24020.1	2.05025100648582	5.43837445150591	8.22901676707933	0.000315224809012225	0.0151922192569071	0.249148964513959
AT4G24080.1	-5.41743673579584	-2.31890260006826	-6.25678428816948	0.00120589785250664	0.0367359092961341	0.865850009571097
AT4G25000.1.Hnull	1.72415310663565	1.50224106125583	5.68509952400978	0.00189742674414353	0.0499773200775242	0.303275800072463
AT4G25120.1	-1.83754035452427	2.36593954495129	-5.83397192058864	0.00168064821409496	0.0459149183606523	0.314972437224016
AT4G26440.1	-7.3969304936919	-1.72131584560874	-11.1454605786418	6.75541208024455e-05	0.00671475215722818	0.663672034143367
AT4G26660.1	-6.00001636534773	2.05198040688405	-13.9654416768418	2.09983516855272e-05	0.00524798966851641	0.429633126125704
AT4G26760.1.DE	-3.72201579886409	4.45541942179418	-13.6328733615418	2.38071537478654e-05	0.00524798966851641	0.273017705083644
AT4G26850.1.DE	1.89589735238174	9.44326118902016	6.40364173622427	0.00107903550112871	0.0344924341483251	0.296065493741942
AT4G26860.2	1.29469892591902	5.88356152545457	6.28446191311934	0.00118071126624094	0.036085608065471	0.206015875952121
AT4G27310.1.DE	1.63715833860876	6.20795243316448	7.48166759049482	0.000505771819973722	0.0208933783037936	0.218822651341622
AT4G27435.1	-2.85915214271704	3.15068683059923	-10.7873116417843	7.98988315399901e-05	0.00738428476968451	0.265047700266879
AT4G27570.1	-7.47158122673438	1.55189757719569	-15.3527481910245	1.28049807993462e-05	0.00454367240170309	0.486660833211763
AT4G27820.1	2.21431075274965	5.14855488833925	10.0750346214253	0.000113341666791187	0.00860741618933446	0.219781949735513
AT4G27840.1	-1.47579043587378	4.14846466698004	-6.05127148915894	0.00141383706632128	0.0407584072064032	0.24388104855611
AT4G28280.2	-3.68738694423131	0.703024918481261	-8.34416345540195	0.000294060154243618	0.0144446781614418	0.441912117846172
AT4G28360.1	-2.11092214666183	4.67051035328397	-9.56914439018151	0.00014734179283564	0.00969248908873497	0.220596749363272
AT4G28395.1	-11.1578874627952	1.92298389848805	-18.7719256054463	4.45570839688379e-06	0.00443994605755568	0.594392269462113
AT4G29170.1	-2.86427112282451	1.22830310545741	-7.35761920986766	0.000549193555578744	0.0219164375173208	0.389293199488104
AT4G29240.1	-3.77083152088036	2.3182247488482	-9.87773557940261	0.000125369555311462	0.00899406931921469	0.381750603725759
AT4G29340.1	-8.928110118997	0.989470463685275	-13.7538893991685	2.27364419003483e-05	0.00524798966851641	0.649133482165178
AT4G29700.1.DE	-4.95340661308608	4.19715663424095	-11.4641657842758	5.84248371429481e-05	0.00661538095746297	0.432077371026868
AT4G29740.2	2.60879349059044	0.777696955953708	5.71055006055745	0.00185816270977058	0.0494702921995012	0.456837513536441
AT4G30130.1	-4.19103925478188	3.34227287902235	-8.74414356775965	0.00023246612407072	0.0125558427242335	0.4792967112565
AT4G30530.1	1.82886963509076	7.48550034258973	5.92360039022004	0.00156405335950621	0.0436819419692105	0.308742912183991
AT4G31340.1	-1.87183364494939	7.08159466083897	-8.39241559524331	0.000285690653270022	0.0142436114558709	0.223038721534515
AT4G31610.1	-8.02077360635014	0.354672319012586	-13.8099619595573	2.22596957353201e-05	0.00524798966851641	0.580796212896104
AT4G31870.1	3.10866582996589	3.23377687032916	10.199889442132	0.000106432354747595	0.00845116035204422	0.304774463253016
AT4G32280.1.DE	5.90334443654934	1.28439427637818	12.9767834800158	3.07668002439016e-05	0.00544575272117352	0.454915846106278
AT4G32780.1	-3.99243951942942	-0.898105189147611	-6.72826405787658	0.000849989005491017	0.0296408039836905	0.593383298438709
AT4G33010.1.DE	2.83329939946687	11.0290224080404	6.64578312515006	0.000902298461714529	0.0304481182879466	0.42633040322135
AT4G33360.1	-1.22390384045263	4.63035396939825	-5.94672277713234	0.00153551966519961	0.0431414463783137	0.205811484126864
AT4G33800.1	-7.42959232360324	-2.50668578988783	-12.025643049292	4.56447668046979e-05	0.00601894061876564	0.617812477316184
AT4G33865.1	-1.68444934605599	6.61705312563438	-6.67425329508027	0.000883828329490483	0.0300949950744622	0.252380194694983
AT4G34160.1	-4.43602014378326	3.07522928256961	-11.5561099487594	5.60673938547354e-05	0.00647978810455387	0.383867942019667
AT4G34390.1	1.48475805536797	4.83162435024941	6.77062927369367	0.000824502992127155	0.0289670247477047	0.219293952651756
AT4G34850.1	-10.4205696446517	1.88018460700124	-14.7740188227319	1.5654179747493e-05	0.00470131416839767	0.705330741058634
AT4G34950.1.DE	3.58677623388069	4.68165715876396	14.5395943474014	1.70180453156715e-05	0.00470131416839767	0.246690254774663
AT4G35090.1.DE	2.85364508266244	9.86826154036041	7.69524507942457	0.000440082384267646	0.0187568900106455	0.370832254620776
AT4G35290.2	1.69974764454557	3.97199376985799	7.06010198367563	0.00067241632425602	0.0249777415626802	0.240753978975902
AT4G36180.1	-4.81030154713977	3.86737508462293	-16.8509834091724	7.86008535465858e-06	0.00443994605755568	0.285461176379854
AT4G36350.1	-9.9330436839396	-0.460290922659224	-16.8031059257225	7.97836160257744e-06	0.00443994605755568	0.591143311709648
AT4G36945.1	-1.47736080411118	3.00030725692719	-5.76831317767788	0.00177250044259063	0.0477990219783838	0.25611660785483
AT4G37690.1	-2.65289756130914	2.05731146271501	-7.03668721730859	0.000683420547125094	0.0252368813433463	0.37700944768209
AT4G38460.1	1.69891860281833	5.95479802124738	5.76402467001246	0.00177870017043198	0.0478974905493401	0.294745199765889
AT4G38660.1.DE	-4.9774348071801	3.91193227942408	-7.82978166012066	0.000403838631986845	0.0179445648388292	0.63570544151079
AT4G38680.1	-1.46048196043545	6.72015230567727	-6.6760641653659	0.000882668544174881	0.0300949950744622	0.218763919018654
AT4G38950.1	-2.1913846972381	5.84537939902849	-6.38055223003833	0.00109790966647676	0.0346828741026843	0.343447497682334
AT4G39200.1	-2.16700606590714	7.37042342877289	-9.10872360335165	0.00018917579158144	0.0110770971294852	0.237904470513274
AT4G39590.1	-6.79829588113425	-2.02094819824548	-8.67712936452933	0.000241640749847159	0.0127940268566963	0.783472920079371
AT5G01220.1.DE	1.99380824503715	5.74679353734716	9.5142622802362	0.000151709727897849	0.00979702652277301	0.209559941308203
AT5G01570.1	-3.75091568986104	-1.18663560536985	-5.84624582857722	0.00166409841995111	0.0457227597088923	0.641593904848488
AT5G01660.1	-4.40559122752849	0.480966514402711	-8.20839453621034	0.000319201734140993	0.01523639119251	0.536717772043456
AT5G01740.1.Hnull	-2.35575861175701	-0.105249091064851	-7.14960539269802	0.00063222118022691	0.0240065238455455	0.329494913686142
AT5G01910.1	-6.18960251239102	0.195389725822112	-10.9521892376001	7.39113483560906e-05	0.00708794746786265	0.565147513260765
AT5G02020.1	1.47159563478661	4.80602696161713	6.87243992273219	0.000766824251077321	0.0275061614947506	0.214130010786848
AT5G02550.1	-3.20104170770277	2.5787710673209	-10.2084730359605	0.000105975873219091	0.00845116035204422	0.313567141376262
AT5G02580.1.Hnull	1.71898348969565	-0.222046811117575	6.07137508693957	0.00139174663249518	0.0403918284695774	0.283129186564908
AT5G02600.2	1.70454038692079	3.42818253845878	5.68508678038387	0.00189744664458689	0.0499773200775242	0.29982662583133
AT5G03190.2	1.33240295453801	6.53248558923767	6.20272441541509	0.00125692230208207	0.0377397948721	0.214809310442152
AT5G03300.1.DE	-1.52301355232336	6.35844094308026	-6.39551118432917	0.00108563817334708	0.0346445757321422	0.238137892097692
AT5G03795.1	-3.90271086646821	0.309820001809154	-7.85132137318636	0.00039836688075256	0.0177855199302259	0.497076948065921
AT5G03880.1	1.4050257783338	7.14652869069778	6.35930003637748	0.0011156232697333	0.0351243801974994	0.220940318949657
AT5G04600.1	-1.41801067769159	5.33140053555103	-6.63651793431604	0.000908406310291984	0.0305445527875637	0.213667873985446
AT5G05250.1	4.07366961681894	1.08374118590041	7.44886444468076	0.000516850029602343	0.0212111640969556	0.546884648938396
AT5G09510.1	-1.69788465034995	6.32821137940393	-6.24387735098788	0.00121785706886084	0.0368761125163061	0.271927931140627
AT5G10110.1	-1.70731893965128	2.9695131227953	-6.10488626512284	0.00135581098800756	0.0398807876848047	0.279664332062201
AT5G10140.1	-4.60018177836481	-0.416426168919773	-5.93630053723984	0.00154830533973458	0.04337100918875	0.774924003511406
AT5G10180.1.DE	2.58059820686974	5.85645572133122	8.24649978830907	0.000311898809865802	0.0150705656304309	0.312932549944185
AT5G10200.1.DE	-2.47716137777085	4.0841229350431	-10.9263447953924	7.48139436751751e-05	0.00710203477433632	0.226714553142736
AT5G10380.1	3.63056326900359	5.90672128482928	9.13486171140215	0.000186454586180815	0.0110472873960186	0.397440419319311
AT5G10570.1	2.97792207074644	0.721040682591402	6.68204418883623	0.000878851210021159	0.0300949950744622	0.445660337853152
AT5G11300.1	-3.06810846591239	1.06306605302016	-7.3926852520009	0.000536490682819105	0.0215225713152797	0.415019490391801
AT5G11520.1	-1.3633208456718	6.38637292000725	-5.77121381679176	0.00176832134588581	0.0477990219783838	0.23622774843398
AT5G11630.1	-1.72690374891568	2.6425540441017	-5.83591627809161	0.00167801377751707	0.0459096753452852	0.295909616695254
AT5G11670.1.DE	2.40271218154006	7.77781582852197	9.61880131808045	0.000143516902197802	0.00956575777911309	0.249793306056097
AT5G11920.1	7.37553250280435	0.293859897931924	10.4638800224388	9.33926086570634e-05	0.00797369229334386	0.704856371344877
AT5G12000.1	-7.0009918702237	1.81457547673691	-13.7298104171707	2.29448699027333e-05	0.00524798966851641	0.509911765530876
AT5G12330.4	-5.99109006897269	-1.44815970901721	-6.71009064459623	0.000861203292356669	0.0297558402263528	0.892847859484198
AT5G12420.1	4.21594041737581	-0.26282540991413	7.21699935888149	0.00060380557815351	0.0232957279195556	0.584168046542435
AT5G12470.1	1.76764678220213	7.38458991986531	7.82056960379376	0.000406205679605864	0.018007174419509	0.226025324465451
AT5G12950.1	-1.84114737690507	6.9644880901356	-7.92698532620612	0.000379823698599443	0.0172028102141569	0.232263250294958
AT5G13060.1	-4.69905045254369	1.16196683546206	-9.82476680818485	0.000128850913811263	0.00913917651319435	0.478286207121882
AT5G13200.1	3.23102848010072	2.7366608645881	8.84084154594397	0.000219939673671886	0.0121587826656964	0.365466167820083
AT5G13220.1	-4.48280559663924	2.61947293019173	-11.0404094649211	7.09256826569803e-05	0.00690735301150571	0.406036172017219
AT5G13460.1	-1.59907984265746	3.96264123828195	-6.07283276838017	0.00139016058415136	0.0403918284695774	0.26331695662418
AT5G13490.1	-3.05668412994953	5.03170447412647	-10.3705492117459	9.77750230594363e-05	0.00813176696205825	0.294746600930978
AT5G13670.1	-9.22847589345434	-1.60653484599086	-15.9142748051507	1.06094693588989e-05	0.00454367240170309	0.579886674475893
AT5G13800.2	1.89234889321566	6.53243074423239	7.19323482228291	0.000613651360938868	0.0234434776020467	0.263073421064139
AT5G13850.1	-1.44587253131931	5.97290226394643	-6.19236646784829	0.00126698373723313	0.0379207425557864	0.233492726702545
AT5G14780.1.DE	2.35234395199487	7.31698535417732	7.3983268672446	0.000534479288832914	0.0215119330040759	0.317956207424364
AT5G15200.1	-2.45790169122948	8.26602664742001	-8.6779334409997	0.000241528170005252	0.0127940268566963	0.283235831196503
AT5G15380.1	-6.7308574820913	-2.86007406822285	-10.1939818286451	0.000106747873118817	0.00845116035204422	0.660277563294998
AT5G15830.1	4.66188517611179	0.578509112926914	9.56000594917839	0.000148058713019637	0.00969248908873497	0.487644589437986
AT5G15960.1	-6.61453069710191	4.89510918081681	-19.9220254568258	3.25708898188275e-06	0.00443994605755568	0.332020994122141
AT5G16030.3	1.52479293622584	6.40060051431506	7.04097832463619	0.000681388172602319	0.0252113623862858	0.216559811140254
AT5G16360.1	-2.90323643370423	1.41295630809183	-7.80449909347745	0.00041037411351546	0.0181065536094756	0.371995229793875
AT5G17000.1	2.74243291956382	4.11948111161687	9.12485780378915	0.000187490601554028	0.0110472873960186	0.300545277365857
AT5G17340.1.DE	-10.8089672589664	-0.816026270811118	-19.0971739540636	4.07027717919711e-06	0.00443994605755568	0.565998261573486
AT5G17450.1.DE	1.9605077806476	2.26924830544973	6.09879656759023	0.00136226012456122	0.0398874401446464	0.321458136686503
AT5G17620.1	-2.08333145854197	3.63807691678422	-8.91503730965367	0.000210864633611339	0.0117578070863213	0.233687351626227
AT5G18320.1	-3.67838064363001	0.288121344493903	-6.71858432335158	0.000855940697848156	0.0297380062047208	0.547493410307462
AT5G18330.1	-7.00353876766868	-2.72452931746359	-10.6559536008744	8.50817080926218e-05	0.00753162050468511	0.657241860277429
AT5G18380.1	-2.17040134628065	8.15168486174371	-7.73162597038289	0.00042991773989123	0.0184461152481569	0.280717323185923
AT5G18470.1.DE	2.63108074117443	2.80222254179715	9.08454150644665	0.000191735083494831	0.0111777882406397	0.289621742529035
AT5G19290.1	-2.02463643179476	6.57973191503723	-9.56091759350647	0.000147987009312266	0.00969248908873497	0.211761728097086
AT5G20230.1.DE	-2.66580629268146	5.01328650988839	-9.26382143864026	0.000173684816455748	0.0105215673946923	0.287765293225767
AT5G20270.1	-1.89956004282318	6.07756110422399	-7.33205473376973	0.000558676874734418	0.0220606944065296	0.259076086008231
AT5G20790.1.DE	-2.76108231732945	0.72722454607745	-6.56350257704425	0.000958268042142145	0.0315583931697035	0.420672085509083
AT5G22800.1.DE	1.31503793290853	6.83244607239335	5.99548676927476	0.00147730668521267	0.0423284397183802	0.219337975966813
AT5G23010.1.DE	5.43971474635841	5.5676055579472	16.6422094748456	8.39158196964483e-06	0.00443994605755568	0.326862533161865
AT5G23270.1	-5.37773714244582	1.30658421217572	-10.9339264574248	7.45478186826074e-05	0.00710203477433632	0.49183952017475
AT5G23900.1	-2.21262905880899	6.08044724798192	-9.52873832010776	0.000150542972224295	0.00975726105492363	0.232205879149798
AT5G23910.1	-5.2923245887076	2.17010989024521	-12.6742183875824	3.47739974695526e-05	0.00553874434420515	0.417566150974074
AT5G24090.1	-3.56162671363686	0.970571051651027	-7.8684450943064	0.000394078950843122	0.0177203539714051	0.452646828051714
AT5G24105.1	-3.20310163384255	3.36340435455945	-7.06227201341405	0.000671407019520781	0.0249777415626802	0.453551155741182
AT5G24650.1	-1.29649924792443	5.73406158026563	-6.38295617906851	0.00109592672555202	0.0346785163863228	0.203118932913249
AT5G24660.1	3.20236409016302	3.77058814989453	9.43245981166101	0.000158506704316306	0.0100176157050187	0.339504663057674
AT5G24970.2	-1.68380042775235	3.38208177452757	-6.18547047640367	0.00127373439630254	0.0379808705759553	0.272218650816572
AT5G25090.1	-7.90631027199939	1.0285348049995	-13.8576806249162	2.18632686772739e-05	0.00524798966851641	0.570536331872433
AT5G25340.1	-5.54626894748209	0.307292095118177	-8.25553978218522	0.00031019520739608	0.0150268791706616	0.671823901745406
AT5G25475.4	-2.73933092771511	3.70198011888655	-8.08128187747326	0.000345058472575701	0.0160537600260715	0.338972327564895
AT5G25580.1	-3.61308333025261	2.12265927670555	-10.6640697712895	8.47501947638294e-05	0.00753162050468511	0.33880904830349
AT5G26660.1.DE	-3.73368949403792	0.805421221245029	-5.91704438079589	0.00157225565377539	0.0437361753288819	0.631005828882376
AT5G26730.1	-11.9677764168609	0.922002297121852	-19.6566244659987	3.49574688601342e-06	0.00443994605755568	0.608841891320774
AT5G27430.1	-2.00452574977581	4.62624871931902	-9.39511076683658	0.00016172896656136	0.0100279002503321	0.213358394544054
AT5G27850.1.DE	-2.3752207484746	7.75433850916983	-7.4273243347193	0.000524279306658135	0.0213760387157187	0.319794941143413
AT5G28888.1	-4.3467579417673	-0.300787119749355	-6.98495422426155	0.00070848961978305	0.025857807560082	0.622302996155546
AT5G28913.1	-2.49675686129915	2.92654233368346	-9.45550637703723	0.000156556103809461	0.0100089405687164	0.264053215316162
AT5G29560.1	-7.12207721561523	-1.85912248084365	-11.3557693783121	6.13561367565954e-05	0.00668087334089207	0.627176986283059
AT5G32540.1	5.83811477487675	-1.83957519520777	8.5870576778304	0.000254651830060978	0.0131495488951268	0.679873711568198
AT5G35090.1	-8.10120703978364	-2.16997163967657	-13.6066565772128	2.40469086444381e-05	0.00524798966851641	0.595385574245387
AT5G35360.3	-2.32847831156552	7.13263880105656	-9.88443261840944	0.000124937336131456	0.00899406931921469	0.235570254910616
AT5G36150.1	-9.26408021097255	-1.58891625560606	-15.8731075654421	1.07544246014848e-05	0.00454367240170309	0.583633681859608
AT5G36930.2	2.57481094922901	5.03608236027706	10.4744877552185	9.2909328444004e-05	0.00797369229334386	0.245817362089731
AT5G38435.1	-8.26884907774071	-0.916157781854902	-12.6537615553272	3.50665342073001e-05	0.00553874434420515	0.653469645495218
AT5G39320.1	-3.81010550006234	4.78885288759342	-10.3962444660935	9.65447260081194e-05	0.00810113691985988	0.36648864044018
AT5G39550.1	-3.53797740778503	2.05858678651068	-9.54773382445676	0.000149027949917238	0.00969248908873497	0.370556770102075
AT5G39670.1.DE	4.21420905350721	1.82325436624387	11.3155820219902	6.24868018382372e-05	0.00668087334089207	0.372425302146855
AT5G40060.1	1.87249314048769	4.4812673454352	8.41302481423096	0.000282201454244038	0.0141352825296419	0.222570737854035
AT5G40450.1	2.71176782694649	7.47635098993444	11.8536500224919	4.91726860663015e-05	0.00613789576573665	0.228770701159644
AT5G40730.1	-6.01021709162697	1.7217458898881	-14.0393842139257	2.04282516317652e-05	0.00524798966851641	0.428096916506169
AT5G41070.1	-1.99265678225551	4.08531784957142	-7.43115636345657	0.00052294851516465	0.0213681310674669	0.268148950822054
AT5G42050.1	2.11816692694162	7.39082375281896	8.29758646928956	0.000302413727887129	0.0147640738425103	0.255275065198926
AT5G43300.1	-6.73809687353269	0.28709753127103	-10.5980658054514	8.74910890403583e-05	0.00761334495186377	0.635785528909132
AT5G43850.1	1.61219769420971	6.60456669774916	7.55743203167277	0.000481231829992591	0.0201005188367572	0.213326125521617
AT5G44040.1	-3.20262355644927	3.32223350379069	-12.3733760813335	3.9384607527289e-05	0.00585303683465526	0.258831828548455
AT5G44568.1.DE	4.60941230608737	1.28475480018575	10.055744619831	0.000114455713325195	0.00860741618933446	0.4583859754152
AT5G44630.1.DE	-10.1294659862447	1.59031716918469	-14.8303627609223	1.53459169165726e-05	0.00470131416839767	0.683022131659225
AT5G44730.2	-1.53078448222206	3.89568515366411	-6.56170314324766	0.000959536659854262	0.0315583931697035	0.233290724801733
AT5G45040.1	-2.26458721112358	2.42561229776557	-7.44110776938882	0.000519511032183573	0.0212739201763016	0.304334687966706
AT5G45380.1	5.19888414613855	4.86915288774834	16.5604719222631	8.6111932625605e-06	0.00443994605755568	0.313933332971594
AT5G45800.1	1.72490837447514	6.11696342845062	7.62430019457883	0.000460726668790596	0.0194602662170518	0.226238255374784
AT5G46280.1	-2.95692515330907	4.41341023465993	-13.0845900042512	2.94726913272843e-05	0.00543220527964795	0.225985311908769
AT5G46290.3.DE	-1.73450113373835	6.70936953152068	-7.6280008794581	0.00045962210555525	0.0194573358018389	0.227386068925252
AT5G46970.1.DE	-8.21059588153237	-2.12154809561071	-12.5406712196615	3.67372472475804e-05	0.0056502354599853	0.654717418048537
AT5G47220.1.DE	3.71318837144515	3.35871621412706	13.550485040938	2.45702857432137e-05	0.00524798966851641	0.274026233026129
AT5G47740.2	-8.07060472373281	-2.18564953839231	-13.4630982386635	2.54115508190171e-05	0.00536669111454208	0.59946117755834
AT5G48880.2	-1.59747935413243	7.5482553774053	-6.05869536335989	0.00140563225287262	0.040584122619038	0.263667218489517
AT5G49170.1	-3.35630686592918	1.01770935229853	-5.98344200267113	0.00149144281124924	0.0426035852283294	0.560932464028372
AT5G50040.1	-7.18969053035502	-0.42803447462006	-12.3537147802963	3.97103174793411e-05	0.00585303683465526	0.581986119820597
AT5G50080.1	-7.79984703123056	-2.32082461158604	-12.8925508440501	3.18248551145644e-05	0.00553870348827179	0.60498865783649
AT5G50790.1	-9.90376947988634	1.86727575640346	-17.6556732853615	6.15177788463423e-06	0.00443994605755568	0.560939779515385
AT5G50800.1	2.3323710212221	5.60658906048628	9.77142533992451	0.000132472501636123	0.00922204866945397	0.238693019706388
AT5G50930.1	-3.94489739206757	0.180146277089055	-7.77298169999598	0.000418695910398736	0.0182821560351691	0.507514046002399
AT5G51840.1	-1.38925829520549	3.76741775825177	-5.9416972707839	0.00154166939075036	0.0432495789082742	0.233815058541715
AT5G52190.1	1.37915370891468	3.86294177637721	5.70206044120762	0.00187115424883271	0.0496930441107261	0.241869359880477
AT5G52330.1	-6.18488272498424	-0.565759830788513	-9.38986392606709	0.000162187788683813	0.0100279002503321	0.65867650199003
AT5G52340.1	-4.67462932047334	1.11110754543773	-10.7861887598993	7.99415298193341e-05	0.00738428476968451	0.433390275706336
AT5G52740.1.Hnull	1.90689140537068	-0.355429314600191	6.37462344602106	0.00110281805628793	0.0347794768221274	0.299137889715028
AT5G52950.1	-3.63941540169146	1.40208812579485	-8.47067791916295	0.000272703536498338	0.0137788593333945	0.429648658162073
AT5G53190.1	-9.18815472816702	0.938209518975187	-15.3201555137856	1.29481605092838e-05	0.00454367240170309	0.599742915135502
AT5G53450.1	1.41227078006519	5.68624600885668	6.55353028390295	0.000965323350551184	0.031653517712561	0.215497711749965
AT5G54200.1	-1.79106839197509	4.05296954311125	-6.06794878741409	0.00139548296885656	0.0404152509747733	0.295168673092636
AT5G54490.1.DE	2.77661834861186	1.09599324825005	6.07066018280153	0.00139252526326272	0.0403918284695774	0.457383260634181
AT5G54960.1	2.49683360164111	5.66653905452551	6.81472803359831	0.000798917925397	0.0284402676624281	0.366387857201505
AT5G55400.1.DE	-2.2159209735551	4.31073898182307	-9.35223945840813	0.000165523243025972	0.010153930562319	0.236940145021937
AT5G56740.1.DE	-1.24662226252004	4.61074839095538	-5.9590466940135	0.00152055935361191	0.0429135639797138	0.20919827055096
AT5G57200.1	-7.38899333269568	-1.34937625114077	-10.1276827531573	0.000110365566831214	0.00860741618933446	0.729583806364015
AT5G57320.1	-2.40950099754358	3.21524237888918	-6.79323988219153	0.000811267056138279	0.0287528736598532	0.354690992711751
AT5G57830.1	-2.44818635967598	2.540996834953	-7.85373038551251	0.000397760344621688	0.0177855199302259	0.311722740596247
AT5G57930.2	1.62912407116145	6.65424801575529	7.15185552962076	0.000631247511255238	0.0240065238455455	0.227790405498842
AT5G58770.1.DE	3.13046778527263	4.61884452491044	11.1735137720123	6.66860143166071e-05	0.0066964736286166	0.280168606684311
AT5G58900.1	2.28742841032715	3.34044694202264	7.7283267643248	0.000430828080120285	0.0184461152481569	0.295979774158397
AT5G59020.1	-2.22290216130746	2.51523364832386	-7.41720968667277	0.000527811046364699	0.0214077737619692	0.299695202806733
AT5G59220.1	-4.01035643487935	3.79800881893682	-7.47678048944152	0.000507404501999172	0.0209148574990711	0.536374772610036
AT5G59600.1	-2.66454736301208	1.38472901878822	-6.48622724752807	0.00101455854192803	0.0328223151245986	0.410800803198431
AT5G59740.1	-3.00513397453086	1.81375263799195	-8.05106605801763	0.000351562013105879	0.0163159496255262	0.373259137718564
AT5G59790.1	-1.44007771276431	3.89337765054235	-6.31823792019476	0.00115080193038285	0.0356213506138662	0.227923945086246
AT5G59850.1	-2.54907711828287	6.4202681851127	-8.51434979614298	0.000265758534105919	0.0135005335325807	0.299385998850741
AT5G60090.1	-7.98757784215286	-1.43031317066158	-10.0483733461078	0.000114884829172781	0.00860741618933446	0.794912526339081
AT5G60200.1	-3.12536073985538	3.22545774755391	-10.7359272180519	8.18806326794925e-05	0.00744124774309238	0.291112325594034
AT5G60600.1	1.81876291966121	8.48505370671906	7.2486095730825	0.00059099459505533	0.0229037822858969	0.250911971644208
AT5G60670.1	-2.97218242586743	4.99942483264365	-10.0170978296902	0.000116726750128862	0.00860741618933446	0.296710931289701
AT5G61090.1	-4.40789468867435	-0.864940110405236	-5.71165170054165	0.00185648458285771	0.0494702921995012	0.771737304684797
AT5G61160.1.DE	6.77773879797018	-2.00061414115867	7.79396302334918	0.000413134254670329	0.0181856474257225	0.869613927813798
AT5G61620.1	-7.92764937591561	-2.25739705813793	-13.1079979660887	2.92002703439449e-05	0.00543220527964795	0.604794828045059
AT5G62065.1	-7.8832266567157	-1.48139016952858	-13.135564990557	2.88832551523207e-05	0.00543220527964795	0.600143706219175
AT5G62080.1	-9.98211189647292	1.75338988812757	-17.1839911383854	7.09249527585602e-06	0.00443994605755568	0.580896010483559
AT5G62210.1	-5.91344446098952	3.86211115315537	-9.69921845957284	0.000137567887858207	0.00932017741930843	0.60968257242965
AT5G62410.1	-3.00295996828082	4.10339372382427	-12.3679963993015	3.94734127748891e-05	0.00585303683465526	0.242800844318682
AT5G63020.1	2.05197149964493	4.55363989136513	6.55166720648594	0.000966648178708768	0.031653517712561	0.313198371494441
AT5G63790.1	1.76794886569727	4.55093618498228	7.50869545599714	0.0004968528046014	0.0206504788741533	0.235453531982739
AT5G63920.1	-4.33472494580372	2.00208568630831	-11.6329650886379	5.41826670784764e-05	0.0064456798127028	0.372624254674116
AT5G63960.2	-2.12020308042228	3.84867127704534	-8.79606896524822	0.000225638221118372	0.0122575029021414	0.24103984277509
AT5G64310.1	-3.9298021014678	3.79888041390035	-13.2032117961873	2.81224206819138e-05	0.00543220527964795	0.297639859310794
AT5G64770.1.DE	5.1068361796496	4.28655483742412	17.3128734722009	6.81948281862782e-06	0.00443994605755568	0.294973343844371
AT5G64980.1	-3.33371393758883	1.7665148228326	-9.34863712488199	0.000165846812227705	0.010153930562319	0.356598923784938
AT5G65350.1.DE	-4.22770305799009	0.503518321425965	-8.94987763096929	0.000206755680819212	0.0116702095395733	0.472375515321121
AT5G66170.2.DE	-2.99800833357566	3.29141843084465	-9.59052248052945	0.00014568057464564	0.00966584260161785	0.31260114760819
AT5G66310.1	-2.76327477612211	4.60741294558564	-6.1992138104499	0.0012603219385597	0.0377815169970783	0.445746002737333
AT5G66410.1	-2.47551394904962	3.73302163582956	-9.69574508027078	0.000137818758902618	0.00932017741930843	0.255319619952351
AT5G66550.1	-1.31411960545527	4.05564369552512	-5.91764785837524	0.00157149854774372	0.0437361753288819	0.222067895370861
AT5G66830.1	-5.9864367476101	-2.04447537532841	-6.32882485996385	0.00114160957803044	0.0354087353608253	0.945900207395578
AT5G67260.1.DE	-2.78257522169159	5.38577544578088	-12.3448062391317	3.98589441815212e-05	0.00585303683465526	0.225404527846791
ATCG00340.1	2.26089760108786	2.54979688761984	6.11497346399094	0.00134520650743639	0.0397555055248026	0.369731383856618
