baseMean	baseMeanA	baseMeanB	foldChange	log2FoldChange	pvalue	padj	dispersion
AT1G02190.1	3164.57311508155	6315.88660095055	13.2596292125555	0.00209940900626048	-8.89580102521583	0.000158847969583651	0.00991044883582371	1.18442739940173
AT1G02530.1	61.2463882115778	116.998643364972	5.49413305818361	0.046958946703723	-4.41245614083182	0.000417167092480828	0.0221859990212765	0.195224682763888
AT1G02670.1	145.561774022387	273.374996004898	17.7485520398753	0.0649238309986378	-3.94510805742324	0.000427958846872525	0.0226281174845398	0.059791722487394
AT1G02790.1	13724.138964808	27384.1668571681	64.1110724478017	0.00234117301366866	-8.73855273050325	1.11389415033355e-11	1.08958738869591e-08	0.0746473989453614
AT1G02813.1	1121.93793090718	2241.93448777576	1.94137403859296	0.000865937006267748	-10.1734503015382	1.3736776460384e-12	2.50824380315638e-09	0.38477821835442
AT1G02920.1	1757.24031143898	24.4015652016244	3490.07905767633	143.026852123568	7.16014221642018	6.22235013958876e-09	2.05330057799032e-06	0.340493542166107
AT1G03120.1	59.1891135389484	111.74079094258	6.63743613531673	0.0594002966985216	-4.07338605261372	0.000758150530431943	0.0361130171791313	0.0902191517575069
AT1G04150.1	63.8506960784718	126.765228349214	0.936163807729155	0.00738502048172232	-7.08118236247524	3.42906883110574e-06	0.000386496980309281	0.354435142009117
AT1G04580.1	539.710016118589	1074.93110940986	4.48892282731981	0.00417600978148659	-7.90365919351921	1.45220762637249e-09	5.9364947281666e-07	0.288239427568446
AT1G04700.1	411.17870873534	773.086873100276	49.2705443704046	0.0637322221923354	-3.97183322477283	0.00019936350575862	0.0120272402185525	0.205435549624533
AT1G05080.1	15.066984681919	30.133969363838	0	0	-Inf	0.000724154709682544	0.034735329848503	0.185202357905441
AT1G05950.1	385.482203073869	711.135117257853	59.8292888898859	0.0841320973158919	-3.57119988032766	0.000626729768865893	0.0310406901256202	0.0489591995761163
AT1G06080.1	627.042224478545	1244.25472897593	9.82971998115612	0.00790008649534837	-6.9839158357107	1.77193079703141e-08	5.05535547915556e-06	0.0500027631689306
AT1G06170.1	379.123975621639	753.828074839093	4.41987640418515	0.00586324196684846	-7.41408568892563	9.64891684100797e-09	3.00311571998145e-06	0.17110022892411
AT1G06660.1	220.373609050285	432.843629099928	7.90358900064115	0.0182596865687412	-5.77519418839583	1.59442927141019e-06	0.000204064594928288	0.00127283069303024
AT1G06920.1	29.4588814855877	58.3806346441762	0.53712832699923	0.00920045371676706	-6.76407927579793	8.76740208561405e-05	0.00600325939307208	0.0581617832708665
AT1G07620.1	745.746942679213	24.2124844583093	1467.28140090012	60.600200009486	5.92125065017333	3.90736811842224e-07	6.2952297291451e-05	0.202155923516722
AT1G07645.1	99.7388033378432	199.009524771822	0.468081903864577	0.002352057794225	-8.73186077448041	6.16814284518099e-08	1.44392533663814e-05	0.236791076319446
AT1G08560.1	1649.64541663187	3248.34702635646	50.9438069072816	0.0156829939947713	-5.99465518331403	2.03512742218285e-07	3.66711216882671e-05	0.223479564452608
AT1G08730.1	505.960875254751	964.676869658904	47.2448808505989	0.0489748249766827	-4.3518158530904	5.77030842380147e-05	0.00420327067605049	0.0404535041744218
AT1G09380.1.DE	305.092041741188	609.646955155377	0.53712832699923	0.000881048158212052	-10.1484915003415	1.06948399387552e-10	6.81211560657128e-08	0.233434271518246
AT1G09720.1	21.7059450484915	43.4118900969829	0	0	-Inf	0.000103744796230501	0.00691354312398341	0.611954697984852
AT1G09932.1	269.11109218743	13.0962395159663	525.125944858893	40.0974603601808	5.32543895895407	5.63207496714419e-06	0.000579913162688392	0.0666862648746716
AT1G10540.1	226.486740958776	439.836702493187	13.1367794243641	0.029867401583131	-5.06528445886164	1.04316716687804e-05	0.000978469367589815	0.000117757663083658
AT1G11125.1	94.9892648007127	178.783124215654	11.1954053857712	0.062620034384604	-3.99723188911539	0.000514679849673974	0.0263980644245702	0.0566012536147292
AT1G11190.1	565.574920173726	1069.96203492021	61.1878054272456	0.0571868939553624	-4.12817164053507	0.000121504798335522	0.00790473853114398	0.0071847813121753
AT1G11610.2	17.0859249744675	34.1718499489351	0	0	-Inf	0.000377101985538799	0.0204812243103366	0.401923957935527
AT1G11765.1	274.511081945947	546.612707949436	2.40945594245754	0.00440797644733943	-7.82566776932774	6.95612535034796e-09	2.26811091929381e-06	-0.00114473931192503
AT1G11770.1	418.221118975811	834.830852970625	1.61138498099769	0.00193019337421923	-9.01703889517287	4.72058315851075e-06	0.000505047078626761	0.791867912460967
AT1G12600.1	127.285550824318	237.482527723951	17.0885739246847	0.0719571839177509	-3.79671746270997	0.000580104326293851	0.0292067599133498	0.191632036953299
AT1G13100.1	198.025902089093	9.77398451037891	386.277819667808	39.521018194537	5.30454821097206	6.45966520113877e-06	0.000643359164341781	0.0262031431914191
AT1G13470.1	1882.70665538296	52.9782950487056	3712.43501571722	70.0746411771876	6.13082054672854	1.09215697122324e-07	2.2834417774682e-05	0.130154598843618
AT1G13635.1	67.8799303702897	128.600539336341	7.15932140423797	0.0556710060563082	-4.166930034731	0.000611348481832693	0.0305551524980212	0.0972302184553519
AT1G13890.1	137.243640943189	274.487281886379	0	0	-Inf	1.74838820375997e-09	6.94008761054807e-07	0.00524219559357448
AT1G14900.1	1783.51448249379	3432.19270120556	134.83626378202	0.0392857498166284	-4.6698500935013	1.5165391140173e-05	0.0013529801235772	0.0024336207796001
AT1G15570.1	502.717273094747	980.680008649728	24.7545375397659	0.0252422169529588	-5.30801756603973	3.65807763101433e-06	0.000403996323531659	0.00666003744475144
AT1G16070.2	117.192064740321	228.490960941728	5.89316853891354	0.0257916922167283	-5.27694975698918	1.58561719654242e-05	0.00139193812166988	0.0236776657375189
AT1G16400.1	162.729373501681	19.4515787675662	306.007168235795	15.7317394074992	3.97560628858044	0.000255611846356621	0.014677050020674	0.169519011624195
AT1G16410.1	6928.04912852114	121.043923476205	13735.0543335661	113.471655074582	6.82618815081159	6.3461685445627e-08	1.45837038162827e-05	0.440837537941204
AT1G16630.1.DE	507.855249615078	998.307179305954	17.403319924202	0.0174328305805646	-5.84204934991573	6.22329684238499e-07	9.1149666960472e-05	0.00248562618703689
AT1G18390.2	286.129341136772	12.5511958644305	559.707486409113	44.5939568193096	5.47877631046947	0.000378723694120543	0.0204812243103366	0.697533206172146
AT1G18520.1	206.800279790599	413.132477677333	0.468081903864577	0.00113300679359845	-9.78562777296402	8.66433383974158e-10	3.74640820606767e-07	0.0326166053734907
AT1G18710.1	563.176862564068	88.6888856990563	1037.66483942908	11.700054987162	3.54844340499685	0.000620371978883402	0.0309496687242941	0.145403098519466
AT1G18960.1	432.684156993631	864.363103756399	1.00521023086381	0.00116294902743454	-9.74799642042102	1.74855551992904e-08	5.04117759319331e-06	0.560390355782053
AT1G18990.1	338.324570781582	672.09117231271	4.55796925045446	0.00678177223302932	-7.20412195264275	1.61310060985538e-08	4.75066802186332e-06	0.00617418344429581
AT1G19090.1	29.412794139726	58.825588279452	0	0	-Inf	2.03700226468631e-05	0.00171960543283333	-0.0154900147294681
AT1G19500.1	154.652081798244	307.761825038626	1.54233855786304	0.00501146806518146	-7.64055099459363	4.09525521556715e-08	1.02903619357035e-05	0.0219197762794938
AT1G19790.1	99.8677140611368	194.571284121685	5.16414400058834	0.0265411415867445	-5.23562576457849	2.11331888865776e-05	0.00177212893324329	0.0134771594444473
AT1G19850.1	2522.74672966122	4890.81302823403	154.680431088402	0.0316267316283514	-4.98271171729606	6.42563714783993e-06	0.000642305751248861	0.171856512577434
AT1G20130.1	11194.2632346416	22380.2776481669	8.24882111631442	0.000368575459428674	-11.4057523632178	0.000230159330890306	0.0134410104770887	1.67921349988858
AT1G20132.1	277.816776725612	555.096425124224	0.53712832699923	0.000967630672236859	-10.0132558785422	1.72629257238443e-10	1.00598781414973e-07	0.0499368471925111
AT1G20680.1	66.0174566687864	131.566831433708	0.468081903864577	0.00355775007092443	-8.13481911866144	7.45260847257126e-07	0.000106649273404789	0.229417640206421
AT1G20720.1	196.887688376306	376.164917559005	17.610459193606	0.0468157937424975	-4.41686087128897	8.73587387930163e-05	0.00599666289925294	-0.00349658981598406
AT1G20790.1	36.628344350623	73.256688701246	0	0	-Inf	5.80658569497303e-06	0.000591922673289245	-0.0142612311975609
AT1G20930.1	535.632082816757	1046.27200270819	24.9921629253259	0.0238868696291554	-5.38763838857162	1.93872557882455e-06	0.000244595675412406	0.27481643254621
AT1G21130.1	6038.22834448814	18.5616714970144	12057.8950174793	649.612564225088	9.34343572588454	6.19457061445924e-05	0.00448844165501122	1.13534653668919
AT1G21270.1	3494.54358286128	463.011289158216	6526.07587656434	14.0948526080847	3.81709648640357	0.000199946594405387	0.0120359060970751	0.0325521933601582
AT1G21520.1	416.923363064549	39.9969446012721	793.849781527827	19.8477606087586	4.31090433445245	7.18533588834226e-05	0.00509842395455456	0.0669067455716666
AT1G22130.1	212.981395137027	422.947159581463	3.01563069259142	0.00713004124575659	-7.13187386228796	4.69111645580371e-08	1.16804535098189e-05	0.212639488875674
AT1G22350.1.DE	450.989363716561	41.2354152539081	860.743312179213	20.8738849088621	4.38362722519627	4.74618351931452e-05	0.00357124231896993	0.0481833813479822
AT1G23380.2	346.418052444096	665.020207481601	27.8158974065913	0.0418271461433161	-4.57941662318989	3.09178204129596e-05	0.00249795924274498	0.0189878072490293
AT1G23500.1	17.4863832462158	34.9727664924316	0	0	-Inf	0.000356067991762936	0.0196224270148794	-0.0328533665893879
AT1G23590.1	529.397559699253	1058.32703749464	0.468081903864577	0.000442284744961878	-11.1427368970854	4.71759511427429e-12	5.61783532977645e-09	0.117032077638246
AT1G23690.1	236.132965972559	472.265931945119	0	0	-Inf	7.37713785490764e-11	5.22545581515414e-08	0.0118098331070735
AT1G23810.1	40.5401383712737	81.0802767425475	0	0	-Inf	2.76844542975453e-06	0.000322659369683178	0.465888788711626
AT1G24250.1	30.2785037903151	59.0146690227671	1.54233855786304	0.0261348336507322	-5.25788221325968	0.000422070214576965	0.0224032579593963	0.326983953262762
AT1G24260.2	4345.18316370659	8676.29338418108	14.0729432320933	0.00162199946554961	-9.26801094047623	2.57515600596742e-12	3.74416981158639e-09	0.0595263805449333
AT1G26320.1	249.625865790497	499.251731580994	0	0	-Inf	4.8038220435671e-11	3.92578882524462e-08	0.137413331796657
AT1G26330.2	152.494667430416	293.809172533139	11.1801623276932	0.0380524618455612	-4.71586639629584	5.41102558065798e-05	0.00397325950747028	0.11265959773044
AT1G26450.1	388.208510022176	727.153644541202	49.2633755031492	0.06774823432843	-3.88367284270028	0.000336650169834977	0.0187408770357931	0.323461155933056
AT1G26480.1	1179.05301476677	2351.6066862445	6.49934328904742	0.00276378840350502	-8.49913711788651	7.8164333902565e-11	5.35210735314338e-08	0.142369142251275
AT1G26710.1	491.081528245851	982.163056491702	0	0	-Inf	1.09685091553163e-12	2.23637550976049e-09	0.00106435428966127
AT1G27045.1	889.793797851963	1743.24669148848	36.3409042154444	0.0208466790115715	-5.58403861690317	7.4762351651099e-07	0.000106649273404789	0.181237552625038
AT1G28306.1	250.219569413718	499.971056923572	0.468081903864577	0.000936218001787513	-10.0608678738033	2.75972556160328e-10	1.45234744777602e-07	0.145493048468435
AT1G28335.1	254.690839499797	509.381678999594	0	0	-Inf	4.29535814690816e-11	3.67642388392711e-08	0.121013870185122
AT1G28500.1	27.8619357510421	54.787707694355	0.936163807729155	0.0170871140101671	-5.87094744137469	0.000332456892970845	0.018545136133561	-0.0346064130225337
AT1G28550.1	127.494730123378	251.835736707895	3.15372353886073	0.0125229388810641	-6.31928301635503	8.52486435257939e-07	0.000117330406910953	0.258939342112849
AT1G30350.1	961.082129548475	1921.62713076995	0.53712832699923	0.000279517456013444	-11.8047739965967	7.88800669521818e-13	1.80037179479442e-09	0.417047558284898
AT1G31310.1	265.863242146671	531.258402389476	0.468081903864577	0.000881081413036018	-10.1484370473996	2.18839212610459e-10	1.19875743883757e-07	0.0236734487554746
AT1G32180.1	129.267810096764	257.998491866529	0.53712832699923	0.00208190491003763	-8.90788010889221	1.07213213699409e-06	0.00014519086193826	0.59162030700296
AT1G32250.1	69.1946614494966	138.389322898993	0	0	-Inf	1.04623702460655e-07	2.20426045130375e-05	0.385635166249543
AT1G32361.1	34.7924193583871	68.5105820627758	1.07425665399846	0.0156801565780616	-5.99491622386337	9.8506355004988e-05	0.00659655392966165	-0.00644372053176151
AT1G33430.2	4693.57192588672	9335.31051555624	51.8333362172094	0.00555239551280432	-7.49267394584569	8.22567186031196e-10	3.6337568803562e-07	0.0567568861822392
AT1G33720.1.DE	434.137465037382	79.2449657554205	789.029964319344	9.95684655545925	3.31568889699649	0.00111805329183349	0.0497116259903043	0.0124105940851398
AT1G34245.1	50.1360017663476	96.8573373593738	3.41466617332135	0.0352545947102775	-4.82604489442637	0.00024756724028142	0.014305103679468	0.166168996823234
AT1G35540.1	16.544581086	33.089162172	0	0	-Inf	0.000474523184600149	0.0249457111382217	-0.0469169138634994
AT1G36150.1	171.220700811716	341.904273296433	0.53712832699923	0.00157099038810064	-9.31410993094402	7.53602627585462e-07	0.000106945193611079	0.620689823098614
AT1G43630.1	97.60841584063	194.211621450396	1.00521023086381	0.00517585005138608	-7.59398846278284	2.57904889714726e-07	4.49920829579403e-05	0.0185300993271412
AT1G44160.1	113.247221252431	223.010729908407	3.483712596456	0.0156212779442801	-6.00034370758424	2.99786085995762e-06	0.000343549837210792	-0.00616215491471972
AT1G45201.1	1990.28857863483	90.2870190229812	3890.29013824668	43.0880339205403	5.42921536558448	1.13568800814888e-06	0.000150996887646552	0.079047044053377
AT1G47520.1	192.767309597672	368.200345694276	17.3342735010674	0.0470783737814857	-4.40879170325365	9.47109094226121e-05	0.00642088390637605	0.0191462798980753
AT1G48820.1	26.9470503303675	53.894100660735	0	0	-Inf	3.36103731773298e-05	0.00269167985659031	-0.00991577638437348
AT1G48953.1	23.0500553619897	46.1001107239794	0	0	-Inf	7.60018933563558e-05	0.00533747655676213	0.375598332867214
AT1G49290.1.DE	138.481714035431	273.011633570541	3.95179450032058	0.0144748209028225	-6.1103106919373	1.6383134254186e-06	0.000208705890273442	0.0947029692192869
AT1G49910.1	98.4064936346499	190.121747768926	6.69123950037339	0.0351944981512894	-4.82850627540761	6.90545100492217e-05	0.00492534889515139	0.112829894030595
AT1G49920.1	117.124441108204	229.291877485224	4.95700473118438	0.0216187541641278	-5.53157280328969	8.35203208573155e-06	0.000799838485301054	0.0021739888569202
AT1G51035.1	25.8272667160413	51.6545334320827	0	0	-Inf	4.20446880750982e-05	0.00321665352427057	0.0473020315100059
AT1G51250.1	262.491169110139	520.631508239228	4.3508299810505	0.00835683187090419	-6.90282817374425	6.5480211957849e-08	1.47518418293692e-05	0.00182239529496717
AT1G51538.1	56.2468630689652	109.946177349204	2.54754878872685	0.023170871877023	-5.43154385860644	5.23698229782261e-05	0.00387664076094766	0.0789254747720202
AT1G51800.1.DE	419.664766216945	55.7740052180984	783.555527215792	14.0487584521101	3.81237073393653	0.000339928745031105	0.0188087038336504	0.223362286764743
AT1G51915.1	40.9869418880837	81.9738837761675	0	0	-Inf	2.63912347567226e-06	0.000312913215909902	0.315962547439364
AT1G52570.1	1039.86408792744	1890.58007349006	189.148102364821	0.100047654694492	-3.321240746737	0.00106295832150396	0.0479627108198881	-0.000124577269201454
AT1G54840.1	127.693496863704	249.562871611628	5.82412211577889	0.0233372940380428	-5.42121889968985	9.95913040534951e-06	0.000940588354041785	0.0184569315631695
AT1G54870.1	253.617499337241	507.234998674482	0	0	-Inf	4.8733732541647e-11	3.92578882524462e-08	0.0125555132824619
AT1G56030.1	35.2063425992743	70.4126851985486	0	0	-Inf	0.000186212099944839	0.011333696011976	0.838503626549085
AT1G58225.1	320.416865394464	6.81509193914868	634.018638849779	93.0315606173581	6.53964832317185	1.20672130430981e-07	2.46648431371204e-05	0.0532494675164403
AT1G58460.1	82.9249353440539	165.849870688108	0	0	-Inf	2.01777798805464e-05	0.00171098827600088	0.817496608174604
AT1G61290.1	127.929269459165	252.443872745008	3.41466617332135	0.0135264371291375	-6.20807430707687	1.43754174105249e-06	0.000187489670217555	0.0777193354991329
AT1G62360.1	771.265627530415	1535.16479438719	7.36646067364192	0.00479848202653872	-7.70320619531605	1.55737389033821e-09	6.27278139448138e-07	0.0759400534439773
AT1G62480.1	5875.95084326866	10858.8777029754	893.02398356194	0.0822390681605382	-3.6040322721275	0.00047924776862675	0.0251019484574997	0.0102046316513105
AT1G63930.1	229.602431671123	454.178812187926	5.02605115431904	0.0110662387135739	-6.49769123968356	2.0513139949331e-07	3.67212019655051e-05	-0.00314046923584123
AT1G65113.1	175.429224810569	350.858449621139	0	0	-Inf	3.63964041284407e-10	1.78010912977476e-07	0.364730282811441
AT1G65140.1	53.8611694315018	107.254256959139	0.468081903864577	0.00436422681146264	-7.84005820333299	2.6321115727156e-06	0.000312913215909902	0.0568830865468851
AT1G65342.1	19.327342084654	38.654684169308	0	0	-Inf	0.000200844296864927	0.0120634308044594	0.25481346825273
AT1G65845.1	179.281939286529	7.35273606454798	351.211142508511	47.7660478256406	5.57791360769767	3.31466223242176e-06	0.000376702422754355	0.190707238118553
AT1G67020.1	16.1886181777793	32.3772363555586	0	0	-Inf	0.000500523560519058	0.0259146310001068	0.304670164055891
AT1G68460.1	76.8012367425262	144.555581407278	9.04689207777427	0.0625841768937659	-3.99805824192089	0.000653210106946272	0.0320623147296621	0.0174078566021587
AT1G68480.1	64.5413435078586	129.082687015717	0	0	-Inf	4.7157591005889e-05	0.00355812468336169	0.82285839899838
AT1G68630.1	47.8404637477576	94.6066708415167	1.07425665399846	0.0113549778725227	-6.46053129511107	1.61156939171678e-05	0.00141020044951216	0.0118822718514461
AT1G68825.1	34.3233795085938	67.2425133055939	1.40424571159373	0.0208833019850392	-5.58150634660218	0.000250835896885868	0.014433076428166	0.12517190010665
AT1G69120.1	3221.41974206153	6434.93589512241	7.90358900064115	0.00122823119444468	-9.66920213463409	1.14313253994841e-12	2.23637550976049e-09	0.12549940883655
AT1G69490.1	2342.96359360833	404.230098035582	4281.69708918108	10.5922273229743	3.40493408458929	0.000716257110512523	0.0344772688924912	0.0169124158229604
AT1G69560.1	109.666462943189	218.327715655514	1.00521023086381	0.00460413478813596	-7.76285421502147	1.30679459880703e-07	2.58715226511356e-05	0.0372783822622587
AT1G69940.1.DE	7258.66446901408	14502.6498200459	14.6791179822272	0.0010121679944266	-9.94833552366957	2.23787026995424e-13	1.3974407305017e-09	0.00176262674923
AT1G70830.1	10151.7912409002	19471.2773164382	832.305165362126	0.0427452781774862	-4.54809112711327	2.36299352489924e-05	0.00196717415360077	0.0154975709472863
AT1G71760.2	47.09228307622	90.3018180752542	3.88274807718592	0.0429974518779919	-4.5396050246556	0.000531325960315383	0.0272009097702393	0.00560702719644665
AT1G71830.1	609.992714547628	1123.17050093281	96.8149281624428	0.0861978907761878	-3.53620362213046	0.000682113428644745	0.0330662030038069	0.0706367338758013
AT1G72110.1	253.750727528624	506.964326730248	0.53712832699923	0.00105949925601971	-9.88240171001199	2.84535225790887e-10	1.45234744777602e-07	0.0150844974084234
AT1G72260.1	3258.56145086133	6505.14466843351	11.978233289153	0.00184134771779603	-9.08502219552373	6.56195438019934e-12	7.48855702163666e-09	0.166775509859177
AT1G72910.1	1718.1374575452	225.394980723555	3210.87993436684	14.245569817302	3.83244142494887	0.000225699726809859	0.0132654287931228	0.182593601071939
AT1G72970.1	9520.98478365097	18245.9810835828	795.98848371915	0.0436254142801539	-4.51868735811809	2.58860289013191e-05	0.00214846195629766	0.134867067251597
AT1G74150.1	132.127989930109	249.714954724261	14.5410251359579	0.058230493852538	-4.10208133546041	0.000281581527326923	0.0158687992838624	0.0133901814861413
AT1G74490.1	85.3426400193958	168.137731250065	2.54754878872685	0.0151515591996301	-6.04438992519675	5.16073985811193e-06	0.000539566987740889	0.00890067951423056
AT1G75090.1	625.485625619609	1162.12895850055	88.842292738667	0.0764478779130473	-3.70937973484416	0.000378610167548942	0.0204812243103366	0.000390745845132176
AT1G75160.1	188.14915272144	376.298305442879	0	0	-Inf	2.52485516036567e-10	1.35594623504422e-07	0.128287591513567
AT1G75240.1	2585.51735838637	4999.35090656443	171.683810208307	0.0343412201737783	-4.8639148892994	7.08359831308042e-06	0.000687988206372197	0.139202062453993
AT1G75580.1	387.854416802702	727.857778004672	47.8510556007328	0.0657423153901169	-3.92703392193247	0.000217030279439349	0.0128745046674134	0.000627465264323267
AT1G76370.1	253.099093102857	500.305017666801	5.89316853891354	0.0117791513792859	-6.4076205848166	2.57253032059211e-07	4.49920829579403e-05	0.0717207570786043
AT1G78090.1	202.985969695308	374.856151408073	31.1157879825441	0.0830072758994718	-3.59061839013413	0.001030041752231	0.0469414534972627	0.132609286552019
AT1G78640.1	14.3921547028687	28.7843094057374	0	0	-Inf	0.000950254570109819	0.043742054488635	-0.0658868813711299
AT1G78950.1	448.730987793721	881.516704739891	15.9452708475516	0.018088450011003	-5.78878740023704	1.128799176396e-06	0.000150813076303951	0.410841176108146
AT1G79360.1	262.209442930218	506.916033396944	17.5028524634926	0.0345281098058836	-4.85608483178727	1.53854077386232e-05	0.00136372470081926	0.00618433477928745
AT1G79450.1	244.004404274127	469.255046277516	18.7537622707391	0.0399649666412925	-4.64512030475481	3.60992089465221e-05	0.00283558570127394	0.0067839289725539
AT2G02100.1	5361.38636289412	10501.7008796415	221.071846146782	0.0210510515087467	-5.56996389146804	7.70557694696781e-07	0.000107677575000256	0.295483538005173
AT2G02660.1	26.6397473938323	52.8114128837999	0.468081903864577	0.00886327174950782	-6.81794493740579	0.000163249805176933	0.010093112672666	0.00182983336060442
AT2G02850.1	1311.91184159351	2559.35930443272	64.4643787542977	0.0251877017199764	-5.3111367020202	2.09813765234032e-06	0.000260026661357235	0.182934978362472
AT2G03630.1	19.1475107490095	38.295021498019	0	0	-Inf	0.000212896184009822	0.0127037332981373	0.181991036130906
AT2G03740.1	1773.19067187372	3543.83379495871	2.54754878872685	0.000718868021505655	-10.4419854519956	2.92389179969939e-13	1.3974407305017e-09	0.0390723351241452
AT2G05520.1	8648.08137013186	1199.10742149467	16097.055318769	13.4241978910483	3.74676398323376	0.000276312686872957	0.0156685883659698	0.221219162688018
AT2G06950.1	3564.18439481371	6805.38065419705	322.988135430367	0.0474607008545763	-4.39712278473473	3.58834272463798e-05	0.00283230890158818	0.0268693808538371
AT2G07560.1	3517.42532157657	7026.7399148831	8.11072827004511	0.00115426618436041	-9.75880832361307	7.07998694838464e-13	1.80037179479442e-09	0.0649149103170068
AT2G12480.2	883.504483876711	1762.3129056567	4.69606209672377	0.00266471526234091	-8.55180290235507	8.66884301517604e-11	5.65311765101563e-08	0.0506379188048588
AT2G14282.1	88.51249622728	176.487864127561	0.53712832699923	0.00304342924457972	-8.36008645907325	1.31298756745695e-07	2.58715226511356e-05	0.089559979525396
AT2G14710.1	35.9127187711133	71.8254375422267	0	0	-Inf	6.3908465716245e-06	0.000641168119964188	-0.0271583709961868
AT2G14900.1	371.62558840832	723.31555116179	19.9356256548509	0.0275614503556992	-5.18120438134357	6.2337776025567e-06	0.000627709318957447	0.0309337380761241
AT2G15555.1	35.3750746457141	70.7501492914281	0	0	-Inf	6.9582039932344e-06	0.000679118201178825	-0.0251666142591231
AT2G16270.1	583.236411278566	1096.38429208921	70.0885304679279	0.0639269743042117	-3.96743137779765	0.000167111511473101	0.0103085972696774	0.0502380939048791
AT2G16760.1	366.861781325468	730.63888553521	3.08467711572608	0.00422189015229662	-7.88789524240492	2.65222475708898e-09	9.93044126479941e-07	0.0823809195545191
AT2G16780.1	709.431852792719	1318.66459736583	100.199108219608	0.0759852872517897	-3.7181360878462	0.000367607597081723	0.0201692248312676	0.0278393367348975
AT2G16850.1	617.424902043418	1139.26963734999	95.5801667368417	0.0838960010899322	-3.57525414365333	0.00062487506079656	0.0310406901256202	0.0784086001533198
AT2G17940.1	48.3993862602115	94.7883520586953	2.01042046172761	0.0212095728859461	-5.55914062131229	6.77687416176558e-05	0.00485894781195281	0.0408166527836774
AT2G18050.1	1345.5309165169	76.2007822202033	2614.86105081359	34.315409561771	5.10078466854627	0.000644431967094167	0.0317452286811909	0.696898891686731
AT2G18130.1	127.744028140113	255.488056280225	0	0	-Inf	2.62714211672027e-09	9.93044126479941e-07	0.0501597563524647
AT2G18150.1	42.3236526754455	84.647305350891	0	0	-Inf	2.39190391777132e-06	0.000293775140824389	-0.0234767258031307
AT2G18500.1	48.2756144223889	94.0727264791857	2.47850236559219	0.0263466623999739	-5.24623597720956	0.000121036912220576	0.00790473853114398	0.0696529980458586
AT2G19090.1	355.90434804616	675.291138723628	36.5175573686923	0.0540767607845623	-4.20884745346544	0.000101329952268601	0.00676908795776758	-0.00221498393860406
AT2G19910.1	633.585814747385	1238.40432522237	28.7673042723985	0.0232293312341532	-5.42790856981049	1.70151716387951e-06	0.000215753951858777	0.195396702002252
AT2G19920.1	185.26481476346	366.97687050733	3.55275901959065	0.00968115242434519	-6.69060549150851	2.02190315700571e-07	3.66711216882671e-05	0.0847449394170184
AT2G20142.1	136.2135957453	16.5890764495276	255.838115041073	15.4220830689076	3.94692573888314	0.000402396352315252	0.021483886342227	0.0289872112309207
AT2G20430.1	97.8125535354181	195.157025166972	0.468081903864577	0.00239848861942888	-8.7036586905396	6.86062590600497e-08	1.5276884791835e-05	0.297961839893458
AT2G20970.2	56.8956387139587	113.791277427917	0	0	-Inf	3.89352483912577e-07	6.2952297291451e-05	-0.0163130994301351
AT2G21790.1	2152.62405268175	3959.21634991365	346.031755449844	0.0873990519506193	-3.51623855940306	0.000626467814859839	0.0310406901256202	0.0030186069553971
AT2G22030.1	40.3529075094928	80.7058150189856	0	0	-Inf	3.11809607457912e-06	0.000355839722444365	-0.00653137397964706
AT2G22180.1	123.159352228654	246.318704457309	0	0	-Inf	0.000178233422160267	0.0108965071418472	1.16263239524718
AT2G22960.1	93.1868441555971	182.490940234008	3.88274807718592	0.02127638814402	-5.55460292845517	1.33607684305705e-05	0.00121171551836058	0.0414057791523791
AT2G23060.1	120.859876579093	240.645496504187	1.07425665399846	0.00446406298727377	-7.80742690113602	7.52044590182019e-08	1.64781994243962e-05	0.0899387230739541
AT2G24370.1	282.306405965837	561.129099335217	3.483712596456	0.00620839767636937	-7.33156331293752	1.84207537357147e-08	5.2012992171906e-06	0.00640166972691952
AT2G24800.1	63.1786361723104	126.357272344621	0	0	-Inf	1.94244520142307e-07	3.58563061731192e-05	0.0834886559611878
AT2G26450.1	717.017856231246	1419.04184848075	14.9938639817445	0.0105661887264263	-6.56440110605633	6.84347293905366e-05	0.00489388721482352	0.71745818618387
AT2G26700.1	57.6940121617525	110.56911243859	4.81891188491508	0.0435828033583204	-4.52009719247026	0.000369672162740382	0.0201692248312676	0.0184311564435319
AT2G26760.1	468.673044940369	915.469090187295	21.8769996934438	0.0238970380627139	-5.38702437646594	2.69863387032778e-06	0.000317639688476239	0.157335940534677
AT2G27035.1	131.418510277034	246.16272516819	16.6742953858768	0.0677368816683522	-3.88391461724965	0.000511307031370795	0.0262742744506843	0.0498100260999966
AT2G28056.1	120.877020547266	8.33903358829138	233.41500750624	27.9906544367409	4.80687331318809	0.000129277967408995	0.00827288376019849	0.481200197822525
AT2G28550.3	2220.85674283662	88.9558578802218	4352.75762779302	48.9316581450314	5.61269626703255	6.95743726076756e-07	0.000100629840741618	0.00153449525836526
AT2G28620.1	1161.83101127594	2278.33519849098	45.3268240609067	0.0198947126353173	-5.65147112927521	6.98078416185604e-07	0.000100629840741618	0.135606763205679
AT2G29040.1	91.0524317114208	181.567735095842	0.53712832699923	0.00295828070287764	-8.40102533248347	1.22045074272085e-07	2.4760685475838e-05	0.0254522250488378
AT2G29165.1	71.6508376614656	3.58552742368469	139.716147899247	38.9666934287916	5.28416960975902	3.94811580733439e-05	0.00305465943070852	0.277107863429546
AT2G29550.1.DE	5487.6503880437	10048.0063756805	927.294400406912	0.0922864064508629	-3.43773803150506	0.000785916611629865	0.0371769776786362	0.0708877060549317
AT2G29680.1	95.6501631072581	179.721128406093	11.5791978084231	0.064428695229751	-3.95615281129084	0.000609247118512094	0.0305551524980212	0.132580126352607
AT2G29710.1	98.9894514083108	189.139150008251	8.83975280837031	0.0467367692409777	-4.41929818096669	0.000170174072496334	0.0104739273519148	0.151159238488091
AT2G29890.3	920.184291856485	1768.89821945878	71.4703642541883	0.0404038872717367	-4.62936208793955	2.32435894610126e-05	0.00194091058459657	0.0206205949146728
AT2G30250.1	927.510907297397	30.2155605647567	1824.80625403004	60.3929306596576	5.91630777855773	3.19651391087731e-07	5.37112389601341e-05	0.152501232842396
AT2G31230.1	699.335023181812	72.1629016351062	1326.50714472852	18.3821203786405	4.20023128606879	7.45889778401027e-05	0.00526525132490354	0.11690248577382
AT2G31430.1	41.3521032506646	81.1618679434662	1.54233855786304	0.0190032412627241	-5.71761067885826	8.0801988073636e-05	0.00564562666160413	0.138148087084336
AT2G31500.1	758.11525518168	1503.03992757394	13.1905827894208	0.00877593638561004	-6.83223121658934	2.327640473279e-08	6.31205395273649e-06	0.248270915114732
AT2G31880.1.DE	4855.09866131117	795.078485558692	8915.11883706364	11.2128789786069	3.4870848417993	0.000576042992501312	0.0290556934099787	0.115023894586378
AT2G32160.3	5118.5039144779	696.12996432023	9540.87786463558	13.7055986003307	3.77669343500794	0.000222662700360563	0.0131717250543746	0.14534569727059
AT2G32280.1	132.381990242975	250.882933465183	13.8810470207673	0.0553287815517899	-4.17582603661654	0.000208721732130863	0.0124818330160092	0.00840067698240393
AT2G32350.1	34.1255047038734	68.2510094077467	0	0	-Inf	7.9833256938666e-06	0.00077263359515658	0.273924625016251
AT2G32680.1	2798.78658361635	29.1328727878217	5568.44029444488	191.139416115964	7.57848150640161	1.57396563365902e-06	0.000202391289860501	0.628182626266201
AT2G32800.1	1339.98035792505	179.394960015836	2500.56575583427	13.9388852151339	3.80104327884053	0.000250400760999899	0.014433076428166	0.202993211028516
AT2G33010.1	55.1897579484374	109.842387569876	0.53712832699923	0.00488999136747223	-7.67595236633857	2.41622733915972e-06	0.000294124669298869	-0.0148677050485122
AT2G33190.1.DE	30.8940903068752	61.7881806137505	0	0	-Inf	1.493517872594e-05	0.00134117904958941	0.0545132782153398
AT2G33400.1	338.333296515262	640.440464412448	36.2261286180757	0.0565643968972358	-4.14396192084228	0.000124413919736526	0.00805572777225464	0.23963570846038
AT2G33775.1	503.963360869402	997.283687738111	10.643034000694	0.0106720225463959	-6.55002257020676	6.96378509698647e-08	1.5381541130755e-05	0.0449951102103097
AT2G33793.1	219.520671154666	428.935436635637	10.1059056736947	0.0235604354654411	-5.40748998515531	4.71920581889792e-06	0.000505047078626761	0.100373363998203
AT2G33850.1	1336.4970588392	2631.91051686844	41.0836008099695	0.0156098015288348	-6.00140399552015	0.000784923844338528	0.0371769776786362	0.875787673143775
AT2G34340.1	199.771901730103	383.061404285655	16.4823991745508	0.0430280863332805	-4.53857751167486	4.97636538858256e-05	0.00372398009912262	0.379781259785608
AT2G34700.1	54.8840979475466	109.768195895093	0	0	-Inf	4.59362744539515e-07	7.23073920126022e-05	0.107366881721561
AT2G35210.1	279.266129139577	554.043335451835	4.48892282731981	0.00810211501535162	-6.94748571939833	4.84325926341491e-08	1.18439310683635e-05	0.00868833226578308
AT2G35300.1	39.2720696140919	78.5441392281837	0	0	-Inf	3.88983781973314e-06	0.000424457243205861	0.0220899163441276
AT2G36190.1	1283.91812569211	2564.9587135379	2.87753784632212	0.00112186517121481	-9.79988498528229	2.73406828404571e-12	3.74416981158639e-09	0.0308605012175527
AT2G37510.1	114.950125465558	217.630588891345	12.2696620397696	0.0563783891881826	-4.14871393115371	0.000258857129783182	0.0148013317904626	-0.00499927914404053
AT2G37670.1	111.96590130456	214.278735781212	9.65306682790815	0.0450491122822581	-4.47235751256171	0.000129154881809518	0.00827288376019849	0.144443358491644
AT2G38530.1	1297.77505578577	2445.45723052617	150.092881045359	0.0613762036693092	-4.02617677689378	0.000157138138296034	0.00982615632372163	0.0520289145725437
AT2G38720.1	115.763887414896	216.395818001778	15.1319568280138	0.0699272147111894	-3.8380021477983	0.000651950778891372	0.0320579531114108	0.0889807044129932
AT2G38920.1	46.3707826682131	92.7415653364263	0	0	-Inf	2.40891337213862e-06	0.000294124669298869	0.537728799822694
AT2G39510.1	1416.01554463225	2828.47833024491	3.55275901959065	0.00125606725764911	-9.63687056750347	2.88431802675084e-12	3.76183744927041e-09	0.00191956008847363
AT2G39820.1	109.288108175789	210.396441658399	8.17977469317977	0.0388779136600633	-4.68490538937634	6.47081800242418e-05	0.00467623309415292	0.184565031230956
AT2G40010.1	275.978419583992	518.784901549479	33.1719376185056	0.0639416018458314	-3.96710130324012	0.000217168248433495	0.0128745046674134	0.0655489628749016
AT2G41090.1	20914.751006766	3407.95860740909	38421.5434061229	11.2740639873361	3.49493575569542	0.000552980706801761	0.0280994222237355	0.0190008232755256
AT2G41100.1	3319.06196276472	605.998138932697	6032.12578659674	9.9540335176948	3.31528124493443	0.00111555868497486	0.0496813606874412	0.0334034824440259
AT2G41470.1	62.1648551573153	120.77695129504	3.55275901959065	0.0294158693483808	-5.08726151588746	8.71673401950526e-05	0.00599666289925294	0.0121579398996351
AT2G41550.1	679.927576018588	1288.62331849211	71.231833545061	0.0552774674513985	-4.17716466990608	8.43556185117e-05	0.00584915452004291	0.02794140151448
AT2G41860.1	123.82619820658	241.828274297382	5.82412211577889	0.0240837103630687	-5.37579851735986	1.24099091751741e-05	0.00114058725637195	0.00344734640215582
AT2G41970.1	106.594897823341	211.716503511953	1.47329213472838	0.00695879683581306	-7.16694639655584	3.6195007443193e-07	5.90086344560484e-05	0.00274664803298546
AT2G42110.1	166.268283721048	329.259994115043	3.27657332705204	0.00995132535265492	-6.65089560298889	6.96747652456278e-06	0.000679118201178825	0.549514726379435
AT2G42410.1	111.51276448034	223.02552896068	0	0	-Inf	5.98954993816626e-09	2.00058272263946e-06	0.0511062163979815
AT2G42570.1	1746.21530666368	3361.87522777969	130.555385547671	0.0388340960630757	-4.68653230487633	1.52701605165505e-05	0.00135790398177858	0.14346408685169
AT2G43840.2	163.469406384755	309.38215694096	17.5566558285493	0.0567474737461982	-4.13930002107082	0.000193958346908252	0.0117269871158281	0.0402515616360928
AT2G44190.1	159.708087163018	308.358861786534	11.0573125395019	0.0358585852711976	-4.80153761909463	3.40074693891125e-05	0.00271554104693412	0.00724759732606876
AT2G44450.1	136.441457601254	269.537295452321	3.34561975018669	0.0124124557403913	-6.33206761628951	1.07611614054792e-06	0.00014519086193826	-0.000387060805714215
AT2G44560.1	148.617815604917	296.23042097897	1.00521023086381	0.00339333896748966	-8.20307873369053	2.24738044901217e-08	6.18419693585901e-06	0.116492233413636
AT2G45430.1	21.8588596445947	42.7815554814602	0.936163807729155	0.0218824163168833	-5.51408413647468	0.00105773809873031	0.0478059220893141	0.351895521662392
AT2G46300.1	95.1549079565451	187.363231643633	2.94658426945677	0.015726587567945	-5.99065052810463	8.26995495961017e-06	0.000794757180311449	0.460969752100531
AT2G46440.1	3871.51666212594	563.650634210726	7179.38269004116	12.7372919576226	3.67098667745845	0.00033758198957649	0.018754631059859	0.0521044680799148
AT2G46770.1	106.088969082046	209.369446740905	2.80849142318746	0.0134140461605316	-6.22011171798622	2.71377878357881e-06	0.000317639688476239	0.00219242735883803
AT2G47340.1	94.2060528772772	187.874977427555	0.53712832699923	0.0028589668212008	-8.45029040731875	0.00091190261733816	0.042245548859893	1.19716291067665
AT3G02310.1	3126.2451350277	6232.9384368232	19.5518332321989	0.0031368564651128	-8.31646476817026	7.44067971780683e-11	5.22545581515414e-08	0.073993577317265
AT3G02820.1	170.38684342264	325.518880229075	15.2548066162051	0.0468630471002785	-4.41540542649259	0.000107370107522781	0.00713776668675112	0.0289105119252785
AT3G02970.1	227.806117356231	452.128522116006	3.483712596456	0.00770513786688767	-7.01996351376295	6.57097631597737e-08	1.47518418293692e-05	0.207553368936444
AT3G03130.1	546.656292262188	1082.20146861982	11.1111159045585	0.010267141772344	-6.6058215782044	5.23233909747405e-08	1.24616117861493e-05	0.193174302774623
AT3G03450.1	2897.96524267079	5565.24775396814	230.682731373442	0.0414505771479735	-4.59246400017137	1.72034268175234e-05	0.00149069233224761	0.152556434945112
AT3G03760.1	466.497925721139	932.45872311528	0.53712832699923	0.000576034427781127	-10.7615573399221	8.35407212836594e-12	8.80037236630057e-09	0.0611902306720987
AT3G03910.1	537.609322156103	1014.50699497965	60.7116493325584	0.0598434999788014	-4.06266163529786	0.000133314392913823	0.00847180488982995	-0.0013843266751694
AT3G04620.1	872.158776831235	1712.09702290977	32.2205307526985	0.0188193369426801	-5.73164039095156	5.66446002127436e-07	8.5243898638837e-05	0.0510309155840774
AT3G04700.1	848.810209360587	1651.05075904384	46.5696596773304	0.0282060738727983	-5.14785032493023	3.82147492730161e-06	0.000420346894714312	0.000527934931576852
AT3G05020.1	3225.93487376468	6174.2783879066	277.591359622758	0.0449593202934402	-4.47523596508545	2.79653894033123e-05	0.0022932456597824	0.0519074043688965
AT3G05400.1	793.796558785008	1479.5827840218	108.010333548214	0.0730005341469439	-3.77594916950361	0.000271324133756236	0.0154685965173185	0.167199496609852
AT3G05480.3	105.060491387782	197.452285255065	12.6686975204996	0.0641608047439633	-3.96216395270689	0.000482020414973899	0.0251467755156574	-0.00869124032459234
AT3G05780.1	33.2902718946991	65.644379981669	0.936163807729155	0.0142611417457302	-6.13176670133344	0.000122016258145464	0.00791920211930357	0.0562950348456968
AT3G05790.1	159.141788288372	298.110325536334	20.1732510404108	0.0676704203523205	-3.88533083952598	0.000436810950098898	0.0230516668829648	0.121063399364938
AT3G05980.1	187.488408549197	373.035443059801	1.94137403859296	0.0052042616183303	-7.58609079647634	2.98024086768223e-08	7.70054878537252e-06	0.00412345624286369
AT3G06030.1	536.702151013868	1030.40264442807	43.0016575996618	0.0417328680513333	-4.58267211793326	2.81743225558478e-05	0.00230348215069288	0.000331117406059358
AT3G06220.1	567.816817521939	1126.86292865864	8.77070638523566	0.00778329481091	-7.00540328097807	1.47590363134831e-08	4.39386136510857e-06	0.192912006017988
AT3G06560.1	43.2161394043811	82.4114378853069	4.02084092345523	0.0487898406656985	-4.35727541795128	0.000823314609576449	0.0387452986970608	0.0131478124001612
AT3G07620.1	108.669432768622	215.865573402515	1.47329213472838	0.00682504445477836	-7.19494584163628	3.03724337027392e-07	5.13500362150818e-05	0.178271236865362
AT3G07840.1	133.235456669347	266.470913338694	0	0	-Inf	2.26140946686067e-09	8.72362589969675e-07	0.0686501139217963
AT3G08770.2.DE	19265.3764046002	38445.823750655	84.9290585453251	0.00220905810462386	-8.82235291841334	7.8226720238315e-12	8.57020656242884e-09	0.270140220087153
AT3G08790.1	110.290120776865	219.644077746	0.936163807729155	0.00426218552002913	-7.87419089402834	1.36122699491888e-07	2.66304615455951e-05	0.341674585374972
AT3G08870.1	466.040053871942	46.5302653069823	885.549842436901	19.0316955339607	4.25033219194177	7.89814657750505e-05	0.00553254057829376	0.19366026976316
AT3G09080.1	57.0768041327372	113.079351611476	1.07425665399846	0.00950002488243343	-6.71785299251152	5.77309980357423e-06	0.000591922673289245	0.0127004899244151
AT3G09380.1	15.6491241708459	31.2982483416918	0	0	-Inf	0.000610491643163353	0.0305551524980212	0.0595031644013683
AT3G10460.1	202.357776325596	404.715552651191	0	0	-Inf	1.67105567358069e-10	9.94968344428295e-08	0.0755328190833748
AT3G10470.1	87.2445457081034	171.074425242886	3.41466617332135	0.0199601206812376	-5.64673574636926	1.36230917322713e-05	0.00123142857906	0.0430804001495618
AT3G10560.1	48.0362307717439	93.0568308508964	3.01563069259142	0.0324063334740394	-4.94758038966981	0.000238341140050383	0.0138789166335427	0.330081088868401
AT3G11000.2	970.885754433131	1909.74287432489	32.0286345413725	0.0167711763567621	-5.89787230441772	3.40288444017839e-07	5.61455433325578e-05	0.0944368314998673
AT3G11825.1	75.0234558649019	150.046911729804	0	0	-Inf	6.38958873253468e-08	1.45837038162827e-05	0.341223791657303
AT3G11840.1	361.55213917187	34.7836857491166	688.320592594623	19.7886042772826	4.30659795521354	0.000368332808295781	0.0201692248312676	0.495206189476226
AT3G11980.1	3465.4270013531	6923.47229897449	7.38170373171992	0.00106618520490265	-9.87332621712188	3.81093620948656e-13	1.3974407305017e-09	0.101010162773272
AT3G12060.1	48.3275470666269	94.5065808252569	2.14851330799692	0.0227340074017653	-5.45900417437986	7.32957727587205e-05	0.00518733312684392	-0.000143250455532473
AT3G12160.1	86.9769017359587	172.012429433324	1.94137403859296	0.0112862427732031	-6.46929090159328	2.3274765587697e-06	0.000287149799406051	0.197537006740541
AT3G12470.1	61.0764617431987	121.147713255534	1.00521023086381	0.00829739335437182	-6.91312610306507	3.908489361922e-06	0.000424800060054292	-0.00253172834315997
AT3G12540.1	32.6015630547307	65.2031261094613	0	0	-Inf	1.03701598869203e-05	0.000976042299459996	0.347344587379249
AT3G12660.1	115.728626519547	231.457253039094	0	0	-Inf	4.75369700868027e-09	1.6274875921343e-06	0.0652644392052616
AT3G13220.1	1151.17350305801	2299.93755017356	2.40945594245754	0.0010476179852256	-9.89867155184542	2.60991284559764e-12	3.74416981158639e-09	0.0612913453958411
AT3G13227.1	214.322012633347	424.623184343238	4.02084092345523	0.00946919780104386	-6.72254207411911	1.26436433888367e-07	2.54629962335919e-05	0.0712030609369908
AT3G13229.1	79.5870188807092	155.690325164962	3.483712596456	0.0223759093107733	-5.48190987805762	1.99952020974953e-05	0.00170077201940465	0.195912771701246
AT3G13600.1	112.097660725898	207.797211758457	16.3981096933382	0.0789140025247273	-3.66357487457263	0.00107422241221032	0.0483912461316256	0.194197188235616
AT3G13640.1	317.412914488894	612.450261264324	22.3755677134644	0.0365345059487328	-4.77459649167306	0.000498611249118274	0.0258645142085235	0.59051235782154
AT3G14540.1	45.9629248703284	91.9258497406568	0	0	-Inf	1.33570577244114e-06	0.000176732586480146	0.208107661992184
AT3G14890.1	782.700273769286	1466.06048251274	99.3400650258363	0.0677598681710414	-3.88342512191054	0.000239195782072508	0.0138799433796269	0.015736134014546
AT3G15170.1	35.4229609197994	68.7664549547366	2.07946688486227	0.0302395533728038	-5.047419358139	0.000406183156996816	0.0216438725427739	0.129819941719074
AT3G15605.4	33.3465383384106	64.2836207343637	2.40945594245754	0.0374816464121401	-4.73767186381975	0.000937388971286331	0.0432224689134029	0.126945277116245
AT3G15720.1.DE	104.216117443735	203.214287521825	5.217947365645	0.0256770694092295	-5.2833756364592	2.1157623906333e-05	0.00177212893324329	0.107860174240692
AT3G16120.1	144.713787631262	271.832359126997	17.595216135528	0.0647281883291449	-3.94946206478479	0.000425549462042875	0.0225442441313197	0.212426419103337
AT3G16530.1	847.647312951422	17.2194110650503	1678.07521483779	97.4525324065078	6.60662777080501	3.92633352569803e-08	9.95725453105031e-06	0.0212456806253411
AT3G16660.1.DE	790.664754017613	4.48283422037293	1576.84667381485	351.752172018459	8.45841552169591	1.56161498704192e-10	9.50468286224247e-08	-0.000602247985086864
AT3G17060.1.DE	594.073308097156	1179.44495623221	8.701659962101	0.007377758424521	-7.08260173410203	1.3172525176549e-08	3.96464057209341e-06	0.0204811000376731
AT3G17360.1	511.337653958609	991.544276876596	31.131031040622	0.0313965112467655	-4.99325193277956	9.22168354698149e-06	0.000876988509264847	0.087704372804074
AT3G17760.1	1122.14294363892	2237.31846208493	6.967425192912	0.00311418571427651	-8.32692930264828	1.36014007987729e-10	8.46656287449068e-08	0.200803182566521
AT3G17980.1	328.423270662892	649.272941382738	7.57359994304588	0.011664739834863	-6.42170205931833	1.46453045203235e-07	2.78555726046625e-05	0.00490104831688357
AT3G18220.1	165.587368267699	329.701444400669	1.47329213472838	0.0044685643928753	-7.80597287068973	2.90987956811213e-08	7.59035157057364e-06	0.00397137983509314
AT3G18360.1	267.306213432563	531.128714268671	3.483712596456	0.00655907410551667	-7.25229210970535	2.65113108961972e-08	6.98190667438409e-06	0.142500332473923
AT3G18730.1	275.148500751398	524.383917827819	25.913083674977	0.0494162440799445	-4.33887082809947	8.67214341604109e-05	0.00598290518946976	-0.00261175954317705
AT3G18845.1	35.5275243967276	70.5869668895907	0.468081903864577	0.00663127946263412	-7.23649702875695	2.83972005972726e-05	0.00231479442606755	0.484284216576046
AT3G18900.2	124.26127523034	240.411822190636	8.11072827004511	0.0337368112605281	-4.88953257050685	3.4782652381162e-05	0.00276936647112688	0.00399233632336301
AT3G18950.1	781.012890010395	89.9236565886241	1472.10212343217	16.3705767678758	4.03303324660142	0.000130106402917046	0.00830649013868293	0.0667708064979731
AT3G19310.1	263.349437780106	517.391040847977	9.30783471223489	0.0179899417991077	-5.79666567057135	1.39302432864063e-06	0.000182552838933676	0.235752690006475
AT3G20150.1	687.840286682812	1330.73754172737	44.9430316382547	0.0337730245288761	-4.88798480470176	9.74252032721283e-06	0.00092331449564717	0.00985790207129727
AT3G20210.1	157.855700718832	315.711401437665	0	0	-Inf	7.61314260653661e-09	2.42460887035385e-06	0.491774820363935
AT3G20450.1	329.5784321362	640.525951789853	18.6309124825478	0.0290868971514526	-5.10348678481011	6.76655564903801e-06	0.00066426233932438	0.0051626707441189
AT3G20530.1	421.718144715123	832.171837621339	11.2644518089058	0.0135362088689565	-6.20703245468805	1.95706375546688e-07	3.58563061731192e-05	0.0227862187846755
AT3G20557.1	15.2023206540359	30.4046413080718	0	0	-Inf	0.0006812256708679	0.0330662030038069	0.364960350796671
AT3G21933.1	31.7024063765083	63.4048127530166	0	0	-Inf	1.26207728503282e-05	0.00114840647042405	0.133300801462159
AT3G22060.1.DE	607.01891902699	102.734425108084	1111.3034129459	10.8172446750612	3.43526116338276	0.000752186707142341	0.0359539995146973	0.00315621722957709
AT3G22275.1	235.59040484707	460.207786635851	10.9730230582892	0.0238436275459456	-5.39025244707781	4.89795057768297e-06	0.000521398492746994	0.0238323542388778
AT3G23350.1	68.7367586434819	137.473517286964	0	0	-Inf	1.17188008023014e-07	2.41327996371604e-05	0.0394659654539487
AT3G23740.1	159.8712972367	304.1577987996	15.5847956738004	0.0512391782663731	-4.28660885071762	0.000174513174636094	0.0107169088343228	0.000868570387818275
AT3G24360.1	289.810450986291	546.571814142268	33.0490878303143	0.0604661399932927	-4.04772870587837	0.000161318529204789	0.00999627419997729	0.0363961873696315
AT3G25050.1	7790.98367315451	15572.4523723274	9.51497398163884	0.000611013201655199	-10.6765088280542	2.28522335221577e-14	3.12949911969189e-10	0.00239771774113269
AT3G25260.1	119.658670955164	236.90788596787	2.40945594245754	0.0101704336797987	-6.61947499097703	7.62524882698246e-07	0.000107653577382589	-0.00730682282192817
AT3G25510.1	252.523679747874	12.7328770816091	492.314482414138	38.6648264377906	5.27294983184819	5.81354555167428e-06	0.000591922673289245	0.0998074257473771
AT3G26050.1.DE	242.570050217776	470.982867722246	14.1572327133059	0.0300589122949901	-5.05606338461277	8.26229315620113e-06	0.000794757180311449	0.0590589588436203
AT3G26220.1	1113.49511890577	88.3701168349355	2138.6201209766	24.2007162327428	4.59697784032671	1.74814932152284e-05	0.00150094237514699	0.335409794154768
AT3G26320.1	147.815242030963	7.80138946289209	287.829094599034	36.8945937089945	5.20533752362158	1.19548645227096e-05	0.00110618846085302	0.266565460253247
AT3G26830.1.DE	176.10859473252	15.2431162544952	336.974073210545	22.1066393239093	4.46640781659314	0.000973474695312462	0.0446608013901391	0.588104217815088
AT3G26940.1	41.5060871981419	83.0121743962837	0	0	-Inf	4.17501913891105e-06	0.000450195272423758	0.532699413443052
AT3G27060.1.DE	1929.77343153239	3525.52292169667	334.023941368103	0.0947445099030452	-3.39981384295674	0.000911412344689693	0.042245548859893	0.0828278889566649
AT3G27200.1	773.954158157389	1485.73054371475	62.1777726000314	0.0418499659060447	-4.5786297423205	2.66836306934914e-05	0.00220796967088833	0.121028572732698
AT3G27415.1	60.9632156103104	121.926431220621	0	0	-Inf	2.8357663828242e-07	4.85430034119826e-05	0.294534250442455
AT3G27440.1	144.426871263698	287.242357546397	1.61138498099769	0.00560984457432399	-7.47782348440881	5.90580324372969e-08	1.39443142278028e-05	0.101182475785427
AT3G28007.1	997.908514890821	1867.26489582844	128.552133953199	0.0688451511300781	-3.86050114306785	0.000227152954192512	0.0133222532384983	-0.00077429416734194
AT3G28230.2	24.7519784652427	49.5039569304855	0	0	-Inf	5.27592552925079e-05	0.00388447108388844	0.113926589285312
AT3G28315.1	79.8845497786137	159.769099557227	0	0	-Inf	5.21292938817567e-08	1.24616117861493e-05	0.133851685889213
AT3G28490.1	47.8656997970804	94.2581074594325	1.47329213472838	0.0156304022480238	-5.99950128323741	3.50210965871682e-05	0.00278026902732159	0.215997865198551
AT3G28540.1	2854.5414433481	465.72891147634	5243.35397521987	11.258381960009	3.49292759495142	0.000673550850085451	0.0327671123143702	0.241651618340708
AT3G28810.1	616.495772519039	1222.80134988317	10.1901951549074	0.00833348373051843	-6.9068645585707	1.74391528559065e-08	5.04117759319331e-06	0.0587278898099664
AT3G29020.2	39.0588422041245	78.117684408249	0	0	-Inf	3.52609709989099e-06	0.000394183473914237	0.32968916142772
AT3G42450.1	77.3195474364659	153.702931065203	0.936163807729155	0.00609073490818482	-7.35916797041777	9.55468913899132e-07	0.000130846690413917	0.0248577926640829
AT3G43110.1.DE	40.1131394971895	76.949705667327	3.27657332705204	0.0425807129297868	-4.55365608470839	0.000773186480489349	0.0367015676154641	0.229432706680966
AT3G43830.1	14.9742941917956	29.9485883835912	0	0	-Inf	0.000796496685586116	0.037612496071583	-0.0596980020694451
AT3G43960.1	635.831960068151	1255.74913540491	15.9147847313956	0.0126735382750345	-6.30203682873677	1.41008737987772e-07	2.71978051038528e-05	0.0676172356382313
AT3G44050.1	636.343218674925	1228.85622267257	43.8302146772776	0.0356674880824981	-4.80924657359236	1.23533340986907e-05	0.0011392103287173	0.0154962902415507
AT3G44860.1.DE	2871.49692714552	258.409951220773	5484.58390307027	21.2243525342586	4.4076486387782	3.54935928535698e-05	0.0028096358805388	0.0566047367496909
AT3G44960.1	65.1732618812625	124.72954091615	5.61698284637493	0.0450333000916837	-4.4728639858801	0.000369034501519408	0.0201692248312676	-0.00785063974084276
AT3G45260.1	878.160236585072	66.6158784531394	1689.704594717	25.3648924843889	4.66476114013593	1.73553283305791e-05	0.00149479587310135	0.0185293900116677
AT3G45320.1	35.1581474726785	70.3162949453569	0	0	-Inf	6.57757937720001e-06	0.000650373002029354	0.399772805361094
AT3G45860.1	7451.94258758764	31.4614307435292	14872.4237444317	472.719243624692	8.88483978541442	4.5655475916287e-09	1.58285801249517e-06	0.527046775427108
AT3G46090.1	45.0546997955335	3.40754596957434	86.7018536214927	25.4440745321253	4.66925781254577	0.000669870550902859	0.0327185371449301	0.549515849205278
AT3G46750.1	386.947605117427	772.890000003989	1.00521023086381	0.00130058641056116	-9.58662202998198	8.46590145958581e-11	5.65311765101563e-08	0.0129081043420021
AT3G46770.1	199.732190538031	386.450451439888	13.0139296361728	0.0336755451770953	-4.8921548879498	1.5816708775331e-05	0.00139193812166988	0.233205749187493
AT3G47340.1	3899.14915145314	7697.50735767105	100.790945235231	0.0130939719251826	-6.25495339901832	0.000121420380200375	0.00790473853114398	0.721959254404136
AT3G47870.1	303.453174302586	606.906348605173	0	0	-Inf	1.49813538343977e-11	1.41491137989765e-08	0.307851526875246
AT3G48010.1	58.3681061977766	110.635904587236	6.1003078083175	0.0551385902350303	-4.18079380829769	0.000704383417210673	0.0340253217177833	0.134781179041655
AT3G48720.1	1188.06339493152	86.5161106190497	2289.610679244	26.4645585990993	4.72598968643048	1.25955180925124e-05	0.00114840647042405	0.000383709243874303
AT3G48950.1	15.8753007515521	31.7506015031041	0	0	-Inf	0.000545574703038844	0.0277746199656708	0.44573853494053
AT3G49830.1	34.7052785128661	68.3363003717337	1.07425665399846	0.015720146512977	-5.99124152608658	9.66733667799657e-05	0.00653774529070736	0.100364854409642
AT3G50230.1	58.1902644048609	113.694887174726	2.68564163499615	0.0236214811565701	-5.40375675974573	4.71178754528675e-05	0.00355812468336169	0.00304406785602159
AT3G50740.1.DE	2697.53000544063	51.9178058501799	5343.14220503109	102.915408645155	6.685315190585	0.00104201018200103	0.0473293812186175	1.07600765454386
AT3G50840.1	529.721741976729	39.0959380415156	1020.34754591194	26.0985564492261	4.70589810623663	2.04049715459065e-05	0.00171960543283333	0.188550708474186
AT3G52270.1	52.5646874928889	102.044697870052	3.08467711572608	0.0302286858613099	-5.04793792806286	0.000132454633575367	0.00843674409068774	-0.0169010186632306
AT3G52600.1	946.144204391623	1880.29493243602	11.993476347231	0.00637850804165753	-7.29256527330744	4.15410388326061e-09	1.4586762981875e-06	0.138208287119724
AT3G52630.1	257.568029347142	497.801785193216	17.3342735010674	0.0348216378821126	-4.84387212610714	0.000508670439826628	0.0262449843868772	0.613241856097305
AT3G52810.1	754.614595689624	1508.22398114838	1.00521023086381	0.000666486041481999	-10.5511377189322	4.22795369444349e-07	6.73252463587864e-05	0.77260809644912
AT3G52910.1	361.714013309731	691.79842755882	31.6295990606426	0.0457208310985259	-4.45100456113869	4.3919155445431e-05	0.00333213780746512	0.133942817797625
AT3G53065.1	52.4683991463181	104.936798292636	0	0	-Inf	5.74329685533309e-07	8.59580096014853e-05	0.427097434145943
AT3G54710.1	270.804109684291	520.913083059249	20.695136309332	0.0397285784948852	-4.65367901565575	2.94784665048881e-05	0.00239580332077857	0.382475780812483
AT3G55110.1	2596.45141010746	4740.35017173324	452.552648481685	0.0954681894979533	-3.38883609011924	0.000917036554276029	0.0423553358938721	0.0628630115051359
AT3G55660.1	441.645382778201	868.972122747927	14.3186428084759	0.0164776779756714	-5.92334323663531	5.13243639980165e-07	7.8973202558521e-05	0.309477974262646
AT3G56600.1	248.038284001715	489.715317560652	6.36125044277812	0.0129896905705635	-6.26648912524224	3.98007921285693e-07	6.37487658251102e-05	0.106250157756384
AT3G57130.1	55.3933893436498	107.840194417843	2.94658426945677	0.0273236179270949	-5.19370766588681	0.000992107354944997	0.0452880472409809	0.669619371088189
AT3G57260.1	4417.14850929575	88.0844494250112	8746.2125691665	99.293491941644	6.63362725623408	2.25791264225018e-08	6.18419693585901e-06	0.148392148072995
AT3G57690.1	1905.74031715457	3797.75292319272	13.72771111642	0.00361469305509199	-8.11191114002999	1.96008355011529e-10	1.11843184071058e-07	-0.000513255024378755
AT3G57860.1	197.081117509724	385.130585999751	9.03164901969627	0.0234508744514571	-5.41421446988016	5.90497683909128e-06	0.000599005224614337	-0.00353453023267182
AT3G58340.1	65.9692615421905	131.470441180517	0.468081903864577	0.00356035850843365	-8.13376176473503	7.68631333106642e-07	0.000107677575000256	0.105102215909148
AT3G58360.1	37.3940149382626	74.7880298765252	0	0	-Inf	4.91149042056024e-06	0.000521398492746994	-0.00114375603471332
AT3G58650.1	348.779872712725	681.023542885842	16.5362025396075	0.0242813963075861	-5.36400480326728	3.54044085519377e-06	0.000394183473914237	0.000170772172321061
AT3G59530.1	2633.10863830662	5109.85731944428	156.359957168967	0.0305996718487577	-5.0303400082525	4.05632521855626e-06	0.000439125262494219	0.0818754197684595
AT3G61230.1	387.256250244027	761.859046025633	12.6534544624216	0.0166086555359951	-5.9119208973328	5.99824755828884e-07	8.83258077279425e-05	0.0115411287528865
AT3G61910.1	41.4850735428473	80.3535518738331	2.6165952118615	0.0325635289398275	-4.94059913549886	0.000272245483886767	0.0154699824858396	0.104241684729023
AT3G61920.1	19.8765503443476	39.2850187848307	0.468081903864577	0.0119150230378742	-6.39107444877154	0.000671494925792592	0.032725221570344	0.486558207826483
AT3G61950.1	425.290923195218	784.644175501409	65.9376708890261	0.0840351243885677	-3.57286372867385	0.000738589413543367	0.0353657787544393	0.0308923601822186
AT3G62570.1	309.512685359275	589.835713716522	29.1896570020291	0.0494877748553181	-4.33678401476253	9.15188892708529e-05	0.0062236421637994	0.203717212567978
AT3G62640.1	378.427205997027	753.838781301463	3.01563069259142	0.00400036555214776	-7.96565244561856	1.96071154755814e-09	7.67170408229571e-07	0.0951655611179864
AT4G00360.1	3701.81577555133	485.243582629484	6918.38796847317	14.2575568562559	3.83365488078277	0.000188942444670637	0.0114489925156728	0.25505759330724
AT4G01010.1	429.65447470492	64.0908402279804	795.21810918186	12.4076717726457	3.6331605224282	0.000481598644218	0.0251467755156574	0.390285894298068
AT4G01230.1	113.171063198865	209.391645319314	16.9504810784154	0.0809510859545834	-3.62680575543856	0.00108608053066368	0.0486876730191912	0.0264010638919184
AT4G01270.1	107.641544523629	205.906207911889	9.37688113536954	0.045539574695009	-4.45673537191166	0.000136624924422172	0.00864207864895814	0.116732488987901
AT4G01390.1	1323.97363906883	3.85619936791846	2644.09107876973	685.672815769635	9.4213765159281	3.91559859322611e-09	1.41110960355092e-06	0.532131346812315
AT4G01525.1	837.811388815027	1585.5833784492	90.0393991808568	0.0567862910299432	-4.13831350388711	0.000640507139302404	0.0316657942930569	0.518355763541622
AT4G01575.1	137.103565386751	266.97876294613	7.22836782737262	0.0270746921875248	-5.20691125386378	1.51316333073723e-05	0.0013529801235772	0.125370063884618
AT4G01580.1	261.109411147031	500.119440273136	22.0993820209258	0.0441882083385048	-4.50019475321603	5.25732040661834e-05	0.00388120616217978	0.0359532162783425
AT4G03100.1	453.968134471179	876.421445479084	31.514823463274	0.0359585261472542	-4.79752230028007	1.72532574874034e-05	0.00149069233224761	0.0769992449394673
AT4G03620.1	151.260226816548	299.711962209909	2.80849142318746	0.00937063506734669	-6.7376374590333	3.30636945594568e-07	5.4883729108422e-05	0.128980267801971
AT4G03975.1	14.4848451929921	28.9696903859843	0	0	-Inf	0.00086258212525451	0.0403161464651805	0.37183656745887
AT4G04460.1	10713.3667403519	21339.433526523	87.299954180804	0.00409101554042183	-7.933325267102	2.02783539716569e-10	1.1334772182239e-07	0.0421059599748289
AT4G04760.1	276.694398136763	527.928551444335	25.4602448291905	0.048226686659653	-4.37402449441449	6.77381872595191e-05	0.00485894781195281	0.058200255350873
AT4G04930.1	708.948499679609	1409.99341035858	7.90358900064115	0.00560540846686027	-7.47896477842135	2.84354132725381e-09	1.03842337882873e-06	0.0676662738087554
AT4G05520.1	538.61654649279	979.697214475635	97.5358785099453	0.0995571663048461	-3.32833102229352	0.0010899874209659	0.0487326596368387	0.0293226186813051
AT4G08550.1	39.4556007128046	78.9112014256091	0	0	-Inf	3.59580943905589e-06	0.000398727225612558	-0.0167214425885734
AT4G09190.1	19.4179247940433	38.2987212610873	0.53712832699923	0.0140247065518861	-6.15588560507739	0.00075702078017666	0.0361130171791313	0.518099219735617
AT4G09987.1	57.5797181006796	115.159436201359	0	0	-Inf	3.26529530616378e-07	5.45324226466583e-05	0.364712947361125
AT4G10260.1	418.341846151915	831.726687572646	4.95700473118438	0.00595989620779292	-7.39049707843879	7.41979299531451e-09	2.39083188645493e-06	0.0242554281941998
AT4G10630.1	122.99948569461	233.867402195721	12.1315691935003	0.0518737074068475	-4.26885270716929	0.00017983439587043	0.0109698981480963	0.00817926270434867
AT4G10850.1	724.394539175657	1448.78907835131	0	0	-Inf	1.24477948392391e-13	1.13644217617306e-09	0.0366405091414305
AT4G11140.1	72.6725219150164	141.600388599116	3.74465523091662	0.0264452327282666	-5.24084851806578	5.19386468768577e-05	0.00385514254555625	0.0574338005185789
AT4G11320.1.DE	4162.26020960063	8209.11223353968	115.408185661579	0.0140585464515956	-6.15240875151502	1.2768988382697e-07	2.55277242929699e-05	0.280857107447228
AT4G12030.2	1570.13028790994	260.326853408819	2879.93372241106	11.062760851215	3.4676395681004	0.000670163180046945	0.0327185371449301	0.273486960422413
AT4G12410.1	107.07361417132	212.205854304048	1.94137403859296	0.00914854137723913	-6.77224254296715	6.7193547141088e-07	9.78917054599606e-05	0.434720867092848
AT4G12735.1	24.5544187855862	0.897306796688232	48.2115307744841	53.7291492189991	5.74763308857638	0.000656335296404278	0.0321580812758797	0.458224468977131
AT4G12940.1	104.120824797667	207.704521268334	0.53712832699923	0.00258602135244477	-8.59505009731786	4.82484070392213e-08	1.18439310683635e-05	0.180051282618789
AT4G13450.1	84.9489699349396	168.493694158285	1.40424571159373	0.00833411433352849	-6.90675539253102	1.36523932634144e-06	0.000179771826486374	-0.00195783913122844
AT4G13770.1.DE	9790.48826428862	1567.60882289139	18013.3677056858	11.4909838747022	3.52243042380133	0.000510106595941685	0.0262618600681331	0.0260889047967308
AT4G13790.1	97.5949131169173	192.780370291377	2.40945594245754	0.012498450640051	-6.32210692628375	2.51656517881754e-06	0.000303639663800148	0.00392807280824121
AT4G14120.1	102.985976007415	199.817840841455	6.15411117337416	0.0307986071086472	-5.02099108440285	4.00550013271181e-05	0.00308164727906864	0.242134158348111
AT4G14400.1.DE	30606.7989147543	944.866217460301	60268.7316120483	63.7854656017273	5.99515581835818	1.38781539636377e-07	2.69580680078067e-05	0.342319776091493
AT4G14700.1	82.2965178947602	160.173159385335	4.41987640418515	0.0275943636321244	-5.17948257459715	3.77868915593555e-05	0.0029401851503386	0.173558104959873
AT4G14723.1	39.2720696140919	78.5441392281837	0	0	-Inf	3.88983781973314e-06	0.000424457243205861	0.0220899163441276
AT4G14810.1	25.3493818515322	50.2306817991998	0.468081903864577	0.00931864524028885	-6.74566405587529	0.00110750839197192	0.0494031715760896	0.809423934085671
AT4G14815.1	1768.90228586023	3537.3364898166	0.468081903864577	0.000132326089195107	-12.883614850497	6.20883799805032e-15	1.700538639286e-10	0.0430795740134133
AT4G15210.1.DE	8497.81050417174	15979.9685454834	1015.65246286007	0.0635578511915866	-3.97578583990966	0.000161225845060839	0.00999627419997729	0.109143590482017
AT4G15480.1	388.801682666781	749.748907619993	27.85445771357	0.0371517149681369	-4.75042738092418	1.88600692129149e-05	0.00160921631050631	0.187193187143727
AT4G15650.1	41.1556739345235	82.311347869047	0	0	-Inf	2.90978388600386e-06	0.000336270341155104	0.00422074408780471
AT4G15980.1	378.211900694692	756.423801389384	0	0	-Inf	1.00419169590458e-08	3.09031532125062e-06	0.606604081996433
AT4G16230.1	100.255633921278	200.511267842555	0	0	-Inf	1.16464885559971e-08	3.54428527844671e-06	0.0176057788663196
AT4G16260.1.DE	333.845820836703	2.95889257123023	664.732749102175	224.65592551939	7.81157330462828	4.19615732229118e-05	0.00321665352427057	0.842685795344614
AT4G17200.1	14.5293405565197	29.0586811130394	0	0	-Inf	0.000856234699961195	0.0400878840978413	0.28412017790568
AT4G17210.1	82.2954794654001	162.112456565208	2.47850236559219	0.0152887842063836	-6.03138250440765	6.70824384079157e-06	0.000660906800559138	0.0134862186674568
AT4G17250.1	886.284193191889	76.4640546383006	1696.10433174548	22.1817210683973	4.47129940270046	0.000574257890251817	0.029019094752965	0.567192655193968
AT4G17920.1	28.2000621360764	55.8629959451536	0.53712832699923	0.00961510062092953	-6.70048232937913	0.000117387807670738	0.00771015507024903	-0.0333495979376086
AT4G18190.1	784.986538512856	1569.43594869871	0.53712832699923	0.000342242910546675	-11.5126917227269	4.60338299404636e-13	1.40091174248818e-09	0.178529757729773
AT4G18395.1	196.096057254298	391.255950700868	0.936163807729155	0.00239271455437848	-8.70713598788836	3.96783614613730e-09	1.41136447021499e-06	0.0451490732415955
AT4G18640.1	855.48508573522	1565.32855826899	145.641613201451	0.093042200266574	-3.42597097563619	0.0010509115070226	0.0476546610361622	0.1253525926664
AT4G19370.1.DE	239.064498066465	25.6400358542604	452.488960278671	17.6477506837606	4.14141240959187	0.000152148642475986	0.00953592487133819	0.316369713110111
AT4G20140.1	57.8694077913025	109.638507774288	6.1003078083175	0.0556401936888468	-4.16772874772612	0.000773003213072448	0.0367015676154641	0.431803253500793
AT4G20160.1.DE	133.02119766258	263.893882017162	2.14851330799692	0.00814158059131205	-6.94047538084802	2.19985874148853e-07	3.91246305653438e-05	-0.00678878945925267
AT4G20320.1	6366.61419601909	11922.1385850497	811.08980698844	0.0680322411287468	-3.87763757439598	0.000150683423885066	0.0094657529742846	0.0485479008391347
AT4G20670.1	235.198465131771	470.396930263543	0	0	-Inf	6.60121174306928e-11	4.88650239002499e-08	0.260120735468319
AT4G20790.1	15.5582835622566	31.1165671245132	0	0	-Inf	0.000644029457786914	0.0317452286811909	-0.046063188132258
AT4G21600.1	29.549722094177	58.5623158613547	0.53712832699923	0.00917191062373407	-6.76856198810839	8.47564170888966e-05	0.0058621048172924	0.140597679512091
AT4G21820.1	314.196051311057	613.866320544235	14.5257820778799	0.0236627773698381	-5.40123677279473	3.50736300272686e-06	0.00039370149705609	-0.00147375036118321
AT4G22050.1	32.5107224461414	65.0214448922827	0	0	-Inf	1.07069879713575e-05	0.000997461542678608	0.231137180186054
AT4G22070.1	89.8383656246371	179.676731249274	0	0	-Inf	2.50695366697724e-08	6.66630621212035e-06	0.0926090201848604
AT4G22690.1.DE	5683.49850553505	567.243757573964	10799.7532534961	19.038998859477	4.25088571332096	0.000128375370148162	0.00825369251875116	0.433089381849688
AT4G23320.1	326.086324974084	6.18475732362598	645.987892624542	104.448381532586	6.70664632724435	6.22503631742342e-08	1.44489423472805e-05	0.246706104496593
AT4G24080.1	24.2101187783752	47.3459809027518	1.07425665399846	0.0226895004288742	-5.46183134527395	0.000689776578553316	0.0333786054946939	-0.0370640209778389
AT4G24260.1	129.793520665702	241.646593080203	17.9404482512012	0.0742425044049627	-3.75161081239545	0.000820862944228211	0.038696411668617	0.0123995488538594
AT4G24265.1	34.881321377558	66.8160584856592	2.94658426945677	0.0440999414847136	-4.50307944827242	0.00103417355392657	0.0470514609111211	0.251086094915903
AT4G24860.1	140.692308163502	268.10974405637	13.2748722706335	0.0495128303424975	-4.33605376815848	0.000127813813844764	0.00823692364092764	-0.00627826955657603
AT4G25240.1	239.920606926377	469.459122486521	10.3820913662333	0.0221150061186242	-5.4988305483834	3.34349654963812e-06	0.000378409202471233	0.0792413614874899
AT4G25630.1	1194.71414781954	2175.77135531087	213.656940328204	0.0981982503844837	-3.34815886975732	0.000908334635867982	0.042238331649895	0.144081830398339
AT4G26020.2	19.2362435768647	37.9353588267301	0.53712832699923	0.0141590416859523	-6.14213256571754	0.000828042017837452	0.0389009310918524	0.114585373235267
AT4G26255.1	430.737557343162	843.480863070066	17.9942516162579	0.0213333252763592	-5.55074733024694	1.9560573998747e-06	0.000244632219749626	0.0129707573303732
AT4G26260.2	883.464662794289	1749.7179018757	17.211423712876	0.00983668492756767	-6.6676120914928	3.2427271142001e-08	8.30047223652584e-06	0.0791766801239482
AT4G26280.1	25.1542866185251	50.3085732370503	0	0	-Inf	4.91448949424057e-05	0.00368775213034945	0.0215930659435632
AT4G26440.1	70.8006591446477	141.133236385431	0.468081903864577	0.00331659583421058	-8.23608107100063	5.46570961102198e-07	8.2814931463068e-05	-0.000171868531378044
AT4G26760.1.DE	1556.29486740175	2887.01553341846	225.574201385045	0.0781340449242222	-3.67790488671903	0.000397874870361545	0.0213256258793197	0.0919266050494813
AT4G27300.1	2641.66931539795	124.355079192588	5158.98355160331	41.4859094224339	5.37454950705219	1.5048669368683e-06	0.000195340286890454	0.335328138939382
AT4G27330.1	210.782565722964	421.097049542063	0.468081903864577	0.00111157725843392	-9.81317606055634	7.94019377858185e-10	3.58903369479094e-07	0.00162484908755164
AT4G27580.1	289.481051837093	576.483601308595	2.47850236559219	0.0042993458269517	-7.86166712345422	5.62612325100971e-09	1.90239370027043e-06	0.191557945642344
AT4G28000.1	787.275066132232	1568.58791730242	5.96221496204819	0.00380100783404078	-8.03940228600256	5.82252171918514e-10	2.74953529942693e-07	0.230194271221357
AT4G28250.1	3089.56749707213	5781.20621427419	397.928779870068	0.0688314453975979	-3.8607883842235	0.000257670531339606	0.0147643058218838	0.157654265247888
AT4G29050.1	401.074214521129	37.8389685735385	764.30946046872	20.1990035479777	4.33621221896099	0.000537376597534828	0.0274082078768741	0.522557810341143
AT4G29700.1.DE	1958.18642184241	3779.0876583298	137.285185355023	0.0363276001424369	-4.78279012754359	1.25718051069831e-05	0.00114840647042405	0.00637437271042032
AT4G29980.1	327.178157850335	654.35631570067	0	0	-Inf	1.05327855652122e-11	1.06845356979851e-08	0.0314866975511864
AT4G30850.1	897.820765777775	1718.06369062579	77.5778409297612	0.0451542287710557	-4.46899508487378	3.61320022543577e-05	0.00283558570127394	0.0776425115081601
AT4G31020.2	93.5278010656552	184.178064284988	2.87753784632212	0.0156236729791532	-6.00012253233264	5.46227798589424e-06	0.000566690650589611	-0.00929873661301459
AT4G31690.1	41.0221878439407	82.0443756878815	0	0	-Inf	2.93248755071619e-06	0.000337470174481368	-0.0148667562726468
AT4G32280.1.DE	384.135500053833	11.750279320934	756.520720786731	64.3832116772693	6.0086126405644	4.89209877636176e-07	7.61305076055524e-05	0.404961361635363
AT4G33465.1	68.8331488966736	137.666297793347	0	0	-Inf	1.10354603114567e-07	2.28977441265521e-05	0.251729972457028
AT4G33800.1	41.0703829705366	82.1407659410731	0	0	-Inf	2.80009242923433e-06	0.000324964964170759	-0.00433400041798373
AT4G34940.1	48.2298227303012	95.3853888066039	1.07425665399846	0.0112622768270782	-6.47235767185201	1.7817647024772e-05	0.00152502354487963	0.436000995629008
AT4G35420.1	2774.89081638633	5367.99191689066	181.789715882002	0.0338654973212592	-4.884040007611	6.48713117212221e-06	0.00064375375243933	0.244952953129779
AT4G35620.1	301.9692180761	595.044879978774	8.89355617342697	0.0149460258758032	-6.06409426464636	5.47281850188591e-07	8.2814931463068e-05	0.190600500778727
AT4G36180.1	1519.75687380549	2932.37860563819	107.135141972797	0.0365352351728403	-4.7745676959503	3.6714033088513e-05	0.00287303043503223	0.440145914532253
AT4G37420.1	69.0194595670997	137.10275532647	0.936163807729155	0.00682819105640841	-7.19428085835902	1.94683475993663e-06	0.000244595675412406	-0.0136994194750504
AT4G37540.1	132.900387669001	246.003242529421	19.7975328085816	0.0804767148799424	-3.63528477532646	0.00109069773841258	0.0487326596368387	0.21381766504571
AT4G38560.2	268.282944853514	16.5816769233911	519.984212783638	31.3589641859513	4.97080600164689	1.0642887539134e-05	0.000994873879895363	0.174394685845044
AT4G38660.1.DE	1722.12005543758	3319.91505179125	124.325059083907	0.0374482651346238	-4.73895730526024	1.65534042096371e-05	0.00144388913343233	0.138194667304814
AT4G39130.1	68.1361203392139	136.272240678428	0	0	-Inf	1.42346238619858e-07	2.72637841227923e-05	0.261048051652329
AT4G39610.1	178.575020634145	350.995930094916	6.15411117337416	0.0175332835674475	-5.83375998586985	2.45615586584139e-06	0.000297662181458097	0.219120134993487
AT4G39670.1	276.370895128988	506.793548388857	45.9482418691185	0.0906646148420638	-3.46331659329476	0.000966572908073398	0.0444185660725206	0.149626978890041
AT4G39770.1	217.604385004414	23.9307132248709	411.278056783957	17.1862013856119	4.1031788003935	0.00013647731955371	0.00864207864895814	0.0880287716263898
AT5G01370.1	338.613143065126	623.12875568411	54.0975304461423	0.0868159749532834	-3.52589565326488	0.000913117124577627	0.042245548859893	0.0928029782692902
AT5G02390.1	88.7762780776009	172.787447635343	4.76510851985842	0.0275778627734283	-5.180345534433	2.76750058889545e-05	0.00227624845733506	-0.00351378172809543
AT5G02570.1	137.504141896505	264.902378119315	10.1059056736947	0.0381495468083073	-4.71219027088769	5.75742519799113e-05	0.00420327067605049	0.0403028131085417
AT5G02660.1	31.0312761605262	62.0625523210525	0	0	-Inf	1.40215517545898e-05	0.00126327724015283	0.264528971451292
AT5G03000.1	16.2331135413069	32.4662270826138	0	0	-Inf	0.000497155893262185	0.0258379559023871	0.233194075807923
AT5G05070.1	70.817721970234	139.156941574876	2.47850236559219	0.0178108424742764	-5.81110043051013	1.57773272597805e-05	0.00139193812166988	0.0224840261287373
AT5G07030.1	4247.20108367398	8299.81909351013	194.583073837827	0.023444254825985	-5.41462176594914	5.41674702108576e-06	0.000564103742055201	0.430133609761226
AT5G07280.1	1184.92405227659	2298.4476920457	71.4004125074863	0.0310646236390689	-5.00858361424416	5.16143527650198e-06	0.000539566987740889	0.0236582907730273
AT5G07430.1	3951.52353129122	7870.09750729141	32.9495552910237	0.00418667688176632	-7.89997870622121	2.86344014677079e-10	1.45234744777602e-07	0.00742729516202026
AT5G09570.1	305.003539030425	561.603651075039	48.4034269858101	0.0861878780402419	-3.5363712151355	0.000714916722406329	0.0344733347006812	-0.000424651121814325
AT5G09750.1	128.094441403731	256.188882807462	0	0	-Inf	2.68302111648894e-09	9.93044126479941e-07	-0.00501975886797883
AT5G09780.1	70.5332221183925	141.066444236785	0	0	-Inf	9.77537228320466e-08	2.09170055831791e-05	0.110862969201304
AT5G09980.1	184.059701038681	355.06691213421	13.0524899431515	0.0367606484780476	-4.76569397298968	3.29216900286534e-05	0.00264425855775598	0.279789194133471
AT5G10090.1	77.9572683793885	153.76602345078	2.14851330799692	0.0139726141040817	-6.16125423329464	5.06989939430019e-06	0.000534074901963415	0.0800715426347885
AT5G10720.1	47.8361972329789	91.9815426000978	3.69085186585996	0.0401260052998506	-4.63931865241976	0.000379129604050554	0.0204812243103366	0.309998741456338
AT5G10760.1	8081.57787061704	228.491157355145	15934.6645838789	69.7386488314363	6.12388650742369	5.5135318247149e-06	0.000569849521309874	0.529480626363318
AT5G11080.2	22.2859767566842	44.0348251863691	0.53712832699923	0.0121978076380668	-6.35723432017617	0.000386603971173946	0.0208438900915024	0.186456138491423
AT5G11130.1	256.761674682009	513.523349364019	0	0	-Inf	4.01971187002834e-11	3.55148027123246e-08	0.195300951523764
AT5G11440.1	299.738532342366	598.003772550004	1.47329213472838	0.00246368367952928	-8.66496724911206	8.75424897544017e-10	3.74640820606767e-07	0.191806440340097
AT5G12920.2	102.853597489163	192.969451034692	12.7377439436342	0.0660091215233039	-3.92119079155878	0.000536181362686381	0.0273982674302561	-0.00794329749316376
AT5G13170.1	187.381073607487	361.103482521689	13.6586646932854	0.0378247935962928	-4.72452397986192	3.85394565388304e-05	0.00299024695507656	-0.0020216820599953
AT5G13520.1	989.295479164495	1803.09344646663	175.497511862358	0.0973313458635579	-3.36095168549703	0.00112234353161235	0.0498215024105845	0.377705334577372
AT5G13990.1	423.376110950809	835.90204863152	10.8501732700979	0.0129801970073659	-6.26754390972019	1.96372482601332e-07	3.58563061731192e-05	0.0766178564454937
AT5G14000.1	152.082224766418	290.160552723877	14.0038968089587	0.0482625797252497	-4.37295115740889	0.000117211154770711	0.00771015507024903	-0.000326181777041066
AT5G14670.1	168.816850907838	330.1981947189	7.43550709677658	0.0225183154108595	-5.4727572859491	4.97137470372963e-06	0.000525718076295177	0.0958838810026061
AT5G15380.1	25.649285261931	51.2985705238619	0	0	-Inf	4.27899654388821e-05	0.00325548434279317	0.16265225106226
AT5G16690.1	171.751990555377	320.813667397773	22.6903137129817	0.0707273910648208	-3.82158714446569	0.000564345296400433	0.0286238024502064	0.0334968944249642
AT5G16850.1	28.7226115554288	56.0409773992639	1.40424571159373	0.0250574807357335	-5.31861481552854	0.000610039735167136	0.0305551524980212	-0.0206300013933026
AT5G17200.1	53.6771734876994	107.354346975399	0	0	-Inf	5.08619610307608e-07	7.87038559701417e-05	0.292433479108146
AT5G17340.1.DE	431.278990057035	862.55798011407	0	0	-Inf	2.39476907524612e-12	3.74416981158639e-09	0.0353519560042176
AT5G17480.1	334.675381087962	669.350762175923	0	0	-Inf	2.74793410860856e-11	2.50877224335599e-08	0.428668016341457
AT5G17800.1	144.249951402892	274.895041477555	13.6048613282287	0.0494911121535801	-4.33668672727426	0.000116205259702831	0.00766926712771287	0.354608440093902
AT5G19240.1	2606.57765697934	406.191397380447	4806.96391657823	11.834233682886	3.56489438332624	0.000470604348964126	0.0247872740649586	0.136824261494257
AT5G19360.1	123.954569967529	246.366801377196	1.54233855786304	0.00626033438450851	-7.3195445664837	1.70152195833768e-07	3.17027108278304e-05	0.25290915608307
AT5G19473.1	150.742048951243	298.069431729166	3.41466617332135	0.0114559421726412	-6.44776007448435	5.93231172841924e-07	8.78270734754998e-05	0.00233030385401362
AT5G20100.1	43.6598099098333	85.9153741080729	1.40424571159373	0.0163445218759955	-5.93504901500783	5.92475231791649e-05	0.00430432470120463	0.151468909089486
AT5G20240.1	5004.08268596812	9976.13673739487	32.0286345413725	0.00321052481381048	-8.28297513547828	6.31140494516293e-11	4.80175194564076e-08	0.0568606205533988
AT5G20810.2	364.477589228957	704.538704166565	24.416474291348	0.0346559729748722	-4.85075216674565	1.11065378770627e-05	0.00103117615564363	0.155349550678172
AT5G20940.1	238.666491613752	448.112840109319	29.2201431181851	0.0652071096892843	-3.93882691620375	0.000284807181297055	0.0160176260545073	0.0990703691228757
AT5G22500.1	1578.40164321607	3101.08629681418	55.7169896179627	0.0179669265170731	-5.79851255209054	5.2007471523784e-07	7.95772423220626e-05	0.0359225062879871
AT5G22940.1	867.386156443326	1655.77407786365	78.9982350230002	0.0477107572096593	-4.38954160649272	5.13057204947569e-05	0.00381851189845352	0.135554872102257
AT5G23010.1.DE	6034.05918177009	261.887989102061	11806.2303744381	45.0812212309479	5.49445469291675	7.98539156725123e-07	0.000111021263774337	0.0899118877764566
AT5G23350.1	134.147135310271	252.970417581203	15.3238530393397	0.0605756719930339	-4.04511768554771	0.000363600749255961	0.0199973110870914	0.0219113014464547
AT5G23970.1	640.167792393014	1277.92612884357	2.40945594245754	0.00188544227093778	-9.05088130639508	6.28888871972579e-11	4.80175194564076e-08	0.0132582695495329
AT5G24100.1	23.7582814153629	47.5165628307257	0	0	-Inf	7.50007751360874e-05	0.00528071010334781	0.197476423734238
AT5G24160.1	409.448581688016	63.4642053755259	755.432958000506	11.9032918403455	3.5732886990928	0.000568456259809774	0.0287790175599444	0.188017904367316
AT5G24240.1	396.549507906892	761.814648868814	31.2843669449693	0.0410655885804009	-4.60592621384823	2.99299017645571e-05	0.00242529609298655	-0.000181230043540567
AT5G24330.1	116.640127862224	230.333671454991	2.94658426945677	0.0127926770360735	-6.28853799103314	5.0753311775087e-05	0.00378769061637018	0.623096980730672
AT5G24580.1	717.695503516241	1349.44058987465	85.9504171578343	0.0636933687950045	-3.97271301045723	0.000228347586818654	0.0133637009730259	0.123978982655575
AT5G24770.1	16241.0934678248	31797.8682459047	684.318689744799	0.0215208983335835	-5.53811788909412	1.03208049104003e-06	0.000140635087408435	0.0945122135470266
AT5G24910.1	98.8215617360589	195.164621106526	2.47850236559219	0.0126995474463549	-6.29907910289796	2.61044128308068e-06	0.000312913215909902	0.423305769719384
AT5G25120.1	1000.1621320737	138.674990308918	1861.64927383849	13.4245495145982	3.74680177162993	0.00105349860146269	0.0476930135462175	0.47696323020687
AT5G25290.1	34.3458737407771	68.1546191545551	0.53712832699923	0.00788102602086555	-6.98740082010031	3.7084018992359e-05	0.00289371565863738	0.040127898571727
AT5G25950.1	62.5853973941788	125.170794788358	0	0	-Inf	2.24519759999979e-07	3.96733658492866e-05	0.0112563609493849
AT5G26060.1	255.973914255141	510.942618279419	1.00521023086381	0.00196736423015331	-8.98952020737563	7.99339352960119e-10	3.58903369479094e-07	0.309048114724886
AT5G26670.1	860.057732061067	1612.27280421278	107.842659909356	0.0668885933122293	-3.90209598451298	0.000391049849623856	0.0210421696097206	0.428236848117442
AT5G27450.1	703.049489219247	1282.89481050639	123.204167932107	0.0960360638480373	-3.38027991556175	0.00108613560972382	0.0486876730191912	0.00208091088702427
AT5G27550.1	489.422102061416	906.622403404985	72.2218007178468	0.0796602868477602	-3.64999551508021	0.000494423726220169	0.0257448126187152	0.00179733387303874
AT5G27980.1	171.208471719002	339.731301803008	2.68564163499615	0.00790519337118193	-6.98298353147336	1.03919164606455e-07	2.20426045130375e-05	0.0375312323299761
AT5G28650.1	43.6721923288617	83.3235437342681	4.02084092345523	0.0482557599359711	-4.37315503319505	0.000719615113920791	0.034578137465222	0.469289451248021
AT5G28690.1	274.578345772242	542.189266351573	6.967425192912	0.0128505406235654	-6.28202713475011	2.99605203391468e-07	5.09682417123536e-05	0.0390883874051367
AT5G35090.1	65.5461398469432	131.092279693886	0	0	-Inf	1.66421486332303e-07	3.14352971665894e-05	-0.00822901138716157
AT5G35917.1	30.002797999879	59.5375140958935	0.468081903864577	0.0078619658709745	-6.99089418366817	8.41000048071977e-05	0.00584623104483335	-0.0160095007949938
AT5G36150.1	151.604347659978	303.208695319956	0	0	-Inf	1.09031543715172e-09	4.59425377048438e-07	0.240083087186638
AT5G36220.1	1036.5516080529	137.885173054626	1935.21804305117	14.0349973835439	3.81095688978528	0.000225332837928477	0.0132654287931228	0.0273059201112994
AT5G36296.1	32.1102132210827	62.6780878843023	1.54233855786304	0.0246073007317972	-5.34476977799362	0.00033991045065411	0.0188087038336504	-0.0300881375275851
AT5G37000.1	212.993132061668	404.600663582658	21.3856005406786	0.0528560688737219	-4.24178706005224	0.000113084295993292	0.0074813183163292	0.00545063229325686
AT5G37010.1	565.173720277561	1088.95716793646	41.3902726186641	0.0380090914843762	-4.71751164830675	1.66694374215385e-05	0.00144939435409053	0.254069736242436
AT5G37460.1	22.6866929276325	45.373385855265	0	0	-Inf	8.98042187970868e-05	0.00613378490931025	-0.0406754892559701
AT5G37630.1	519.957208786925	952.737313181237	87.1771043926126	0.091501721604168	-3.4500573018269	0.000843508919299245	0.0395597016963819	-0.00174498642329352
AT5G37870.1	18.3836900429041	36.7673800858081	0	0	-Inf	0.000271656319136521	0.0154685965173185	0.00598602887381153
AT5G38200.1	124.683219301416	229.922212100747	19.4442265020856	0.084568717064907	-3.56373209713478	0.00107968219142592	0.0485573325795806	0.0109414292918403
AT5G38250.1	148.156670464303	0.537644125399292	295.775696803207	550.132853369398	9.10363625159784	4.27531401775891e-05	0.00325548434279317	0.890972485776782
AT5G38450.1	41.6488226963952	83.2976453927904	0	0	-Inf	2.7078743746663e-06	0.000317639688476239	0.00455469002430153
AT5G39030.1	940.475518992106	109.538417758028	1771.41262022618	16.1716104402682	4.01539145078607	0.000125472635657051	0.00810511796700703	0.323255382166404
AT5G39220.1	545.138297818043	1083.11727423185	7.15932140423797	0.00660992265063393	-7.24115089525889	8.39983469791212e-09	2.64440313265649e-06	0.241978174455061
AT5G39240.1	43.6625158306753	84.1022616993553	3.22276996199538	0.0383196586735798	-4.70577147922586	0.000374294869999801	0.0203808393527327	0.0407281943549711
AT5G39420.1	349.994621947588	679.347910950902	20.6413329442754	0.0303840382984076	-5.04054256068837	3.28314579641658e-05	0.00264425855775598	0.459105691533605
AT5G39670.1.DE	299.372058437463	28.8733001327926	569.870816742133	19.7369477725516	4.30282699583308	8.291891997877e-05	0.00577879465470364	0.010257413665292
AT5G41090.1	64.9370394977247	123.305689283267	6.56838971218207	0.0532691536810817	-4.23055582965294	0.00047932816252044	0.0251019484574997	0.0439082886701102
AT5G41310.1	34.42931482323	68.3215013194607	0.53712832699923	0.00786177581911881	-6.99092905919273	3.97008734602355e-05	0.00306300626254195	0.0411698167696825
AT5G42530.1	50391.4126301853	8522.56985793667	92260.2554024339	10.8254032457729	3.4363488611642	0.000625172058145685	0.0310406901256202	0.0148550065009259
AT5G42650.1	6495.23985610819	896.763127930619	12093.7165842858	13.4859654769631	3.7533869044821	0.000276935472421819	0.015671457963143	0.0119657191923137
AT5G42700.1	119.862639458636	239.188150590273	0.53712832699923	0.00224563100502134	-8.79866339653187	2.04762219641001e-08	5.72268615688507e-06	0.239080674176768
AT5G44265.1	182.835803853024	365.671607706048	0	0	-Inf	3.21729320096755e-10	1.60215351784182e-07	-0.00529817982372482
AT5G44568.1.DE	245.067252590038	17.575373973271	472.559131206805	26.8875718903895	4.74886757193299	0.000175046422600715	0.0107256073123288	0.518402191146982
AT5G44630.1.DE	1863.62473607327	3724.16479503081	3.08467711572608	0.000828286954390952	-10.2375817133262	3.54577390071128e-13	1.3974407305017e-09	0.265192775383602
AT5G46260.1	725.995075258331	98.9709162302886	1353.01923428637	13.6708771204879	3.77303390379935	0.000280208806962316	0.0158239979667853	0.0730018949359604
AT5G46350.1	63.9766347774668	3.76720864086328	124.18606091407	32.9650074506126	5.04286350231903	9.71634145896504e-05	0.00655470138471905	0.082637334510648
AT5G46780.1	479.143550999894	62.8671686276173	895.41993337217	14.2430453433657	3.83218574063303	0.000314231892295257	0.0175642802001527	0.0100339253972614
AT5G46970.1.DE	75.4758090263143	150.951618052629	0	0	-Inf	4.67494255167837e-07	7.31668580273822e-05	0.543744085474595
AT5G47220.1.DE	745.017239488181	100.609746947964	1389.4247320284	13.8100410166722	3.7876456993828	0.000293250677460214	0.0164250364109567	-0.000194698195597508
AT5G47530.1	194.54427867426	386.280065925332	2.80849142318746	0.0072706092571972	-7.10370802154772	8.77025548973316e-08	1.89140572919923e-05	0.00584866266552315
AT5G47635.1	270.346717702392	524.940060768559	15.7533746362256	0.0300098541025071	-5.05841988470394	8.73328458573679e-06	0.000833435301459042	0.00574612639091876
AT5G48140.1	1586.59599670308	3158.66621132828	14.5257820778799	0.00459870752591219	-7.76455583826706	7.41608032551424e-10	3.44269532263576e-07	0.0662403551770342
AT5G48310.1	424.818731105077	831.367024901357	18.2704373087965	0.0219763795791207	-5.50790245560135	1.98533825967557e-06	0.000247165589064792	0.0230494511831348
AT5G48543.1	177.898668382996	355.797336765992	0	0	-Inf	4.84943345203238e-10	2.33019531259149e-07	0.4275592037825
AT5G48650.1	455.930738844823	908.446811516325	3.41466617332135	0.00375879592512609	-8.05551369484667	1.35681798311028e-09	5.63058905142536e-07	0.0616964148676256
AT5G49070.1	324.939027677406	637.815532584447	12.0625227703657	0.0189122436725365	-5.72453566079558	1.1048056847694e-06	0.000148330994608574	-0.00305765865603416
AT5G49270.1	114.685556252517	227.897820370305	1.47329213472838	0.00646470480645437	-7.27319978995331	2.67485682585374e-07	4.63681351919672e-05	0.257823210291959
AT5G50080.1	53.929346616592	107.858693233184	0	0	-Inf	5.79432124835954e-07	8.62503612344128e-05	0.105991324926614
AT5G50750.1	32.3676403408037	62.3258247391498	2.40945594245754	0.0386590302261022	-4.69305074222923	0.000985456384435878	0.0450595407567851	0.0409008296933461
AT5G50790.1	2021.48277667353	4039.01375884674	3.95179450032058	0.000978405803066373	-9.99727941882576	7.24397013804787e-13	1.80037179479442e-09	0.00102427586796255
AT5G51480.1	144.008121122498	285.399647033134	2.6165952118615	0.00916817956525966	-6.76914898409119	2.7619057163416e-07	4.75759972735095e-05	0.021655988234324
AT5G52160.1	2279.51779723579	4553.94049689413	5.09509757745369	0.00111883270783372	-9.80378994952891	1.95732862006374e-12	3.35057959843287e-09	0.405154289627551
AT5G52220.1	45.3422157996816	88.3440220800403	2.34040951932289	0.026491996449997	-5.2382996197562	0.00015975816021574	0.00994458238670208	0.395518424108244
AT5G52750.1	561.849813015706	55.0472803493841	1068.65234568203	19.4133541003173	4.2789774929931	6.5998047124065e-05	0.00475689608600267	0.0824227284377218
AT5G52900.1	972.83886518711	147.266000612684	1798.41172976154	12.211995452307	3.61022705229155	0.000508820574297411	0.0262449843868772	0.113688983663674
AT5G53370.1	5147.96858141833	653.607785080381	9642.32937775627	14.7524702089808	3.88288463986119	0.000144247121552961	0.00910318988989415	0.269213190593805
AT5G54610.1	2316.56194974476	265.258537440953	4367.86536204856	16.4664459217297	4.0414572957073	9.81933176519849e-05	0.0065917077871819	0.00166520054445979
AT5G54970.1	374.566805772089	697.667919367975	51.4656921762028	0.0737681793120517	-3.76085756113989	0.000398798254700915	0.0213333699179753	0.270228013707935
AT5G55330.1	79.3711610590476	157.737111887231	1.00521023086381	0.00637269326689871	-7.29388106263379	8.22952478589273e-07	0.000113837603212533	0.017024687086824
AT5G55460.1	433.756708073	74.6805403341288	792.832875811871	10.6163248453299	3.40821251592064	0.000984964227123615	0.0450595407567851	0.174943013359247
AT5G57200.1	91.9731246758978	183.010085544066	0.936163807729155	0.00511536730309729	-7.6109464499052	3.59024391906999e-07	5.8882150119406e-05	-0.0061189481368695
AT5G57690.1	172.066183703347	342.260039791236	1.87232761545831	0.00547048266750729	-7.51411615524596	5.02094669229134e-08	1.21697972526697e-05	-0.00271002169172423
AT5G58120.1	964.54089875065	93.8799459728024	1835.2018515285	19.5483905802435	4.28897793017038	5.70654721703395e-05	0.00417905405688083	0.00293321679450862
AT5G58400.1	64.3484647947666	128.696929589533	0	0	-Inf	1.6792610550694e-07	3.1502247285819e-05	0.230605557475885
AT5G58782.1	21.9673675850546	43.9347351701093	0	0	-Inf	0.000110989789541944	0.00736053110354552	-0.00423316762210269
AT5G59220.1	1148.31837459436	2157.11876104449	139.517988144233	0.0646779355239009	-3.95058256008133	0.000224057642250552	0.0132256783698284	0.396462759675457
AT5G59230.1	26.066857312576	51.6656327212874	0.468081903864577	0.00905983105616197	-6.78630013689718	0.000906185671216932	0.0422100669200009	0.789335836877347
AT5G59540.1	2020.97183242071	53.4380477362544	3988.50561710516	74.6379365651715	6.22183719698883	8.74333919577144e-08	1.89140572919923e-05	0.0156844162697843
AT5G59580.1	85.0145976581505	158.971882776799	11.0573125395019	0.0695551461450994	-3.84569893103369	0.000882914284811274	0.0411961488018671	0.0251286097175227
AT5G60250.1	172.984897090303	329.019313102191	16.9504810784154	0.0515181948396772	-4.2787741464284	0.000149982136130145	0.00944335799188173	0.300452772521719
AT5G60260.1	21.5205640682446	43.0411281364893	0	0	-Inf	0.000120815511226938	0.00790473853114398	-0.0462679865951706
AT5G60330.1	40.0603526719201	78.1102848821126	2.01042046172761	0.0257382297960099	-5.27994335736373	0.000188411654887078	0.0114421437155259	0.0727937139425437
AT5G60930.1	838.856897746844	1632.35648531663	45.3573101770626	0.0277863999592373	-5.16947726050418	9.78333531140671e-05	0.00658367987331986	0.543853497371382
AT5G61110.1	44.754150528947	89.5083010578941	0	0	-Inf	1.53935711826476e-06	0.000198874774113932	0.345543780235844
AT5G61160.1.DE	53.5606600183431	0.537644125399292	106.583675911287	198.242054318236	7.63111923262503	2.72515151329745e-05	0.00224816791559349	0.632128388382333
AT5G61690.1	118.947556590896	237.427031277928	0.468081903864577	0.00197147688426702	-8.98650748983839	2.45832286849087e-08	6.60107892598983e-06	0.0319085421987107
AT5G61720.1	5107.88209181692	10196.8570854588	18.9070981750864	0.00185420841114355	-9.07498087412641	4.23540527153017e-12	5.27288704463363e-09	0.00857845412821714
AT5G62080.1	2004.5623851585	4005.64105772055	3.483712596456	0.000869701639826521	-10.1671918252182	4.08175758297623e-13	1.3974407305017e-09	0.375547577584601
AT5G62250.1	51.0873489880079	99.627149187289	2.54754878872685	0.0255708289307537	-5.2893572605247	9.1574274052034e-05	0.0062236421637994	0.000284202848743688
AT5G62310.1	227.612671891429	449.12503597454	6.1003078083175	0.0135826491949634	-6.20209129578211	4.50940613872081e-07	7.13919796146962e-05	0.0251069031100546
AT5G62500.1	652.33846711175	1220.78357202519	83.8933621983053	0.0687209134532602	-3.86310697655606	0.000238671354718997	0.0138789166335427	0.21885227011087
AT5G63730.1	22.3385943906379	44.2091068774113	0.468081903864577	0.0105879068121085	-6.56143878743933	0.00039704855445354	0.0213230644273098	-0.0216718097970649
AT5G64060.1	102.5339121336	194.478593631562	10.5892306356373	0.054449337780067	-4.19894168697071	0.000287635998652209	0.0161435704243552	0.0266146688394183
AT5G64310.1	1047.05142352967	1958.35283139492	135.750015664415	0.0693184667686882	-3.85061644539887	0.000243293300791453	0.0140878651487888	0.000680274859088595
AT5G64770.1.DE	2219.6713795754	118.897046737677	4320.44571241313	36.337704181546	5.18339536777454	2.63370934548024e-06	0.000312913215909902	0.0990685615881896
AT5G65350.1.DE	117.12456617877	222.324702433443	11.9244299240964	0.0536352001985303	-4.22067605319623	0.000217068489729762	0.0128745046674134	0.183843084309066
AT5G65360.1	3600.51186326819	6711.05320121454	489.97052532183	0.0730094831066392	-3.77577232383189	0.000344195110800873	0.0190063707454135	0.406483601177248
AT5G65420.3	129.862034959052	246.533487128684	13.1905827894208	0.0535042234750676	-4.22420341141908	0.000206884316618526	0.0123990252688508	0.13410719329679
AT5G66750.1	553.76144493736	1075.71663766083	31.8062522138906	0.0295675004925591	-5.07984390030378	6.01668612367742e-06	0.000608084930780077	0.0141862543144222
AT5G66830.1	36.5907327148318	72.1072087756652	1.07425665399846	0.0148980479516356	-6.06873287888506	7.01079373043458e-05	0.004987496869685	0.255273235305211
