logFC	logCPM	pvalue	padj	dispersion
AT1G01420.1	4.54179294616221	3.61441097975774	2.11943029754199e-06	0.000229174919564649	0.310283299957777
AT1G02040.1	-9.33950533327561	2.49109118719749	8.63782518271037e-09	1.71235495306817e-06	0.474918937102892
AT1G02520.1	-5.7434305132033	3.65472268090191	7.70229748445226e-09	1.53804198746103e-06	0.295874932911597
AT1G03050.1	-7.36458933171723	4.7899715462771	5.31204025440202e-14	3.15916272260165e-11	0.24684762166871
AT1G04350.1	2.72807363974388	6.73983064916059	0.000366438041441744	0.018368201314659	0.240422888036007
AT1G04700.1	-3.9952056788726	3.52068544187606	2.04055466194798e-05	0.00159870003503459	0.313964564141155
AT1G05490.1	-6.24026430893868	4.05290538210174	6.03962686389964e-11	1.94383614253767e-08	0.260086500740493
AT1G05950.1	-3.58165787829814	3.43311533907867	9.52228698761353e-05	0.00586714425946269	0.313601409514015
AT1G06645.1	2.48063377619777	4.29400776571438	0.00110980754688746	0.0444524232213765	0.240173786154022
AT1G06920.1	-6.55578531588405	-0.189171973102965	0.000915311210815905	0.0382795271759142	0.830561947119104
AT1G06970.1	-6.81697778619862	0.875478286395271	0.000232919410274943	0.0124452662243977	0.790461758443926
AT1G07000.1	2.60038941597134	4.38152863043003	0.00103253856874049	0.0420344607515382	0.257750408705968
AT1G07180.1	2.6565234186124	6.90479717720665	0.000821453759282987	0.0353897803034719	0.259588812107397
AT1G07645.1	-8.34083802294115	1.50658942850012	3.38797337721632e-06	0.000335626149526528	0.620690141977537
AT1G08065.1	-11.8278328011666	2.65314932587238	6.03888378812218e-10	1.58851676722748e-07	0.460106586308024
AT1G08695.1	-8.27508548362426	-0.773049302783972	0.00111980691086967	0.0447873650009671	0.895947627984495
AT1G08930.1.DE	4.86370801606956	6.31574223852043	3.94644210094644e-08	6.38833234056756e-06	0.263573116544576
AT1G09380.1.DE	-9.93625816653289	3.09401119807612	3.7609926037428e-11	1.27024042790854e-08	0.390304020441541
AT1G09470.1	-4.64543931131396	3.14947414360844	6.45372794346277e-06	0.000576975932514089	0.352153319778531
AT1G09600.1	-5.17246940688162	2.43994924898666	4.87425068700786e-05	0.00335881299860136	0.496288148012581
AT1G09740.1	3.23207598757972	2.94289242413869	0.00120647527323835	0.0474899914388223	0.377901805918506
AT1G10770.1	-7.45539676830331	5.38274960188561	5.93893436396306e-15	4.77857139396875e-12	0.236323074756092
AT1G11040.1	-9.04319531678703	-0.0608455319139127	0.000191122462480373	0.0106923051248989	0.812390338933228
AT1G11850.2	-3.33123291298317	5.90925164057625	0.000447550455167064	0.0219027509874873	0.346250223472632
AT1G12000.1.DE	-2.65716824826211	6.26591998635919	0.000575659142348782	0.0265570103831967	0.245455904325308
AT1G12070.1	-8.4616985823031	2.4704725345833	2.0482567302388e-08	3.66236335746032e-06	0.464588419921179
AT1G12220.1	2.88682973070691	4.11786238664322	0.000471583718688751	0.0227934907988837	0.272222974581973
AT1G13130.1	-5.74178397250416	3.05795951119998	1.5355396275837e-06	0.000170763242243119	0.418400978423437
AT1G13140.1	-7.41631118714985	6.13564536504429	5.00742954341126e-15	4.15115909148793e-12	0.236461577680256
AT1G13710.1	-8.6208407802338	3.54672242270871	5.5507113637339e-12	2.13874381376998e-09	0.332894155111254
AT1G13790.1	-3.96247364516353	3.35584333810129	3.00414186501549e-05	0.00224547292353084	0.322484641320135
AT1G14440.1	-3.95271677748459	4.50498025901204	1.041863715627e-06	0.000120262724339274	0.238377768791847
AT1G14880.1	8.89026848320662	6.43375235282937	2.07643406222469e-17	3.34147097884005e-14	0.252309122135614
AT1G15125.1.DE	8.43951642011904	7.59483341950998	4.98711896155907e-11	1.64376642688399e-08	0.396928157516899
AT1G15380.1	-4.66718689508942	2.10799411048914	0.000415422263828786	0.0205139113205128	0.562741946824032
AT1G15415.1	-7.65606877663181	4.23277310142844	4.37715469929007e-12	1.71065458726398e-09	0.301855080423055
AT1G15460.1	-10.7411204367791	5.26276117320544	2.40454928059313e-19	6.57812546691864e-16	0.256479563080787
AT1G15570.1	-5.26572437113565	3.81426326188328	1.33542723594181e-06	0.000150963978899422	0.374217232537136
AT1G16520.1	-3.22374484632715	4.37068036761734	7.34894784128036e-05	0.00476410346194092	0.25727829696942
AT1G16630.1.DE	-5.8121324970396	3.82929639596089	1.42401944803227e-08	2.61455704965227e-06	0.311969929548959
AT1G18120.1	-5.35508189715959	2.22633155162085	0.000156061373881937	0.00893173850478694	0.595009693344262
AT1G18960.1	-9.60399009049523	3.60307641080622	6.38981665781032e-13	2.8656756443888e-10	0.33401897304599
AT1G19500.1	-7.57531690285493	2.12681721660541	3.88753354252236e-07	4.99301667243119e-05	0.502685309272005
AT1G19790.1	-5.24899141014986	1.50276993545207	0.000199005031229515	0.0110206085816718	0.586635140623186
AT1G19830.1	-5.41999992782391	3.02643671855093	5.62915428159963e-05	0.0037837045130644	0.544923556284653
AT1G20132.1	-9.80252082609459	2.96140111913822	1.03815819588186e-10	3.08705367008045e-08	0.401337105533215
AT1G20610.1	-5.54220873457852	3.53239260943632	4.75172436105638e-08	7.47085766352986e-06	0.3132932997381
AT1G20720.1	-4.39980406984609	2.47080767873941	0.000165477221272396	0.00943116737989364	0.455326584297813
AT1G21000.1	3.33396829447099	6.67130738514251	3.46052888001628e-05	0.0024913075939633	0.252174973691828
AT1G21540.1	-4.26748549382662	5.3945346323476	3.213386585642e-07	4.20615391499561e-05	0.247832042257886
AT1G22170.1	-3.84895321738851	4.08066322145572	2.04534492913004e-05	0.00159870003503459	0.298034407628294
AT1G22350.1.DE	4.36572234764857	3.63627039147305	5.42502321079145e-06	0.000504803945502114	0.317849091542612
AT1G22570.1	4.70215902910189	2.49423408312196	0.00017679518304091	0.0100344104200211	0.506731214334512
AT1G23070.1	-4.79665829791805	1.05856106451816	0.000880830909811259	0.0372440358573518	0.630636883776729
AT1G23130.1	4.89029994981517	9.25180365198916	2.52040437380438e-08	4.36396850975737e-06	0.259533385836399
AT1G23250.1	-8.84402098237475	2.85843053596462	1.73816868254746e-09	4.06419492721803e-07	0.429737610723462
AT1G23310.1	2.61491272435983	11.247020365613	0.000915937708073042	0.0382795271759142	0.257309075972433
AT1G23380.2	-4.59990200577823	3.27920838288978	3.91400308688126e-06	0.000379699937758193	0.333260561340568
AT1G23520.1	-12.8857942798567	3.70465908623447	1.99333586220257e-15	1.75908674781535e-12	0.309869492076203
AT1G23560.1	-7.39322841051651	4.82052335971981	1.83420981239278e-14	1.22386531311291e-11	0.239343222331621
AT1G23690.1	-11.9048072948403	2.72939447872672	1.77999544267279e-10	5.02013766239171e-08	0.435273373812639
AT1G24148.1	3.64804992371243	4.93852203052799	9.33796494982727e-06	0.000813562761568231	0.254343993456595
AT1G24400.1	-2.85845830423727	5.20437919112644	0.000181074665594208	0.0102137311889912	0.235553054812164
AT1G24625.1	3.54949540709133	2.73860569085161	0.000804129759593275	0.0347528875721852	0.413577275850078
AT1G26770.2.DE	-3.23123943540484	4.60629983564121	0.000196997706462068	0.0109537932026073	0.292525235800198
AT1G26910.1	-2.68939123640225	3.92521052998772	0.000998356232181398	0.0408862746164468	0.271303435876014
AT1G28270.1	-8.02823751795023	4.78516309254904	1.40203772015494e-15	1.27851819700929e-12	0.242328697580453
AT1G28370.1	4.66113885016305	2.29711576123853	0.000203453760180212	0.0112215413654235	0.514264034798081
AT1G28550.1	-6.33517572843334	1.85388027492021	2.04453524246562e-05	0.00159870003503459	0.580712712568832
AT1G28695.1	-7.85690969189153	2.39487611666078	6.45245109931041e-08	9.75246987424502e-06	0.465765869147419
AT1G29010.1	-9.20083803542481	0.0876338651704778	0.000131315336867959	0.0076596879972212	0.800739539336214
AT1G29140.1	-8.99065058185097	5.75524854369965	2.47433609269211e-17	3.56265328883042e-14	0.252527563572176
AT1G31540.2	2.69247425258381	6.04401216203204	0.000764094893303912	0.0333386666604707	0.262381085840495
AT1G32300.1	-9.38031812003501	0.259491409546344	8.54494191993898e-05	0.00538626673050163	0.78606636570383
AT1G33500.1	-8.34988104735691	-0.704395896572248	0.00108192434848032	0.043655168733593	0.909305327230046
AT1G33720.1.DE	3.3088660214135	3.59234174781264	0.000298567395273455	0.0152957083005541	0.31938623763286
AT1G34095.1	-3.0987953759891	3.17407528847488	0.00106306053982326	0.043020927792818	0.347067778047208
AT1G34355.1	-4.79687450974749	3.12136901355713	1.13450251455117e-05	0.000969893290330511	0.390973357689803
AT1G35780.1	-2.45208796186213	5.43408945715514	0.00106159004741593	0.043020927792818	0.23487632108752
AT1G43630.1	-7.44485157930174	1.47131529061401	5.88070396996966e-06	0.000539748779737933	0.59112736330505
AT1G45201.1	5.42432308154648	5.78941619164844	6.20247097981318e-10	1.61600951042618e-07	0.244425850201731
AT1G47520.1	-4.37662437862606	2.44206394136515	0.000325223907483874	0.0164154067103991	0.493790206247661
AT1G47610.1	-11.9916247992364	2.81552711729472	8.09993625262828e-11	2.48977478722642e-08	0.42345490515666
AT1G47880.1	8.36579212282593	-0.69247245641842	0.00109512143364574	0.0439285000883381	0.916227861448698
AT1G48470.1	-6.13485903801615	3.90524385781754	5.31979857637166e-10	1.41294883159029e-07	0.281605825160753
AT1G48940.1	-11.6358280843207	2.46283304100752	1.81544687010984e-09	4.20891356149108e-07	0.475047047884103
AT1G48953.1	-8.55709383002421	-0.514242367666635	0.000682108398372876	0.0304628382928565	0.885255105160964
AT1G49290.1.DE	-6.0651281831839	1.96656838235084	1.17043006845395e-05	0.000992063866507673	0.520481733953469
AT1G49430.1	-2.5149765327665	7.18707368858895	0.00109120755305421	0.0438357783096977	0.247261315812796
AT1G49910.1	-4.77306398809515	1.48741649640592	0.000955040848678991	0.0396527067869995	0.643890418295101
AT1G50310.1	-8.25546299847073	5.85308374774777	1.18991944154331e-16	1.38357885683473e-13	0.239925973981275
AT1G50610.1	-7.97326717159345	1.97753931104805	9.11458555162084e-07	0.000107477464196419	0.557902521990539
AT1G50810.1	-5.66226781469293	1.75766856947518	7.38482272714953e-05	0.00477604244318273	0.579579652936279
AT1G51270.3	4.56323524808845	3.75094453811742	8.85683140658276e-07	0.000105806260606937	0.291868916491956
AT1G51410.1	-9.25425296919122	2.40670165484967	1.35175224606522e-08	2.49864095916258e-06	0.481136022065411
AT1G51490.1	-8.19613781008857	-0.845227059628067	0.00123364591059302	0.0483507896505633	0.892652414229245
AT1G51790.1	5.15233754230782	2.42305784122231	2.31809732117555e-05	0.00178135360717414	0.455198041755415
AT1G51800.1.DE	3.77770573797814	3.52511340149095	3.87775499106468e-05	0.00275542190365081	0.307870060062487
AT1G51915.1	-9.38503743362484	0.264259608592438	9.14342762528974e-05	0.00569787584385083	0.795167849757631
AT1G52700.1	-4.63433057933982	1.25837156545955	0.00118014738727977	0.0467225645062413	0.634783164763018
AT1G52800.1	6.10030744827326	2.49280009849202	1.48514978184393e-05	0.00121644438867977	0.540828544127904
AT1G53140.1	-5.11455890058419	3.59354915651774	3.02113478815668e-07	3.99271422220302e-05	0.317407469092057
AT1G53520.1	-3.90370254517043	4.20912148032201	0.000123487602681301	0.0072733019061434	0.373439548583621
AT1G54070.1	-6.93395680205759	2.42549374418257	2.87877711959186e-07	3.82304396411041e-05	0.455406805093441
AT1G54840.1	-5.37550568004429	1.85479524738257	8.56864243207399e-05	0.00538878967848846	0.549123385651305
AT1G54930.1	-6.73099610711433	-0.0439343103078757	0.000622093648288052	0.028321226696285	0.809961299667574
AT1G55450.2	3.53869541120231	5.50975001631046	1.63945432018256e-05	0.00131983782676195	0.25659377014665
AT1G55570.1	-10.4993582086844	6.6808093037691	8.45201566144729e-21	5.78054481125534e-17	0.249519004347997
AT1G56360.1	-8.84160783090887	3.75944039957303	9.76179891731643e-14	5.45007210165359e-11	0.293297281594991
AT1G56430.1	5.81176011175158	2.82854876271895	1.09943394621159e-06	0.000125846085633935	0.40970773846114
AT1G58602.1	3.30523949315263	8.17444001807709	5.44791812628266e-05	0.00371667571522979	0.261560138561632
AT1G59590.1	3.87606989820436	2.08135974287699	0.0011949381468085	0.0471036352770031	0.496084930925142
AT1G59780.1	-6.09148217791034	0.171171636171862	0.000602757263446945	0.0276208215345361	0.750448303524095
AT1G60190.1	3.00915361210611	5.28374596750749	0.000426687337152911	0.0209567064317634	0.289708810364647
AT1G60340.1	-8.55954638113834	-0.512067862094995	0.000674277557163154	0.0302396903792007	0.883372568925305
AT1G60740.1	-6.8294816918182	4.32345832494623	6.83469887545661e-13	3.01575576025591e-10	0.243721189996115
AT1G61050.1	-6.31142144154278	0.365736444293358	0.000607765572789187	0.0278037504595214	0.795972328417852
AT1G61110.1	-10.2580547797549	5.93375454247747	9.98969874961701e-20	3.03653542992525e-16	0.251019967806508
AT1G61450.1	-7.74650947177853	1.76652893286677	1.50287185136272e-06	0.000168500267367745	0.556598957718348
AT1G61860.1	-4.9481477258241	2.99612930881964	5.29328361601603e-06	0.000494737194940087	0.377836401875932
AT1G62180.1.DE	3.11422546505203	8.58568451150796	0.000111204429657813	0.00662792937287318	0.257580446689886
AT1G62305.1	-2.83093528592529	4.14510333331747	0.000306438330528005	0.0156112353971222	0.247553518612419
AT1G62940.1	-11.4273870063905	6.64545321290385	3.198356145642e-21	4.3748714538164e-17	0.263180966717268
AT1G63180.1	-3.76096986211242	4.50122793422543	4.83909675125719e-06	0.000461265400084122	0.2512825627992
AT1G63190.1	-8.49256362950427	-0.574139301667879	0.000740622139900679	0.032457389891237	0.883107420116548
AT1G63650.1	-5.25706319044378	3.21269757893461	8.98274631597808e-07	0.000106381381370655	0.356233307635572
AT1G64450.1.DE	-3.04089963063439	3.57132737698473	0.000560715792857181	0.026176624479853	0.304628338515818
AT1G64680.1	2.58553659396056	6.55228083315125	0.000740816485404998	0.032457389891237	0.243467132327616
AT1G65140.1	-7.44932939313658	0.640110190050247	8.64577030607336e-05	0.00540005338500568	0.728959166245699
AT1G65190.1	3.56804765340416	6.17864846294989	6.01377920398586e-06	0.000544764760541196	0.236763230517739
AT1G65370.1	-2.8691693829257	6.19192334598205	0.000209306106169333	0.0114291160608272	0.242596433798135
AT1G65470.1	-2.85933530475085	3.78255075251102	0.000898077659434334	0.0378562565934439	0.295974743311668
AT1G65845.1	5.55490890857828	2.33633381145463	1.07115093128993e-05	0.000921492956833287	0.465770497682137
AT1G65875.1	-9.76655357384321	0.628889879588968	5.51455216022255e-05	0.00373809377088314	0.809884055816052
AT1G66235.1	-9.8317412755716	0.69335962193427	1.99751794651547e-05	0.00157481551766063	0.724288251993379
AT1G66350.1	-3.12185795502459	6.51155116676776	6.63958630833674e-05	0.00437684729246188	0.242946066201397
AT1G66920.2	6.08880300527472	4.17312345247317	6.27529374583913e-11	1.98970006887876e-08	0.251639952943589
AT1G67110.1	-7.21234212822017	0.41250998017348	0.000180860462079179	0.0102137311889912	0.760596517199518
AT1G67481.1	-7.58746248645086	0.773297634491355	5.68059002469375e-05	0.00379960638888868	0.714135302000397
AT1G67540.2	-10.2622689199815	1.11144211215695	4.30956285474563e-06	0.000415129264145338	0.671295601659223
AT1G67630.1	-4.17625093750093	3.56529720595594	1.28543725313726e-05	0.00107870266668945	0.320903509266145
AT1G67830.1	-3.21794869213859	4.994163850768	0.000135547593453186	0.00787298410636687	0.277281340602565
AT1G67865.1	3.03128994847694	7.65091907065242	0.000140154392884898	0.00810613895592424	0.25321313058681
AT1G68120.1	-5.29259940387711	0.822731666566145	0.000850398042587199	0.0362372885530498	0.70569905565025
AT1G68170.1	-7.59000447936808	0.775592067202066	5.32716559265921e-05	0.00366169017885372	0.708400394699045
AT1G68640.1	-5.66895953472179	2.17246845677484	6.30847287050904e-05	0.00418885660967271	0.580504650339284
AT1G69600.1	-9.38885765549908	2.5520785745769	4.7986152684156e-09	1.00210471677897e-06	0.462794352916826
AT1G69720.1.DE	3.2458423743588	4.21419638386126	5.50990582490269e-05	0.00373809377088314	0.251019152491311
AT1G69940.1.DE	-9.96341987077497	7.6608356328745	4.8160634382571e-20	2.19588412467333e-16	0.251828744494605
AT1G70710.1	-4.68885441045402	6.88382411532539	1.83437582172955e-07	2.57348817205411e-05	0.276269644744736
AT1G70890.1	4.4437780206741	4.37241615428964	8.46834417670342e-08	1.24552952495739e-05	0.238264834003966
AT1G72230.1	-3.69518536995636	4.55232024559349	0.000199992997822935	0.0110529463463475	0.364732223577537
AT1G72890.2	2.81377560609531	3.75187596962202	0.000867676872844176	0.0368587518795002	0.285847675398284
AT1G72960.1	-6.00886665331733	3.04664621547629	1.52235914031592e-07	2.14676180420735e-05	0.373701609787916
AT1G73600.2	4.70899799885862	6.83294131578925	1.44824668942569e-07	2.06352524388639e-05	0.273662672141791
AT1G74130.1	-10.3029453794025	3.45789863045006	5.26025233857863e-13	2.39841205377493e-10	0.342246149445911
AT1G74420.2	-4.3037205621405	2.35771785099936	0.000211421681797761	0.0114759185494868	0.456571269690532
AT1G75040.1	4.46246036833898	6.66805343959976	2.13091937191713e-07	2.97426332946617e-05	0.25888045657613
AT1G75430.1	-6.11638092987508	0.711414496433367	0.000258999478707633	0.0135477031338522	0.700169037947347
AT1G75940.1	-10.0264230124024	9.22661397759537	1.77579196997695e-20	9.71606818453191e-17	0.251692065199059
AT1G76310.1	-5.90383290636419	3.27906507040248	3.0891351848038e-07	4.06295534859027e-05	0.385682919161628
AT1G76540.1	-5.12601124915293	4.54856298020525	3.69305725845684e-08	6.04975852811999e-06	0.280870508927826
AT1G76955.1	3.73288111431218	3.78982841328439	2.19086975850145e-05	0.00169309672269277	0.284951275065706
AT1G77270.1	-3.5038515592046	5.13263311079124	5.95831650550439e-06	0.000542877688533757	0.22889410611286
AT1G77520.1	-5.67172797655623	3.94338983008678	2.26907942994682e-08	4.00485199774549e-06	0.310771589284095
AT1G78770.1	-3.37272273655751	3.08698634320726	0.000586619662562027	0.0269956288580271	0.361968861407716
AT1G78980.1	-7.9628883420095	1.1527189717131	1.40430237320804e-05	0.00116064954754841	0.663259100523868
AT1G79800.1	-5.84250230143197	1.75612229409314	3.15675316064006e-05	0.00234036033104689	0.545274431056357
AT1G79860.1	-7.74600180625391	1.75225600435983	1.5972175460097e-05	0.00130044882161272	0.697192703701276
AT1G80130.1	5.07799245653269	8.0372865621426	3.68632090532875e-08	6.04975852811999e-06	0.280938599223388
AT1G80370.1	-5.65281128888708	2.69611080532474	2.26799214359629e-06	0.000242365082313921	0.419565891457311
AT2G01210.1	-3.73742021271039	2.75490842450807	0.00052505999800158	0.0249376152175854	0.417411421366947
AT2G01610.1	-4.76585556777731	4.53381624689272	1.62018611867126e-08	2.91601524003222e-06	0.239177198063507
AT2G02950.1	4.15882646868344	3.12577181306063	4.00220134199861e-05	0.00282318236939167	0.356557099535517
AT2G03090.1	-6.67167530797936	5.50530095983769	1.01345348520565e-12	4.40080111028112e-10	0.245595767599527
AT2G03250.1	-5.42927668098891	0.418241539175484	0.0010835477581085	0.0436562827961331	0.738549331014425
AT2G04070.1	10.3759963937732	1.22204980825152	2.99216835593725e-06	0.000303542158067399	0.662388360486893
AT2G04115.1	-13.7250875336325	4.54133925621708	2.94448781230829e-19	7.32294118921071e-16	0.266251157822601
AT2G04570.1	-3.48151240923117	7.76895453067499	1.41399797957777e-05	0.0011651428532322	0.247186868106946
AT2G04675.1	-9.09384049877899	-0.0126656268376417	0.000182916522674516	0.0102963936436352	0.818134259465092
AT2G05410.1	-8.25483263704312	-0.79135264432064	0.00116169684005364	0.0461926460077724	0.897508263630002
AT2G05850.1	-6.20913227216736	1.70297618683457	4.0770743590261e-05	0.00285991085230454	0.602738035802837
AT2G10970.1	-10.356186921952	1.20318938999828	3.03424472599781e-06	0.000306301966675727	0.660917500761872
AT2G11570.1	-9.27276265240359	0.156161748012982	0.0001096105025694	0.00656151973477257	0.793064700622858
AT2G12505.1	9.02654332209841	-0.07779379697364	0.000259825789120314	0.0135649887651993	0.850053824510913
AT2G15050.1	2.47278899255149	5.5357257955245	0.00096642139285956	0.0398769080610241	0.234706471521171
AT2G16210.1	-9.33579966439503	3.32786797403112	9.94433316188586e-12	3.62729496412949e-09	0.358875581032125
AT2G17280.1	-2.56830950283966	5.03117593393246	0.000613261783571386	0.0280083516079506	0.232588448962315
AT2G17620.1	-7.32634545929765	1.86260430818977	5.73166890957013e-06	0.000527950391781516	0.599570117155227
AT2G17940.1	-5.49563083922795	0.490837289472173	0.000733734742217248	0.0323233193926526	0.707619705988008
AT2G18130.1	-11.0211190133237	1.85557156663828	1.10605295440619e-07	1.59303417013745e-05	0.563341782451388
AT2G18150.1	-9.42722106678894	0.303884710572666	6.98596179336388e-05	0.00458309248875433	0.774041271459287
AT2G18340.1	-7.23964131958701	1.79780460947186	2.67750786423916e-06	0.000279334103101732	0.550174192713313
AT2G18420.1	-5.52417439510415	2.47487825831445	7.06769477968116e-05	0.00461458057488634	0.567457031379141
AT2G18470.1	-8.07373983816464	3.94596861183179	3.67659474618573e-13	1.79608218698934e-10	0.285310783835188
AT2G18500.1	-5.18429808488302	0.487918812218581	0.00114765974015925	0.0457675328156511	0.708399795227134
AT2G19000.1	-7.07892894965413	4.32624243703765	2.89296932535115e-13	1.43896294242966e-10	0.246920943032408
AT2G19130.1	3.42740521347034	5.11769586099846	7.81847840237308e-05	0.00499743256200281	0.287826059750077
AT2G20515.1	-3.28894043016279	3.1610312312456	0.000986835488423048	0.0404758317262229	0.377461339391656
AT2G21050.1.DE	-2.64029996895621	4.58620308335692	0.00122087670750645	0.0479189728655006	0.272518170270631
AT2G21220.1	-4.46367132837928	3.05110552287774	3.72257757170025e-05	0.00265204569346364	0.393650019606066
AT2G21720.1	-10.2971995387847	1.14524894857867	3.52864965788067e-06	0.000345997378819503	0.662902509805543
AT2G21790.1	-3.51415417875463	5.90831944819173	1.24873361384208e-05	0.00105437053931721	0.247224505755897
AT2G22610.1	-5.34130375834176	4.26582100780121	2.0681913986352e-09	4.71495934103861e-07	0.25055774705083
AT2G23170.1	-3.53208889736123	4.42090904580797	3.44550206223038e-05	0.00248703429858672	0.274838436521957
AT2G23510.1	-9.83448816716276	2.98234192788095	7.33712778567148e-11	2.28092960037062e-08	0.395673500249264
AT2G23910.1	-5.81222395855052	2.41182019764439	5.53059857116001e-06	0.000512883339360083	0.468847034668652
AT2G24165.1	6.22892526922437	0.288663707795986	0.000665032688947177	0.0298740546330508	0.791103902272194
AT2G24490.1	-3.83335525908426	3.9981080989105	1.62830803493803e-05	0.00131791783762721	0.288731696013376
AT2G24700.1	-7.01424446060908	3.06828243443743	7.12543920600396e-09	1.4333135320489e-06	0.373247898703949
AT2G24800.1	-10.0066358913211	0.862783401965412	1.15642609366041e-05	0.000985556032531708	0.706491370467503
AT2G25060.1	-5.85358328789449	5.1516753844334	2.30653819461592e-10	6.43877197858242e-08	0.258848369259577
AT2G25450.1	2.93955775818813	6.54846600211315	0.000386569402846985	0.019227962097609	0.275358275873997
AT2G25880.1	-5.58806051691722	3.73235912850351	2.76270487002597e-08	4.72370732058127e-06	0.307578017392963
AT2G26010.1.Hnull	-5.27932699312657	5.1084254121875	0.000624090318232836	0.0283608618536473	0.735355043840765
AT2G26410.1	-7.20872398719137	3.40107421002473	4.69166146922995e-10	1.25833120405611e-07	0.336434236296856
AT2G26960.1	-5.97576050187477	0.588696296658088	0.00067761758345024	0.0303397450580167	0.784236354361728
AT2G27120.1	-7.93905872152281	1.95531212514398	5.62728708656337e-07	6.94773754622495e-05	0.533320738072225
AT2G27660.1	4.32216786710528	2.42247237644452	0.000307717584960918	0.0156472676055313	0.479168462565133
AT2G28140.1	-4.82253043700313	2.17971811198173	9.58307881822357e-05	0.0058817617423541	0.483943482942217
AT2G28315.1	-3.91837336706119	3.33741390439239	7.48073456668993e-05	0.00481530483625733	0.352025645528829
AT2G28355.1	-12.8174571133157	3.63661513810852	9.60149252707995e-15	6.91231660692963e-12	0.32480005979087
AT2G28610.1	-9.17160692706885	0.060802732620824	0.000146222743723822	0.00842391143267963	0.807549773850549
AT2G28620.1	-5.63898877939866	5.0217867282401	7.98459628300334e-10	2.01247628590574e-07	0.259826350264223
AT2G28680.1	-9.53006656369366	4.75144416483338	3.70996999603485e-18	7.80720378319425e-15	0.241908954086475
AT2G29550.1.DE	-3.42255551189678	7.26014376018766	9.58901099203103e-05	0.0058817617423541	0.295854889919094
AT2G30432.1	-4.71785325955816	3.5065655628418	2.08158424988712e-06	0.000225975794937151	0.327915052597844
AT2G31270.1	-4.32842694809485	4.22033671355558	3.68893896616385e-06	0.000360422511776231	0.304908478710943
AT2G31432.1	-10.4329462206614	1.27803412460037	2.04862839570333e-06	0.000223284171399426	0.646134771785084
AT2G31880.1.DE	3.46446555311666	7.05555352144643	3.09378456053009e-05	0.00230617613685072	0.265540814439473
AT2G32280.1	-4.20492954355763	1.90177344871766	0.000775091273920258	0.0336574158422802	0.527989568890767
AT2G32290.1	3.13325213610593	5.2914033346821	6.90095530094222e-05	0.00453820755211241	0.244517098264426
AT2G32870.1	8.0063773131552	6.23847690820888	3.33454543747389e-10	9.11739890357283e-08	0.400801550367012
AT2G33010.1	-7.46451978657607	0.671009946640015	7.60282110359575e-05	0.00487096901477913	0.722537796122884
AT2G33100.1.DE	-5.07956635718875	2.91495969136008	2.57856250873801e-05	0.00197043951261301	0.458163428545791
AT2G33160.1	-9.69575707052264	0.562203550589591	3.29698673381869e-05	0.00240912030024466	0.747064338434732
AT2G33190.1.DE	-8.97600792182952	-0.124160243656866	0.000226920015788822	0.0121484361486004	0.819978623242565
AT2G33400.1	-4.13612037783765	3.248786543606	4.69776101575843e-05	0.00324536990171978	0.3609118372046
AT2G33560.2	-5.34262116910678	3.11820705062748	1.12856378987706e-06	0.000128642164998612	0.370384916118246
AT2G33775.1	-6.51411800640045	3.81905362307799	7.52710677192858e-10	1.92447719588458e-07	0.308373705422657
AT2G34270.1	-8.28623874550929	-0.762622514466751	0.00113140175816027	0.0451850480262635	0.902824258702118
AT2G34430.1	4.54380256924489	7.73569413073177	0.000205574356964682	0.0113156895039896	0.508094223430097
AT2G34700.1	-9.8040861605863	0.666671229286093	2.22129668106682e-05	0.00171177502264634	0.729320578652952
AT2G35300.1	-9.31796627610816	0.199260760984946	9.72606885190466e-05	0.00593919789244544	0.788516647090713
AT2G36020.1	-7.77809626445973	4.71172534969629	3.97821810061064e-15	3.40100351807517e-12	0.240853771531239
AT2G36200.2	-5.24174734326797	4.69124747675358	1.46413496175126e-08	2.67028934324194e-06	0.274528745348152
AT2G36220.1	3.03805057591601	4.16327257582081	0.000128472591157625	0.00752596290428082	0.248647278184416
AT2G36270.1	-3.41376609043971	4.09041251786045	0.000281161844617787	0.0144853946953085	0.334705773651521
AT2G36660.1	-5.93746240381158	3.20706034790173	5.67094105228464e-08	8.66703543951681e-06	0.346487634348454
AT2G37290.2	-3.71934984222222	2.51695677746438	0.00127810489265754	0.0498180634188135	0.477637878533772
AT2G37390.1	-4.6771508827924	1.69168641443124	0.000368959352279724	0.0184190164239351	0.547636523184906
AT2G37770.2	-4.2904408007817	3.53226852703862	4.5412850717827e-06	0.000435915563890383	0.304405807612418
AT2G38080.1	-3.33095843786315	5.25721530407698	0.000508300316467558	0.0242680135385742	0.352178489815702
AT2G39030.1.DE	4.11065401082904	2.76923056411045	0.000241101440225036	0.0128074021363812	0.433080465280302
AT2G39250.1	5.39751159915447	2.86165449582441	1.95548331716446e-06	0.000214844004448466	0.391247960708301
AT2G39900.1	-3.44504221534526	4.04923968442112	4.44241150972147e-05	0.00309239317230153	0.270138892222972
AT2G40000.1.DE	2.71420442333347	6.71541335690831	0.000622182887175762	0.028321226696285	0.257826109931861
AT2G40520.1	3.25429860431163	4.70690626687143	2.48870689611619e-05	0.00190710236854484	0.23237841442842
AT2G40550.1	-3.83107726853877	4.03377624338545	3.54448647205889e-05	0.00254505292430748	0.313048154937997
AT2G41180.1	3.76700668575563	4.53333256399352	2.91988361893521e-06	0.000298056925982129	0.240441627162497
AT2G41415.1	-10.2560114530077	4.25214295884836	2.22047478227708e-17	3.37475158993078e-14	0.259202987856175
AT2G41445.1	-10.5030556493242	1.3464480606172	1.56706224621048e-06	0.000173563246435547	0.638779843150333
AT2G41650.1	-3.69419644584067	5.55226664489363	3.87976058013011e-06	0.000377717473987969	0.24026598777285
AT2G41860.1	-5.32838872297838	1.80936026730034	0.000103672596864141	0.00626086364770926	0.55452934576869
AT2G41905.1	-5.04594837065376	5.76608738776616	3.14341073216802e-09	6.93502317741295e-07	0.239540828216395
AT2G41990.1	-5.93863439090353	3.19055217231024	1.10639504450822e-07	1.59303417013745e-05	0.36096755000417
AT2G43570.1	4.07734052281723	4.26908399098187	7.54023999178972e-07	9.08715178217583e-05	0.243962715783801
AT2G43840.2	-4.14870615998139	2.20539600541637	0.00039463035417306	0.0195577945636094	0.468553160337811
AT2G45406.1	-8.45619567592285	-0.608595159025124	0.000763741643565107	0.0333386666604707	0.875841361526749
AT2G46300.1	-5.92199217940285	1.43192175478878	8.20149639196756e-05	0.00520576187459528	0.608459676519782
AT2G46440.1	3.65099758619301	6.73265921007684	7.16144696447506e-06	0.000631986143894014	0.250182068606554
AT2G47050.1	-7.17333571241143	6.38584922380615	1.62813996874234e-14	1.11352562812211e-11	0.236043414233243
AT2G47880.1	2.67428604505805	5.24601755425486	0.000699657663621451	0.0311228206564098	0.255162527356699
AT3G01060.1	2.57271300402138	7.5997073911106	0.000969431991257027	0.039884611668622	0.252311561006844
AT3G01230.1	-7.5337206494085	4.62997571368773	9.56827497633712e-15	6.91231660692963e-12	0.23818964300716
AT3G01270.1	-8.388731066443	7.84426677068871	1.23035299966382e-16	1.38357885683473e-13	0.251025996184376
AT3G01328.1	-8.6322609006641	-0.444317402654782	0.000652791972176451	0.0294693564073121	0.896536460801691
AT3G01620.1	-4.41244590971784	2.19710112855258	0.000244780507362111	0.0129525345065866	0.482373123290782
AT3G01710.1	-4.63899572152088	2.8445135612605	4.52156920456554e-05	0.00313950682054059	0.42457943801464
AT3G02440.1	-10.7199720510148	1.5594145632937	5.46306497245435e-07	6.82434102517962e-05	0.606407144917414
AT3G02480.1	-7.53353275185985	5.31652997432629	1.43105819137295e-13	7.52874210411343e-11	0.266109031956664
AT3G03540.1	-10.3462806275291	3.49155528179998	2.00739980060202e-13	1.03615917632207e-10	0.330818734694266
AT3G03650.1	-7.64616282646496	3.51174027182075	3.03908101868212e-10	8.39799388162491e-08	0.353379917545307
AT3G03670.1	-6.54258560040379	0.612256970971778	0.000502810714985344	0.0240478893878567	0.827646306954667
AT3G04110.1	4.30473619146265	4.45173767382259	2.22450952664608e-07	3.08913234113994e-05	0.242593387886981
AT3G04210.1	4.39523233079654	7.52600387855434	2.49684161268605e-07	3.38878067301751e-05	0.25627097898916
AT3G04290.1	-5.01739647757566	7.90232050566676	1.01671977610437e-06	0.000118359161339945	0.347504655817707
AT3G05020.1	-4.49490865310761	6.48879988048335	5.25239778466594e-08	8.11807040650316e-06	0.238231457613067
AT3G05200.1	3.16634778713226	4.03762714808946	0.000124629655382993	0.00731650961869646	0.265889065549921
AT3G05790.1	-3.89752170213231	2.16294863804515	0.000841987233462449	0.036042255688453	0.477795878906036
AT3G07120.1	-5.66900641254442	1.19600708696823	0.000150591517692509	0.00865489947376883	0.613544001616558
AT3G07820.1	-8.47020259786714	7.7248451120734	8.48043572206068e-17	1.10475847642102e-13	0.251292155385509
AT3G07840.1	-11.0785100048697	1.91197122253176	8.07428753232825e-08	1.20002943906898e-05	0.555830584763758
AT3G07850.1	-8.96649969479109	8.59418512709521	1.06744157894091e-17	1.94679995167242e-14	0.256003989482123
AT3G08770.2.DE	-8.82564714292446	9.07170077920454	1.26437370401975e-16	1.38357885683473e-13	0.269123728551791
AT3G08870.1	4.22130909954727	3.67634041983394	5.13454320883063e-06	0.000484364477806826	0.300270521910628
AT3G09450.1	2.5973915959246	4.2389102739457	0.000961498401782368	0.0397337035914807	0.254110496008444
AT3G10116.1	-9.40992821363883	0.287523744414805	7.34519307660471e-05	0.00476410346194092	0.776212446852301
AT3G10130.1	2.47836460380762	5.40822873039952	0.00118474572037584	0.0467692477234081	0.243801207546915
AT3G10430.1	-9.23462338488426	0.12073612468737	0.000129423155954142	0.00756544717401165	0.804824028618122
AT3G10610.1	-2.59178047676775	5.0851354998039	0.000883738285277314	0.037309302886314	0.250656181556464
AT3G11000.2	-5.90566684680735	4.7586765627216	2.34903361418002e-11	8.03281407289036e-09	0.234562950953229
AT3G11165.1	-9.85416305941752	0.714984897770682	1.82180097399276e-05	0.00144043379322312	0.720492471720918
AT3G11210.1	-2.58841047629783	5.0005042710103	0.000916514614183711	0.0382795271759142	0.251660088360542
AT3G11280.1	2.57891065645767	4.93093805933073	0.000519885189141728	0.0247347810771309	0.228304613449644
AT3G11520.1	-5.2435385041557	2.85690553472922	5.44600520295033e-05	0.00371667571522979	0.516660825035637
AT3G11740.1	-7.19185835186798	0.410750389997508	0.000212574547311501	0.0115156473085163	0.777143720928548
AT3G12110.1	-3.06734401797172	5.08808850047658	0.000569159044085286	0.026390650794985	0.312309432850734
AT3G12540.1	-9.05569597308305	-0.0485273783789194	0.000208233052030526	0.0114160953995974	0.827857356004079
AT3G12660.1	-10.8788865076386	1.71556352380457	2.50222500986781e-07	3.38878067301751e-05	0.585469714167483
AT3G12710.1	-3.55666246344432	4.82888522209954	0.000876932880904868	0.0371366142769574	0.425739771879501
AT3G12890.1	-9.24586480732553	0.130950768213791	0.000118015191688614	0.00698818527927579	0.795972793872314
AT3G13062.2	2.7796890935556	6.45731974126887	0.000285204773757104	0.0146385497104561	0.239644739186578
AT3G13450.1.DE	-2.76011832956182	5.02778272201375	0.000268102887704431	0.0139704584741526	0.233753997991477
AT3G13650.1	-4.32978970639699	2.36354072732316	0.000269992459323084	0.0140421743530449	0.473484916748765
AT3G14020.1	3.39428533214844	4.39466959929936	2.73406911345339e-05	0.00207047491902913	0.250955393174962
AT3G14420.1	2.79821897213045	10.8536458406844	0.000658055902846463	0.0296580483264756	0.274416787744117
AT3G14540.1	-9.54936358010125	0.421481086056593	5.52030516298127e-05	0.00373809377088314	0.771651729338996
AT3G15280.1	-5.50198634946287	2.4825729453808	6.93605778267971e-06	0.000614076805051032	0.445473511010273
AT3G15356.1	3.65986152396998	3.60944368146632	0.000772938180057474	0.0336172810680959	0.434730215316697
AT3G15550.1	-4.84700911920418	4.1276455661394	5.93215691273014e-08	9.01588981453103e-06	0.264685485278408
AT3G15720.1.DE	-5.21193261472705	1.56845052591028	0.00049377667596606	0.0236986816217605	0.657765987247972
AT3G15840.1	2.82458007795953	7.90757262597057	0.000929804146049276	0.038775384182119	0.294523518071198
AT3G16180.1	-2.66791515797677	5.30651522228167	0.000450958440170657	0.0220301250852655	0.23767356919833
AT3G16300.1	-10.0163041456975	0.872332260273087	1.25336094918564e-05	0.00105502139959605	0.714664280334196
AT3G16360.2	5.88864305235892	3.6807051263416	4.70735242142046e-09	9.90608001483074e-07	0.295919502536153
AT3G16660.1.DE	8.41789752939629	4.45116314419313	1.06530561951527e-15	1.00495054596825e-12	0.249255095618777
AT3G17060.1.DE	-7.0390996355409	4.05322453310489	1.91270803998319e-11	6.79557842205456e-09	0.287514683813214
AT3G17160.1	-3.26970389237951	5.64282105366601	3.67773859257974e-05	0.00262694241977034	0.244976739560995
AT3G17630.1	-2.78812807661367	4.21024615468026	0.000405513371939031	0.0200608125065752	0.251327002694177
AT3G18362.1	-8.23596464420218	1.40386603581874	4.96624160262241e-06	0.000471741220565769	0.630225662087855
AT3G18570.1	-5.26633913646433	1.20852471060741	0.000302069180518725	0.015417363006438	0.614594224681817
AT3G18845.1	-6.85052079947741	0.069691442101844	0.000571315211095262	0.0264458041115619	0.826719023985136
AT3G18850.1	-4.20251783648172	6.54119308704046	5.06540178298609e-07	6.35661452188763e-05	0.251044686057677
AT3G19090.1	-8.58245706687385	4.06671202907462	4.59293511029798e-14	2.85565740482777e-11	0.283450337082141
AT3G19210.1	-3.7709713410695	2.11665788173322	0.00117683445387754	0.0466589277604751	0.479884739583682
AT3G19710.1	6.46412431259756	6.92954192177515	8.36712935124398e-12	3.09323726570245e-09	0.25908231891368
AT3G20580.1	-7.38651344927798	4.31725449693599	1.32841149456839e-12	5.42408257565781e-10	0.275207456852782
AT3G20670.1	-4.20026073427711	5.34496233041858	5.63803682882604e-07	6.94773754622495e-05	0.251957006231947
AT3G20975.1	-10.0730285870242	0.927303384505616	9.3707453289582e-06	0.000813826920521617	0.700894428088753
AT3G21320.1	-5.50553146985316	3.57636647383017	3.88690776035396e-08	6.32941283333353e-06	0.306728415437776
AT3G21570.1	-6.80904600233305	2.5179109069614	2.31538928383487e-07	3.18302033356133e-05	0.441261933018623
AT3G21690.1	2.66722425508541	6.68829659190029	0.00125643450531157	0.0491032553740122	0.280486097496087
AT3G21910.1	-7.74009441595441	0.937014721719542	3.3424233193924e-05	0.00243187964756963	0.695750699597613
AT3G21985.1	-8.93647398953365	-0.161202269988005	0.000256807447679406	0.0134837048993506	0.828667223906427
AT3G22060.1.DE	3.42568755840457	4.07189327496534	5.40306899130674e-05	0.00370455534825008	0.273496468408801
AT3G22160.1	3.65882939788157	2.57217135207445	0.000811295018729996	0.0350072520936853	0.430162031054821
AT3G22510.1	-7.25877519190294	3.13319182433411	4.12160758401599e-09	8.74396311221475e-07	0.376636211081196
AT3G23030.1	2.46436157196009	5.92637670984499	0.00118429885698567	0.0467692477234081	0.24162587232847
AT3G23270.1	-9.85170975770386	3.01014178985672	6.32759096364558e-11	1.98970006887876e-08	0.394715555238416
AT3G23670.1	-5.61943831900006	4.21873165061949	1.34041225456732e-08	2.49453456110192e-06	0.298595303954609
AT3G23730.1	-3.69758075606364	5.99223938175096	0.000473276465088177	0.0228165740157336	0.413316536944968
AT3G23890.1	-6.08603135702056	5.90915440261728	1.56565979103233e-10	4.46164113575745e-08	0.269859454281517
AT3G24360.1	-4.07480003825084	3.02302216000284	7.10752507308838e-05	0.00462953722439235	0.367868706841162
AT3G25170.1	-7.24972421048959	2.19307862917848	5.62954132451869e-07	6.94773754622495e-05	0.497334824711697
AT3G25265.1	-9.1303693809772	2.28393798802456	8.92093468511001e-08	1.30508026834521e-05	0.535913961735013
AT3G25610.1	3.90033844373247	4.53444257545384	3.46890992362651e-06	0.000341363197052699	0.258200625894002
AT3G25760.1.DE	2.81621913572753	5.22385320382115	0.000224452246979633	0.0120635365827541	0.236246873672305
AT3G26010.1	-8.79927585785841	-0.290803066943861	0.000349541272956166	0.0176103141883275	0.840670121570948
AT3G26050.1.DE	-5.10731609495371	2.7685664784742	2.83122708039257e-05	0.00212785382522801	0.461156198943065
AT3G26125.1	-7.04929197956488	5.44728721852473	3.03520967575622e-14	1.93102863022472e-11	0.232808246838163
AT3G26320.1	5.18447256472303	2.06390217482039	6.36120260988181e-05	0.00421364212587256	0.506686871747098
AT3G26500.1	5.89302364765905	2.24366953681198	9.14649349932839e-06	0.000799426909460469	0.495987943583819
AT3G26690.1	-3.6779410262052	3.13536016444699	0.000194707891204822	0.0108706607748782	0.35605818926474
AT3G26830.1.DE	4.41514391529238	2.271673906976	0.000253314677806633	0.0133524655891253	0.482343429140634
AT3G26934.1	-6.06417118071897	2.40291691401778	3.1138349187657e-06	0.000310894824352822	0.467973333012178
AT3G26940.1	-9.39404901933386	0.271262691156563	9.72503596645807e-05	0.00593919789244544	0.80371783393836
AT3G27060.1.DE	-3.38461288731368	5.75350121687813	8.63085280377418e-05	0.00540005338500568	0.285959382250655
AT3G28500.1	-5.47107405035423	6.47633784427081	1.69371561206701e-09	3.99439465511354e-07	0.261681331745233
AT3G28980.1	-9.9515883994827	8.71690193350544	7.41315769447259e-20	2.89716792925267e-16	0.256467546482231
AT3G29034.1	5.2943710313115	1.3515805719746	0.000388072142023239	0.0192676762056801	0.639017048400206
AT3G29060.1	-6.22545133398702	2.11722531655357	6.1158815426209e-06	0.000552185384031287	0.508004626476776
AT3G42450.1	-7.12303721882708	1.14554084452769	4.38306043641044e-05	0.00306668502196625	0.680230323899006
AT3G43080.1	-9.35294408138912	0.233581973224795	9.77305604110124e-05	0.00595459897809369	0.795930652338155
AT3G43860.1	-7.13329281833707	4.87843964380856	1.16644069239869e-12	4.83489666999257e-10	0.266550173395806
AT3G44070.1	-9.44338868570487	0.319040159073408	7.00396576788649e-05	0.00458391128019308	0.775857778439948
AT3G44770.1	-5.91545279187172	0.880203795283961	0.000257283106973025	0.0134837048993506	0.680367038021983
AT3G44860.1.DE	4.38508301420868	6.30116192622083	9.03523823512147e-08	1.31477134254371e-05	0.237463879176043
AT3G45260.1	4.64581258821616	4.59728168420916	2.44129778256548e-08	4.25392251195183e-06	0.235950655420802
AT3G45610.1	-3.49659024857191	2.69998530393552	0.000941975493863827	0.0392231713632157	0.412259175465279
AT3G45730.1	4.37836791531948	2.49419582324904	0.00024416198601923	0.0129448438983102	0.477002127862505
AT3G45810.1	-10.4189123721686	1.26416878256991	2.18883578532867e-06	0.000234823453251907	0.648049591034222
AT3G46900.1.DE	4.19006922265714	3.2505495085192	4.02323471954283e-05	0.0028293992859263	0.36328972714575
AT3G46940.1	-4.15757763095706	3.97372749314898	9.34732535503862e-05	0.00578540225651112	0.39725504183224
AT3G47440.1	-6.38508402878667	2.45512350452277	1.05961131631939e-06	0.000121797423447687	0.458422206045897
AT3G47460.1	-3.38891216293956	4.02918525238137	0.000101333888713068	0.00613316635735264	0.289927011246767
AT3G47480.1	5.59827145174538	3.39043791329741	5.3325902952554e-08	8.19571194984842e-06	0.320847648619554
AT3G47870.1	-12.2708684983474	3.09290631348211	7.99982682673973e-12	2.99796249998793e-09	0.395130796574218
AT3G48310.1	3.33953037960902	4.27458154388117	3.12677552530836e-05	0.00232443472950709	0.247808504400927
AT3G48720.1	4.71426594541892	5.0379779289601	1.54946455186142e-08	2.80719879107767e-06	0.235751251977364
AT3G48740.1	2.78820993171853	6.77930322268177	0.000299685893802325	0.0153243121434583	0.242663816600044
AT3G49270.3	-10.375379060198	1.22174621754699	2.54224382097388e-06	0.000267492939270701	0.651805975125178
AT3G49900.2	-2.88340594624774	3.85708564959317	0.000464156870898579	0.0225540666379617	0.271086937171744
AT3G50330.1	-9.47109426744344	0.346627271995801	7.45555343733062e-05	0.00481041451379844	0.788614973196559
AT3G50580.1	-11.443128369535	2.271941134171	1.25503543024375e-08	2.35164412775193e-06	0.520065007063908
AT3G50740.1.DE	6.63257179950357	6.18412633831168	2.19265400559098e-11	7.6903122603785e-09	0.278287048880363
AT3G51290.1	-4.82888377404017	3.47531054041246	2.51990213076478e-06	0.000266165878731012	0.343382015456708
AT3G51470.1	-4.14391920640766	3.26905608116113	8.10048852603119e-05	0.00515360615364268	0.387481685963306
AT3G51740.1	-3.88831470061715	4.72495932064806	6.69655759971282e-06	0.000596735264675386	0.272782479112789
AT3G51920.1	2.92466631283274	6.40318672766909	0.000160329035940339	0.00915682972070951	0.242173686070581
AT3G52130.1	-9.75159768015732	5.21143349006502	4.36571380324835e-18	8.53091660824751e-15	0.254857556540598
AT3G52430.1	2.6077879934627	5.2690645454963	0.000430161418926278	0.021089473006391	0.226734432614855
AT3G52620.1	-9.1808000198085	2.33401657283618	2.33619767940749e-08	4.09688204586864e-06	0.492187917352607
AT3G52810.1	-10.3970067695558	4.39269064087783	3.01442811442448e-16	3.05428555282632e-13	0.287483446635198
AT3G52910.1	-4.46645207024835	3.3427881107742	5.24716351504875e-06	0.000493287464883809	0.327244136379394
AT3G53065.1	-9.74132452875989	0.60637844527099	3.30233619399695e-05	0.00240912030024466	0.754224663106302
AT3G54180.1	-6.0172294199428	3.45716806682959	5.18750493448952e-08	8.06332798254715e-06	0.351920674400464
AT3G54260.1	-4.77100894204422	3.20487094020978	4.76311315372773e-06	0.000455610092820033	0.356028313215773
AT3G54560.1	-5.76443285247046	5.56802840963532	4.85837949163226e-07	6.15327258113813e-05	0.399071868613125
AT3G54750.3	-3.5664858879846	4.08432129509709	3.28764628230864e-05	0.00240912030024466	0.27729367596652
AT3G54820.1.DE	-3.1520609152866	5.36853044713947	5.596602135327e-05	0.0037804011016331	0.241121623012939
AT3G55110.1	-3.39721851480515	6.17571872169878	1.55035039302228e-05	0.00126605778214658	0.239278999345674
AT3G55540.1	-8.39921107756217	-0.660596101450262	0.000844503633304031	0.036042255688453	0.879722405267677
AT3G55660.1	-5.88130839966284	3.63184017780389	2.62726539564934e-07	3.5232401680774e-05	0.382116726846377
AT3G55780.1	-6.9816457471752	1.0216621254049	4.59578516385904e-05	0.00318295936019473	0.662856342198213
AT3G56180.1	-6.86320512093923	1.80624610519288	4.05818870384221e-06	0.000392296354667885	0.539625731416753
AT3G56230.1	-6.25934868964583	1.75226222225849	2.77480536246455e-05	0.00209119422316646	0.584619660800421
AT3G56480.1	-2.74108223386876	5.48112810157647	0.000833744383154463	0.0357503841535371	0.273988835082653
AT3G57130.1	-5.12489485430504	0.670875030709206	0.00120853450732539	0.0475026990185354	0.713193822748012
AT3G57510.1	-9.24514433818975	2.4101397155417	1.23094066213902e-08	2.35032110571506e-06	0.478521501557887
AT3G57830.1	-3.18293611510833	3.86159612571013	0.000173089085708965	0.0098444867312685	0.27878983775175
AT3G58060.1	-7.45881274250498	1.49734462133794	9.8661665188821e-06	0.000854141510940056	0.626931933433132
AT3G58260.1	-9.47102161771878	0.34607961910834	6.29970241052909e-05	0.00418885660967271	0.770846610692665
AT3G58290.1	-7.31917139096301	0.515249744551095	0.000152371589257132	0.00873884605305524	0.762272062369541
AT3G58440.1	-9.08116906695374	-0.0248556256819992	0.000178040286447558	0.0100841575907781	0.812564917825878
AT3G58780.3	-4.47822243123409	3.69138721767932	2.99581031100624e-06	0.000303542158067399	0.313841196794751
AT3G60420.2	2.75674748049706	3.85112495248089	0.000959174844085482	0.0396976493338072	0.281251839989361
AT3G60780.1	-7.90756243282805	2.46332900123588	1.45747971842169e-07	2.06592086304985e-05	0.500797058342025
AT3G62230.1	-7.15424336373335	5.44714885776336	6.07615239165568e-14	3.53670853145796e-11	0.242619545360232
AT4G00460.2	-4.48399165188994	2.55061359107771	0.0001104356530343	0.00659648069881951	0.445914334237035
AT4G00700.1	5.07239222388338	4.14594255245034	1.97179316304113e-06	0.000215769382245265	0.366167831281905
AT4G00870.1	-5.30631434290852	5.6952986629735	2.8976235688425e-09	6.4447388595792e-07	0.256804688603486
AT4G00970.1	7.09225346635314	4.18894111230112	4.96246767713843e-13	2.30098691938095e-10	0.251068197270565
AT4G01010.1	3.60213385539675	3.55370011560596	0.000215080756802461	0.0116283878732113	0.351313881466567
AT4G01180.1	-8.90026470204505	-0.195515318896294	0.000272022335073662	0.0141209013673817	0.828530771336199
AT4G01390.1	9.32551357181622	5.16859022555907	1.98508919061395e-17	3.34147097884005e-14	0.253764058897117
AT4G01470.1	-9.21688298798948	3.7433810230897	8.10645903017654e-14	4.62017499351124e-11	0.301486954519733
AT4G02410.1.DE	3.93144275467611	5.51517338417725	2.14201036561036e-05	0.00166948654051289	0.311986232965194
AT4G02650.1	-6.79265863677835	2.84522770269438	6.49562238844648e-08	9.76377701542475e-06	0.408555748874697
AT4G02700.1	-4.45855982496526	2.46047652819125	0.00010659514076157	0.00639500716187342	0.441523256747109
AT4G03100.1	-4.7625927212724	3.67017876875798	8.92572699428418e-06	0.000782631773662283	0.380366456897597
AT4G04500.1	5.79840740607295	3.09446834533221	7.08935474314959e-07	8.58156981010369e-05	0.397085590469599
AT4G07960.1	-6.32493834872192	4.55290377955513	1.34258930784543e-10	3.94937803169112e-08	0.276967416333471
AT4G08850.1.DE	2.64365030764832	7.2115865352588	0.0011663742401477	0.0463113208820327	0.272810546939076
AT4G08910.1	-3.47955713865043	2.91605182981402	0.00100510663436818	0.041052033646699	0.415798086422367
AT4G09644.1	-10.0093386921669	0.865827633308265	1.64799136735691e-05	0.00132211436471504	0.736477260948457
AT4G09984.1	-10.3630794496917	1.20989482156821	2.89445407786531e-06	0.000297682632361508	0.658423869465987
AT4G10115.1	-10.7779748568034	1.61641222448583	4.35492900989051e-07	5.54129269411975e-05	0.601352059359837
AT4G10120.1.DE	3.0514221625588	8.64517367277477	0.000183626104844242	0.010300766538264	0.265180262660923
AT4G10290.1	-6.77695550280719	2.26503542627317	1.03970807794188e-06	0.000120262724339274	0.485721080062029
AT4G10640.1	-4.97762600533809	0.929231017414463	0.000796141307214215	0.0344620850339546	0.6495370982651
AT4G11000.1	4.24005514617658	1.9589842671222	0.000564938985120985	0.0262840745169299	0.504870016668074
AT4G11030.1	-6.11852372331763	3.29584975477856	5.01156788072134e-08	7.83436928645107e-06	0.357209275336297
AT4G11050.1	-5.21430462077408	0.968098085484889	0.000488161763026888	0.0234703714431047	0.641349478287981
AT4G11190.1	-5.55300138841071	0.82797324418576	0.00054724876493664	0.0256657643525576	0.70032221928914
AT4G11290.1	-5.25707821023148	2.57502525829454	0.000537195814926061	0.0253584438329647	0.692800687455219
AT4G11320.1.DE	-6.1324355790806	6.85556742354966	6.63205370812633e-10	1.71163295559634e-07	0.293691300142734
AT4G11810.1	-4.65582333012248	2.42791807596466	8.25214838836999e-05	0.00521371878661981	0.45680215242949
AT4G12310.1	5.11714037661932	4.3278415024065	4.13583248614315e-08	6.57813775136152e-06	0.28009793582174
AT4G12540.1	-5.55454039556027	1.6218961113778	0.000197655539718516	0.0109680782963072	0.631632269661922
AT4G12930.1	-8.62416037055071	-0.45254232624653	0.00056883218322331	0.026390650794985	0.870949779387899
AT4G12940.1	-8.38702267707737	1.56669496390913	2.41913435744238e-06	0.000257510733916541	0.609210354438408
AT4G13240.1	-11.0865935854236	1.91991313487934	8.11512396197542e-08	1.20002943906898e-05	0.556885135250216
AT4G13700.1	-9.28847271414147	0.171792630408031	0.000105823453430216	0.00637667888874544	0.79269170114668
AT4G13770.1.DE	3.51488741695164	8.08347280968954	1.64032920678094e-05	0.00131983782676195	0.254836377224188
AT4G13830.2	3.04271591765139	6.33618990323549	0.000283599952597986	0.014583541171472	0.279380592217194
AT4G13960.1	-10.2031391498503	1.05383931505195	5.6470003120952e-06	0.000521908741682394	0.68209233692863
AT4G14090.1.DE	3.16310600716108	3.44066723429176	0.000956945284256299	0.0396653820324236	0.352846452720569
AT4G14120.1	-4.95429519911881	1.55294956372996	0.000986854544043232	0.0404758317262229	0.683607473342102
AT4G14200.1	-2.75020687408611	5.19562195837222	0.000218315132105271	0.0117799744950767	0.225852005353408
AT4G14310.2	-4.59022659750534	4.13293523547347	1.4015951028572e-06	0.000157791922752528	0.307436181010126
AT4G14365.1	2.99230598594215	4.8647302932394	8.6327000947211e-05	0.00540005338500568	0.231919317127354
AT4G14400.1.DE	5.96687076525049	9.70232639293299	2.86633529317266e-09	6.42740447666595e-07	0.306118265331543
AT4G14695.1	-7.22246296265356	4.5891968480504	1.01946140485886e-13	5.57788113054475e-11	0.245237893807992
AT4G14700.1	-5.13866668702524	1.23476630441504	0.00042466090495249	0.0208946913251533	0.623335951320364
AT4G14780.1	-7.63718191851693	3.83733119228142	2.95908876542661e-12	1.19046751993788e-09	0.290757669176643
AT4G15210.1.DE	-3.9630941939211	7.88658583858517	6.44149955252165e-06	0.000576975932514089	0.282835185464435
AT4G15650.1	-9.38579619504428	0.264081464145383	7.9257170618944e-05	0.00505416880331573	0.779543403234266
AT4G15980.1	-12.5802013575132	3.40042691603826	4.69138704382053e-13	2.21279785099652e-10	0.365584508782886
AT4G16260.1.DE	7.77321495362754	3.24101790504129	1.60494329300862e-09	3.85144154972253e-07	0.387559105320536
AT4G16500.1	-2.76616381753321	4.9198827129531	0.000517372592675373	0.0246581219822651	0.257869863263325
AT4G16610.1	-3.93104116635193	1.87320762297022	0.00128468059285026	0.0499928975513579	0.515406813504836
AT4G17000.1	-5.45848079151009	3.08524800700617	5.68854006632149e-07	6.97853769481421e-05	0.361694175532947
AT4G17090.1	3.28582244007669	9.03894019343555	4.41589641408913e-05	0.00308177750510807	0.253054330265047
AT4G17210.1	-5.96528312291658	1.23048736737529	9.24461537358419e-05	0.00573480595862002	0.614954634340537
AT4G17370.1	3.69148894982213	4.19657455339403	7.27632536093345e-06	0.000640059269771885	0.251931715784304
AT4G18395.1	-8.46807517025237	2.46615562866218	4.0224195000646e-08	6.47301942725101e-06	0.485898339107149
AT4G18900.1	-5.62174882654635	0.901509417688047	0.000310582673408235	0.0157344633267205	0.658025926648296
AT4G18970.2	-3.3376663260239	6.16639585401282	0.00107309036584622	0.04336267819565	0.398433454447211
AT4G19370.1.DE	4.10670509374793	2.71507116329566	0.000210629857905071	0.0114556680371949	0.424675281115307
AT4G19530.1	2.93320283447337	5.46413069311352	0.000366598600643486	0.018368201314659	0.271577106000216
AT4G19840.1	2.60601251609546	7.02942459618107	0.000707051534486869	0.0314006636833722	0.245136420802831
AT4G20080.1	-8.67139341789036	-0.409364317400711	0.000470581821573729	0.022785321934146	0.852348842279443
AT4G20110.2	4.41543301490668	4.32719875234005	3.44325924415012e-07	4.48558300677213e-05	0.260431714708951
AT4G20160.1.DE	-6.95182758339206	1.9107311917858	1.00642882377797e-05	0.000868544900066055	0.603894014381852
AT4G21390.1	4.59365949839859	1.47655034210896	0.000831647271886422	0.0357164433547831	0.606974088699832
AT4G21650.1	-3.07384889164748	8.35428710868296	0.000368117909181339	0.0184106062915427	0.295172347679319
AT4G21960.1.DE	2.92088836611452	11.2386939509402	0.000717243787251275	0.0317502237667203	0.299272750554342
AT4G22690.1.DE	4.2187918366084	7.27170388726471	3.39834204842812e-06	0.000335626149526528	0.294722736704904
AT4G23140.2	6.69645065722857	5.77905149207995	1.22336304421271e-11	4.40362405270094e-09	0.273816678841965
AT4G23270.1	4.76026178649123	5.1861723683496	5.7573583437915e-07	7.03143090228144e-05	0.305182670376563
AT4G23810.1.DE	2.76977331968523	3.91288037145363	0.000718912248841456	0.0317726694532403	0.270338585117851
AT4G23880.1	2.94888821509935	3.88755385595654	0.000660451146122834	0.0297170427705302	0.296720428107303
AT4G23900.1	-2.78539614363726	4.70185943696788	0.000246298466274331	0.0130076971850712	0.234453303142525
AT4G24350.1	2.75010182258172	5.60809559155707	0.000274447620149387	0.0142198173189901	0.233724527714441
AT4G24580.1	-6.23733644758056	3.18766136351708	3.6294544383759e-07	4.70573388960424e-05	0.41974755441612
AT4G25010.1	-6.19756373805536	3.66112148942723	1.08822211189696e-08	2.12646373679751e-06	0.33581593562733
AT4G25590.1	-9.40205063809209	3.41076902339316	3.03631743815328e-12	1.20383385732694e-09	0.345250401794375
AT4G25890.1	-2.6627535325891	5.06112181747483	0.000526474979951206	0.0249614835814994	0.242113921109114
AT4G25950.1	-6.6884302390905	2.75243736410919	1.26188465622878e-07	1.80740201782465e-05	0.418735182182841
AT4G26150.1	3.31551653863565	3.12590552987163	0.000822918519517363	0.035397141412636	0.371589001198361
AT4G26230.1	-2.52525069046338	6.31781531244199	0.000955190034456726	0.0396527067869995	0.243382722215608
AT4G26760.1.DE	-3.68573767654511	5.43783946010932	3.08446550924867e-06	0.000309090560207018	0.234557777826895
AT4G27330.1	-9.41746235454286	2.56835672619458	3.8927317166816e-09	8.45186202962369e-07	0.458271674526023
AT4G27510.1	-5.22642184675398	1.30718770734047	0.000682593847041745	0.0304628382928565	0.687125862665504
AT4G28250.1	-3.83433715215738	6.42799646886624	3.38491721919601e-05	0.00245626473118157	0.315412344567494
AT4G29150.1	-6.34451206803795	2.04483779715065	1.1277260477993e-05	0.000967122303750639	0.549512199277889
AT4G29190.1	2.8088164103574	6.5015848615068	0.000537628300731789	0.0253584438329647	0.267422709312789
AT4G29340.1	-8.99530930828265	4.47214196460269	3.60185598094469e-16	3.51914193109656e-13	0.258054433119716
AT4G29700.1.DE	-4.76288870851628	5.77164946682039	2.27178033355808e-07	3.13884316086608e-05	0.286190397922883
AT4G31020.2	-5.90886289170726	1.41238138877682	0.000106068101015673	0.00637737371315555	0.62444762634351
AT4G31360.1	-3.64342241708464	3.95253319258528	1.79390623864913e-05	0.00142967093516817	0.268962217628399
AT4G31840.1	-6.44236151185937	5.85228647929599	3.36607555382847e-10	9.11739890357283e-08	0.302384278580349
AT4G32280.1.DE	5.98460140623624	3.4335998930536	7.59832516531611e-08	1.13588733086094e-05	0.35875610730177
AT4G32480.1	-3.72575624853367	3.9000709935734	0.000593320546193128	0.0272340103728279	0.429200672505672
AT4G32630.2	-6.2557607048446	1.74830894777177	3.41253408649832e-05	0.00246975383609351	0.597717755282387
AT4G33010.1.DE	2.76634294966609	11.6809893789418	0.00070930307112608	0.0314496014858933	0.272246660707682
AT4G33600.1	-7.15858811591334	0.378707848192722	0.00020887301957451	0.0114282783929998	0.768859665792534
AT4G33790.1	-2.55070818510075	5.92696040460831	0.00091038418154991	0.0382337094178744	0.245630866981481
AT4G34510.1	-7.49896469892129	4.33748489524391	7.46067531924804e-12	2.83474575984262e-09	0.300830748578182
AT4G34940.1	-6.40217378495366	0.47852732787575	0.000502263883213299	0.0240478893878567	0.798487723286315
AT4G34950.1.DE	3.64039216847196	5.73112391519147	2.18121199759123e-05	0.00169040840277913	0.276643058326968
AT4G35090.1.DE	2.83620759413378	10.5297891397213	0.000462128466341026	0.0224954598820133	0.266196056309163
AT4G35180.1	-2.98498778505971	3.47512753220869	0.000765935598871789	0.033365764615184	0.309684953632383
AT4G35420.1	-4.90219638689352	6.27642269048793	1.1085172903928e-08	2.15075939810467e-06	0.246974376884683
AT4G35620.1	-5.99390231727647	3.08586717367174	2.69561384578951e-05	0.00204844188831288	0.577696126140916
AT4G35650.1	-7.05649860808805	1.99538438411173	1.52756649650244e-06	0.00017056994548905	0.516704829321281
AT4G37560.1	2.48206091071542	6.00750222205741	0.00104179219937969	0.0423481563126747	0.239451659051307
AT4G37840.1	-10.7219652208134	1.56145819524806	6.32485213084049e-07	7.6901768774846e-05	0.614229065648262
AT4G38660.1.DE	-4.70652657680429	5.58513750725361	2.17466068649279e-06	0.000234221229922769	0.334030688455616
AT4G39330.1	-2.64973179704675	9.18710014968342	0.00125076347637379	0.0489515542534447	0.277370220681719
AT4G39670.1	-3.46522937670874	2.95765385687829	0.000642871607172571	0.0291659014219238	0.383204399670578
AT5G01250.1	8.43844149295274	-0.626022313331875	0.00104888737432145	0.0425733114233115	0.926604305410418
AT5G01870.1	-9.27561247360962	2.42783692507768	1.25358720634692e-08	2.35164412775193e-06	0.480786781137335
AT5G02110.1	-6.65058646786039	2.69036231391397	7.99429085476115e-07	9.59209714533775e-05	0.474240394587026
AT5G02550.1	-3.18766723555055	3.37282862744085	0.000556531502646714	0.026025696269925	0.328393120776335
AT5G02760.1	4.96962963778704	4.3991457800136	2.77314665374401e-06	0.000286282917005565	0.367689391048369
AT5G03600.1	-7.36610568614523	1.38188106748176	1.81326114424036e-05	0.00143783724994155	0.650807475336316
AT5G06839.3	-11.4069354217298	2.23621519791066	1.05194489854679e-08	2.07036378342048e-06	0.510373496937825
AT5G07030.1	-5.38098856739843	6.88439564876882	3.77073129731209e-07	4.86584415568712e-05	0.356572478636386
AT5G07100.1	6.38459356851067	3.2432887581455	2.92087385391595e-08	4.93249049515918e-06	0.364138512374807
AT5G07230.1	-14.3344013408474	5.14951727582566	1.1883660619276e-21	3.25101303561533e-17	0.250928705051556
AT5G07420.1	-8.77817068512654	4.97093840941545	6.06052419752073e-17	8.28988802357873e-14	0.245065826936323
AT5G07580.1	2.67704236967906	5.76311764451311	0.000424660669353122	0.0208946913251533	0.237428095763059
AT5G08250.1	-9.47783716580644	2.6400817004172	2.17107479707140e-09	4.90860274574233e-07	0.448255510082808
AT5G09500.1	-9.11751774178544	3.65157218700738	4.28949672248786e-13	2.05873266380878e-10	0.316705231745425
AT5G09550.1	-11.9351287039264	5.08350527824361	8.07299180902727e-21	5.78054481125534e-17	0.246895410126638
AT5G10160.1	-2.92032379356625	4.94559121507707	0.000114586051947637	0.00679984950787745	0.230300575455347
AT5G10180.1.DE	2.61691107060944	6.43420686875479	0.000741523876229964	0.032457389891237	0.248654739570363
AT5G10420.1	-6.39912685992976	0.971389535704329	9.81217845072774e-05	0.00596515035281242	0.659672248400874
AT5G10500.1	-8.80107260085052	1.95890412082381	2.72372213086864e-07	3.63477396752065e-05	0.547493822462909
AT5G10510.3	-3.73541857840632	2.56337983128283	0.000564902264801766	0.0262840745169299	0.422530656324927
AT5G11130.1	-12.0291938817554	2.85288270257219	8.44053949647518e-11	2.54754200187722e-08	0.427144673991576
AT5G11360.1	-4.82500818319418	1.09091442294137	0.00115831301329199	0.0461251369790816	0.66856514922388
AT5G11920.1	7.9187257032931	3.38519767971766	1.92055415022568e-09	4.41517646115328e-07	0.402663093707958
AT5G12000.1	-6.98872702060484	4.35762784778205	1.07060060826402e-12	4.50591089850442e-10	0.255412583633332
AT5G12870.1	-4.45052287069079	1.29711128437032	0.00109050646919184	0.0438357783096977	0.59337295390609
AT5G12960.1	-4.70808483189504	3.65990564999913	6.2265688906883e-06	0.00056032975375842	0.361362618658067
AT5G13170.1	-4.70162467495478	2.40033906902664	9.20150202505991e-05	0.005721033884081	0.466166348091938
AT5G13700.1	-3.78665733293094	2.15648183399669	0.00127836679899138	0.0498180634188135	0.488279730901617
AT5G13790.1	-6.88663000341508	2.36601775664273	9.36826543218051e-07	0.000109524631379557	0.493111577160829
AT5G13940.1	-5.13175253367148	1.38605241674972	0.000278740693267681	0.0144149511261322	0.591868517971554
AT5G14345.1	-9.24600766851655	0.1317306566287	0.000134467523866554	0.0078268681923773	0.811251295272549
AT5G14740.1	3.05908125597046	9.3946091305216	0.000209775369058096	0.0114319218552238	0.271049611556042
AT5G14990.1	-8.99329467633831	-0.107740690993134	0.000222515114082323	0.0119829645195868	0.822322379507544
AT5G15150.1	-4.12449971716066	2.12837877028314	0.000736830303363877	0.0324075025870186	0.50701229221682
AT5G15510.2	-5.51331708378664	3.18945347074167	2.38492578967106e-07	3.26222074140156e-05	0.344681101444991
AT5G15520.1	-2.66771181153795	4.02827776308418	0.000911224861660786	0.0382337094178744	0.263812812134577
AT5G16100.1	-7.30381267446035	1.33381303383537	1.17131494272756e-05	0.000992063866507673	0.61428414836482
AT5G16500.1	-7.30617935523621	3.97832898022426	1.04736887504268e-12	4.47701098664729e-10	0.266228125515966
AT5G16570.1	4.83416066197905	6.36756890239124	4.30675418966981e-07	5.5056016059251e-05	0.307228130759536
AT5G17030.1	-5.17622508982445	2.7021534561357	6.78491912286007e-06	0.000602646209234035	0.40999857965763
AT5G17160.1	-5.29710264821119	4.19212095191509	4.12479807448315e-08	6.57813775136152e-06	0.295788520128329
AT5G17200.1	-9.77340567231409	0.637227974370459	2.73974456515168e-05	0.00207047491902913	0.742611265450207
AT5G17210.1	-3.36864068777315	3.75435781360462	0.000122143627755983	0.00721702640285189	0.293470103332252
AT5G17340.1.DE	-12.7732475714069	3.59259012500735	6.83591322148508e-15	5.34314508571907e-12	0.318413478209421
AT5G17500.1	-7.81466417487615	2.74907295137234	1.1888392593921e-08	2.29035743797111e-06	0.426170049531315
AT5G17590.1	-7.83797140601726	1.85619290654443	8.90794844537604e-07	0.000105954237226153	0.542586547309523
AT5G18330.1	-8.99641204597984	-0.104585831949632	0.000233395103368174	0.0124463739626572	0.828533541358534
AT5G19340.1	-6.71251808272703	3.49070249409271	8.0919834576025e-10	2.01247628590574e-07	0.319178425781062
AT5G19580.1	-5.33387901402963	7.45168844619897	5.03055271334851e-07	6.34197375940439e-05	0.359711160393984
AT5G20635.1	-5.04061771075959	3.55539748911263	2.51830105560831e-07	3.39375182158997e-05	0.306835351557067
AT5G20710.1	-8.44095780007524	6.22485586923933	1.96567645086729e-16	2.06826964101448e-13	0.251531506954125
AT5G21050.1	-5.4532598264713	0.748831220258575	0.000587140372501594	0.0269956288580271	0.690257303242099
AT5G23010.1.DE	5.49145846349553	7.38916863642499	9.50814630065364e-10	2.30189697652196e-07	0.255911388042461
AT5G23270.1	-5.41096850545145	3.09188361207431	9.16907101073029e-07	0.000107655912292081	0.371118139380057
AT5G23510.2	2.78176939860465	4.00972225583044	0.000723185550963653	0.0319099792221172	0.273086078981217
AT5G23960.1	-8.43121552344339	3.67131625160029	5.60005954582098e-11	1.82381939279791e-08	0.365495676210047
AT5G24210.1	5.91909453711516	6.46565868597142	2.32750906720584e-11	8.03281407289036e-09	0.238592314884779
AT5G24660.1	3.25673127853141	4.58163327544387	3.20567013440981e-05	0.00236381449776413	0.238631712518095
AT5G24790.1	-11.9321975927513	2.75654881371609	1.52667136193972e-10	4.39633141564052e-08	0.433650286133013
AT5G24880.1	-4.17344830138891	1.87240134619472	0.000860487304726105	0.03661018848428	0.53048968573914
AT5G24910.1	-6.22948487193828	1.48547474439325	4.00407485953857e-05	0.00282318236939167	0.596627491903897
AT5G25290.1	-6.77852447840629	0.0189919848945696	0.000545208778469843	0.0256276229426108	0.806453035925136
AT5G26920.1	6.03561748613602	4.5263788506414	4.96561744732113e-11	1.64376642688399e-08	0.248563482599239
AT5G27000.1	-3.78827886849724	3.10098954390149	0.000146264500147049	0.00842391143267963	0.361302157878822
AT5G27350.1	2.78234252353817	5.31522440512203	0.000308787430845709	0.0156725375614955	0.241849892019557
AT5G27980.1	-7.00865405366412	2.26892130315426	3.33212339904491e-06	0.000331479635736988	0.561111181572908
AT5G36150.1	-11.2633650421268	2.09432224211127	2.78387273033884e-08	4.7303357940298e-06	0.531906772598939
AT5G36220.1	3.80468220185342	4.84620826506508	2.50369728593225e-06	0.000265479250586235	0.241671553496612
AT5G38110.1	-2.89188974190252	3.69616150847565	0.000876059753267358	0.0371366142769574	0.299820995660822
AT5G38120.1	-3.77264477025104	4.36654279635242	5.80801471416691e-05	0.003875362403304	0.323758886782662
AT5G38390.1	-8.9036020832197	-0.19213904836536	0.000279750544504767	0.0144398785773904	0.832300571963237
AT5G38450.1	-9.40295531016312	0.280485142231071	7.55132220102265e-05	0.00484933148951588	0.777572397318097
AT5G39400.1	-7.27769483578468	3.59755326373108	8.47411346897784e-11	2.54754200187722e-08	0.315022620390882
AT5G39670.1.DE	4.2860789851934	3.05959251410893	2.94788436712878e-05	0.00220945952415184	0.360301154893894
AT5G39870.1	-12.6018750306255	3.4220361501436	1.07039239366704e-13	5.74171072814693e-11	0.344829193446845
AT5G40040.1	-11.4868824659651	2.31541670589536	4.93561917675859e-09	1.02290707438322e-06	0.492624205024078
AT5G40348.1	-10.4246514538019	1.26956710563762	2.56522135557467e-06	0.000268876477488339	0.659292703428185
AT5G40460.1	-4.55043846785346	1.38373380178206	0.00100540492536785	0.041052033646699	0.60600062233186
AT5G40940.1	-7.35729346944557	1.39876843754059	1.72855106289472e-05	0.00138268922302955	0.649726007240441
AT5G41080.1	-6.049922949947	3.55108591241641	5.28503930078532e-09	1.08708887332018e-06	0.309188327311816
AT5G41740.2	3.20745713699856	4.95131185400194	2.61493676664912e-05	0.00199266922354374	0.227945127027634
AT5G43740.1	2.44771763235626	5.21275192162561	0.00090639517191301	0.0381480811046526	0.227707960183369
AT5G44190.1	2.88827575081653	6.85083340839007	0.000183747270193107	0.010300766538264	0.241353675543017
AT5G44265.1	-11.5367388669607	2.36471150660946	3.286995734374e-09	7.19378738442156e-07	0.484260447386779
AT5G44568.1.DE	4.74788154678172	2.79226707953198	3.25322941030915e-05	0.00239243540262977	0.422496587989674
AT5G44580.1	5.65885874418162	6.5042917135563	8.9015284155732e-10	2.17427779343604e-07	0.265626173354101
AT5G44630.1.DE	-10.2299203151097	5.7032221760528	6.89425738012474e-19	1.57171832623394e-15	0.260391063802582
AT5G45850.1	-4.61859319702694	2.7052642573598	0.000225225684841664	0.0120813707063008	0.51046919812009
AT5G46200.1	-8.36050186935807	2.37058289747363	4.32521358875634e-08	6.83958775419694e-06	0.479074168063624
AT5G46910.1	-2.71079792043296	4.09739421835687	0.000697590848528266	0.0310814215687097	0.259324565180316
AT5G46930.1	-9.3704892510911	0.250317634318952	9.42153600126429e-05	0.00581817066335411	0.795195122370318
AT5G46940.1	-11.8128792830434	2.6383366669983	8.02435416425547e-10	2.01247628590574e-07	0.466640320065062
AT5G46970.1.DE	-10.2657671198657	1.11517763841182	5.97310320022886e-06	0.000542877688533757	0.695139440363736
AT5G47150.1	-7.9917555794656	1.18114899693574	1.3028611111313e-05	0.00108998077728498	0.662567330839135
AT5G47220.1.DE	3.77191021649049	4.36684815719997	2.68541393850771e-06	0.000279334103101732	0.239050652061541
AT5G48140.1	-7.7313263478484	5.46674280810879	4.8452320992417e-14	2.94557810086567e-11	0.265296340009985
AT5G48210.1	-10.5656938368176	5.09371025094047	9.04154529245616e-20	3.03653542992525e-16	0.24401704562554
AT5G49130.1	-6.65752127786016	2.13283325224575	2.15197676512299e-05	0.00167248944214403	0.624946684087538
AT5G49270.1	-7.14737220357748	1.69746188644099	5.29875344948077e-06	0.000494737194940087	0.573053611878674
AT5G49460.1	-2.89752317882066	6.96725493660938	0.000254043336138343	0.0133651222052628	0.253434318051868
AT5G49920.1	-6.26619966990991	3.13496375374215	3.15060974490242e-08	5.22371095704822e-06	0.356413203005945
AT5G50030.1	-8.01317435150127	4.93984389316061	7.13875031652608e-15	5.42485534470011e-12	0.256033762088411
AT5G50200.3	3.12470013213097	3.45426392802553	0.000844117702281112	0.036042255688453	0.339202078858418
AT5G51060.1	-6.36148860141455	2.41199900257365	1.82165612690191e-06	0.000200947768805062	0.474726589998794
AT5G51560.1	-3.11086334217489	5.7012577800326	0.000100158267099235	0.00607545390916579	0.252997923759674
AT5G51810.1	-11.2528915702639	2.08423084836984	3.03934149316796e-08	5.0699551968656e-06	0.534329530942479
AT5G52750.1	4.25575809427165	3.95002131765771	1.24591729572765e-06	0.000141429707299674	0.270631442967376
AT5G53510.1	-7.41936822458563	2.89752572604738	1.23714676032814e-08	2.35032110571506e-06	0.407365838718238
AT5G54010.1	-9.71428562416772	3.71275645075757	2.73032699259015e-14	1.77841798895926e-11	0.300756319546735
AT5G54330.1	-8.53426104996934	-0.536121628715844	0.000646076166603094	0.0292627577645047	0.868806075651917
AT5G54585.1	5.19601716998093	4.41801458202204	5.80467324722205e-09	1.17628478536484e-06	0.255785376904921
AT5G54720.1	4.25283025846432	3.07539772211257	5.61612983087605e-05	0.0037837045130644	0.382330386816478
AT5G55340.1	-5.22587594740657	1.15247905305645	0.000453827158548798	0.0221307479080561	0.640711061420643
AT5G55830.1	-5.10636409258247	2.37639358757132	6.52932943545393e-05	0.00431456196535539	0.503099429753829
AT5G56120.1	-5.99428138094483	4.58130248983434	2.07124869690802e-08	3.6794253637216e-06	0.338913413150778
AT5G56530.1	-2.71065719362849	4.5038412913311	0.000378905801223573	0.0188811038325561	0.237278198581135
AT5G56640.1	-8.22048759236165	2.75414802087991	4.04938802197822e-09	8.72276441868175e-07	0.418791994431268
AT5G56880.1	-8.45029033846227	-0.613193818206209	0.000794538255936825	0.0344471997902753	0.882424129270636
AT5G57130.1	-2.87528058992217	4.51249537505077	0.000207589839622629	0.0114036852260166	0.24163822654134
AT5G57220.1	4.12119088905642	2.3600409476845	0.000473729357785456	0.0228165740157336	0.476439100063533
AT5G57380.1	-7.06314794033813	2.01958411414019	5.89921720735614e-06	0.000539748779737933	0.587586245299244
AT5G57410.3	-2.9058830229411	3.63886773524351	0.000650557211942004	0.029417014292723	0.288589036261052
AT5G57420.1	-9.32311811835592	0.205638383684784	0.000138483674198224	0.00802647854881531	0.831396546359637
AT5G57630.1	3.54787783826635	4.70723133908519	1.79773660013105e-05	0.00142967093516817	0.258738215186334
AT5G58170.1	-7.06633153969324	3.42343098188077	2.74101112567346e-06	0.000284037277897912	0.585216129985816
AT5G58670.1	3.00691883297687	4.15591105364322	0.000238506046658238	0.0126941827206798	0.26498201278798
AT5G58770.1.DE	3.19015201876314	5.40209332150978	3.91453915356055e-05	0.00277435356538746	0.236643408058674
AT5G59120.1	-9.13161169752723	5.32719154148818	9.74497405894114e-17	1.21178752422933e-13	0.263118911692881
AT5G59780.3	4.67127770033721	5.55503232586766	3.02982375166837e-08	5.0699551968656e-06	0.242989700520266
AT5G59870.1	-4.10983480840226	6.33681963402768	8.22052765391411e-05	0.0052057633108363	0.38861942745788
AT5G60200.1	-3.03055514812939	3.97931585459078	0.000314906205588197	0.0159240093646512	0.278944751047244
AT5G60500.1	-10.3097286893668	3.46450888849343	2.40697511738276e-13	1.21940033863408e-10	0.331761077651329
AT5G60615.1	-7.91225889296106	2.84540349347522	5.37452352446259e-09	1.0972450750651e-06	0.413809574603808
AT5G60660.1	-3.99028486381379	3.44982214394649	5.67639951085921e-05	0.00379960638888868	0.351022843113374
AT5G61000.1	-4.63180002338066	4.13792616503476	1.31645597870951e-05	0.00109799653077915	0.379616555386481
AT5G61160.1.DE	7.42261975285345	0.640942926683057	0.00012362778763595	0.0072733019061434	0.764850519614823
AT5G61270.1	3.89569923540629	4.28676446629984	3.06991642385097e-06	0.000308763616203275	0.2545714303705
AT5G61590.1	3.50154678671326	5.51531987529735	1.43367484659963e-05	0.00117780909244522	0.248741024366442
AT5G61620.1	-9.88484814517345	0.744586681499399	1.60861845938519e-05	0.00130584496122851	0.71498009466762
AT5G61710.1	-6.05282975615896	0.627817914759649	0.000575213824698112	0.0265570103831967	0.772437423281257
AT5G62065.1	-8.35306494233967	1.5185718538717	2.9197062567776e-06	0.000298056925982129	0.613777435385253
AT5G62210.1	-5.68631724054205	5.96881872818685	2.60381288088864e-08	4.48003201147613e-06	0.322200566186978
AT5G62700.1	-3.11263797281756	8.3715896016839	0.000111515813128654	0.00663203934730564	0.257429714880966
AT5G62750.1	-8.39823299481237	4.08461361741004	1.01170571821453e-14	7.09672649569101e-12	0.262700212104502
AT5G63090.2	-7.98646176901769	1.17557337974757	1.35629456179023e-05	0.0011243681917241	0.66479569573523
AT5G63920.1	-4.33184603690541	3.28475147837477	1.32607288853502e-05	0.00110265580582531	0.341213226786876
AT5G64000.1	3.56889884077659	4.04407005113279	3.65005034720026e-05	0.0026139902447214	0.280140197588072
AT5G64140.1	-2.55607689540932	6.32536097575968	0.00103180767869519	0.0420344607515382	0.251827773833529
AT5G64690.1	-4.64146219168637	2.01500307323389	0.000195657454496648	0.0109014276632684	0.500245147633507
AT5G64770.1.DE	5.17827112083977	5.94780983382946	1.65431770607581e-09	3.935406042184e-07	0.24056979282376
AT5G65205.1	-3.54355709871039	4.76650841715402	5.07916510920649e-06	0.000480798338728588	0.229075609043776
AT5G65350.1.DE	-4.21743886389519	1.73325411239658	0.000969523952174349	0.039884611668622	0.54508050134847
AT5G65510.1	-5.89666582490726	0.491619183390666	0.000544080668954893	0.0256186142178985	0.733748747604065
AT5G66170.2.DE	-2.926646633262	3.97422580189979	0.00035411098475999	0.0178077467097041	0.266811508184686
AT5G66230.1	-6.34058484816878	4.26791511577284	1.38734968168073e-10	4.03763034486592e-08	0.276779744032762
AT5G66310.1	-2.76623164093735	5.29092318479045	0.000547896566944243	0.0256657643525576	0.260622047331464
AT5G66640.2	6.1009201389106	3.69699543625158	4.12315400619842e-09	8.74396311221475e-07	0.30864014158995
AT5G67260.1.DE	-2.69444527127209	5.98462408779073	0.00046919787361956	0.022758592603919	0.243754039524952
AT5G67270.1	-5.9600217681526	3.90036099627176	8.56451344340126e-10	2.11080535379395e-07	0.27679659375212
AT5G67340.1	3.18287438648874	3.58000683827695	0.000536719661782936	0.0253584438329647	0.325722075002359
AT5G67460.1	-3.67985359594087	3.80710940288211	3.17938242636275e-05	0.00235076662264881	0.289162435363591
