logFC	logCPM	pvalue	padj	dispersion
AT1G01420.1	4.54013959389854	3.6209636068294	1.12500637364049e-06	8.69990625416555e-05	0.294949520040612
AT1G02040.1	-9.34659388246411	2.49318306919088	4.50615213802965e-09	6.20510210717228e-07	0.455769916785193
AT1G02520.1	-5.75015186161761	3.66209486150413	2.56907725401574e-09	3.72673092046268e-07	0.278312189545028
AT1G03050.1	-7.37853533179823	4.79752983410458	9.27767897468653e-15	4.30009106234069e-12	0.232746068144218
AT1G04350.1	2.72339620958039	6.74128476332427	0.000514838364327616	0.016781258039996	0.251978272030062
AT1G04700.1	-3.99959575235206	3.5289076291512	1.25158154568659e-05	0.000725115979045191	0.2995363850892
AT1G04730.1	-3.650413762355	2.73026787752102	0.00118815103424649	0.0330577366087643	0.460691631322244
AT1G05490.1	-6.24658348901619	4.0599157178242	3.9648624358933e-11	8.56185009878185e-09	0.255420259589181
AT1G05950.1	-3.58704630928184	3.43553871930166	6.41004807279842e-05	0.00291411826620547	0.299163256106874
AT1G06645.1	2.4765647851391	4.29657004984601	0.000957201171065128	0.0277705249675582	0.233703726743238
AT1G06920.1	-6.55138431510924	-0.186752815009943	0.000885709739565698	0.0259339632988705	0.825621588720532
AT1G06970.1	-6.81969630917587	0.888647775348404	0.00025348267072655	0.00915766386276924	0.802307155568376
AT1G07000.1	2.5923165360818	4.38483667887592	0.000896882622294049	0.0262207084176212	0.25064655022567
AT1G07180.1	2.64518271930434	6.89792303036215	0.00100598040941747	0.0288771083386105	0.266349072537497
AT1G07645.1	-8.34865461955486	1.50743331825165	6.85519315523527e-06	0.000425716455976914	0.665353603008242
AT1G08065.1	-11.8270974738572	2.65351373730271	2.74193662830264e-10	5.01009824496491e-08	0.439725175951231
AT1G08930.1.DE	4.86978577769059	6.32615394048687	7.2687967826587e-08	7.30840980216208e-06	0.274489518836277
AT1G09380.1.DE	-9.94155656227774	3.10248139864092	1.27541592024309e-11	3.10727291440763e-09	0.370761588571045
AT1G09470.1	-4.65151656441596	3.15128858057274	3.96077070294802e-06	0.000265022977704652	0.336700518337269
AT1G09600.1	-5.19378495191629	2.4472174857865	3.72142321075955e-05	0.00180403584882816	0.482641621906667
AT1G09740.1	3.22834806901978	2.94689465866171	0.000968641441510276	0.0280595934649692	0.36441756940681
AT1G10770.1	-7.46012876518059	5.38511971353527	4.26779592129261e-15	2.13423489190325e-12	0.233807247644713
AT1G11040.1	-9.04474354751231	-0.0583678148560477	0.000190716835617685	0.0072629098742342	0.812124123956826
AT1G11850.2	-3.35611317732376	5.91261873656075	0.000374170016335187	0.0129044515797052	0.341678600729421
AT1G12000.1.DE	-2.66996106691338	6.27138707058716	0.000640249398508096	0.0198154060583866	0.251609008366544
AT1G12070.1	-8.46412683171659	2.47237961653197	1.19980635811219e-08	1.48051430020818e-06	0.448626622163333
AT1G12220.1	2.88340249587435	4.12410076109119	0.000467828586997538	0.0153872264318354	0.271654724185195
AT1G12600.1	-3.81038506966817	1.85155549218705	0.00184688040891752	0.0471724037777683	0.523895676213589
AT1G13130.1	-5.76345201308961	3.06584102354633	6.2587213033823e-07	5.17106438818147e-05	0.396142532558964
AT1G13140.1	-7.4219985529684	6.1403789632193	1.00738757291171e-14	4.55794905905742e-12	0.241987281278496
AT1G13710.1	-8.62579442262339	3.55593813611386	1.607817278986e-12	4.36476453608156e-10	0.316021878144045
AT1G13790.1	-3.97240086836511	3.36080511276006	2.11602411243049e-05	0.00111791471710815	0.311170307339276
AT1G14440.1	-3.95983126947985	4.51014790920615	4.59442320951499e-07	3.95058028282413e-05	0.224728566628726
AT1G14880.1	8.88840205052496	6.43945010922003	1.01187074707746e-16	8.01190825279704e-14	0.263941668381042
AT1G15125.1.DE	8.44609136280882	7.6135973833194	9.58016382548453e-11	1.89637347058003e-08	0.409742941625928
AT1G15380.1	-4.67662149943604	2.12198010893008	0.000371806909270494	0.0128757864939375	0.556005941839127
AT1G15415.1	-7.64549332733039	4.23388395062473	3.13469933516188e-12	8.16009472138099e-10	0.297632379330505
AT1G15460.1	-10.7537022192866	5.27237911037821	1.46204099774491e-19	3.0870183422385e-16	0.253436274254037
AT1G15570.1	-5.28926530080299	3.81903948013255	7.96193066904309e-07	6.35716674385823e-05	0.359472636106189
AT1G16520.1	-3.2368531929547	4.37344540472222	4.58596827884896e-05	0.00217867888007417	0.24523525764495
AT1G16630.1.DE	-5.82843716389132	3.8332106108794	5.72586631991733e-09	7.60899564177545e-07	0.298676573733051
AT1G16730.1	2.39311969286653	4.41612807834655	0.0013881244912392	0.037576253143901	0.234571023024868
AT1G18120.1	-5.37691838772852	2.2288960775402	0.000101716325966994	0.00422033917543839	0.577140739992131
AT1G18960.1	-9.60356291610254	3.60204158995501	1.63598766193131e-13	5.36011612753114e-11	0.315976420864545
AT1G19020.1	4.04742457757648	1.68429062495379	0.0018365865722304	0.0469726172706517	0.570413587776159
AT1G19500.1	-7.5755858433708	2.13023873312039	3.09112941638055e-07	2.77078925940941e-05	0.493975158720906
AT1G19790.1	-5.24688532644911	1.50868122150179	0.000335345742386024	0.0117792516498366	0.631701462879996
AT1G19830.1	-5.40135883777078	3.02897299941949	4.20688781291393e-05	0.00201368990198497	0.527470640781187
AT1G19990.1	-2.60539274731795	3.9291326308044	0.00144886328893681	0.0388966997606138	0.273371294697479
AT1G20132.1	-9.80567839276562	2.96790771663259	4.52197220055379e-11	9.54789308079153e-09	0.384979932251986
AT1G20610.1	-5.55239944360365	3.53568160664127	1.83395196206301e-08	2.1380729530726e-06	0.295126049533281
AT1G20720.1	-4.41311044871681	2.47466008603331	0.000122564198001102	0.00500879022497836	0.43878999756018
AT1G21000.1	3.33338082240847	6.67781820262732	5.37182779915144e-05	0.00252051465845123	0.264632664778221
AT1G21540.1	-4.27348188273369	5.4039589246956	2.83805400430507e-07	2.56816858303854e-05	0.245866263815773
AT1G22170.1	-3.86287107113775	4.08131340054247	1.4530346312449e-05	0.000824239316344681	0.290003638997554
AT1G22350.1.DE	4.35667975906455	3.63841970605941	3.11749014182005e-06	0.000214643714365966	0.300712867612798
AT1G22570.1	4.71328380871498	2.50969907433856	0.000136560282451234	0.00542898545485524	0.492287473967992
AT1G23070.1	-4.80626907365709	1.06372745905008	0.00108000863216285	0.0308622617097603	0.653887250945411
AT1G23130.1	4.89122163957067	9.2583809868591	3.80422318771215e-08	4.0842741941296e-06	0.266280124247595
AT1G23250.1	-8.84481418406625	2.86566207106893	6.44435485620736e-10	1.10326193993251e-07	0.406605277876862
AT1G23310.1	2.60639941948705	11.2480509385911	0.00108649815540711	0.0309082701305409	0.263205003240043
AT1G23380.2	-4.60107061576548	3.28272675179075	2.58435649087382e-06	0.000182567012624815	0.321487058623302
AT1G23520.1	-12.8913183202869	3.71126819359678	3.61470829276241e-16	2.21581618346336e-13	0.29201445238983
AT1G23560.1	-7.4018953023983	4.82446741819799	2.43181972777968e-15	1.24896946721614e-12	0.223954392300843
AT1G23690.1	-11.9094257652202	2.73506846844846	7.1741656878069e-11	1.44175675549788e-08	0.414689444534037
AT1G24140.1	3.12234808187054	3.23820056886303	0.0010897999327067	0.0309558566834461	0.352960971345096
AT1G24148.1	3.64519516089291	4.9454496566633	5.36842485473127e-06	0.000340053925048194	0.24113935327154
AT1G24400.1	-2.85783285797992	5.21026860874949	0.000168980358032991	0.00658019209774781	0.2333309302421
AT1G24625.1	3.54827625370121	2.7378575298577	0.000602855942787843	0.0189984601671598	0.39460434777979
AT1G26770.2.DE	-3.24990524600849	4.60812016018825	0.000116934825406892	0.0047993790220457	0.276234630761955
AT1G26910.1	-2.69465410339496	3.92590552293471	0.000795301201512092	0.0238001712320225	0.262040389725899
AT1G28270.1	-8.03359210932993	4.78713206543412	2.08063775112573e-16	1.46438367350527e-13	0.228407990182507
AT1G28370.1	4.6695978090119	2.30215830099509	0.000170921102607835	0.00664215483201778	0.503294869690435
AT1G28550.1	-6.32524342184212	1.85479637371458	1.99857154239357e-05	0.00107384294490919	0.578907706283481
AT1G28695.1	-7.86435683570487	2.39843184423993	4.85489352053634e-08	5.09710174424044e-06	0.456813334583445
AT1G29010.1	-9.20686633879143	0.0942791779279661	0.000135242332512846	0.00538786172901805	0.804213577821189
AT1G29140.1	-8.98823908249173	5.75826352794698	9.66514050478512e-18	1.1479166563277e-14	0.246050221716113
AT1G31540.2	2.68660891719537	6.04964371303257	0.00093656435453751	0.0272550266910816	0.270137178784065
AT1G32300.1	-9.3811246162495	0.261312586944439	8.78130243146024e-05	0.00374150426244482	0.789056793134002
AT1G33720.1.DE	3.29538741229049	3.59092296665687	0.000223520792492122	0.00831226148674715	0.304837147671781
AT1G34095.1	-3.1008239394626	3.18050654223035	0.000841370195186048	0.02502121724432	0.334567069184419
AT1G34355.1	-4.80240610109444	3.13281473835761	8.00764515791e-06	0.000489290292397954	0.375456443493476
AT1G35780.1	-2.46072720021147	5.43654942033041	0.000871626906153208	0.0256053206355474	0.22874245135426
AT1G43630.1	-7.45126529622278	1.47719012272828	1.15959164529631e-05	0.000678022154940487	0.633907206584851
AT1G45201.1	5.41223259617247	5.7845990215534	3.78466366445553e-10	6.65925589033782e-08	0.23802832499098
AT1G47520.1	-4.39433318760001	2.44471836355884	0.000236800143237137	0.00865367908064484	0.479140404686187
AT1G47610.1	-11.996899457735	2.82185612889416	3.23450603065748e-11	7.14713001169583e-09	0.404003576899952
AT1G48470.1	-6.13241255321131	3.9057259429248	2.72128136710911e-10	5.01009824496491e-08	0.272147401061167
AT1G48940.1	-11.6382431372475	2.46631387524077	1.00534852430968e-09	1.67584543925059e-07	0.458478757693396
AT1G49290.1.DE	-6.07675113143039	1.97349904489563	1.05706217583215e-05	0.000625774222035463	0.515541467247647
AT1G49430.1	-2.52514459052711	7.1919365470498	0.00117467454368757	0.032730704330931	0.252152056917595
AT1G49910.1	-4.79052029974425	1.488669635134	0.00133751030546875	0.0364136222561929	0.681888214605936
AT1G50310.1	-8.25907352980506	5.8574688217382	6.15831375793518e-17	5.57268744485915e-14	0.235511928384353
AT1G50610.1	-7.98616678181836	1.98104442964663	7.7999558366631e-07	6.25411648793708e-05	0.550630993649223
AT1G50810.1	-5.66020181206559	1.76587382447923	7.54518831192552e-05	0.00330371459657882	0.582058861906778
AT1G51270.3	4.55776417326409	3.7540273022397	4.51388875324205e-07	3.89897399899357e-05	0.277190435534206
AT1G51410.1	-9.26240070276364	2.40963971835426	9.66119180261619e-09	1.21583859486831e-06	0.470849647341727
AT1G51790.1	5.15447192005701	2.43011574514216	1.89746523272445e-05	0.00103613597176617	0.446554739188667
AT1G51800.1.DE	3.77834029271696	3.53042582896534	2.36813035016949e-05	0.00122286905011605	0.292444560205179
AT1G51915.1	-9.38421889252996	0.264564424911617	9.39095132666181e-05	0.0039923098000124	0.796494538529541
AT1G52700.1	-4.65155823490928	1.26333445856262	0.00152467336640407	0.0404091603650998	0.66510014540865
AT1G52800.1	6.10166896764392	2.50607536892033	1.07679921753392e-05	0.000635478743192457	0.525223519093426
AT1G53140.1	-5.12759664307754	3.59656211874305	1.18665170269313e-07	1.15050726052437e-05	0.299716070376376
AT1G53520.1	-3.92721762851648	4.21107347520104	9.49583956330582e-05	0.00402788926833706	0.365619751503835
AT1G54070.1	-6.94138421854404	2.43257121927132	2.06829542137887e-07	1.94573355903281e-05	0.444826674292376
AT1G54840.1	-5.3888487136285	1.8578497459778	8.00484783921308e-05	0.0034688843614095	0.545056178208953
AT1G54930.1	-6.74494207346046	-0.0380857933017479	0.000618120592612819	0.0192646565072834	0.811569627887189
AT1G55020.1.DE	-2.38035279417526	5.45888591795381	0.00174331522920748	0.0451953878589765	0.243101407558556
AT1G55450.2	3.53853702656562	5.51820990894286	1.54956906256115e-05	0.000868627165069306	0.25490999761527
AT1G55570.1	-10.5060793122743	6.68729041683063	5.31226993583988e-20	1.4421295084395e-16	0.260778136207488
AT1G56360.1	-8.84813230380137	3.7653990929527	1.97686968987635e-14	8.16662059059137e-12	0.276586041929723
AT1G56430.1	5.81661837442649	2.83623742492862	6.13216063525961e-07	5.08862220750386e-05	0.391710095176962
AT1G58602.1	3.29742894794678	8.17650166737427	7.29427535147222e-05	0.00323107493016379	0.269415917969327
AT1G59590.1	3.87012506511467	2.08454907498503	0.00113737593064896	0.0320675887390537	0.491916798050751
AT1G59780.1	-6.09788256800015	0.176820613169821	0.000658821866709573	0.0201928902146484	0.761731300065148
AT1G60190.1	3.00978095871674	5.2954699560172	0.00045235111139134	0.0149756588323513	0.292295819072508
AT1G60740.1	-6.83614823463577	4.32777080592553	2.76621856452071e-13	8.47845990025597e-11	0.235559284582576
AT1G61050.1	-6.32417618127898	0.366891472342727	0.000594873227117937	0.0188092777619337	0.793168569936455
AT1G61110.1	-10.2699172994098	5.94001825489545	1.11066912211372e-19	2.63825566594089e-16	0.251825690444191
AT1G61450.1	-7.74937048743516	1.7689258155432	1.52568447503902e-06	0.000114595186083662	0.557341175554074
AT1G61860.1	-4.96092909412183	3.00115053074882	3.05286506885344e-06	0.000210958526921535	0.359972063342947
AT1G62180.1.DE	3.11434314386995	8.58717255234968	0.00013141720170841	0.00532131104610546	0.262984979095746
AT1G62305.1	-2.83741083300783	4.14898950020249	0.000285893409733511	0.0102506272927659	0.246125725235953
AT1G62422.1	2.89168947785495	3.41088330939666	0.00124298402131771	0.0343320136004368	0.317752625678615
AT1G62940.1	-11.4266864851993	6.64644032363856	1.41251270546623e-20	7.57887875328329e-17	0.27248150886605
AT1G63180.1	-3.77200073294154	4.50400219421007	2.25399706613362e-06	0.000163483611632585	0.235816331172544
AT1G63650.1	-5.26657134274927	3.2142937168106	4.89555334853239e-07	4.17175786018659e-05	0.339719383661811
AT1G64450.1.DE	-3.04653582984328	3.57877326550376	0.000370003524131938	0.0128757864939375	0.28726840217541
AT1G64680.1	2.57704271846451	6.5530563908912	0.000981845319659744	0.0283556331451278	0.253387948550461
AT1G65140.1	-7.45901424814462	0.642509670622082	9.62657707485198e-05	0.00406519653674249	0.73943296675038
AT1G65190.1	3.56506853255499	6.18148354512552	8.15478524378802e-06	0.000496683923037512	0.243172745469357
AT1G65370.1	-2.87426788440963	6.19918719868619	0.000250615788561043	0.00908402233451037	0.249308572383861
AT1G65470.1	-2.87021302420482	3.78357915515125	0.0006057843630558	0.0190591394886579	0.280094066116167
AT1G65845.1	5.54303135473416	2.32952533559399	9.16541947206375e-06	0.000551172361479834	0.457402606963957
AT1G65875.1	-9.77966685329057	0.642423785735317	5.46548609914916e-05	0.00254327967450669	0.811292188262371
AT1G66235.1	-9.83300531603007	0.695641441705987	2.22293143325666e-05	0.00116050456115869	0.733578412728778
AT1G66350.1	-3.12278204002732	6.51742483197555	9.65630308398991e-05	0.00406870792694147	0.254080365097732
AT1G66920.2	6.08867078569867	4.17731717645184	7.2076457281639e-11	1.44175675549788e-08	0.253396592023544
AT1G67110.1	-7.2244407047862	0.417056823701187	0.000185535398490587	0.00713710359821179	0.763406906030937
AT1G67320.3	-2.64726418556452	3.63827385859299	0.00187939629717466	0.047746213683436	0.293791424138209
AT1G67481.1	-7.59660270081418	0.775235825351191	6.62177614519826e-05	0.00299603838302863	0.728152511100864
AT1G67540.2	-10.2640001611823	1.11420116224348	6.45390546249291e-06	0.000402110050831976	0.700156732844806
AT1G67630.1	-4.19164192284209	3.56982399646568	5.96967935306579e-06	0.000374395434806301	0.300484357669753
AT1G67830.1	-3.23205932805111	4.99400937546327	7.48060062368e-05	0.00329007551010026	0.259930242638814
AT1G67865.1	3.0282957571039	7.65524431560647	0.000188826058566576	0.00720534456012179	0.262669160075331
AT1G68120.1	-5.30715388524255	0.824928472392463	0.000951500145493825	0.0276473352673076	0.719180237723749
AT1G68170.1	-7.6010311292399	0.779345036780906	6.25787816929775e-05	0.00285861679930685	0.722929528322697
AT1G68640.1	-5.65483582809816	2.17515918546255	5.45324509235063e-05	0.00254327967450669	0.57077482714008
AT1G69600.1	-9.39197815295188	2.55908990486417	2.67128254146399e-09	3.81672046131129e-07	0.446865666188967
AT1G69720.1.DE	3.24002434989652	4.21710899149719	4.94473716419558e-05	0.00233743383908479	0.247231543904351
AT1G69940.1.DE	-9.96557822075743	7.66525890814513	2.11173794004524e-19	3.64812327951634e-16	0.260984863073385
AT1G70710.1	-4.70692881908493	6.89366420238299	2.52833580058307e-07	2.32928336681271e-05	0.284334193465512
AT1G70890.1	4.43798630040568	4.37146392426959	4.62472607897307e-08	4.88242609326252e-06	0.228712256097608
AT1G72230.1	-3.71637793706229	4.55213418023888	0.000134583443053538	0.0053841877228345	0.350102246928794
AT1G72890.2	2.81432371659894	3.75702731296883	0.000612290537233004	0.0192002592063346	0.27081425716668
AT1G72960.1	-6.01505043148431	3.04842159031045	6.99428450095243e-08	7.1458273318064e-06	0.354170272797323
AT1G73010.1.DE	-2.61256676037818	3.63286744232828	0.00147751423597247	0.0394342739131811	0.275025369183756
AT1G73600.2	4.70639052540778	6.84056072183972	2.53729230611078e-07	2.32928336681271e-05	0.284162219097608
AT1G73805.1	2.93450759290277	3.6202218560438	0.00131273826843473	0.0359825336527957	0.328401709862661
AT1G74130.1	-10.3015104932836	3.45924943937931	1.43650865488903e-13	4.78911824015020e-11	0.32444605777574
AT1G74420.2	-4.30530152856385	2.36404401368776	0.000186511249041116	0.00715516544905683	0.44969419904493
AT1G75040.1	4.45175259248332	6.66017008292462	3.41057987193358e-07	3.0427816575753e-05	0.266724815401466
AT1G75430.1	-6.11285194104926	0.712143085071509	0.000291744178743754	0.0103820498664187	0.712480787156197
AT1G75940.1	-10.0346183898067	9.23251062019853	3.95486915331003e-20	1.39996886503034e-16	0.256475976675558
AT1G76310.1	-5.92087789642305	3.28214801950054	1.41797435443559e-07	1.35405862599696e-05	0.370128569787879
AT1G76540.1	-5.1453293131196	4.55397294844795	1.4822962408422e-08	1.78278958637496e-06	0.266976944580563
AT1G76955.1	3.72969832502527	3.79442859653865	1.49551792063952e-05	0.000840808492482628	0.273038786298052
AT1G77270.1	-3.51328404538002	5.13758931055746	3.85204292919851e-06	0.000258658557539079	0.22083683268132
AT1G77520.1	-5.66125871395926	3.945038117223	1.6103002935239e-08	1.92456204263111e-06	0.30426362771172
AT1G78450.1	2.39347560406696	4.25067229210635	0.00180045387114628	0.0462351688018822	0.245238493413322
AT1G78770.1	-3.38271022630115	3.08995850405736	0.000385169529087484	0.0132118710491867	0.342349132513275
AT1G78980.1	-7.96321972684808	1.15917957896694	2.13445185320786e-05	0.00112357309048501	0.69552853977814
AT1G79800.1	-5.85063161706982	1.76392483640548	3.18861876328828e-05	0.00157795110309289	0.546781672113775
AT1G79860.1	-7.77194987117989	1.76719205622422	1.48379837384542e-05	0.000839185133874541	0.69394004347511
AT1G80130.1	5.08522640524325	8.04818780514701	6.18428264095926e-08	6.42185371727589e-06	0.290893534352465
AT1G80370.1	-5.66515099107782	2.70149980174972	1.30581434529359e-06	9.92575600144561e-05	0.400845226944432
AT2G01210.1	-3.73965842420532	2.76340478911359	0.000383202525348484	0.0131681692390547	0.399526948695677
AT2G01420.2.DE	2.34105649038129	5.80598705047508	0.00176716355968068	0.0456269145714837	0.236752329849786
AT2G01610.1	-4.76593944982357	4.53751618715963	6.94804477432624e-09	9.169006586564e-07	0.22767546240171
AT2G02950.1	4.15114388222565	3.12115308148531	2.50998310230845e-05	0.00128663137050729	0.338062816803751
AT2G03090.1	-6.68430134981755	5.51007197146046	4.44543975092773e-13	1.29964140902892e-10	0.239260773388031
AT2G03250.1	-5.4448740342827	0.425260128764706	0.001106871026654	0.0313938359992628	0.743183388498112
AT2G04070.1	10.3811494318455	1.22817274586303	4.85331647750887e-06	0.000312635840752885	0.696211063438236
AT2G04115.1	-13.7247599249904	4.54211614678438	4.42025637540495e-20	1.39996886503034e-16	0.252637273381929
AT2G04570.1	-3.48776634673591	7.77350365435592	1.86201191652566e-05	0.00102257550355954	0.254822009161418
AT2G04675.1	-9.0937316205634	-0.0117069436907968	0.000180716760009929	0.00696584298269511	0.816622875184434
AT2G05850.1	-6.22977715331575	1.71195756940666	4.05887108777917e-05	0.00195763267210831	0.603390446344714
AT2G10970.1	-10.3567668310665	1.20484572555246	4.83079223758807e-06	0.000312243349969	0.692789860445605
AT2G11570.1	-9.27815554150697	0.162238025193838	0.000112335602811897	0.00462059190526944	0.797688614326037
AT2G14890.1	-3.02322584083466	6.6575094074815	0.0016431958892701	0.043010539233884	0.364029118752386
AT2G15050.1	2.46941548862772	5.53936748883692	0.000873489040302681	0.0256156052976417	0.230271033543525
AT2G16210.1	-9.34535474825058	3.33052682295638	4.16785168164014e-12	1.07029304738118e-09	0.345031746656314
AT2G17280.1	-2.57446954985172	5.03277211293034	0.000422236971752931	0.0141762706258321	0.220837516209745
AT2G17620.1	-7.33977528167223	1.86373087694134	5.1863820784468e-06	0.000329621467012457	0.593839402466037
AT2G17940.1	-5.49857916497646	0.49346608898299	0.000786107039323055	0.02358663772353	0.715850760421846
AT2G18115.1	-4.67923593457127	0.794525006094359	0.00191937442513003	0.0486318296009946	0.68679153990372
AT2G18130.1	-11.0229067508496	1.8584152418247	1.02540910106834e-07	1.0044252137939e-05	0.56033029950393
AT2G18150.1	-9.43090119726403	0.30839790381872	7.32896631505342e-05	0.00323889178802233	0.779111739694738
AT2G18340.1	-7.23974073737732	1.80137375022295	2.801464831958e-06	0.000195063071344494	0.552456081691285
AT2G18420.1	-5.54907339009503	2.4803300510029	4.10064196350291e-05	0.00197262994420128	0.54519270794612
AT2G18470.1	-8.08661783290727	3.95511649189279	1.73193593286511e-13	5.57830144614165e-11	0.277509891597018
AT2G18500.1	-5.19004499823393	0.490023429724598	0.00122053776682978	0.0338103195088429	0.716215939246771
AT2G19000.1	-7.08081252350649	4.3289640647111	1.17526454664588e-13	3.98813431784136e-11	0.238827602470958
AT2G19130.1	3.42696378005938	5.12872139405008	6.919498870416e-05	0.00310149449205156	0.28356492349886
AT2G20515.1	-3.28114245979936	3.16564121561956	0.000838016490342549	0.0249605444607828	0.36573856529548
AT2G21050.1.DE	-2.65813009001539	4.58864262246242	0.000850792829520376	0.0251760143732846	0.260081809575425
AT2G21220.1	-4.48117613530113	3.05616000867035	2.0356385862314e-05	0.00108356414717522	0.373155995741741
AT2G21720.1	-10.3023233746254	1.15127403234111	5.56461816580452e-06	0.00035131042858732	0.695304797707355
AT2G21790.1	-3.52652764303909	5.91172764891475	1.04579591973876e-05	0.000621039370712367	0.244430037996158
AT2G22610.1	-5.3525537604502	4.27042142893426	1.06961885072912e-09	1.76747539307874e-07	0.243510122577568
AT2G22620.1	-3.65052501557674	2.09274786170858	0.00168078710064178	0.0438134393326417	0.482298493570716
AT2G23170.1	-3.53327909541945	4.43065501117421	2.34413651675591e-05	0.00121377728141451	0.264097500718026
AT2G23510.1	-9.84316591827154	2.98661595967938	2.97683569228143e-11	6.68230258460836e-09	0.378361898190095
AT2G23910.1	-5.8066361363545	2.4137968935158	4.65199027432918e-06	0.000302745791722868	0.461412452379946
AT2G24165.1	6.2377900804194	0.301081165757787	0.000682275526659801	0.0207776952453785	0.79643041318558
AT2G24490.1	-3.84095488889426	3.99727405476927	1.13767925887114e-05	0.000667262930750873	0.280561265386082
AT2G24700.1	-7.01439865573839	3.069982601223	3.004947957329e-09	4.22985378023133e-07	0.354877513995522
AT2G24800.1	-10.0078508316466	0.865030581574322	1.41808548460048e-05	0.000806822708498891	0.723002613842309
AT2G25060.1	-5.87035906513482	5.15692186341709	1.02479067403363e-10	2.00763888439805e-08	0.249327587936845
AT2G25450.1	2.92004721603454	6.53904874778586	0.000506833039005269	0.0165487083165243	0.283285546964552
AT2G25880.1	-5.59413764041394	3.7322633625945	1.07163225618994e-08	1.33975182660378e-06	0.290105992825235
AT2G26010.1.Hnull	-5.27830210394029	5.09800191610529	0.000556044743651643	0.0179397593609714	0.722658466013953
AT2G26410.1	-7.22132661753187	3.41023423568034	2.15317626905769e-10	4.05116917236667e-08	0.323794074886877
AT2G26960.1	-5.96755559191963	0.593905559300877	0.000680505066568624	0.0207570429855595	0.784784520355517
AT2G27035.1	-3.8814873232711	1.89811926551469	0.00162295498120168	0.0425980849554911	0.523441868290882
AT2G27120.1	-7.94692079267973	1.96258879749596	5.1190146453488e-07	4.34270693328408e-05	0.529783452939163
AT2G27660.1	4.32379063719828	2.43275529695633	0.000264100296727527	0.00950510973241135	0.470457014846555
AT2G27710.1	-2.51911431044811	7.64199748625763	0.00182288349489998	0.0466849798565828	0.271446835240937
AT2G28140.1	-4.83021027280025	2.18131685597907	8.12053414563884e-05	0.00350714796294488	0.474300545446795
AT2G28315.1	-3.93529758973748	3.34185056673308	5.48726341392276e-05	0.00254327967450669	0.340025308929147
AT2G28355.1	-12.8173327430912	3.63758835892275	1.65437394810778e-15	8.7327967044145e-13	0.304393231032988
AT2G28610.1	-9.17250151223108	0.0626904045736138	0.000145520290534525	0.00573718274072111	0.806972258840071
AT2G28620.1	-5.65119409010919	5.02337508634877	2.60236339786448e-10	4.84830506368811e-08	0.246673167449359
AT2G28680.1	-9.53413780030645	4.75676960996865	5.39629439611991e-19	7.88813710842051e-16	0.229604541763358
AT2G29550.1.DE	-3.43907297263113	7.26135633729641	9.78089058264021e-05	0.00411208548101575	0.298920055281994
AT2G30432.1	-4.72261473697698	3.5059143340378	1.12623108905158e-06	8.69990625416555e-05	0.311459666935787
AT2G31270.1	-4.34412655809298	4.22095617097907	2.34899792840171e-06	0.000168445311824217	0.295586114608511
AT2G31432.1	-10.4358889089082	1.28197241652487	3.45855643570394e-06	0.000236413481826194	0.680255968413701
AT2G31880.1.DE	3.45762668099084	7.05958159918322	4.11072703206708e-05	0.00197262994420128	0.272924529969246
AT2G32280.1	-4.20284569164652	1.90755439548028	0.000754556699783857	0.0227239951917474	0.52629472497044
AT2G32290.1	3.13032350504813	5.29766741049051	7.22469315660039e-05	0.00320773000128218	0.245378921607782
AT2G32860.2	2.37649597106833	5.77611540759579	0.0017829663432074	0.0459724686838131	0.243515768782711
AT2G32870.1	8.00179502809789	6.2504479421894	5.52262952353861e-10	9.54059353052766e-08	0.411503681184777
AT2G33010.1	-7.4633409609132	0.67603439929072	8.45732073733631e-05	0.00361969517954058	0.732679427109306
AT2G33100.1.DE	-5.09786294448391	2.92919939017111	1.76773902394615e-05	0.000985112746980902	0.442230210649841
AT2G33160.1	-9.69621130577253	0.563708894947559	3.41859656475248e-05	0.00167864574987058	0.750455569584666
AT2G33190.1.DE	-8.97739197653031	-0.121840143428308	0.000226856768039143	0.00840467310836525	0.819942539370858
AT2G33400.1	-4.14577617873213	3.24898418434459	2.96422470884291e-05	0.00148234637216163	0.345512880935242
AT2G33560.2	-5.35104964901231	3.11931144531487	5.63541172325401e-07	4.73848358305292e-05	0.350532497934898
AT2G33775.1	-6.52789732870602	3.82192564321875	2.99585867901535e-10	5.42193356926941e-08	0.294287088321252
AT2G34430.1	4.51120277581649	7.7127658364004	0.000232823903914655	0.00857432683350813	0.510858707187549
AT2G34700.1	-9.80500449340522	0.668622975961559	2.44733799184143e-05	0.00126034590403693	0.737880127903057
AT2G35300.1	-9.32325323853807	0.205250821408551	0.000100890763062371	0.00419524544961538	0.792618034192748
AT2G36020.1	-7.7885379107151	4.71709325110453	4.72931751160093e-16	2.80847564602976e-13	0.225238521768036
AT2G36200.2	-5.25945277165093	4.69544169054419	4.58907353097039e-09	6.27382477043384e-07	0.257978355708411
AT2G36220.1	3.03007856460579	4.16306923189597	0.000134885842034295	0.00538494885751621	0.249030539076181
AT2G36270.1	-3.41083459919705	4.10187349753492	0.000290269232515886	0.0103489422617249	0.335461380793644
AT2G36660.1	-5.93731167970835	3.21173993425581	3.04384246537333e-08	3.32426082583272e-06	0.332929056323313
AT2G37290.2	-3.71082067295207	2.52237879404239	0.00116133933598374	0.0325500463151903	0.46535043809416
AT2G37390.1	-4.67607793902091	1.69458147347036	0.00040031508766951	0.0135842635910423	0.554210959886445
AT2G37770.2	-4.29996053437707	3.53894823736229	2.18777291688983e-06	0.00015990095669099	0.286072958406331
AT2G38080.1	-3.35829044057225	5.27005960021198	0.000428286137324918	0.0142785706317835	0.348095955408129
AT2G39030.1.DE	4.09344745661102	2.75796720217847	0.000172474744599112	0.00668885218697333	0.411901452859107
AT2G39250.1	5.3925881624114	2.86339785028167	1.0406003728428e-06	8.17770969055053e-05	0.371353170391931
AT2G39900.1	-3.45982966927527	4.05559503033431	3.14865483488988e-05	0.00156633214207886	0.262660010741657
AT2G40000.1.DE	2.71249054803667	6.72227582858888	0.000871790898868556	0.0256053206355474	0.271673001720901
AT2G40520.1	3.24935601643836	4.70538214091767	1.3925237764424e-05	0.000795614089753239	0.218507198969046
AT2G40550.1	-3.85150803655201	4.03809666726913	2.30014576874568e-05	0.00119425327987634	0.301719040152191
AT2G41120.1	2.33378745362265	4.25094943750957	0.00186979596427774	0.0476296685109516	0.236464075576711
AT2G41180.1	3.76042540982619	4.53491960555112	1.69165080565359e-06	0.000125572032264981	0.228896884798019
AT2G41415.1	-10.2597189686529	4.25517904453903	1.07146860604189e-17	1.19771281885965e-14	0.253624005273293
AT2G41445.1	-10.5088039842984	1.35310379471222	2.80230587154906e-06	0.000195063071344494	0.676082713006019
AT2G41650.1	-3.69655054421847	5.55323500579981	2.69086220047597e-06	0.000188688023600166	0.232948619252787
AT2G41860.1	-5.34385950863723	1.8144038154802	9.93076393087865e-05	0.00414036644256116	0.552052805299215
AT2G41905.1	-5.05551111985538	5.77072689080685	1.71128736688811e-09	2.62254788975603e-07	0.23246346118536
AT2G41990.1	-5.95058885155898	3.19367105538162	5.65224396011912e-08	5.90162593264526e-06	0.345039231824567
AT2G43570.1	4.07198971038438	4.26699975865162	5.49952123274226e-07	4.64477342159116e-05	0.237702492322166
AT2G43840.2	-4.15209790910347	2.20818187871515	0.000345142842816963	0.0120787282542371	0.45955998973369
AT2G44380.1	5.96404948254906	0.100678310766585	0.00129000116085496	0.0354246995082758	0.838484351434647
AT2G44740.1.DE	-2.83516898579439	3.70112786227886	0.00197887163316884	0.0499395719058532	0.334455962693627
AT2G45406.1	-8.46013308655778	-0.60408501740051	0.000571230717078252	0.0182132505312719	0.833837520791966
AT2G46300.1	-5.93798011995214	1.44149102180676	0.00013383769798969	0.00537465315458112	0.648713874627222
AT2G46440.1	3.64418350546023	6.73502370975155	1.25690134571628e-05	0.000725984689138189	0.263088873423506
AT2G47050.1	-7.17906612057723	6.39155956720744	5.07982158217135e-14	1.89278136325494e-11	0.245447293995159
AT2G47880.1	2.67415620553004	5.2548941833657	0.00069789271276123	0.0211853917262007	0.254889564561581
AT3G01060.1	2.5644735454556	7.5960390180564	0.00117054734911032	0.0327116342281522	0.258965402425749
AT3G01230.1	-7.54017239052078	4.6335721916818	1.34269666948114e-15	7.50448965004414e-13	0.223460332862853
AT3G01270.1	-8.39756984402453	7.84971419081294	3.02542473236587e-16	1.98248779962582e-13	0.257740744755159
AT3G01620.1	-4.40970075667497	2.20170178148506	0.000214228442851987	0.00802955246452922	0.474108235968713
AT3G01710.1	-4.65245016077346	2.84599339176675	2.5483334228864e-05	0.0013017736568578	0.403547645678645
AT3G02440.1	-10.7210691221385	1.56158294146637	1.08138460886664e-06	8.45660564703407e-05	0.644411302806509
AT3G02480.1	-7.54738522195043	5.31888395706458	7.57506667244643e-14	2.66572207363888e-11	0.262160334428648
AT3G03540.1	-10.3567545626834	3.49813124754566	6.31616980907767e-14	2.30819567080583e-11	0.316165564308865
AT3G03650.1	-7.65927570267219	3.51369752373694	1.08354282260984e-10	2.10107798551579e-08	0.335695315023331
AT3G03670.1	-6.5454068372976	0.62551556483707	0.000493164109234242	0.0161515042096127	0.827999420876593
AT3G04110.1	4.29890687772106	4.45331665691874	1.08415383309702e-07	1.05652180976116e-05	0.230695637930945
AT3G04210.1	4.39015006282575	7.52950473908771	4.17010241506579e-07	3.65181825776476e-05	0.265435275340201
AT3G04290.1	-5.04242610756107	7.9082161111568	1.08769177684105e-06	8.47106837512725e-05	0.351925872129135
AT3G05020.1	-4.50019737490782	6.49518711850418	9.79169954476715e-08	9.69123262756303e-06	0.248497649479907
AT3G05200.1	3.16703309759467	4.04412923443651	0.000101977417146521	0.00422195393907481	0.25917387918534
AT3G05720.1	-4.9258059368198	0.505523567089294	0.0017634727570441	0.0456230926165917	0.718936248689217
AT3G05780.1	-5.91345976658892	-0.0200896972263126	0.00150956384633803	0.0401206178628834	0.829506609272813
AT3G05790.1	-3.90373235050158	2.17015433239709	0.000738673312557493	0.0223163894412242	0.468771922529853
AT3G07120.1	-5.6726108111085	1.19939946766076	0.000219289566029939	0.00817090122209202	0.645684872919036
AT3G07820.1	-8.47504485834601	7.7277487519189	2.46806942498514e-16	1.67502583153545e-13	0.259106656217761
AT3G07840.1	-11.084275284054	1.91871928290789	7.18925004734441e-08	7.30573896522384e-06	0.5514964847148
AT3G07850.1	-8.96962647325206	8.60096342103126	2.7602519711448e-17	2.7606878004034e-14	0.262794091169927
AT3G07970.1	-5.56821518379311	0.523887725208918	0.00147273500238148	0.0393620017584462	0.808389923369612
AT3G08520.1	-2.33101537297289	5.20458283229139	0.00149864841854595	0.0398862967753902	0.227630135017532
AT3G08770.2.DE	-8.83245929278787	9.07241255297633	1.50509817365614e-16	1.1440552237595e-13	0.270721503026359
AT3G08870.1	4.21791784907338	3.68130654329831	3.20038296101706e-06	0.000219555514109051	0.286641243691809
AT3G09450.1	2.58355926168696	4.2339882410611	0.00090232994227013	0.02633944069579	0.248621951231584
AT3G10116.1	-9.41242960935756	0.290931507672477	7.74455780782897e-05	0.0033754548628939	0.781865039085935
AT3G10130.1	2.47847586598277	5.41539070639298	0.0011592815907997	0.032540366425357	0.242912208187336
AT3G10430.1	-9.23498609323538	0.122136239016966	0.000130458232391836	0.00529721750030354	0.805762028349915
AT3G10610.1	-2.59611530548306	5.08404142265732	0.000644469192271358	0.0198881679155	0.238871644030773
AT3G11000.2	-5.91403364013031	4.76571966101408	6.27558761444118e-12	1.59006655249634e-09	0.222015688070278
AT3G11165.1	-9.85594666484756	0.717762542362675	2.06530877358045e-05	0.00109628666548462	0.73125615663232
AT3G11210.1	-2.59992448619967	5.00100148109917	0.000583695272228546	0.0185484301975904	0.23594995325563
AT3G11280.1	2.57432595389913	4.93216248821274	0.00033509607509249	0.0117792516498366	0.213467193572304
AT3G11520.1	-5.26546457831196	2.85898855130213	2.88612169074715e-05	0.00145092514521873	0.488833861544229
AT3G11680.1	-6.34160804685985	-0.412368395818142	0.00136173785813109	0.0369859866309723	0.829770664523322
AT3G11740.1	-7.18583016366451	0.411396685253542	0.0002119580296806	0.00797591769905038	0.776812344798745
AT3G12060.1	-5.45860644479758	0.490448963740142	0.00173265498822895	0.0449803862586267	0.823879904491533
AT3G12110.1	-3.08987778317092	5.09086310846745	0.000394388780646301	0.013464380470984	0.299397308625811
AT3G12540.1	-9.05465355111407	-0.0484264221551497	0.000207348018528679	0.00784907250219221	0.825019389532523
AT3G12660.1	-10.8804343278702	1.71816847485553	2.69864285063993e-07	2.465495677438e-05	0.589132559577231
AT3G12710.1	-3.58625290430092	4.83345284316251	0.000614598634708289	0.0192408860879104	0.408471940639273
AT3G12890.1	-9.24896476671948	0.134890657407197	0.000120509550957941	0.00493543749321929	0.79838908391794
AT3G13062.2	2.77299645529442	6.45897491879591	0.000395335399899414	0.013464380470984	0.249948159414112
AT3G13450.1.DE	-2.76776901499736	5.03505133555208	0.000187710398183475	0.00717718450036333	0.223931521882212
AT3G13650.1	-4.34212404422755	2.36547493112718	0.000231883686334069	0.0085562828959346	0.463715857500594
AT3G14020.1	3.39600004280318	4.40174928441842	1.9213100595967e-05	0.0010461505748572	0.242446782042879
AT3G14420.1	2.78893339921132	10.8562961432944	0.000786924607520812	0.02358663772353	0.280646105337
AT3G14540.1	-9.54933330075994	0.422524409791432	5.57659731379046e-05	0.00257839607673869	0.772685660593406
AT3G15280.1	-5.50133068730282	2.48557827470678	4.79613306241535e-06	0.000311061148754536	0.430422652617182
AT3G15356.1	3.63990982412688	3.59075392731557	0.0006308426334148	0.0195880760829762	0.417019975429381
AT3G15550.1	-4.85633705298684	4.12985379153731	4.24925390661272e-08	4.51109340711517e-06	0.260385160947807
AT3G15720.1.DE	-5.23093231010733	1.56989118963473	0.000646658975774891	0.0198881679155	0.685604708217053
AT3G15840.1	2.82405676928802	7.91764168369336	0.0011729269513868	0.0327300012587421	0.306039781080979
AT3G16180.1	-2.68080613570426	5.31304501291579	0.000400136185270125	0.0135842635910423	0.235313656116349
AT3G16300.1	-10.0158894153495	0.873022930028555	1.49359919259367e-05	0.000840808492482628	0.729066050423785
AT3G16360.2	5.89010707373871	3.68580518376807	1.88483541662733e-09	2.84266090652137e-07	0.281380174837087
AT3G16660.1.DE	8.41087247466165	4.4495209918472	1.91072099347046e-16	1.39651657841997e-13	0.236010352291486
AT3G16780.1	-2.35165322653386	5.54136759218245	0.00143224576645334	0.0385509437675819	0.229683314175413
AT3G17060.1.DE	-7.05532284037922	4.05897213548877	1.00600602459132e-11	2.5154121691196e-09	0.279765399540239
AT3G17160.1	-3.26932158447792	5.64359702769938	2.57356304453215e-05	0.00130763151163755	0.235867412815269
AT3G17630.1	-2.78849529359055	4.2162849212659	0.000371324369158714	0.0128757864939375	0.24804519456234
AT3G18362.1	-8.24514942067481	1.40605634941876	8.88592759695622e-06	0.000537768414410697	0.668572810932099
AT3G18570.1	-5.2662575316008	1.21309324667372	0.000427863704700436	0.0142785706317835	0.647775718150333
AT3G18845.1	-6.85718915749271	0.0688879391627049	0.000563975468318012	0.0181034220007554	0.822657574312288
AT3G18850.1	-4.21497646409399	6.54501059589346	7.43398691716787e-07	6.01140652710387e-05	0.259654472298156
AT3G19090.1	-8.57919820988395	4.07082798384193	2.9822141417738e-14	1.18064615283599e-11	0.279133115882047
AT3G19210.1	-3.77400461263359	2.1219828814199	0.0010860437022402	0.0309082701305409	0.473884114388991
AT3G19710.1	6.45177408264201	6.92107050274649	1.81923443192466e-11	4.32136398873304e-09	0.2670226176889
AT3G20580.1	-7.40409013540781	4.32518728957051	5.18645740069742e-13	1.47272562219898e-10	0.265538318654455
AT3G20670.1	-4.20827897024632	5.34512024737357	4.0120633978536e-07	3.56267480137439e-05	0.246370751061644
AT3G20975.1	-10.073788211094	0.929119469228985	1.21623472968979e-05	0.000708960385530525	0.720683352654255
AT3G21320.1	-5.51602701470463	3.58029207757675	1.42675703817493e-08	1.73799128182297e-06	0.288274273255406
AT3G21570.1	-6.81208021557562	2.52286845661177	1.48169418068202e-07	1.40783172577502e-05	0.427405473460044
AT3G21690.1	2.66789892561161	6.69840941179159	0.00164801098809424	0.0430772390739406	0.294318747088532
AT3G21910.1	-7.73694860896914	0.940174266430726	4.23484534291912e-05	0.0020219790465199	0.716699395667426
AT3G21985.1	-8.93714160819317	-0.159540878224663	0.000250966254045043	0.00908402233451037	0.825619090190775
AT3G22060.1.DE	3.41365788617867	4.07119147351109	5.05832212629227e-05	0.00238519343339781	0.269949793876908
AT3G22160.1	3.65195832853622	2.56822948915631	0.000646786705876913	0.0198881679155	0.413935389209569
AT3G22230.1	-2.48081141463022	7.13683744499903	0.00193743778909856	0.0490241415529161	0.267173715705499
AT3G22510.1	-7.26819998275528	3.13489386875379	1.7010476761166e-09	2.62254788975603e-07	0.358153214210472
AT3G23030.1	2.45672382682488	5.92265740038623	0.00114761097128921	0.0323082241294945	0.239015356638194
AT3G23270.1	-9.85510379248	3.01679363505736	2.46500334558373e-11	5.64366970796719e-09	0.37689265124809
AT3G23670.1	-5.64069308865825	4.22591297530421	7.43383848309196e-09	9.67570086946551e-07	0.290787745497598
AT3G23730.1	-3.71184931645535	5.9863656152801	0.000430277799431013	0.0143197355912216	0.410244137157858
AT3G23890.1	-6.10521782080329	5.91797724745816	1.28145363956336e-10	2.4597437891538e-08	0.268484128412199
AT3G24360.1	-4.07358589398555	3.02622917024164	4.90617996114229e-05	0.00232499096762062	0.35246114813863
AT3G25170.1	-7.24878028996124	2.19802778453588	4.41863341174379e-07	3.8341228640807e-05	0.488071697959601
AT3G25265.1	-9.13346441602167	2.28154078660715	6.52810317095702e-08	6.70559700311872e-06	0.523464071575764
AT3G25610.1	3.89876354878171	4.54180371021823	2.24452092036264e-06	0.000163420042335829	0.248547837534658
AT3G25760.1.DE	2.80439652194413	5.21813706758014	0.000197216536257062	0.00748045077543501	0.230541101191284
AT3G26010.1	-8.80438907999195	-0.285124462747335	0.00031174735745873	0.0110114034085283	0.824795545225372
AT3G26050.1.DE	-5.09612837508106	2.77170532585831	1.86725095898101e-05	0.00102257550355954	0.441510653759674
AT3G26125.1	-7.05476541436516	5.45337740489563	1.90410503839394e-14	8.06919336604901e-12	0.22933664080472
AT3G26320.1	5.17217829566037	2.05613904249794	5.97797709083274e-05	0.0027494267868383	0.501486716797043
AT3G26500.1	5.89643560422234	2.2532130526327	7.21025822458644e-06	0.000444858886499403	0.485548618809343
AT3G26690.1	-3.68995329955818	3.1392878309477	0.000124222422186007	0.00506566242231909	0.338678307057373
AT3G26830.1.DE	4.41908454744479	2.28071666659637	0.000213580060947555	0.00802107094503239	0.472402366424082
AT3G26934.1	-6.07627022165772	2.40637252033912	2.41178629405604e-06	0.000171876840437429	0.457780481978901
AT3G26940.1	-9.40338340939321	0.281061671428099	9.8163977404742e-05	0.00411790300799628	0.806412108749263
AT3G27060.1.DE	-3.40073934400788	5.75450743910608	5.9899104865077e-05	0.0027494267868383	0.276310823048915
AT3G28500.1	-5.48089676202345	6.47732305980137	2.61242645874031e-09	3.76090454510925e-07	0.268425102166882
AT3G28980.1	-9.95069593441898	8.71971388274065	1.91786852169151e-19	3.64452555177037e-16	0.262357303247327
AT3G29034.1	5.30539829517075	1.36327317882517	0.000538792381639097	0.0175020027833979	0.67387227673541
AT3G29060.1	-6.23987962815695	2.12272057590137	5.02015723589735e-06	0.000320127677697172	0.499236323191837
AT3G42450.1	-7.13728239112003	1.14851210660103	6.31291897764117e-05	0.00287684410868382	0.710974078301104
AT3G42950.1	-2.30589744868706	5.18430703804646	0.00144918504607244	0.0388966997606138	0.221753843651503
AT3G43080.1	-9.35236739460425	0.234112620427045	9.93531072887379e-05	0.00414036644256116	0.797782348116119
AT3G43860.1	-7.15087270083879	4.8891681455833	2.55573386346378e-13	7.96173944383641e-11	0.252042282629584
AT3G44070.1	-9.44917926094089	0.325534566824164	7.18932090883463e-05	0.00319950035668816	0.780159258476503
AT3G44260.1	2.65734952824747	3.77301934605637	0.00153514914101866	0.0405870955629279	0.286044587358902
AT3G44770.1	-5.92557814519036	0.882391243289858	0.000302109473271051	0.0106908497589754	0.696398656836915
AT3G44860.1.DE	4.38089627411079	6.30329593064083	1.56079318674085e-07	1.47560959838987e-05	0.245894830849073
AT3G45260.1	4.63913734553539	4.59811193751949	1.27395470246023e-08	1.56186846521624e-06	0.226700919989785
AT3G45610.1	-3.50847930442733	2.70666665927069	0.000692120623189208	0.0210437891239432	0.39319827025344
AT3G45730.1	4.359044796701	2.48213130526338	0.000197039039461259	0.00748045077543501	0.460914137812909
AT3G45810.1	-10.4238512307702	1.27003179939075	3.6814893722426e-06	0.000248082774967114	0.682795070512338
AT3G46900.1.DE	4.1969733352218	3.26141592620602	3.01956538815836e-05	0.00150605777089694	0.353308383587362
AT3G46940.1	-4.1727021571145	3.96994467431299	6.9201371606055e-05	0.00310149449205156	0.386060664398817
AT3G47440.1	-6.38287856149618	2.45852783187891	7.64779456389805e-07	6.15809491939638e-05	0.446638804075366
AT3G47460.1	-3.38211179849813	4.0343466440146	8.76375644786724e-05	0.00374150426244482	0.284181557414397
AT3G47480.1	5.59779113496404	3.39282161032838	2.92059416849099e-08	3.22674715022293e-06	0.308621502087695
AT3G47870.1	-12.2702170707514	3.09335441445155	2.8495517638105e-12	7.52083780106818e-10	0.376238439155309
AT3G48310.1	3.33432915439658	4.27781082339171	2.55553842021691e-05	0.00130195433242311	0.241914980170129
AT3G48720.1	4.70427500965125	5.03660832778201	8.13826786756226e-09	1.05074888129625e-06	0.226086589439118
AT3G48740.1	2.78611954071409	6.78297276265667	0.000405391484838149	0.0137075700825255	0.252998545763893
AT3G49270.3	-10.3785137272247	1.22586471664156	4.10152603012778e-06	0.000271572470907729	0.684330052619789
AT3G49900.2	-2.89006350007586	3.85966712979881	0.000318760146634828	0.0112382171920253	0.257783128107082
AT3G50330.1	-9.46983968867574	0.346521890515251	7.44362593419576e-05	0.00328193094263392	0.788442878856797
AT3G50580.1	-11.4523323887687	2.28211367469559	8.76139113612591e-09	1.11740077691141e-06	0.508190459515184
AT3G50740.1.DE	6.64032129786769	6.19668583587163	4.23979415960644e-11	9.05267510280913e-09	0.287038115955404
AT3G51290.1	-4.83587186235394	3.48663453217884	1.61951229977724e-06	0.000120688596990851	0.331844877997488
AT3G51470.1	-4.15898481822921	3.2694478947491	5.40071061736294e-05	0.00252782521826965	0.372175538622112
AT3G51740.1	-3.90312450358994	4.73649240693185	3.63077820602363e-06	0.000246413136603811	0.259912205651957
AT3G51920.1	2.91833986010684	6.3998647684786	0.000209790494539546	0.00792574307700792	0.24991646511378
AT3G52130.1	-9.76163032504936	5.21376628313906	1.90148467293431e-18	2.58099380284076e-15	0.249132606130443
AT3G52430.1	2.60107405081803	5.26972706436921	0.000408942642810181	0.0137786117753934	0.223819973183184
AT3G52620.1	-9.18838644326127	2.33628938180972	1.79996108285965e-08	2.1113987936779e-06	0.483586643279052
AT3G52810.1	-10.4092193105802	4.40423513976244	9.44929852842663e-17	7.80717477981267e-14	0.277507764175178
AT3G52910.1	-4.46830259936659	3.34447422674135	3.64919814445163e-06	0.000246781894444891	0.316739456134815
AT3G53065.1	-9.73984895545793	0.606059723559909	3.49080561216638e-05	0.00170968502701025	0.759467723528356
AT3G54180.1	-6.02476183946125	3.45605055228362	2.31603226593235e-08	2.61973578270908e-06	0.333915840111828
AT3G54260.1	-4.78617363094549	3.21129411489927	2.43980880447722e-06	0.000172998831012987	0.339499819098063
AT3G54560.1	-5.7846469324576	5.56703103257995	2.86691331930781e-07	2.58198833207613e-05	0.386021947145905
AT3G54750.3	-3.57895431238611	4.08609466712141	2.51192042550232e-05	0.00128663137050729	0.270459777144408
AT3G54820.1.DE	-3.16382297519707	5.3714594589807	4.38859251224006e-05	0.00209013592757138	0.236374298207273
AT3G55110.1	-3.40726173614697	6.18174217543804	1.85084132297947e-05	0.0010220623249911	0.244770133750859
AT3G55540.1	-8.40222625637066	-0.656923497577564	0.000644786351162854	0.0198881679155	0.835924500438132
AT3G55660.1	-5.89765001948067	3.63189624441553	9.37776056640922e-08	9.33013529023426e-06	0.359438980482908
AT3G55780.1	-6.98323329603287	1.02289295161343	6.03544502028852e-05	0.00276365208965163	0.685261097566434
AT3G56180.1	-6.86935500772496	1.81197888878837	4.06903033721405e-06	0.00027131152104589	0.54012906028543
AT3G56200.1	2.51265566969781	5.53557514906039	0.00108507595339561	0.0309082701305409	0.246216853734253
AT3G56230.1	-6.2723975020536	1.75405469669827	2.71372529370432e-05	0.00137517124683369	0.583194714820065
AT3G56480.1	-2.75686821793287	5.48187806732346	0.000655072502501029	0.0201104083441471	0.266355839690513
AT3G56870.1	-3.48070653801486	2.73651527139983	0.00116368559113051	0.0325677721476481	0.422890479162884
AT3G57010.1	-3.51838698832362	2.35685965787511	0.00141616939497347	0.0382808919099301	0.442914246162927
AT3G57130.1	-5.14206346641835	0.681133337090537	0.0012804407917937	0.0352130482872008	0.722100065525683
AT3G57510.1	-9.24515048228081	2.41431795593302	8.90099762716854e-09	1.12763771939389e-06	0.468693715600951
AT3G57830.1	-3.19613492551994	3.86691556048783	0.000111715142803121	0.00460503873901889	0.266128285323092
AT3G58060.1	-7.45378356327976	1.50257542628325	1.95576332420817e-05	0.00105884246296091	0.674061199380918
AT3G58260.1	-9.47294173861693	0.348949766340166	6.47135545955154e-05	0.00293496820519947	0.773637062946726
AT3G58290.1	-7.32682096587384	0.515666273046689	0.000152569944452602	0.00599026168271237	0.762411753688531
AT3G58440.1	-9.08213477775548	-0.0229090560376814	0.000178196517728403	0.00689667703949661	0.812673722066436
AT3G58780.3	-4.47331159705109	3.69695389961778	1.84772185447782e-06	0.000136623573543354	0.299723558711454
AT3G60010.1	-5.88113714428286	9.53215475590831e-07	0.00155428403694354	0.0409086697424351	0.839623746255359
AT3G60420.2	2.74304361629448	3.84580440749684	0.000796619276147935	0.0238021322399988	0.270262469454721
AT3G60780.1	-7.90087255879936	2.46669611514665	8.7956386414081e-08	8.79702742645674e-06	0.483014452511731
AT3G60955.1	-4.21644983523888	1.65707834289352	0.0014560266792249	0.0390252115448672	0.578719921172947
AT3G62230.1	-7.166873090402	5.45287745621584	3.19583140573745e-14	1.23939559598426e-11	0.23744952493435
AT4G00460.2	-4.4957223842999	2.55302885139273	8.01368328505379e-05	0.0034688843614095	0.429113026206246
AT4G00670.1	4.39224309388934	1.69014025675753	0.00148760856910032	0.0396480022981954	0.617787327702708
AT4G00700.1	5.0734193753948	4.16048605238148	2.26772055497256e-06	0.000163853588236287	0.369752962149232
AT4G00730.1	2.4711870373482	6.40999053396455	0.0018174521668434	0.0466086957173079	0.262060813410183
AT4G00870.1	-5.30424282231928	5.70222324308978	2.20932830826426e-09	3.27998951890201e-07	0.25287266308154
AT4G00970.1	7.08592882149597	4.18854926235489	4.38599145496293e-13	1.29964140902892e-10	0.249735099525696
AT4G01010.1	3.59748622472585	3.56160573182494	0.000157444267810706	0.00615620045515812	0.336395676946335
AT4G01180.1	-8.902342430237	-0.192573545979747	0.000263896789830923	0.00950510973241135	0.82448126816631
AT4G01390.1	9.33100111318688	5.1769265917466	1.22727072657356e-17	1.29565697872652e-14	0.25056194971143
AT4G01470.1	-9.22249101722123	3.74597167837858	1.45242539747836e-14	6.4187069368096e-12	0.282864825154848
AT4G02410.1.DE	3.92955678658235	5.52640119478133	2.11781980823519e-05	0.00111791471710815	0.311439255742754
AT4G02650.1	-6.80392421899832	2.85440070757848	3.07478639839124e-08	3.33886662449307e-06	0.389368764557994
AT4G02700.1	-4.45937235421647	2.46416590195352	8.35433284760366e-05	0.00358993712496576	0.428881195903156
AT4G03100.1	-4.78257672139346	3.67195100326226	4.49662801148014e-06	0.00029465317966261	0.359673171778564
AT4G04500.1	5.79556108655662	3.10207254467789	4.16902830381896e-07	3.65181825776476e-05	0.38171000172254
AT4G07960.1	-6.34337483390225	4.55862169372924	3.75705047161364e-11	8.20634828874414e-09	0.263338049403729
AT4G08850.1.DE	2.64148515728634	7.21944731995361	0.00142503772282359	0.0384113359529315	0.282013803854134
AT4G08910.1	-3.49265471601098	2.9161457176675	0.000759136828512271	0.0228257549876878	0.397224861756181
AT4G09420.1	5.10082294569238	0.391301596164932	0.00179032186780124	0.0460371941188457	0.743255124908987
AT4G09644.1	-10.006517867693	0.864222767937437	1.95061284029987e-05	0.00105884246296091	0.750160337955786
AT4G09984.1	-10.3640069989956	1.21188619642958	4.64514675716488e-06	0.000302745791722868	0.690623195421694
AT4G10115.1	-10.7784973717268	1.61801805003783	6.06434013708692e-07	5.05441472039749e-05	0.618826100780779
AT4G10120.1.DE	3.04069677632137	8.64548741186487	0.000235541996450801	0.00864358111216795	0.272449224592794
AT4G10290.1	-6.78385235736784	2.26669195108504	7.28224334134605e-07	5.93924764873815e-05	0.471754904774349
AT4G10640.1	-4.97956428322231	0.931108978786736	0.00097711323993218	0.0282619222198344	0.672203718334369
AT4G11000.1	4.23592259656129	1.95991855253287	0.000552681443442969	0.0178615739281407	0.502646948331798
AT4G11030.1	-6.13278651769885	3.29991922088057	2.56594494652201e-08	2.86827363639751e-06	0.342316508853623
AT4G11050.1	-5.22156572120689	0.972398213946422	0.000618399224829914	0.0192646565072834	0.665575432236966
AT4G11190.1	-5.56414451771076	0.828791065141067	0.000618279365312818	0.0192646565072834	0.714035224943474
AT4G11290.1	-5.28849789550031	2.58251833413863	0.000359737245255802	0.0125432786634789	0.666476650419585
AT4G11320.1.DE	-6.15423542372696	6.86418912768293	9.15733777809014e-10	1.53997247608006e-07	0.299795288463005
AT4G11810.1	-4.65211400390305	2.43151922512933	6.81366035397411e-05	0.00306824615418412	0.446810889058359
AT4G12310.1	5.10108137651777	4.32380575804148	2.73828049570138e-08	3.04301428419961e-06	0.27237640523727
AT4G12540.1	-5.57150952309682	1.62334133676194	0.000228616295355711	0.00845213124639023	0.644237564745662
AT4G12930.1	-8.62412154699414	-0.451556458153969	0.000458051080318179	0.0151117095126499	0.838087537517429
AT4G12940.1	-8.38245241526408	1.56811947632395	4.26159153166589e-06	0.000280218075696356	0.643021636467278
AT4G13240.1	-11.0930579255683	1.92734797965389	7.23996864562457e-08	7.30840980216208e-06	0.55262240165909
AT4G13700.1	-9.28987828501345	0.174165583742816	0.000111122774623611	0.00459057844820105	0.798253593726204
AT4G13770.1.DE	3.50415770876866	8.08072162808065	2.19278793540371e-05	0.00114792146381478	0.261126779261585
AT4G13830.2	3.03429725595604	6.34109458309765	0.000395365168805403	0.013464380470984	0.291413580525606
AT4G13960.1	-10.2045261843501	1.05626274729023	7.52138140031742e-06	0.000462552785599456	0.703182179176014
AT4G14090.1.DE	3.17009569283405	3.45278645407544	0.000726669998265061	0.022023779867673	0.339313522123438
AT4G14120.1	-4.97337455673471	1.55305360533419	0.0013290437033543	0.0362350322738046	0.718259985177126
AT4G14200.1	-2.75351084604727	5.19912109586056	0.000186757988882397	0.00715516544905683	0.221713137466531
AT4G14310.2	-4.61146156050905	4.13896257041822	1.04141753676432e-06	8.17770969055053e-05	0.302087924684752
AT4G14365.1	2.98218322981032	4.86252390619419	5.71085026442013e-05	0.00263406037802854	0.219430156203813
AT4G14400.1.DE	5.96065979047179	9.70894933275215	4.43015249260858e-09	6.14497721292269e-07	0.312974641317705
AT4G14695.1	-7.23105989813724	4.59201578887724	2.58702110204929e-14	1.04598217026048e-11	0.233662732661423
AT4G14700.1	-5.14646392888095	1.23583639205437	0.000577914396295642	0.0183954895691894	0.653428002092845
AT4G14780.1	-7.63541045165107	3.84128327219896	1.251911314764e-12	3.49853981095004e-10	0.280722244387791
AT4G15210.1.DE	-3.98199862943114	7.89291473027165	7.58683452725895e-06	0.000465072956520973	0.289298283718184
AT4G15650.1	-9.39070906474744	0.269739189798721	8.32927531049469e-05	0.00358914328175353	0.784914225534741
AT4G15980.1	-12.5898801098481	3.41116067481914	2.02515634465726e-13	6.41400766958698e-11	0.353287499461922
AT4G16260.1.DE	7.75535130178408	3.22800304826962	7.87297740117803e-10	1.33580526388023e-07	0.371654607995104
AT4G16500.1	-2.78046948102163	4.92140455377245	0.000296985441066654	0.0105291312249806	0.23996301876262
AT4G16610.1	-3.93693263887531	1.87604318021242	0.00126326707120762	0.0347911074697947	0.513904021882635
AT4G16790.1	2.41818888302418	4.79604478020534	0.00188194540433242	0.0477471408792109	0.252511520237554
AT4G17000.1	-5.4652771345862	3.08808215686243	2.71181935119684e-07	2.46567957563606e-05	0.342236723346673
AT4G17090.1	3.27903540742892	9.04035943552431	5.4842804951803e-05	0.00254327967450669	0.258370949549146
AT4G17210.1	-5.97462222145979	1.23614204659166	0.000137378704875984	0.00543876568491316	0.64794348504839
AT4G17370.1	3.68838578348561	4.2008339283203	6.92689103781036e-06	0.000428767786291565	0.250145402591842
AT4G18395.1	-8.47934090158054	2.46906957612014	2.29877020729409e-08	2.61578025444369e-06	0.46783451422183
AT4G18900.1	-5.62833129120686	0.904491726337204	0.000371983728104597	0.0128757864939375	0.675851137322196
AT4G18970.2	-3.36042633776423	6.16566998784215	0.00100444987746056	0.028876794283484	0.398541054395288
AT4G19370.1.DE	4.10444142881146	2.7217145821124	0.000154048859698452	0.00603585666154572	0.408366174570375
AT4G19530.1	2.91284515403514	5.45436269526512	0.000344877185315446	0.0120787282542371	0.266065205044343
AT4G19840.1	2.6024642422647	7.03274182106801	0.000851695691377953	0.0251760143732846	0.251937672640581
AT4G20080.1	-8.67386338725237	-0.406112229859903	0.000392451331358414	0.0134373921618089	0.829194998415461
AT4G20110.2	4.41129560734205	4.33255116845672	2.42635608827669e-07	2.24917291441571e-05	0.25322020950951
AT4G20160.1.DE	-6.94322668805376	1.91570970376061	9.09182469184189e-06	0.000548482363870068	0.598160499739994
AT4G21390.1	4.60377666151735	1.48648200950931	0.00120773073650227	0.0335533730785857	0.648665919179351
AT4G21650.1	-3.09454893930074	8.36077947314619	0.000379485783384939	0.0130640730827246	0.299821755717229
AT4G21960.1.DE	2.90596473188259	11.2384671742887	0.000862595205631998	0.0254532557338895	0.305523345093141
AT4G22690.1.DE	4.21466081971723	7.27973920736195	4.97112349618029e-06	0.000318068214807791	0.304239945379159
AT4G22730.1	-2.42107917574029	4.99802977481694	0.00115350955421883	0.0324262456491427	0.232235283459407
AT4G22770.1	-3.54084961586041	2.43180964682395	0.00154127653212492	0.0406225768931621	0.456180178627243
AT4G22950.1	4.99027521302538	0.547038449242319	0.00169680292842144	0.0441703370531406	0.724577773615825
AT4G23140.2	6.69122673622963	5.78491810132011	1.03109635588558e-11	2.54466546115502e-09	0.27104471312831
AT4G23270.1	4.75693532193535	5.19621012258171	5.68980480698467e-07	4.763143645248e-05	0.304219812128968
AT4G23810.1.DE	2.77014062200772	3.91886078307866	0.000624334129212083	0.0194177110596026	0.264181678640401
AT4G23880.1	2.95143153561197	3.89745293870335	0.00054234566577203	0.0175574015105041	0.288133679587933
AT4G23900.1	-2.79307057354419	4.7042187043092	0.000149013724082781	0.00586274906572483	0.220344264687931
AT4G24350.1	2.74307215648868	5.60732249787579	0.000215547980534027	0.00806310683875612	0.225159171830394
AT4G24580.1	-6.2574927864066	3.20164814386665	2.24433655671247e-07	2.10094224567523e-05	0.406387920458127
AT4G25010.1	-6.19069438885166	3.66624387922831	5.40661297440794e-09	7.28665718813291e-07	0.318517712616698
AT4G25590.1	-9.39988490714484	3.41422593021671	1.40995335381281e-12	3.88309327282679e-10	0.334019947226811
AT4G25890.1	-2.66656875786999	5.06098680241435	0.000373902595547312	0.0129044515797052	0.230883410639776
AT4G25950.1	-6.68604336500341	2.75535362286485	6.38848091735736e-08	6.59784254742076e-06	0.399416118976627
AT4G26150.1	3.32121241779805	3.13091373761326	0.000610842990159428	0.0191865278380159	0.355165696258233
AT4G26230.1	-2.52851149331304	6.31870270075932	0.00111843849216909	0.0316746448087768	0.250459851496067
AT4G26760.1.DE	-3.69608947824669	5.44438851685744	2.29106777833702e-06	0.00016491348860507	0.229847335408978
AT4G27250.1	-5.78328118316515	0.358750019343233	0.00125891650374455	0.0347216114958747	0.812162824160714
AT4G27330.1	-9.42643624990291	2.57241403655807	2.03804212189517e-09	3.04952082223417e-07	0.440762185915344
AT4G27510.1	-5.2423125899741	1.30703868848602	0.000906618428700823	0.0264240337432542	0.719468548347285
AT4G28250.1	-3.85883004250615	6.43439053596112	3.74456086261224e-05	0.001810633335171	0.322212196298882
AT4G29150.1	-6.35917318254361	2.04716909668207	9.53392900403062e-06	0.000571524456982946	0.540408774466954
AT4G29190.1	2.80586502550715	6.50914122407411	0.000732796658763553	0.0221741001695602	0.280016394970597
AT4G29340.1	-8.9946011473613	4.47447162609404	6.05375317322496e-17	5.57268744485915e-14	0.244305150740145
AT4G29700.1.DE	-4.78228515331287	5.77631303149469	1.32185332092855e-07	1.26864538674774e-05	0.277743152645251
AT4G31020.2	-5.92556954024582	1.41690462147932	0.000164795651211177	0.00643041429151127	0.66192716662302
AT4G31360.1	-3.65033542323188	3.95414673274191	1.22400458305799e-05	0.000711307617487797	0.259870449054707
AT4G31810.1	-2.55257013243763	4.18572287309145	0.00153952079022597	0.0406225768931621	0.266837144867679
AT4G31840.1	-6.4582488549738	5.85335932263313	1.7433361750099e-10	3.31286173337131e-08	0.293875987565259
AT4G32280.1.DE	5.97556767561839	3.42407291741128	4.1460261903844e-08	4.42623234246487e-06	0.343667019662681
AT4G32480.1	-3.75641743916582	3.90731752699684	0.000437936116831952	0.0145425291061326	0.416544996443951
AT4G32630.2	-6.27668963389966	1.75763844211403	3.29853391213807e-05	0.00162810493330804	0.596364093779039
AT4G33010.1.DE	2.75361262232396	11.6804089874098	0.000870592299575717	0.0256053206355474	0.279071350145569
AT4G33565.1	2.26066627033294	4.69043413046902	0.00173104391640584	0.0449803862586267	0.220554002659954
AT4G33600.1	-7.15430862811307	0.380966677369844	0.000211933301731049	0.00797591769905038	0.770505515732933
AT4G33790.1	-2.55647624328878	5.92748987625035	0.000835038253762009	0.0249108821605015	0.243160797769723
AT4G34510.1	-7.51620084330379	4.34116251987581	2.14475787988657e-12	5.7403991537302e-10	0.285741536126622
AT4G34940.1	-6.40137273203572	0.488123098039657	0.000493818025879333	0.0161515042096127	0.797926246042936
AT4G34950.1.DE	3.6396640035804	5.74067933754128	2.0122563827146e-05	0.00107715233917537	0.274338677974161
AT4G35090.1.DE	2.82397278125684	10.5285340842091	0.000539914037118392	0.0175085092958375	0.270438772050124
AT4G35180.1	-2.99545247221715	3.48113029223076	0.000559374260616783	0.0179861067250435	0.295651962206627
AT4G35420.1	-4.90391643198719	6.27716360311685	1.6446506832625e-08	1.95333105837733e-06	0.252686865771884
AT4G35620.1	-6.01696398478201	3.08675541601033	1.34373639892161e-05	0.000771450839537984	0.547413950259881
AT4G35650.1	-7.06149754134729	1.99998907453199	1.27843015823844e-06	9.75662983815462e-05	0.50914467365288
AT4G37560.1	2.47199118349558	6.00341638991519	0.00113119068475771	0.0319405892755585	0.241064675752256
AT4G37840.1	-10.7215376292585	1.56214655045949	1.20294025970402e-06	9.25484767415202e-05	0.650711634350432
AT4G38660.1.DE	-4.7323307600769	5.59190417174793	1.26724796186312e-06	9.71028750777619e-05	0.322524133841612
AT4G39330.1	-2.66143945828816	9.1873695364529	0.00123031872598405	0.034031654657751	0.278708489144425
AT4G39670.1	-3.47248361241187	2.95849744665887	0.000468021726969471	0.0153872264318354	0.367533949638928
AT5G01120.1	-5.6072736445521	0.193189916811815	0.00196229432467056	0.0495870732070673	0.837285349781683
AT5G01870.1	-9.28312210877503	2.43019677322598	8.18348862978711e-09	1.05074888129625e-06	0.467651276926921
AT5G02110.1	-6.67111042348004	2.69723888803146	4.23694310395337e-07	3.69333164240486e-05	0.451734963537653
AT5G02550.1	-3.19391955071279	3.38103851469561	0.00042828949429651	0.0142785706317835	0.316816431743948
AT5G02760.1	4.94861556043817	4.38014199760934	1.85524675470777e-06	0.00013664827162679	0.3531188654458
AT5G03490.1	2.46628443553902	4.1464379905744	0.00153565867019656	0.0405870955629279	0.25108471168985
AT5G03600.1	-7.38393446228659	1.38847966977251	2.8756547249503e-05	0.001449497791465	0.685617161991474
AT5G04250.1	-3.14170550179787	3.74540298981621	0.00131410189733411	0.0359825336527957	0.369903219472755
AT5G05870.1	2.77954847947224	3.24677442355459	0.00187639151626112	0.0477336920796653	0.318962699096504
AT5G06839.3	-11.4139712718295	2.24424622180307	7.14958665971215e-09	9.36990312375932e-07	0.497942565529946
AT5G07030.1	-5.40930564584405	6.89369758768001	4.14627204051359e-07	3.65181825776476e-05	0.361878055647769
AT5G07100.1	6.38938393781467	3.25333165279655	1.70052299447543e-08	2.00714524621221e-06	0.352681737266801
AT5G07230.1	-14.3353124372006	5.15153595986173	3.29742243809736e-22	6.26609185911641e-18	0.243209227022306
AT5G07420.1	-8.77863235633719	4.97649743630524	9.23338930696936e-18	1.1479166563277e-14	0.232343520382554
AT5G07580.1	2.67589409435758	5.76533800449919	0.000349049524952378	0.0121929928725552	0.230614456716791
AT5G08250.1	-9.4776612687762	2.64367397925426	1.08975036403474e-09	1.78521777308208e-07	0.430568029190245
AT5G09500.1	-9.11662279131582	3.65258692844182	8.27440204584993e-14	2.85888112867793e-11	0.296788383525686
AT5G09550.1	-11.9372885972775	5.08761164798717	1.2252143961631e-21	1.16413745851437e-17	0.235752214011932
AT5G10160.1	-2.9224977394148	4.95071208530711	6.76121250102385e-05	0.00305186036002271	0.216527537981704
AT5G10180.1.DE	2.60332574188916	6.43103975640099	0.000989564627448129	0.0285351997198737	0.258217184415607
AT5G10200.1.DE	-2.42532562627991	4.58187353318273	0.00104996762880003	0.0300489982682032	0.229147412358135
AT5G10420.1	-6.40677461627908	0.974241365366231	0.000126843458406826	0.00516146946489274	0.682229914940282
AT5G10500.1	-8.81095739264834	1.96296916422193	2.40556349983658e-07	2.24082956800953e-05	0.542413695066904
AT5G10510.3	-3.74035164690832	2.56784645811594	0.0004385028247021	0.0145425291061326	0.407387617102901
AT5G11130.1	-12.0294025788184	2.8541831058662	2.98897921218603e-11	6.68230258460836e-09	0.404637040423968
AT5G11230.1	-2.45698560442943	4.21493542451622	0.00132147615720499	0.0361088726017431	0.243259465386493
AT5G11360.1	-4.82201389258714	1.08827725485273	0.00142154066383916	0.0383715017541699	0.691897674994058
AT5G11920.1	7.93024813795004	3.401332940808	1.11783205602637e-09	1.81556944962984e-07	0.391817515596623
AT5G12000.1	-7.00202409850469	4.36503482516747	3.12403195243792e-13	9.42317130034567e-11	0.243850709214916
AT5G12330.4	-5.37551394841277	0.709327513842776	0.00178691097670149	0.0460117470057702	0.825229662200042
AT5G12870.1	-4.45499445242076	1.30005165405493	0.0015120942358721	0.0401317412908905	0.629338335682485
AT5G12940.1	-2.46176142579847	4.44191052074546	0.00185933288664803	0.047426715228151	0.260163776951223
AT5G12960.1	-4.72393072440975	3.67364844878755	3.59274067340191e-06	0.000244705559199486	0.345330995075918
AT5G13170.1	-4.7154374263332	2.40408400906459	7.57465167173965e-05	0.00330899093604755	0.455685126732478
AT5G13700.1	-3.7995807916116	2.16483211517965	0.00112054420585062	0.0316870558687193	0.478870448490893
AT5G13790.1	-6.89912273339287	2.36811131034288	7.35164899221129e-07	5.97023016235004e-05	0.483480011289164
AT5G13940.1	-5.13151973540501	1.38981767170901	0.000411538668591144	0.0138415386181195	0.626281442995376
AT5G14345.1	-9.24540577829617	0.132236946701486	0.000134062284653552	0.00537465315458112	0.810892474603152
AT5G14740.1	3.04593577262128	9.38645591032018	0.000237606960880538	0.00866649726989034	0.273604897796861
AT5G14990.1	-8.99400922504901	-0.106031931819245	0.000219246145264553	0.00817090122209202	0.820412282715018
AT5G15150.1	-4.13886604922264	2.13109837574368	0.000569314654116017	0.0182132505312719	0.495207639273972
AT5G15510.2	-5.52192625655438	3.19343044829305	1.28111056998405e-07	1.23578396758411e-05	0.330006044289403
AT5G15520.1	-2.66902224160659	4.02934129310011	0.000749796773384156	0.0226164890232049	0.255460641402135
AT5G16100.1	-7.31089394042962	1.34031883200571	2.0004231042354e-05	0.00107384294490919	0.651310364106491
AT5G16130.1	-2.46968581317037	7.48127068699847	0.00162552372259691	0.0426066583455297	0.256751443981946
AT5G16500.1	-7.30839910804158	3.98276192115254	5.19247575053051e-13	1.47272562219898e-10	0.259099923980961
AT5G16570.1	4.84090918298122	6.38245562807889	7.2640351169019e-07	5.93924764873815e-05	0.320066616936195
AT5G17030.1	-5.18480418603936	2.70632005666848	4.09912087182325e-06	0.000271572470907729	0.391609152339042
AT5G17160.1	-5.31382306919549	4.19489502726481	3.0245288219497e-08	3.32226134124336e-06	0.290136381427413
AT5G17200.1	-9.77277090597898	0.637704930906022	2.92097345405773e-05	0.00146457146563217	0.748466934998341
AT5G17210.1	-3.37203633367756	3.75460616008562	7.49672523219183e-05	0.00329007551010026	0.276304966563011
AT5G17340.1.DE	-12.7783903587289	3.59881602472122	1.50412143323449e-15	8.16651988450146e-13	0.301426941772382
AT5G17500.1	-7.8129565052768	2.75251624163853	5.28410027093902e-09	7.17241124633245e-07	0.40554285881616
AT5G17540.1	-3.08830974427955	3.07891565269855	0.000999266923922111	0.0287713172049877	0.34079944766947
AT5G17590.1	-7.84172305951808	1.85944992940543	8.43873737837071e-07	6.70967892891961e-05	0.540101718033153
AT5G18330.1	-8.99606885062087	-0.103845092016814	0.000226890349133893	0.00840467310836525	0.824846587800681
AT5G19340.1	-6.71085224109841	3.49256696401648	3.71320446855802e-10	6.59458173046805e-08	0.306486491313508
AT5G19580.1	-5.34273317007195	7.4672470566824	6.97224550938908e-07	5.7356528751048e-05	0.369485236093219
AT5G20100.1	-5.77582846184014	0.351795717672705	0.001322516199064	0.0361088726017431	0.817461164786659
AT5G20230.1.DE	-2.50817253052272	5.59591551614692	0.00136354419830441	0.0369859866309723	0.255268325316377
AT5G20635.1	-5.05136259389928	3.55963186636364	1.00428356097595e-07	9.88829041928804e-06	0.287910021688368
AT5G20710.1	-8.45394779517925	6.23045660077468	3.60282193151611e-16	2.21581618346336e-13	0.256210291706656
AT5G21050.1	-5.46005988315627	0.758295830493324	0.000661758778261674	0.0202502448684486	0.706352638188615
AT5G23010.1.DE	5.47838253354044	7.3841148320144	1.61045723244678e-09	2.57172426791481e-07	0.26206604116108
AT5G23270.1	-5.42338388901194	3.10105249157192	4.74775529936277e-07	4.06403576368427e-05	0.353311040763975
AT5G23510.2	2.78563325469752	4.01771836909155	0.000633011943631629	0.0196233702525805	0.267676221778944
AT5G23960.1	-8.42973739423693	3.68107041696014	2.03442121945457e-11	4.77285264608582e-09	0.349112676290745
AT5G24210.1	5.91296730227039	6.46656964450917	5.95717773468443e-11	1.21724998378718e-08	0.248580248157498
AT5G24660.1	3.25770504102809	4.58429671636723	2.28991144969263e-05	0.00119219691173997	0.230319615624863
AT5G24790.1	-11.9380453070732	2.76344392797283	5.79216250948593e-11	1.19639634964958e-08	0.412083574711782
AT5G24880.1	-4.16983922833734	1.87677592633658	0.000851874821976635	0.0251760143732846	0.530216186455306
AT5G24910.1	-6.24274022186343	1.49492446836497	6.99950382687112e-05	0.00312968402875369	0.638503345002156
AT5G25290.1	-6.77446597387765	0.0216926972328128	0.000557925466708121	0.0179699282099228	0.80958612494435
AT5G26920.1	6.03862080646535	4.53180927416527	1.46819349773438e-11	3.53165582752486e-09	0.235728040090457
AT5G27000.1	-3.79595712778781	3.10933738069965	9.84019072317196e-05	0.00411879172494354	0.34475871257399
AT5G27350.1	2.77022693445465	5.30843227652484	0.000289782026541022	0.0103489422617249	0.237874409984139
AT5G27980.1	-7.00074230276662	2.27533914482431	2.41494060920873e-06	0.000171876840437429	0.545700593646171
AT5G36150.1	-11.2708340929795	2.10276433785424	2.23093014422004e-08	2.56806960300293e-06	0.524289358539681
AT5G36220.1	3.79228712180054	4.84342327260443	1.3624272589034e-06	0.000103148227892196	0.228673263728029
AT5G38110.1	-2.90018203792037	3.69685833261738	0.000571170035404115	0.0182132505312719	0.28216206618794
AT5G38120.1	-3.79567197473639	4.3707813914543	3.60419039094345e-05	0.00175616487177175	0.310277480212587
AT5G38390.1	-8.90455089324417	-0.190225341720456	0.000268343392973376	0.00963956426592262	0.826708487898618
AT5G38450.1	-9.40786976992025	0.286148380648035	7.96464248107038e-05	0.00346343480704303	0.783290180078266
AT5G39400.1	-7.29154948260883	3.60400005012656	2.2539486623439e-11	5.22338858908794e-09	0.296441077233424
AT5G39670.1.DE	4.27843115376145	3.05707044375992	1.79358114912008e-05	0.000994004669780242	0.341379375673952
AT5G39870.1	-12.6020825593364	3.42334171410944	4.18758296338463e-14	1.59153278106396e-11	0.331966575771034
AT5G40040.1	-11.4890114724386	2.31861113643877	3.6542868629474e-09	5.10605979827863e-07	0.483186510678
AT5G40348.1	-10.4325326842663	1.27827143748589	4.23336747891973e-06	0.000279328757645526	0.693680155670547
AT5G40460.1	-4.55837346108978	1.38423231856031	0.00136437281630856	0.0369859866309723	0.637778984973346
AT5G40940.1	-7.34956737249734	1.40140808534191	2.86512177522264e-05	0.00144802949719563	0.687723354903328
AT5G41080.1	-6.06164631668509	3.55703337592351	1.75291795729139e-09	2.66485599539266e-07	0.290978642582769
AT5G41740.2	3.20380497265501	4.95251927955854	1.3941982417925e-05	0.000795614089753239	0.213606088276706
AT5G43080.1	-3.58054456856068	2.28391713134827	0.00160156709387151	0.0420948540592536	0.464542445449836
AT5G43740.1	2.44521574612912	5.21639413767374	0.000850259992686485	0.0251760143732846	0.22492735681692
AT5G44190.1	2.88305976555286	6.85148176495975	0.000235614114408409	0.00864358111216795	0.248690920251344
AT5G44265.1	-11.5402871762697	2.36930893450671	2.46809153751105e-09	3.60778026825558e-07	0.475763370317909
AT5G44568.1.DE	4.73258381541727	2.78195089585077	2.14702116691339e-05	0.00112706749267556	0.402434452861981
AT5G44580.1	5.64696107391686	6.4944937523535	1.5372162865043e-09	2.47556958410518e-07	0.272363980680306
AT5G44630.1.DE	-10.2274873085835	5.70399537540536	2.38570404371372e-19	3.77796116189098e-16	0.253269154037136
AT5G44820.1	2.82868269265976	3.27263365339099	0.00166154325287312	0.0433713000471811	0.321247176527765
AT5G45750.1	-2.32118459795688	4.72306732013943	0.00146243741320086	0.0391418283986704	0.224436491405841
AT5G45850.1	-4.64105619677222	2.70841564734608	0.000138720417851302	0.00548046590525632	0.485564759971592
AT5G46200.1	-8.36183829404596	2.37143494621253	3.4245117955722e-08	3.69749986654878e-06	0.471253108078131
AT5G46910.1	-2.72223390435237	4.10105136386845	0.000587390187800394	0.0186036262312848	0.254414901831971
AT5G46930.1	-9.36998013452528	0.250910892820606	9.52460213050192e-05	0.0040310916322033	0.796410918551353
AT5G46940.1	-11.8115878147553	2.6381508604415	3.86613708771933e-10	6.74020211724132e-08	0.447088530152155
AT5G46970.1.DE	-10.2636657434453	1.11425430295587	8.5297093004144e-06	0.000517859635258067	0.721348656752075
AT5G47150.1	-7.98762601537323	1.18330204420331	1.96256543208636e-05	0.00105950655982776	0.693146300058949
AT5G47220.1.DE	3.76562899214061	4.36547275002696	1.57310856530863e-06	0.000117692055380157	0.228127046193017
AT5G48140.1	-7.74907075804579	5.47341521399521	1.91082303569018e-14	8.06919336604901e-12	0.259165821513733
AT5G48210.1	-10.5675345636949	5.09703609479866	1.59530153202827e-20	7.57887875328329e-17	0.233565136803358
AT5G49130.1	-6.68528249761108	2.14353991683361	1.6538603632684e-05	0.000924362014211455	0.609270712258117
AT5G49270.1	-7.16036717399048	1.70591471027415	5.65788597071158e-06	0.000356015917554411	0.577524851843594
AT5G49460.1	-2.91013000783917	6.97083577414739	0.000289399476799978	0.0103489422617249	0.259938218653857
AT5G49920.1	-6.27622056182086	3.14247677014945	1.47786881677267e-08	1.78278958637496e-06	0.340223261037112
AT5G50030.1	-8.02671157256848	4.94424819144798	6.96167739138469e-16	4.00887137783283e-13	0.237699017249914
AT5G50200.3	3.11916441055287	3.46012691876736	0.000669703105058194	0.0204603988833133	0.325902501465235
AT5G51060.1	-6.37614444215436	2.41666947815385	1.39616173998316e-06	0.000105282783908333	0.464577869102347
AT5G51560.1	-3.12444822818054	5.70416458684471	7.15148032052446e-05	0.00319013099837855	0.244769074603419
AT5G51810.1	-11.2528491069834	2.08528176043427	2.48589659739773e-08	2.79523627457687e-06	0.526480321788368
AT5G52750.1	4.25013521502576	3.95296951265962	9.65021840155816e-07	7.64096251186707e-05	0.263904953316285
AT5G53510.1	-7.43329658474562	2.9065278264032	5.66886933456471e-09	7.58630450455867e-07	0.388990159177455
AT5G54010.1	-9.71905203011394	3.71686501326226	5.45750113903927e-15	2.65920241397855e-12	0.28373841609813
AT5G54330.1	-8.53600158048077	-0.533552560121766	0.000518604915049984	0.0168750842477652	0.834799280164362
AT5G54585.1	5.18267845425609	4.41373158912442	2.7397640164833e-09	3.88535340337554e-07	0.243602383371442
AT5G54720.1	4.24334598542537	3.07707285189515	3.69561901410756e-05	0.00179610864770041	0.36481513153417
AT5G55340.1	-5.23893138458436	1.1555296294271	0.000600222204178642	0.018946881305659	0.669962293614147
AT5G55830.1	-5.12158754566993	2.37772952069814	5.3211530261734e-05	0.00250291759793003	0.491327309868498
AT5G56120.1	-6.01160539931269	4.58101844813697	1.08530587941837e-08	1.34797827624754e-06	0.325867284879192
AT5G56530.1	-2.71489752575622	4.50770118521773	0.00024140611736901	0.00878820009264998	0.223445509033603
AT5G56640.1	-8.22928680195014	2.75935044819345	1.66502171779534e-09	2.61490972754255e-07	0.397762178826788
AT5G57130.1	-2.88214273518787	4.51914590222249	0.000131812159658691	0.00532131104610546	0.228445790348276
AT5G57220.1	4.12596497353177	2.37033741290425	0.000426734215363659	0.0142785706317835	0.470647643796233
AT5G57380.1	-7.05295078292008	2.02271151446984	4.87720199311794e-06	0.00031311307255142	0.577067090393227
AT5G57410.3	-2.90971974861184	3.64323893286051	0.000407103996304469	0.0137410252962235	0.269223231433401
AT5G57420.1	-9.31966883181411	0.203498257268289	0.000137158293862904	0.00543876568491316	0.828434119864065
AT5G57630.1	3.54967059018055	4.71675504857542	1.11362841096246e-05	0.000655178968839619	0.247038141598794
AT5G58170.1	-7.06332270341757	3.43966515019175	2.61845270887191e-06	0.000184290580839604	0.572199938563844
AT5G58670.1	2.99326565878232	4.15330015903888	0.000249055233163469	0.00904932427496253	0.264837344536045
AT5G58770.1.DE	3.17808263373928	5.39802852485103	3.57955603803252e-05	0.00174864533138128	0.232815071953317
AT5G59120.1	-9.13058365354981	5.33473235523286	9.0620663953923e-17	7.80717477981267e-14	0.262777001721812
AT5G59780.3	4.66683215454606	5.55907199713069	2.19199250711889e-08	2.53990448858416e-06	0.23790639519835
AT5G59870.1	-4.13150009100233	6.33637249166338	8.36890041761739e-05	0.00358993712496576	0.392556844525944
AT5G60200.1	-3.04318223720222	3.98127991329188	0.000236229961822816	0.00864947584685736	0.270007601634509
AT5G60500.1	-10.3120749532686	3.46955098768642	6.68992145413584e-14	2.39865240364044e-11	0.315335508779229
AT5G60615.1	-7.910561700813	2.84877269554038	2.39041671223675e-09	3.52132471183217e-07	0.39460876090372
AT5G60660.1	-4.01039926439495	3.45634826577946	3.32694188361209e-05	0.00163787245114716	0.333564083663208
AT5G61000.1	-4.65164492631664	4.13755650277586	1.02116480796414e-05	0.000608313318048358	0.373717267938106
AT5G61160.1.DE	7.40301194800324	0.630104736901687	0.000133564010797041	0.00537465315458112	0.77052603357142
AT5G61270.1	3.88234104019539	4.27957001662799	2.13467964358357e-06	0.000156622846590805	0.245713028819641
AT5G61590.1	3.50452153229092	5.52369720442452	1.26763055215759e-05	0.000729963132807595	0.246175185710834
AT5G61620.1	-9.88747512193957	0.748169817571946	1.85555702847934e-05	0.0010220623249911	0.727012591551542
AT5G61710.1	-6.07192314782732	0.632506950476651	0.000584752415563136	0.0185510019247851	0.774481965709279
AT5G62065.1	-8.3615923188341	1.52011478493637	6.18504510487689e-06	0.00038662635568413	0.660438692331015
AT5G62210.1	-5.71099869224178	5.97587149237891	2.24332765404666e-08	2.56806960300293e-06	0.321058636001091
AT5G62700.1	-3.12286790024834	8.37844716855144	0.000131891675141592	0.00532131104610546	0.264298003384978
AT5G62750.1	-8.40512021696795	4.08935283989724	5.96786748285596e-15	2.8351846444178e-12	0.258074300271511
AT5G63090.2	-7.98808517671548	1.18326817847373	2.02955101271131e-05	0.00108335836782452	0.695760673099025
AT5G63730.1	-6.18420711390734	-0.556782805274735	0.00176461469626874	0.0456230926165917	0.832640389727703
AT5G63920.1	-4.33827976389517	3.29332920057782	9.79381230138117e-06	0.000585257280387253	0.329517386454826
AT5G64000.1	3.5673393521482	4.05162497852635	3.18215447689489e-05	0.00157795110309289	0.275697715160646
AT5G64140.1	-2.55859720011245	6.32489543090614	0.00121687661795927	0.0337581114906276	0.259409470714905
AT5G64690.1	-4.64386918228879	2.01748636142541	0.000178687401267235	0.0069016192810595	0.494248483968511
AT5G64770.1.DE	5.16725196391409	5.94254885326699	1.68718368653768e-09	2.62254788975603e-07	0.240277856387612
AT5G65205.1	-3.54763624645357	4.77181767450651	2.87953041480443e-06	0.000199706994425287	0.218233615793553
AT5G65350.1.DE	-4.22217587691453	1.73418131752238	0.00101073954574115	0.0289699601624722	0.548208295922896
AT5G65510.1	-5.90130061119953	0.491524408991846	0.000565293573171876	0.0181151328347136	0.738288022625631
AT5G66170.2.DE	-2.92634062946758	3.97977106241398	0.000296525947839645	0.0105291312249806	0.260722793330369
AT5G66230.1	-6.35548553696459	4.27140485037534	5.69437548909923e-11	1.18912326834453e-08	0.267971854187984
AT5G66310.1	-2.78431526608964	5.29930588146256	0.000492582361982312	0.0161515042096127	0.25909766659654
AT5G66640.2	6.10589687801035	3.70612299778408	1.65128773369228e-09	2.61490972754255e-07	0.293906028238206
AT5G67260.1.DE	-2.70480927637371	5.98686450685998	0.000455698467546883	0.015060239963119	0.244330304677424
AT5G67270.1	-5.96908610477292	3.90315091693103	3.65959627155865e-10	6.56068942909708e-08	0.265069649318983
AT5G67340.1	3.17968220907335	3.5872843248234	0.000402321960416168	0.0136280289015837	0.31145083216108
AT5G67460.1	-3.69344214834161	3.81133594407246	1.79415672122624e-05	0.000994004669780242	0.275068090249247
