baseMean	baseMeanA	baseMeanB	foldChange	log2FoldChange	pvalue	padj	dispersion
AT1G01150.1	46.1842803656019	90.3896036418185	1.97895708938536	0.0218936361003115	-5.5133446122201	0.000149626451794196	0.0187101700729807	0.0774826510621134
AT1G01280.1	991.862926393147	1981.13781494145	2.58803784484751	0.00130633912761087	-9.58025481334366	1.18888228515938e-10	2.40663340745986e-07	-0.000238394206659784
AT1G03050.1	1008.52500569189	2005.4811794691	11.56883191467	0.00576860657337735	-7.43756141162408	2.94820233184677e-08	1.82654535377598e-05	0.148578207194872
AT1G04090.1	184.464698508067	358.045873512337	10.8835235037974	0.0303970086208027	-5.03992683519397	5.56245760079818e-05	0.00826017893053835	0.0281481206387411
AT1G04700.1	417.374249694566	786.187082555958	48.5614168331741	0.061768271077791	-4.01699024021348	0.000455827904211623	0.0472466489308321	0.217817674146395
AT1G05440.1	244.023028146224	485.686701413832	2.3593548786159	0.0048577712170167	-7.68548973866684	7.97879570622934e-08	3.93550719777876e-05	0.097659501668264
AT1G06520.1	663.23800705324	1299.30420844296	27.1718056635213	0.0209125818934144	-5.57948499992394	6.16196763174265e-06	0.00129211721262542	0.214149523976978
AT1G07330.1	225.934964966729	449.0539496102	2.81598032325697	0.0062709176162494	-7.31710771826162	2.02418511579491e-07	7.77173045867172e-05	0.0288924187168431
AT1G09380.1.DE	310.258289936375	619.983726772699	0.532853100051608	0.000859463042401701	-10.1842767755531	1.02252608487225e-09	1.13328249616364e-06	0.246584893172184
AT1G09470.1	320.071599092645	616.243998289667	23.8991998956233	0.0387820408181718	-4.68846746573212	7.86555738962815e-05	0.0111674528354825	0.100196759890434
AT1G13150.1	858.660585445291	1643.79114552257	73.5300253680113	0.044731975572624	-4.48254971388496	8.87675715017566e-05	0.0122212323188782	0.00370609637286725
AT1G16410.1	6798.6482742515	122.980680024122	13474.3158684789	109.564493104412	6.77563652528388	9.53098571369986e-08	4.4298168459544e-05	0.421115056452683
AT1G16630.1.DE	515.151445021817	1013.25455279327	17.0483372503629	0.0168253250906845	-5.89322180962339	2.84428253117733e-06	0.000698514790990037	0.000894060581240545
AT1G17030.1	562.424620988432	1106.20234542635	18.6468965505177	0.0168566778289834	-5.89053595669272	3.01221688249115e-06	0.000733152073363472	0.316998963191297
AT1G18370.1	1064.08610624569	2106.78630376084	21.385908730542	0.0101509624836491	-6.62223966388591	2.80677441014716e-07	0.000102016893894149	0.0625163719496598
AT1G18410.1	167.675673404542	330.55566890862	4.79567790046447	0.0145079281692495	-6.10701468231806	3.37737332227971e-06	0.00080058431969865	0.131230773422727
AT1G18520.1	209.792394003261	419.128162561881	0.456625444641073	0.00108946495470501	-9.84216449526331	5.99823547965242e-09	4.95490603561591e-06	0.0274666155900995
AT1G20135.1	243.987842549761	487.975685099522	0	0	-Inf	5.22561941987977e-10	7.91391029921792e-07	0.132008105951961
AT1G20610.1	418.708766322093	820.520910216821	16.896622427364	0.020592555554616	-5.60173330894546	6.37989657665307e-06	0.00129264523562941	0.0173489329747524
AT1G20930.1	542.372898254744	1060.16128820299	24.584508306496	0.0231894038954841	-5.43039045508974	7.77408580251294e-06	0.00149240548575002	0.26186265365771
AT1G21540.1	1536.84836278623	2924.28324386039	149.413481712061	0.0510940525428783	-4.29070082163067	0.000182591009549884	0.022121915201466	0.38528881926611
AT1G22350.1.DE	444.799095560544	41.9910331817576	847.60715793933	20.1854323105239	4.33524258017346	0.000166543731130128	0.0204503698676004	0.0553540237831637
AT1G23810.1	41.0547754773223	82.1095509546446	0	0	-Inf	4.90093363790287e-06	0.00106879560775386	0.448932515788354
AT1G24520.1	664.481970636991	1321.35302353808	7.61091773589931	0.00575994272561632	-7.4397298184598	4.13889936952544e-08	2.38788056838355e-05	0.144676692317206
AT1G26540.1	262.159753527167	518.306408130766	6.01309892356662	0.0116014365812154	-6.42955272750202	1.01122873354358e-06	0.000278445406832302	-0.00142675401559452
AT1G26760.1	159.704486746192	312.178453545715	7.23051994666877	0.0231614958192813	-5.43212776108604	2.08458377519422e-05	0.0035431914741948	0.0940181516626956
AT1G27045.1	901.441202835254	1767.03175460752	35.8506510629903	0.0202886286392477	-5.62318483686446	3.49144897538628e-06	0.000813477769820769	0.170332108310445
AT1G30740.1	40.8550944771634	81.1773358542752	0.532853100051608	0.00656406242511032	-7.2511953255227	2.3733106290565e-05	0.00394490535049269	0.15748813359508
AT1G31990.1	86.5511894447207	170.210170910774	2.89220797866751	0.0169919809327002	-5.87900213741799	2.02627138210204e-05	0.00350271084024409	0.113500416688015
AT1G35730.1	19.1480527248098	38.2961054496196	0	0	-Inf	0.000252960303879029	0.0292548857150956	-0.00352215610760132
AT1G47520.1	195.284033792754	373.595957990556	16.9721095949524	0.0454290503736697	-4.46024104144625	0.000218536605680765	0.0259041610709265	0.0152716647308609
AT1G47980.1	4588.46120011445	9159.64463952449	17.2777607044167	0.00188629159584008	-9.05023156975478	1.23598194073507e-10	2.40663340745986e-07	0.189470873631947
AT1G48470.1	541.404708353601	1067.81478322599	14.9946334812113	0.0140423542703827	-6.15407135887081	9.93656814942378e-07	0.000276398824238053	0.28841695245021
AT1G48820.1	27.340954677449	54.6819093548979	0	0	-Inf	4.38965295825622e-05	0.00676056156169856	-0.0138055146050978
AT1G49290.1.DE	140.681233339142	277.480780154923	3.88168652336019	0.0139890284335836	-6.15956042189137	5.2807810820574e-06	0.00113349678973925	0.103755737473132
AT1G50240.2	559.754254577632	1054.88823361642	64.6202755388443	0.0612579356557139	-4.02895943970768	0.000449268833493864	0.0467445358818425	0.358130666009718
AT1G50810.1	121.656539047935	238.669855506227	4.6432225896434	0.0194545833188484	-5.68374610898946	1.57810243833292e-05	0.00279344626421789	0.203923847347182
AT1G53140.1	436.70070736969	849.95958077622	23.4418339631601	0.027579939674016	-5.18023688854622	2.03018456624566e-05	0.00350271084024409	0.0217914123369015
AT1G54070.1	194.169148744597	385.369861855116	2.96843563407804	0.00770282247757625	-7.0203971079088	4.66201765563723e-07	0.000152686637713251	0.104427443731502
AT1G54560.1	639.091620986867	1277.65038887368	0.532853100051608	0.000417057048385002	-11.2274676390622	3.19043499655008e-11	1.04012737012907e-07	0.137553573371257
AT1G54620.1	107.004650624242	214.009301248484	0	0	-Inf	6.88387190475668e-07	0.000213243577413258	0.627418022386751
AT1G56430.1	256.203608460829	8.82257459640697	503.584642325251	57.0791027973102	5.83489075275563	8.35888440217142e-06	0.0015934488727496	0.481362184047852
AT1G57820.1	884.646503393252	1705.36174209764	63.9312646888609	0.0374883891849383	-4.73741235307451	6.90321507597744e-05	0.00995670068630397	0.34389187697533
AT1G58225.1	315.640395329195	6.91612651819659	624.364664140193	90.2766400379556	6.49628081945627	8.17454333389359e-07	0.000240038378791906	0.0611927408713876
AT1G59780.1	39.0692632602401	77.1490479757875	0.989478544692681	0.0128255444578295	-6.28483611872306	9.00646856659482e-05	0.0123375041771545	0.0113850204445636
AT1G61590.1	239.945236773608	479.433848102574	0.456625444641073	0.000952426380507408	-10.0361047983153	3.50020180292268e-09	3.0704442362807e-06	0.161746928689877
AT1G65140.1	54.6179521838662	108.779278923091	0.456625444641073	0.00419772450379924	-7.89617679884309	5.5002310015123e-06	0.00117137732110332	0.0497610912678103
AT1G67040.1	624.419188256533	1180.5687998562	68.2695766568622	0.0578276985341113	-4.11209550386456	0.000342884653504613	0.0372391858746445	0.0736545047972441
AT1G68610.1	131.889940289432	257.462611521477	6.31726905738662	0.0245366463893716	-5.34891811143597	3.39519604423498e-05	0.00538099093987475	0.0145368497814166
AT1G68825.1	34.8656050035588	68.3613336731944	1.36987633392322	0.0200387596367268	-5.64106297871288	0.00034280883640013	0.0372391858746445	0.136314531668517
AT1G68840.1	1065.53280790296	19.7115835727786	2111.35403223314	107.112349671839	6.74298101704471	1.9321267652116e-07	7.5242536599526e-05	0.0312182894904396
AT1G69120.1	3274.38089909291	6540.9984251391	7.76337304672038	0.00118687890473774	-9.71861153792691	2.97686378925457e-11	1.04012737012907e-07	0.135392689115622
AT1G69560.1	111.40347939161	221.817480238526	0.989478544692681	0.00446077803980402	-7.80848892064401	4.7049440821398e-07	0.000152686637713251	0.0436142500617343
AT1G69940.1.DE	7367.69719613639	14720.9326118916	14.4617803811597	0.000982395664896761	-9.99140818513385	7.51424903882034e-12	5.12096071995606e-08	0.000733167315477269
AT1G70540.1	141.132700419362	280.743069193979	1.52233164474429	0.00542250837790919	-7.52682390776339	3.14447682539206e-07	0.000111322647091153	0.0289987338060576
AT1G74420.2	184.972030448789	352.36138957152	17.5826713260588	0.0498995402062631	-4.32482966770317	0.000271241048737705	0.0307436105213231	0.0449230622028202
AT1G75240.1	2618.7095555388	5068.44696290139	168.972148176217	0.0333380519541809	-4.90668638413523	2.58672084225643e-05	0.00414788295058296	0.129789420595584
AT1G75870.1	255.631508937903	508.447037552548	2.81598032325697	0.0055383945923098	-7.49631644004202	1.17206322556046e-07	5.23777762766854e-05	-0.00280623472864779
AT1G76470.1	967.849522821251	1923.74833496296	11.9507106795448	0.00621220066177469	-7.33067985334774	2.44214402774248e-08	1.58506776657762e-05	0.355856958784458
AT1G77520.1	556.705000211416	1091.79244677477	21.6175536480622	0.0198000578882204	-5.65835154154427	3.48522524059088e-06	0.000813477769820769	0.167620452996328
AT1G77730.1	30.1122204474679	59.6915877948841	0.532853100051608	0.00892677041667296	-6.8076459622366	0.000115263972611459	0.0152267558199467	-0.0182671012675262
AT1G79250.1	235.76644608644	471.000039072829	0.532853100051608	0.00113132283619453	-9.78777360669037	3.60433659431336e-09	3.0704442362807e-06	0.0135273777968822
AT1G79780.1	656.108118563971	1297.22160364673	14.9946334812113	0.0115590377457935	-6.43483488684561	4.85657667724379e-07	0.00015504842213542	0.0430919500667223
AT1G79800.1	121.442589642268	238.927265105765	3.95791417877073	0.0165653517065903	-5.91568735550961	1.09075911684794e-05	0.0020365817483065	0.185896634341887
AT1G80660.1	4648.4958209403	9271.41765502941	25.5739868511886	0.00275836854758837	-8.50196905541862	6.91676014067759e-10	9.42754407174356e-07	0.0301266640314358
AT2G01913.1	162.299682219409	309.757186268427	14.8421781703902	0.0479155248960984	-4.38336301686689	0.000245035697735408	0.028597977530718	0.0701483304463128
AT2G03160.1	17.4990142461378	34.9980284922756	0	0	-Inf	0.000377435459364663	0.0402779828788003	0.127482482975482
AT2G07170.1	439.06420040505	867.625275095533	10.5031257145668	0.0121056013650713	-6.36818144047866	8.1891303109491e-07	0.000240038378791906	0.0444148412139989
AT2G10970.1	81.5983105473966	163.196621094793	0	0	-Inf	1.38217697314501e-07	5.79663758275892e-05	0.134687319218823
AT2G14710.1	36.4557991672082	72.9115983344164	0	0	-Inf	1.02065075084611e-05	0.00191882341159068	-0.0272184810277079
AT2G15080.1	2721.12339156732	52.5600695546207	5389.68671358002	102.543371027678	6.68009042079668	1.4888726837269e-07	6.14949535733261e-05	0.147784714301485
AT2G16380.1	430.194580658711	17.4851628910597	842.903998426363	48.2068141817168	5.59116518514617	6.85050124532811e-06	0.00136309973684412	0.31410073882811
AT2G17620.1	129.948029461447	258.52618258897	1.36987633392322	0.00529879148102063	-7.56012092935416	4.5026411790247e-07	0.000149685364073431	0.179782085480555
AT2G18480.1	157.193278968003	309.667848178775	4.7187097572318	0.0152379712165263	-6.03618535457425	6.29343975009614e-06	0.00129264523562941	0.0620583630479132
AT2G19920.1	188.229114571071	372.956940408013	3.50128873412965	0.00938791682036875	-6.73497922543555	8.6195808256778e-07	0.000244760180529143	0.0932797967091183
AT2G20430.1	99.0959306264729	197.735235808305	0.456625444641073	0.0023092770632127	-8.7583430090194	2.43410243397216e-07	9.08953867809332e-05	0.283838124207224
AT2G21260.1	111.84945895515	216.62011278663	7.07880512366984	0.0326784296832236	-4.93551753134185	9.7947913140957e-05	0.0132181193674381	0.109661512701769
AT2G21480.1	242.631069891271	483.359410348568	1.90272943397483	0.00393646920539459	-7.98888209245248	5.54830652168702e-06	0.00117245609132704	0.670913220862673
AT2G21490.1	1431.45350532866	2857.73093496762	5.17607568969501	0.00181125368604853	-9.10879565887518	2.39152738909695e-10	3.83488450745781e-07	0.429024818056417
AT2G21720.1	78.7006631566754	157.401326313351	0	0	-Inf	1.86741499440228e-07	7.37764242716032e-05	0.0302306164926209
AT2G22340.1	42.3950429277404	83.8006073107881	0.989478544692681	0.0118075342941494	-6.40414846407431	5.6950410724403e-05	0.00839171998025528	-0.00511274981680543
AT2G23050.1	33.3141297197897	66.6282594395794	0	0	-Inf	8.85655677553512e-05	0.0122212323188782	0.741008641289514
AT2G24615.1	24.4325709112413	48.8651418224827	0	0	-Inf	7.78296755545616e-05	0.0111080468880489	-0.0286128804262612
AT2G26450.1	729.837213423498	1444.98544447525	14.688982371747	0.0101654881216339	-6.62017669827599	8.11182559446882e-05	0.0114574282748819	0.737500355222153
AT2G29170.1	251.882685981097	20.4284069510812	483.336965011112	23.6600419292867	4.56438072524809	0.000129666091331363	0.0168318935699665	0.42370504330549
AT2G29880.1	58.5940881759326	116.655323251814	0.532853100051608	0.00456775640577829	-7.77429856950123	3.61355490466921e-06	0.000834792429671887	0.346091948915123
AT2G30432.1	409.485437124686	789.820111496465	29.1507627529067	0.0369081039196065	-4.75991856587433	5.57546927079625e-05	0.00826017893053835	0.407475330891628
AT2G31230.1	690.220663221371	73.4755929946223	1306.96573344812	17.787753459081	4.1528124088593	0.000253270470607577	0.0292548857150956	0.127357070314036
AT2G32510.1	83.745527282549	160.260534618429	7.23051994666877	0.0451172833279522	-4.4701759892208	0.000411026125374151	0.043428574332168	0.0493805646519351
AT2G33190.1.DE	31.331267282531	62.662534565062	0	0	-Inf	2.14239814450931e-05	0.00360504774193356	0.046999204739658
AT2G33793.1	222.422008383029	434.949971806953	9.89404495910467	0.0227475470753588	-5.45814520547476	1.52763781024057e-05	0.00272179128804954	0.0920208768341831
AT2G34700.1	55.6489847490813	111.297969498163	0	0	-Inf	1.04489325461873e-06	0.000284837901209066	0.0980884325156335
AT2G34870.1	497.489043448684	993.912380697265	1.06570620010322	0.00107223354975776	-9.8651651023934	0.000194984813926166	0.0234153569499	1.29275200261434
AT2G36190.1	1302.57152687072	2602.32707341818	2.81598032325697	0.00108210084428709	-9.85194933006902	5.66798955596607e-11	1.54509395295635e-07	0.026082614746005
AT2G38905.1	113.554324366036	222.999019730303	4.10962900176966	0.0184289106146739	-5.76188539809308	1.74621850911379e-05	0.00307109139086721	0.423963054224188
AT2G39590.1	40.8951144782175	79.4308740778191	2.3593548786159	0.0297032470812851	-5.0732355384791	0.000437518825263902	0.0458238955637237	0.217397485435345
AT2G39820.1	110.659835642773	213.251387617184	8.06828366836252	0.037834612747497	-4.72414951113392	0.000139988581631368	0.0177492499314935	0.173850828686483
AT2G40010.1	279.403307049858	526.153822124858	32.6527919748585	0.0620594027864153	-4.0102063762665	0.000475978911217408	0.04914842848404	0.0591409331924722
AT2G41550.1	688.74218507504	1307.38384878772	70.1005213623593	0.0536189286928704	-4.22111379523835	0.000218560419894097	0.0259041610709265	0.0236631838133584
AT2G42350.1	46.3585612122643	1.45419188310381	91.2629305414247	62.7585201112758	5.97173942786106	9.38944913843205e-05	0.0127754316604645	0.374284565882273
AT2G42480.1	137.639173112382	274.821720780122	0.456625444641073	0.00166153331456071	-9.23326906459653	4.79757926475546e-08	2.66902062769865e-05	0.0848190830686523
AT2G42900.1	404.742090025637	766.863336925367	42.6208431259073	0.0555781468139938	-4.16933845935345	0.000355572773195198	0.0383119122422969	0.024657121102145
AT2G45480.1	126.927905932033	248.604249006782	5.25156285728341	0.0211241878538454	-5.56496031355163	2.06286934265826e-05	0.00353671813087197	0.188578124634135
AT2G45490.1	151.87687691305	299.111271724279	4.64248210182126	0.0155209199407928	-6.00964211970543	6.38754896816108e-06	0.00129264523562941	0.222773345477796
AT2G45650.1	426.846217167159	851.637249589522	2.0551847447959	0.00241321612668594	-8.6948271561225	3.1953169412955e-09	2.90347799399051e-06	-0.00223634576957344
AT2G46720.1	1259.7227397864	2377.71692178858	141.728557784218	0.0596069937869669	-4.0683745753655	0.000319212404973291	0.0355172659574364	0.255525734407707
AT2G46860.1	1398.31825218828	2791.46042868686	5.17607568969501	0.00185425365034815	-9.07494567550496	2.16267648164626e-10	3.68466005560482e-07	0.0881599801317379
AT3G01015.1	58.2350246280873	114.338636855968	2.13141240020643	0.0186412262627493	-5.74535942286206	4.96758417437384e-05	0.00760765980861972	0.0356011441846089
AT3G01270.1	8375.06849442478	16701.7295083029	48.4074805467087	0.00289835136670392	-8.43055178146034	7.68672409641614e-10	9.86950410700176e-07	0.0110127369937996
AT3G03910.1	544.882886408818	1030.01666234684	59.7491104707914	0.0580079067212911	-4.10760663073881	0.000323735153518707	0.0358740661988616	-0.000607554446614192
AT3G04110.1	783.521989553624	76.7316520744948	1490.31232703275	19.4223933245421	4.27964908270427	0.000188424006201303	0.0227276035798562	0.0415250444656542
AT3G04620.1	884.183657508256	1736.70474207417	31.6625729423437	0.0182314081232534	-5.77743019592481	2.73587904764347e-06	0.000678000571261464	0.0450251347789152
AT3G05980.1	190.24033157718	378.577933720386	1.90272943397483	0.00502599138643977	-7.63637608593681	1.51248517114523e-07	6.15378295006252e-05	0.00167399702320607
AT3G06100.1	453.315383362204	900.389725322432	6.24104140197609	0.00693148891691446	-7.17261900122799	9.83870707142044e-08	4.47005257944868e-05	0.0566519422503253
AT3G07960.1	314.675528234947	604.007233560581	25.3438229093128	0.0419594691936264	-4.57485976249269	0.000137940574945383	0.0176345384593365	0.0384181532234146
AT3G07970.1	50.1680859029012	98.5096700272381	1.82650177856429	0.018541345007645	-5.75311028747918	0.000106473421165767	0.0141583681023356	-0.0157708170917453
AT3G08040.1	319.305321399387	635.338037030875	3.27260576789805	0.00515096779533602	-7.60094076452988	6.60967868331886e-08	3.46499694052446e-05	0.00171056342173488
AT3G08770.2.DE	19521.0208454361	38958.6235444477	83.4181464245388	0.00214119850331384	-8.86736573533221	1.71698505357236e-10	3.12033417069217e-07	0.256651473709481
AT3G08790.1	112.18319103182	223.453131174357	0.913250889282146	0.00408699079078712	-7.93474529212336	4.89147626692814e-07	0.00015504842213542	0.357282093135822
AT3G10290.1	117.415045504391	226.305181895778	8.52490911300359	0.0376699686749976	-4.73044135618266	0.000146498861312405	0.0184034975086459	0.00939742239342607
AT3G11160.1	51.7582800665506	103.05993468846	0.456625444641073	0.00443067857573756	-7.81825661457694	7.29372713963507e-06	0.00143041008508239	0.032932182959472
AT3G11680.1	25.2418446284376	50.0270638122342	0.456625444641073	0.00912756835689814	-6.77555371653316	0.000266093851403517	0.0303502861475309	0.0183790937087924
AT3G13900.1	139.148672908438	268.63050284836	9.66684296851735	0.035985648934195	-4.796434514868	0.000105962723460145	0.0141583681023356	0.166765604602924
AT3G14520.1	58.2602642173459	115.98767533464	0.532853100051608	0.00459404931182779	-7.76601794219362	3.99868320284937e-06	0.000893476263194047	0.0222856577492674
AT3G15720.1.DE	105.574628167877	206.050148789292	5.09910754646234	0.0247469248453526	-5.3366069286632	4.99985328020178e-05	0.00761430169934639	0.0991260870850233
AT3G15830.1	627.364890589137	1252.90327939971	1.82650177856429	0.00145781546636178	-9.42197617309995	6.02028111017275e-10	8.63751910859522e-07	0.399337569901368
AT3G16660.1.DE	777.832286388665	4.55742224487963	1551.10715053245	340.34747433709	8.41086459354205	2.57618952455496e-09	2.42161815308166e-06	-0.00119998129462011
AT3G17060.1.DE	603.269911996435	1198.01565536769	8.52416862518145	0.0071152397608404	-7.13487191287906	9.58764467759756e-08	4.4298168459544e-05	0.024858035455203
AT3G18845.1	35.9672885112262	71.4779515778113	0.456625444641073	0.00638833982453999	-7.29034322643099	4.31546035452254e-05	0.00668405961728888	0.467463550418565
AT3G20580.1	726.454917991319	1444.8422928021	8.06754318054038	0.0055836842683324	-7.4845669185782	3.50004061035755e-08	2.07415450083363e-05	0.192243122145497
AT3G21000.1	128.69412233257	255.485515231165	1.90272943397483	0.00744750414618703	-7.06902726300745	9.46467319972068e-07	0.000265986589097305	0.224387911843724
AT3G21960.2	80.5566801609947	160.580507221938	0.532853100051608	0.00331829254540312	-8.23534320270908	7.33191642474229e-07	0.000224570833414017	0.104712688400705
AT3G21985.1	30.4580363943029	60.9160727886059	0	0	-Inf	2.44178318270771e-05	0.00398854865355653	0.108504629023454
AT3G22650.1	109.402444543788	216.521761864371	2.28312722320536	0.0105445623735295	-6.56735696895703	3.92182471562808e-06	0.000883544973124145	0.0880779936191984
AT3G24220.1	24.9389769138986	49.3451007277456	0.532853100051608	0.0107985006047824	-6.5330251848136	0.000271797877316173	0.0307436105213231	0.235032414920356
AT3G24360.1	293.524946689624	554.472588571977	32.5773048072701	0.0587536795843626	-4.08917698317147	0.000367239840530901	0.0394132206805999	0.0315130082566149
AT3G25510.1	248.964933135585	12.92774064618	485.00212562499	37.516387348651	5.22944900469372	2.45809308069515e-05	0.00398854865355653	0.110068879722126
AT3G26050.1.DE	245.859564605833	477.713233787326	14.0058954243407	0.0293186255555484	-5.09203871763562	2.56139423122174e-05	0.00413157436349731	0.052613113625945
AT3G26125.1	1589.45058016518	3155.61030070239	23.2908596279833	0.00738077817238685	-7.0820113537072	5.5676471052742e-08	3.03548120179549e-05	0.0354464836396187
AT3G26860.2	504.221580033562	1001.6692655651	6.7738945020277	0.0067626059168404	-7.20820499986256	8.08468096388887e-08	3.93550719777876e-05	0.0114570813335913
AT3G27440.1	146.434323494763	291.27008768937	1.59855930015483	0.00548823709580379	-7.50944147633801	2.55889020773853e-07	9.42639825175031e-05	0.0924852193862054
AT3G27730.1	65.3508789529618	127.885777582667	2.81598032325697	0.0220194956506144	-5.50507476495466	8.30458936759926e-05	0.0116692322763276	-0.014020237497232
AT3G28510.1	67.7107622033347	1.00193568799724	134.419588718672	134.159897016307	7.06780967634984	6.35957487446966e-06	0.00129264523562941	0.236873736737957
AT3G28917.1	701.231576402658	1402.00652736067	0.456625444641073	0.000325694235889676	-11.5841941922902	1.95492122943598e-11	8.88185878573746e-08	0.0126672196261371
AT3G29060.1	156.134683589751	308.463908311552	3.80545886794965	0.0123368042918853	-6.34088746054976	3.0901133533433e-06	0.000738916579053846	0.0164733336159671
AT3G44860.1.DE	2831.90057926322	262.507150255277	5401.29400827117	20.5757976612014	4.36287645552469	0.000137296352393714	0.0176345384593365	0.0642015068265947
AT3G45480.1	30.4093247454109	60.8186494908218	0	0	-Inf	2.449240072543e-05	0.00398854865355653	0.134791556969381
AT3G50570.1	395.805034422256	778.672101083741	12.9379677607711	0.0166154248274264	-5.91133300907786	3.81156420322987e-06	0.000873136472101229	0.159767757224983
AT3G51470.1	347.111315732167	658.756080629685	35.466550834649	0.0538386693914804	-4.21521343521346	0.000295498450075741	0.0330396390992757	0.175303819634096
AT3G53065.1	53.1405667372594	106.281133474519	0	0	-Inf	1.26180810414797e-06	0.000333950377855085	0.410675580758568
AT3G53075.1	106.559552012793	213.119104025586	0	0	-Inf	3.36255098911654e-08	2.03695866585149e-05	0.244728971405939
AT3G56230.1	120.300470470647	237.784960618038	2.81598032325697	0.0118425501593449	-6.39987640728038	4.11662099333136e-06	0.000912350311204984	0.101941410765704
AT3G57260.1	4339.71515393219	89.1159431869677	8590.31436467741	96.3948094748287	6.59088355932464	2.29598093597752e-07	8.69283893260378e-05	0.136220674283102
AT3G57510.1	191.527983284228	382.523113468405	0.532853100051608	0.00139299582506305	-9.48759335060652	9.66052173300765e-09	7.52416635547967e-06	-0.00192850092834415
AT3G57620.1	632.144217084567	1263.22272796903	1.06570620010322	0.000843640774114811	-10.2110835556463	9.64664563014645e-11	2.3906141807072e-07	0.0100739320777073
AT3G58240.1	129.071823490746	258.143646981491	0	0	-Inf	1.29118121483088e-08	9.48478763967048e-06	0.113125603828985
AT3G58290.1	49.7995415476194	99.1424576505977	0.456625444641073	0.00460575070925045	-7.76234795869441	8.43466283434552e-06	0.00159672853377958	0.265070144304317
AT3G58650.1	353.860156289591	691.508998562691	16.2113140164913	0.0234433883726556	-5.41467508609221	1.26878177058996e-05	0.00230579940441882	0.00178815991799467
AT3G60460.1	22.2338529396787	44.4677058793573	0	0	-Inf	0.000120647845458005	0.015736173527202	0.0568887201611702
AT3G61280.1	2351.92035478863	43.6749319542435	4660.16577762302	106.701157142163	6.73743201161849	1.37733386664217e-05	0.00248649809302422	0.652538324689127
AT3G62230.1	1588.63443047911	3156.03392656286	21.2349343953652	0.00672836062269189	-7.21552925228151	4.20463196193728e-08	2.38788056838355e-05	0.0221855639853975
AT3G62640.1	383.711018788026	764.453601941973	2.96843563407804	0.00388308149315695	-8.00858229965631	1.59419572647228e-08	1.08644438759086e-05	0.0868108516496454
AT4G00350.1	742.845369508126	1482.874758693	2.81598032325697	0.00189900077990334	-9.04054378667207	8.65105041578543e-10	1.02533754058396e-06	0.252068867086253
AT4G00970.1	649.920969774683	9.56710068486583	1290.2748388645	134.865815816654	7.0753809072125	8.93787288279296e-08	4.27449850499888e-05	0.00554248709967646
AT4G01470.1	484.816584162377	968.18706433542	1.44610398933375	0.00149362044030859	-9.38697070845959	7.96511703426407e-10	9.86950410700176e-07	0.0667589998973095
AT4G03100.1	459.834892108367	888.846455971728	30.8233282450056	0.0346778996956321	-4.84983966694896	5.27321705535187e-05	0.00798599427382734	0.0697745576808773
AT4G04930.1	718.931203525446	1430.09903400417	7.76337304672038	0.00542855624829247	-7.5252157275868	2.52191091859391e-08	1.59877422420628e-05	0.0606297847177079
AT4G09984.1	82.0192852405181	164.038570481036	0	0	-Inf	1.35688108610204e-07	5.79663758275892e-05	0.102067311363338
AT4G10440.1	447.784097085287	885.444725757416	10.1234684131584	0.011433202004223	-6.45062668572557	5.272990202473e-07	0.000165220359677487	0.0220885320620659
AT4G10500.1	676.222335500342	3.65290985466648	1348.79176114602	369.237625566636	8.52840576186081	4.38854986035924e-06	0.000964773138656394	0.761829998648851
AT4G10640.1	67.1289007275335	130.299887276296	3.95791417877073	0.0303754228917951	-5.04095169547117	0.000156943445124642	0.0194467196095352	0.0981579183829765
AT4G11320.1.DE	4231.44378662018	8349.78951340197	113.098059838386	0.0135450192674745	-6.20609374403324	7.88734031950245e-07	0.000238898774566263	0.294998723015653
AT4G12930.1	24.4951339152115	48.9902678304231	0	0	-Inf	7.2873196546943e-05	0.0104553859887877	0.184079798941267
AT4G13560.1	2752.16666531926	5487.6653911774	16.6679394611324	0.00303734617054634	-8.36297294083577	1.24069155664265e-09	1.3008173782338e-06	0.13082028202974
AT4G13790.1	99.0771049696852	195.794855060755	2.3593548786159	0.0120501372616957	-6.37480660965644	6.94431955338284e-06	0.00137175471757403	0.00755845484747359
AT4G14080.1	6029.93079759952	12050.2709798859	9.59061531310681	0.000795883787934335	-10.2951545905025	3.42780089427283e-12	3.11472841259591e-08	0.000105467657919192
AT4G14310.2	637.238532631239	1226.30048914547	48.1765761170107	0.0392861101691168	-4.66983686029673	8.4382067557425e-05	0.0117961803159764	0.0796696584515231
AT4G14400.1.DE	30200.9444874344	962.726320736937	59439.1626541318	61.7404566321953	5.94814424804719	1.12354788634381e-06	0.000303246686947845	0.359785445485398
AT4G15210.1.DE	8619.42084820943	16242.9467424812	995.894953937695	0.0613124557832275	-4.02767599887247	0.000401777510208381	0.0426165561411691	0.118010326992338
AT4G16260.1.DE	327.211550459305	3.00580706399172	651.417293854619	216.719596429964	7.75968580187768	3.49487111998267e-05	0.00550694720986864	0.81825605719477
AT4G18550.1	263.657030854047	520.235256584424	7.07880512366984	0.0136069307761749	-6.19951450525069	1.86691703934095e-06	0.000475627649462004	0.237508163143949
AT4G19370.1.DE	236.175929821648	26.0851881817421	446.266671461553	17.1080487651575	4.0966033195097	0.000438739425610121	0.0458238955637237	0.331821753674344
AT4G20160.1.DE	135.029239706552	267.927067012898	2.13141240020643	0.00795519625534447	-6.97388676226168	8.30143432017921e-07	0.000240741595285197	-0.00590609554959886
AT4G20320.1	6457.7118672264	12112.591004084	802.832730368822	0.0662808419848514	-3.91526426012342	0.000378252517130333	0.0402779828788003	0.0537780428497267
AT4G20900.1	41.4605046483041	82.4643838519671	0.456625444641073	0.00553724436310307	-7.49661609408186	2.09264059921263e-05	0.0035431914741948	0.489087294177299
AT4G22690.1.DE	5616.59541669436	577.764841950507	10655.4259914382	18.4424963545133	4.20496204536827	0.000200656742522448	0.0239908017594822	0.450415878629567
AT4G22870.2	21.799026891479	43.5980537829581	0	0	-Inf	0.00013843694902047	0.0176345384593365	-0.044576490414594
AT4G23290.2	1124.9843940861	86.1664691677626	2163.80231900443	25.111883310335	4.65029832503375	6.22130228339375e-05	0.00906912835536436	0.0137341085971497
AT4G23310.1	554.828658853334	5.65678123066096	1104.00053647601	195.164085627369	7.60854378030669	2.43151578627862e-05	0.00398854865355653	0.779124990302636
AT4G24140.1	1759.12575535207	3407.50984379309	110.741666911059	0.0324992947893545	-4.94344777670869	2.8498105440988e-05	0.00454303131182067	1.3161911387214e-05
AT4G26255.1	437.128004113366	856.675558364139	17.5804498625924	0.0205217129062991	-5.60670503493662	7.6906896923499e-06	0.00148686667385431	0.0164045628301675
AT4G26280.1	25.5144997501157	51.0289995002314	0	0	-Inf	6.14962845501052e-05	0.0090128425636337	0.0154540138613022
AT4G29110.1	854.513298725391	82.1935867095876	1626.83301074119	19.7927000860693	4.30689653067188	0.000295732646376496	0.0330396390992757	0.48071979534363
AT4G29150.1	147.887168017324	292.50173026675	3.27260576789805	0.0111883296037721	-6.48186152899572	2.43599665865239e-06	0.000614863601063558	0.0614388559238853
AT4G29700.1.DE	1986.04843745208	3837.61290633523	134.483968568928	0.0350436513143154	-4.83470308782038	4.25892339381133e-05	0.00663418581230268	0.00851473804784279
AT4G29980.1	331.935633787793	663.871267575587	0	0	-Inf	1.20673549720379e-10	2.40663340745986e-07	0.0265140557662089
AT4G30130.1	852.350190252397	1607.65081254257	97.0495679622261	0.0603673180799369	-4.05008848136422	0.000295286021139642	0.0330396390992757	0.0247595601458559
AT4G30850.1	911.132024200473	1745.99945377984	76.2645946211027	0.0436796211224469	-4.51689584741663	0.000105184056161026	0.0141247161130521	0.0854845268495502
AT4G32280.1.DE	377.059123027441	11.8909446643689	742.227301390514	62.4195404436277	5.96392583051456	2.73515138396993e-06	0.000678000571261464	0.385828621875267
AT4G36490.1	681.89587575759	1351.61309835722	12.1786531579543	0.00901045807617318	-6.79418383262721	1.75628637783357e-07	7.04064215584457e-05	0.160450461453751
AT4G37490.1	488.70268808461	967.511331210115	9.89404495910467	0.0102262832898605	-6.61157429235365	4.04003077230061e-07	0.000139406631459386	0.149669845140093
AT4G38660.1.DE	1748.2942002104	3374.96913390852	121.619266512279	0.0360356677903697	-4.79443060906239	5.41133471092564e-05	0.00813205789856724	0.148261952502506
AT5G01120.1	39.4158696647808	77.4618629956385	1.36987633392322	0.0176845260486486	-5.82136863493871	0.00016823502700538	0.0204736019471726	0.116903517816
AT5G02660.1	31.4425419353932	62.8850838707864	0	0	-Inf	2.02289842496075e-05	0.00350271084024409	0.25083472452833
AT5G04500.1	171.057091913088	341.124705281483	0.989478544692681	0.00290063583602425	-8.42941510272152	5.7110161541282e-08	3.05259412473598e-05	0.131721499231346
AT5G06650.1	18.8070711825655	37.614142365131	0	0	-Inf	0.000262253132544469	0.0301646430091233	0.30357403538017
AT5G07550.1	20985.9113047174	41952.4896639855	19.3329454492126	0.000460829514626139	-11.0834792599021	2.39549850493451e-13	6.53012892445147e-09	-4.2854827640921e-05
AT5G09500.1	454.082918951454	906.643506258164	1.52233164474429	0.00167908514673772	-9.21810889318312	1.0393273075602e-09	1.13328249616364e-06	0.220011726863397
AT5G09550.1	1232.42603321155	2464.31921332305	0.532853100051608	0.000216227304145827	-12.1751636683706	1.37516997827478e-12	1.87435668038853e-08	0.00410771303685956
AT5G09750.1	130.01835375843	260.036707516861	0	0	-Inf	1.32216408770168e-08	9.48478763967048e-06	-0.00618794252292613
AT5G12870.1	87.2972483439648	167.21152143044	7.38297525748984	0.0441535080497498	-4.501328123477	0.000346177722106598	0.0374476377167693	0.0201202843971232
AT5G13350.1	187.583919251853	373.797962169782	1.36987633392322	0.00366475067432553	-8.0920692345021	7.963583330587e-08	3.93550719777876e-05	-0.00304857026461148
AT5G14890.1	275.724832258572	521.993250654773	29.456413862371	0.0564306412495214	-4.14737744603602	0.000328058112236406	0.0360599360466308	0.0316609630910239
AT5G15380.1	25.9980374472074	51.9960748944148	0	0	-Inf	5.42932699023932e-05	0.00813205789856724	0.151282112009316
AT5G15430.1	105.515178845392	202.049563620961	8.98079406982253	0.0444484705083067	-4.49172241364534	0.000326418224073174	0.0360249424624887	0.0269128598822233
AT5G16100.1	90.007997046345	179.026515547997	0.989478544692681	0.00552699437658105	-7.49928913997373	1.38806982194803e-06	0.000363834455252917	0.0621550287019335
AT5G17200.1	54.3860606697169	108.772121339434	0	0	-Inf	1.1380334013397e-06	0.00030414500510314	0.278273533447708
AT5G17340.1.DE	438.138165548146	876.276331096292	0	0	-Inf	3.43402286542978e-11	1.04012737012907e-07	0.0410168986068971
AT5G19640.1	115.605139727161	231.210279454323	0	0	-Inf	2.43358853118445e-08	1.58506776657762e-05	-0.00860409994159168
AT5G23010.1.DE	5933.02606328292	266.236938281229	11599.8151882846	43.5695184265965	5.4452472621363	5.1216693236666e-06	0.00110806909335835	0.0804207083287756
AT5G25320.1	190.075510826123	380.151021652247	0	0	-Inf	2.01602939489071e-09	2.03544301128595e-06	0.0213767273769281
AT5G25380.1	38.7832219385401	77.5664438770802	0	0	-Inf	7.45419347530009e-06	0.00145143795811915	-0.0239983792616052
AT5G25530.1	71.1986026847127	141.940579924784	0.456625444641073	0.00321701831064128	-8.28006013710905	1.43469064681304e-06	0.000372473019353556	0.00585213648657343
AT5G25880.1	717.072016558071	1402.55620685357	31.5878262625774	0.022521611688875	-5.4725461166928	6.58726560334748e-06	0.00132035926725921	0.0123808417370647
AT5G26717.1	388.043241902645	774.564152160546	1.52233164474429	0.00196540420893214	-8.99095823413655	2.34321758991534e-09	2.28128969646758e-06	0.0187738863046344
AT5G35090.1	66.5625814560175	133.125162912035	0	0	-Inf	4.40360941185745e-07	0.000148200484650906	-0.00544223107306397
AT5G37860.1	20.9570775052361	41.9141550104722	0	0	-Inf	0.000160061910587146	0.0197433831792109	0.0922243680693453
AT5G39400.1	439.685596929742	874.119631002201	5.25156285728341	0.00600783081746185	-7.37894009801587	6.939344049398e-08	3.56917959974697e-05	0.0601268344711568
AT5G39670.1.DE	294.827212807646	29.3135445514583	560.340881063834	19.1154256381444	4.2566654195278	0.000263742174585101	0.0302084524335708	0.00671710319583134
AT5G40348.1	86.2223384003123	172.444676800625	0	0	-Inf	1.24265307630716e-07	5.46366497744082e-05	0.305202850715605
AT5G40350.1	352.925570980076	703.568014736946	2.28312722320536	0.00324506966687363	-8.26753483356426	1.55650845929537e-08	1.08644438759086e-05	0.079383332368686
AT5G40645.1	30.9437587161619	61.4308919876826	0.456625444641073	0.00743315667193356	-7.07180926800331	9.41988908200059e-05	0.0127754316604645	0.247468097557685
AT5G41080.1	425.409639583098	838.717594151474	12.1016850147216	0.0144287959369266	-6.11490527582933	1.69252954020836e-06	0.000435267502510187	0.0353446179663735
AT5G42250.1	813.305794539658	84.7819978722866	1541.82959120703	18.1858133790336	4.18474154812965	0.000232719540119015	0.027462920621837	0.00558894507930983
AT5G44568.1.DE	240.636328441739	17.8399957883821	463.432661095097	25.9771732343623	4.69917254404704	0.000143257758750433	0.0180796597385963	0.497085703426511
AT5G44630.1.DE	1888.47527733496	3773.90589138043	3.04466328948858	0.00080676714712006	-10.275560043308	9.72035833710197e-12	5.29953936538799e-08	0.251763645181153
AT5G45960.1	1565.4002789731	3116.64442867451	14.1561292716954	0.00454210597187563	-7.78242291870624	8.60646080607133e-09	6.90035651686778e-06	0.0550579402867048
AT5G46650.1	76.5321110161667	151.465662732179	1.59855930015483	0.0105539385714199	-6.56607469822843	6.40158132098203e-06	0.00129264523562941	0.135368911924628
AT5G46970.1.DE	76.4214882219985	152.842976443997	0	0	-Inf	2.86701156579838e-07	0.000102835178004821	0.525842366902989
AT5G47530.1	197.519564292	392.299375916154	2.73975266784644	0.00698383131874266	-7.16176557084827	4.09907299580992e-07	0.000139675912332223	0.0090168730961507
AT5G48480.1	4716.48289345612	8908.29570355115	524.670083361084	0.0588967969655444	-4.08566701289346	0.000236496428553778	0.0277883303550689	0.125273110769875
AT5G48650.1	463.219093564717	923.089353706126	3.34883342330858	0.00362785402070049	-8.10666787947057	1.19915233390294e-08	9.0802479506095e-06	0.0689400549593283
AT5G49260.1	34.8867538394134	69.7735076788267	0	0	-Inf	1.24307590745388e-05	0.00227424491524785	0.0129947785766229
AT5G49340.1	25.0935250569943	50.1870501139885	0	0	-Inf	6.54500275965444e-05	0.00949025400149893	0.103970873774025
AT5G51210.1	58.9550097477886	116.996768606295	0.913250889282146	0.00780577874210629	-7.00124171506867	1.12921466830851e-05	0.0020940402624551	-0.0121994687613742
AT5G52330.1	108.768681146617	215.025552103796	2.51181018943697	0.0116814497852073	-6.41963685150462	3.90679627557463e-06	0.000883544973124145	0.242126202290107
AT5G52990.1	272.834763918698	521.617872630952	24.0516552064444	0.0461097222093482	-4.43878521559728	0.00016741799615022	0.020465536211009	0.00455635864471832
AT5G54610.1	2283.46612119313	270.043604478466	4296.8886379078	15.9118326323868	3.99202810135419	0.000332100123969579	0.0363576280297619	0.00187739991014429
AT5G56430.1	21.7154549487731	43.4309098975462	0	0	-Inf	0.000130633190579391	0.0168770652852806	0.293432637473407
AT5G57420.1	39.6631465981887	79.3262931963774	0	0	-Inf	0.000115625035023073	0.0152267558199467	0.819496812839408
AT5G59870.1	2921.81950429065	5540.96442107363	302.674587507664	0.0546248927996216	-4.19429764642201	0.000245485206976816	0.028597977530718	0.236606080664789
AT5G60080.1	69.2863911899063	138.572782379813	0	0	-Inf	3.28342707568245e-07	0.00011475156677321	0.108020132314346
AT5G60930.1	853.114062033568	1661.62610238838	44.6020216787591	0.0268423934931266	-5.21934286970061	0.000117668173392794	0.0154213192629209	0.562386740661705
AT5G61160.1.DE	52.5240417692536	0.549679492890667	104.498404045617	190.107881769571	7.57067453635431	2.22052643780778e-05	0.00371359206715583	0.60910103271141
AT5G61440.1	595.276835894378	1161.32816235608	29.2255094326729	0.0251655908984251	-5.31240371646925	1.22312736200888e-05	0.00225286837083528	0.306805541163428
AT5G61620.1	58.9644918533322	117.928983706664	0	0	-Inf	8.01406989575695e-07	0.000240038378791906	-0.00321786345446348
AT5G61710.1	54.271067327907	107.172258321891	1.36987633392322	0.0127820049271408	-6.28974204115965	3.82763048804019e-05	0.00599662109792962	-0.00934915690677118
AT5G61850.1	59.1316357387441	118.263271477488	0	0	-Inf	8.49888023070487e-07	0.000243873131672647	0.0654050446867377
AT5G62210.1	2283.52702505809	4485.0102229525	82.0438271636827	0.0182928963559135	-5.77257267141334	3.06313853181219e-06	0.000738916579053846	0.133024619036037
AT5G62240.1	299.007803872842	594.286376533145	3.72923121253912	0.00627514168218717	-7.3161362515937	1.37116063066807e-07	5.79663758275892e-05	-0.00250550016765791
AT5G62250.1	51.8013668978583	101.09092360628	2.51181018943697	0.0248470396731141	-5.33078221337253	0.000153689946196623	0.0191305385083102	-0.003077669066222
AT5G64770.1.DE	2182.67215427137	120.747101758746	4244.59720678399	35.1527874786159	5.13556718879762	1.42640638986572e-05	0.0025581472491934	0.0891047523433004
AT5G65350.1.DE	118.529233051306	225.337178877121	11.7212872254911	0.0520166591412013	-4.26488244707204	0.00042545026669737	0.0447790512361788	0.173484358197152
AT5G66690.1	162.84257294031	314.267288301126	11.4178575794932	0.0363316769022197	-4.78262823435205	8.78215540329765e-05	0.0122143651170354	0.144944783370791
