logFC	logCPM	pvalue	padj	dispersion
AT1G01420.1	4.50794010974464	3.58501897367637	5.7288242776087e-06	0.000969523447776424	0.33499805214677
AT1G01600.1	-5.41746432737363	6.31206582565982	4.15637378803519e-09	1.33233784238347e-06	0.270724320903617
AT1G01980.1	-6.80818659805685	3.33448797164442	8.36112793983189e-08	2.12911825211775e-05	0.423984103713632
AT1G02520.1	-5.78495304021115	3.65645122136832	2.0617376235349e-08	5.90816844929178e-06	0.315708344953788
AT1G04150.1	-6.89871808948778	0.872707333231585	0.000218736087744736	0.0203409630811632	0.786635933000615
AT1G04880.1	-7.45214767197552	3.29425874631879	8.16001295276057e-10	3.0045388232955e-07	0.357406151254748
AT1G05010.1	3.12732550041015	7.16123513452677	0.00014454953123279	0.014066218133928	0.267871847820609
AT1G05580.1	-6.42564742629521	3.93031890926032	2.2737705066969e-08	6.3869510305124e-06	0.371364491977253
AT1G05835.1	-6.20484929838334	4.6479407577017	2.22664719517952e-09	7.39871416183614e-07	0.31242483036066
AT1G06250.1	-3.70445575948953	3.91628385165488	2.46735785246662e-05	0.00327941948322722	0.285207311685918
AT1G06280.1	-10.4193636509737	3.54202203215855	1.45120740671109e-12	8.59588004579501e-10	0.363590553929517
AT1G08930.1.DE	4.83699568586966	6.29168264184422	1.22943368560311e-07	3.0178720388854e-05	0.281382891201783
AT1G09380.1.DE	-9.97023006648754	3.0966737589973	1.03145594778614e-10	4.39126253270764e-08	0.412249791037979
AT1G09600.1	-5.23499362208159	2.4406212278253	6.34342690786011e-05	0.00723177209031232	0.524701166859954
AT1G13140.1	-7.45963842026456	6.13719477026726	2.18992676209851e-14	1.75496866137936e-11	0.25021304554933
AT1G13290.1	-8.8497721908466	-0.265098751583647	0.000496947925936958	0.0412815248109887	0.904748028925283
AT1G15125.1.DE	8.4222141630726	7.58162143396237	1.20829448567488e-10	5.06498459248975e-08	0.412372637645467
AT1G15460.1	-10.7879587453732	5.26592893945187	2.78379249430144e-18	5.83461493017165e-15	0.274899393696759
AT1G16360.1	-5.06521774564016	1.93916546938077	0.000185544006800839	0.0176150437397298	0.559733546776069
AT1G16630.1.DE	-5.87180249371827	3.82976595374551	2.5282989243787e-08	7.02944497883127e-06	0.32800763770025
AT1G18370.1	-6.59415579819235	4.87533840558488	3.63008862479807e-09	1.17748838999849e-06	0.349136824150769
AT1G21130.1	9.25984550384992	7.32332508948473	2.21570077239443e-15	2.23597033131226e-12	0.307535342525459
AT1G22350.1.DE	4.32411523846994	3.6005656711574	1.41930578882266e-05	0.00205701195893888	0.3418742706813
AT1G22460.1	-7.85660520080584	2.70854480270937	1.47757334846339e-07	3.56278239164442e-05	0.502944413750436
AT1G22470.1	-9.00902398298335	-0.114700397813775	0.000335205163457597	0.0298475002899645	0.880776665459416
AT1G22690.1	4.39506692823136	4.36017195138911	2.15132090506937e-06	0.000396061085813684	0.298325512153103
AT1G23240.1	-11.4044236692229	6.56256928800998	2.42671162757645e-20	2.20402039055252e-16	0.273964425187467
AT1G23410.1	-4.68191988387837	2.57789992983656	0.000109344012842977	0.0112003620974909	0.479449493622877
AT1G24030.1	-3.79711412499036	2.96409577438132	0.000285413457991599	0.0259222016329903	0.395715912639809
AT1G24147.1	4.48840390992115	5.37097369640749	1.87308485571827e-07	4.47683711085577e-05	0.257506192673847
AT1G26770.2.DE	-3.2947046721779	4.60171076963941	0.000210097026408618	0.019604498899163	0.304849093562008
AT1G28700.1	-9.69903253201891	2.82856789897628	1.65817403988818e-09	5.71902127402952e-07	0.458036939836831
AT1G29140.1	-9.02358984678271	5.75646581006402	2.43802657409816e-16	3.16328143164059e-13	0.270680350911993
AT1G29660.1	4.59999245160739	6.45655786144309	1.12499921069911e-05	0.0017109366574821	0.374506485839121
AT1G30260.1	3.30202840234263	3.83389308141275	0.000150071534241199	0.0143978841319364	0.290797866098643
AT1G30350.1	-11.6289773834471	4.74544459856755	9.44874897020086e-18	1.60906289494414e-14	0.286034741137117
AT1G30795.1	-11.8269023984346	2.63146540745287	1.71036903813266e-09	5.82530314775009e-07	0.489308357462817
AT1G33720.1.DE	3.2610245204549	3.55281352819663	0.000602530666775003	0.0487155877674139	0.345057582587673
AT1G43630.1	-7.48590773095581	1.47254218609629	1.13028442891613e-05	0.0017109366574821	0.634796681015824
AT1G44191.1	-11.3772230708757	2.18584133390745	3.22137608359637e-07	7.19449460243856e-05	0.654300778046777
AT1G44224.1	-10.5025720080264	4.99481277357582	1.56738375679908e-17	2.37258362341691e-14	0.277800580356389
AT1G48820.1	-8.80016466017911	-0.310803315971721	0.00056896841539809	0.0464152168094364	0.914200135237024
AT1G49290.1.DE	-6.11401421890033	1.9678567562479	2.36508390075995e-05	0.00317445522384268	0.562906168348277
AT1G49450.1	-3.08618053524627	4.88871496699679	0.000116668016252614	0.0118172990291263	0.25366166337104
AT1G49920.1	-5.54921155918328	1.73127988593803	0.000113666509233911	0.0115562364817029	0.588708095640012
AT1G51260.1	-10.7329668857137	1.55138767600981	1.23618329306037e-06	0.000244074537579826	0.653632144481361
AT1G51800.1.DE	3.74342839591556	3.49507166913332	8.61697225844202e-05	0.0092435686269988	0.332088976994216
AT1G51805.1	3.52765424075714	7.81737348759598	3.47456945616759e-05	0.00430325427146356	0.277053597550272
AT1G51890.1	5.23939136196333	1.75906840330969	0.000421592710472224	0.0362370239187277	0.644441362436527
AT1G53860.1	-6.63537819201888	2.06373998671921	1.22858225659311e-05	0.00184945749974543	0.58306915479594
AT1G54385.1	-4.53176588590455	4.02284209866983	2.59592382756568e-06	0.000471540910197881	0.316437213922673
AT1G54870.1	-12.0303919104178	2.83342554272471	2.02475714904271e-10	8.11302324117156e-08	0.447786710934776
AT1G55560.1	-7.60808543654733	5.92829838712914	6.29078608025175e-13	3.8955692801959e-10	0.288656116584978
AT1G56360.1	-8.88378062840671	3.76138365695729	4.90033024002089e-13	3.10509995464765e-10	0.313557052047679
AT1G58430.1	-10.3006252093932	6.45030714994664	1.24871887140717e-18	3.40238430892311e-15	0.274495381122334
AT1G59870.1	4.58971793806645	9.9299919347724	3.27640582500484e-05	0.00413297358860679	0.416416156642336
AT1G60760.1	-9.44383645648381	0.298741542015343	0.00011854022178512	0.0119624645295525	0.834837285820452
AT1G61566.1	-8.46388166891113	6.48663721142501	3.96324529314154e-15	3.72367394835267e-12	0.278032602088907
AT1G62180.1.DE	3.07532825355389	8.55170061605732	0.0001950613952369	0.0183270270207579	0.270834743238384
AT1G65113.1	-11.5017511530848	2.30959155464774	2.08163897358245e-08	5.90816844929178e-06	0.543981546893258
AT1G65190.1	3.52950648635081	6.14522355585267	1.36958441058254e-05	0.00200629389436249	0.251312022481271
AT1G65486.1	4.66039423123796	2.20080866413405	0.000221577807148211	0.0205351377937664	0.515921071796374
AT1G65490.1	4.06152975384108	5.87970215786931	6.13793403516051e-06	0.00101975785765865	0.291641326126263
AT1G65845.1	5.50283121995912	2.28736836515526	2.53246848698906e-05	0.00333343810941986	0.504320221078126
AT1G66140.1	4.84181727234874	3.43719886128917	1.99491478114672e-06	0.000374865124426929	0.340209872475253
AT1G66920.2	6.0530812794569	4.13954323913679	5.70768293487135e-10	2.15996162397833e-07	0.279025559685179
AT1G69500.1	-6.71279589295898	5.68211116847966	4.09988434357467e-12	2.19038330802704e-09	0.262600274913185
AT1G69720.1.DE	3.20610942219311	4.18125544097922	0.000148796783279735	0.0143768296241948	0.277294417186793
AT1G69940.1.DE	-10.0020052601558	7.66251438183728	2.86705902999011e-19	1.011240154266e-15	0.263590202477131
AT1G71770.1	-8.53800845832576	5.16545797512924	7.75702966320139e-16	8.80649113471868e-13	0.258384937982617
AT1G74810.1	5.50493739481988	3.00208831835903	5.46707402721095e-06	0.000936863937229036	0.441818734450214
AT1G75520.1	-5.62761297212039	2.52268799402281	1.95881050065509e-05	0.0027092238432157	0.512839422670826
AT1G76955.1	3.69623330164072	3.75857857808906	5.50435469571002e-05	0.00643678765639532	0.310188511632468
AT1G78160.1	-10.2735493541108	3.39697420690244	2.54981225754885e-12	1.38949469162867e-09	0.363776674665359
AT1G78290.2	3.16994713658777	5.71451789408037	0.000112028839254181	0.0114323961916056	0.264777957004268
AT1G79450.1	-4.68809552939447	2.77706058886431	3.9949102924926e-05	0.00488113545917246	0.427044874378486
AT1G80130.1	5.05217266007685	8.01377848466922	8.6761080023718e-08	2.16878820862958e-05	0.294500880692286
AT1G80280.1	-3.39704160005607	6.3360149722401	5.59893507423835e-05	0.00651940957127232	0.27423861720486
AT1G80470.1	-6.53955120735662	2.81665983533216	3.94851933378128e-07	8.67623437802731e-05	0.440190657174005
AT2G01520.1	-7.62118502510099	4.24073577651991	4.39694560433596e-13	2.85246611622242e-10	0.272340311562312
AT2G04570.1	-3.52535983862264	7.76730576586579	1.78118124421947e-05	0.00250164151346639	0.258183703275609
AT2G13820.1	-4.63015598117991	2.46663762222195	0.000194523779880367	0.0183270270207579	0.503722017451092
AT2G16910.1	-8.04598583575351	5.58923844891128	2.31740386827098e-12	1.30527992815051e-09	0.321504415817507
AT2G17630.1	-3.86251660349007	3.78761183656959	2.45153379258818e-05	0.00327435986503187	0.304983053703607
AT2G18300.3	5.84424081822826	5.34410634069496	1.98348477434869e-10	8.0662700965192e-08	0.256512634205496
AT2G18460.1	-6.15541828932887	0.691943848165043	0.000375691628878076	0.0330208703614223	0.739946174008897
AT2G19500.1	-11.5740296207598	2.38086805631167	1.08893606221395e-08	3.26046603155422e-06	0.527039058351555
AT2G20870.1	-10.6523816547152	9.18157823894581	7.26536734134984e-20	4.94898659874397e-16	0.278999052479884
AT2G20970.2	-9.87598780272889	0.714936661266179	3.17731258831651e-05	0.00402661563227256	0.773499083853538
AT2G21220.1	-4.52301982508732	3.05045588613865	4.44651599584742e-05	0.00536080625393162	0.412156930290362
AT2G21260.1	-4.93956104163127	1.64115382806377	0.000457345303400284	0.0385798374047911	0.608745169926139
AT2G22030.1	-9.38144143783843	0.239109172750917	0.000136177894254628	0.013346903182575	0.839879818088546
AT2G22610.1	-5.39267892927587	4.26635033106861	6.14797892675891e-09	1.91269142401074e-06	0.270966060227774
AT2G23530.1	-8.23509459234802	1.35639806980978	1.1226278151556e-05	0.0017109366574821	0.681233429766976
AT2G23900.1	-8.55999209852428	3.98306567768538	1.33794240430341e-13	9.59339912896181e-11	0.29161072196036
AT2G26410.1	-7.25678917246443	3.40369995846882	1.32284718410103e-09	4.68098925002606e-07	0.357151140154191
AT2G29090.1	2.99872591183951	4.19192467720654	0.000452531873340842	0.0384116384826103	0.288787884927893
AT2G29110.1	6.08870482284071	2.51994103214774	3.9471141656651e-06	0.000689403972255621	0.48240120553553
AT2G29350.1	3.41394364639082	5.0444065369333	3.4323978576756e-05	0.00427043581863412	0.260461810506193
AT2G29550.1.DE	-3.48401830759721	7.25618321694713	9.30674719750487e-05	0.00982871863916338	0.303533256640764
AT2G30432.1	-4.76595520556341	3.5049493384698	3.48624408407944e-06	0.000616816185447484	0.347661923834449
AT2G31270.1	-4.39026048379468	4.21816945550855	5.61155266259189e-06	0.000955612346235257	0.324079472103554
AT2G31865.2	3.41815856116401	3.83154725168744	9.4940807081422e-05	0.00992787331361663	0.290810287430126
AT2G31880.1.DE	3.42576376762622	7.02356922749806	5.93640260500041e-05	0.00682485914676987	0.280069726559332
AT2G31985.1	-8.82476655627907	1.93633776317837	7.65162974084556e-07	0.000160372273499092	0.595662989987094
AT2G33100.1.DE	-5.12948179354695	2.91805116388358	3.31775956535751e-05	0.0041658522984929	0.480329860115439
AT2G33190.1.DE	-8.99755772043691	-0.125189904723054	0.00035696539655408	0.0315786888308734	0.887403459191256
AT2G33670.1	-9.03117268804933	2.14047018423649	2.06778284054731e-07	4.89920687446891e-05	0.557636321536239
AT2G35190.1	-4.03239957890666	4.38941343966651	3.66233088631436e-05	0.00449493376844177	0.342389025710615
AT2G36020.1	-7.8279430842147	4.71343494959448	2.35850464330853e-14	1.83606217189222e-11	0.256742357670981
AT2G36200.2	-5.30282509244393	4.69140383429595	2.72283623659745e-08	7.49385039783543e-06	0.289236121231656
AT2G36570.1	-3.76684948709322	6.15486928585626	1.41411083712305e-05	0.00205701195893888	0.280268469753985
AT2G36620.1	-2.93876448433034	7.08645863463442	0.00039711025335766	0.0346796893372954	0.276436819287116
AT2G37620.1	-2.83959449284129	5.85355217170031	0.000298425854945744	0.0269245340056513	0.250015496965594
AT2G38530.1	-4.06013287560858	5.17928891159352	0.000284549101381944	0.0259222016329903	0.445350429130961
AT2G38620.2	-6.0928391561339	2.97757489428191	1.09511420377552e-06	0.000221026494150161	0.444402019643364
AT2G38905.1	-5.68584623998348	1.67345988652819	0.000596603504656745	0.04852434534741	0.785002175599952
AT2G39030.1.DE	4.0508555365547	2.71495946867461	0.00042714267623468	0.0365986053439193	0.462490254510739
AT2G39510.1	-9.65815530197814	5.3062375101374	4.82520406887649e-18	9.39088109033412e-15	0.254653531930718
AT2G41100.1	3.25297611502586	6.47801914028037	4.77567331024437e-05	0.00568221706044665	0.250737404806561
AT2G41180.1	3.72564984640093	4.49765812107606	9.10270498341428e-06	0.00142095518982901	0.262214614271678
AT2G41540.1	-4.35987043212333	6.49040793983058	4.54663918512992e-07	9.75451006907361e-05	0.263633494044063
AT2G42800.1	-6.57016256135347	5.26615536427333	2.34736728738485e-12	1.30527992815051e-09	0.247771588809188
AT2G43100.1	4.15792276916965	5.38867553591726	1.13954912497025e-06	0.000226637189839885	0.261818356094707
AT2G43470.1	-9.04086886183171	-0.084289005040335	0.000324662777644054	0.0290392623597467	0.883576292388945
AT2G45490.1	-5.94718461033245	2.08482023213456	7.46612480647241e-05	0.00826949197568918	0.617448976327027
AT2G45580.1	-7.68539674533945	3.3451903876513	5.86254125726677e-10	2.18817344707874e-07	0.36484442670309
AT2G47230.2	-3.49976706621576	3.58639910393602	0.000136048333149247	0.013346903182575	0.315756656862251
AT3G01250.1	-10.2958729447142	4.77501697203459	1.5255196749626e-17	2.37258362341691e-14	0.268705497854339
AT3G01290.1	6.25296386448294	4.83768567121296	3.10001775387185e-11	1.38469153671715e-08	0.257242642798194
AT3G02120.1	-5.58291340188999	2.95312851382845	1.81316019404174e-05	0.0025334961952336	0.504326897140381
AT3G03510.1	-9.38211948836817	0.239933939401322	0.000138787308438745	0.0135538988997509	0.842201298938154
AT3G04140.1	3.04544717498562	5.13958932935725	0.000105851559634755	0.0109663020736432	0.245422710786678
AT3G05400.1	-3.83483813638383	4.47032839654468	6.48108385442141e-06	0.00106379573362301	0.266062907933431
AT3G05600.1	-7.84913417526214	5.53935114176	1.48305528436977e-14	1.24686900162515e-11	0.261017233938495
AT3G05725.1	-8.36345960999451	2.31061073839287	2.46722348359449e-07	5.6969862930084e-05	0.5397082218781
AT3G08040.1	-7.51539465274027	3.14192282619723	8.87197748165582e-09	2.68594189380751e-06	0.408254414250855
AT3G08770.2.DE	-8.87528112890089	9.07223356012662	3.59544027437856e-16	4.25934613721707e-13	0.279466161414786
AT3G09930.1	-8.68535613728477	1.83030701838331	1.403256265945e-06	0.000273103739130025	0.614677819628305
AT3G10310.1	-5.78911300826742	3.47322581011907	1.38783791134353e-06	0.000272046183959547	0.423549300013864
AT3G10430.1	-9.25587857262002	0.119759203909141	0.000201812324282719	0.018896152576396	0.864018236286756
AT3G12160.1	-6.41595990267429	1.31232296865514	9.46614193227069e-05	0.00992787331361663	0.673707308303389
AT3G13175.1	-4.55953242819177	3.17199261232724	1.31825095211465e-05	0.00195208607023195	0.365117696700631
AT3G13220.1	-9.84797760359291	5.00874479225647	3.9945214383772e-17	5.72835398060334e-14	0.270341207858888
AT3G13450.1.DE	-2.80231279483648	5.02522712162065	0.000407415858766011	0.0353179511189206	0.254523418979741
AT3G13640.1	-4.81936127932941	3.15043513686662	1.10453224169752e-05	0.00170029321974759	0.392376419297977
AT3G14380.1	-9.39730169183844	2.53056933810267	1.66746469807743e-08	4.88531297080815e-06	0.501195833730137
AT3G15400.1	-8.29728360797439	9.84949451036509	2.78562814442359e-15	2.71071464468248e-12	0.273162475963164
AT3G15720.1.DE	-5.27733675500807	1.56703834053674	0.000567812674216224	0.0464152168094364	0.69987240055635
AT3G16360.2	5.85458916892689	3.64855500146829	1.83509062681243e-08	5.31922492646364e-06	0.319605794989853
AT3G16660.1.DE	8.37321757065276	4.40874978084192	1.5101360536437e-14	1.24686900162515e-11	0.271179255472591
AT3G16720.1	3.26844056499031	4.12054056701162	0.000229524542775514	0.0211278892466366	0.303562996171444
AT3G17060.1.DE	-7.0968890606477	4.05480206930686	5.62029722323174e-11	2.46993932969992e-08	0.307558729168323
AT3G17360.1	-5.03127769967597	3.83750760501106	4.24960533909423e-07	9.26311973394404e-05	0.319940755586351
AT3G20975.1	-10.0944298095642	0.927209740489272	1.69244135288865e-05	0.00240176820532068	0.751677058674175
AT3G21970.1	-10.8760648930544	3.97647442318093	1.10537757025381e-14	1.00394075522352e-11	0.321348596101771
AT3G22000.1	-10.3217729144931	1.14874077897927	6.91571257460428e-06	0.00110842600306025	0.714039259952708
AT3G22060.1.DE	3.3793912784304	4.03323640383214	0.000129308861151998	0.0128586808022208	0.297128700050223
AT3G22275.1	-5.40708670150682	2.72819146694329	2.90741866507378e-05	0.00376642534055599	0.505227474273244
AT3G23130.1	-9.94800714460787	0.784732189101283	2.52766306584079e-05	0.00333343810941986	0.764110718767224
AT3G25165.1	-7.11141234748505	2.54654789520695	3.05828864785443e-07	6.88670998248674e-05	0.472438697168692
AT3G25760.1.DE	2.76384569763066	5.17991989486802	0.00044510824712841	0.0378995762797118	0.251912420689647
AT3G26050.1.DE	-5.12795868703789	2.76902146076924	4.63654367488456e-05	0.00556528218103875	0.489564003352996
AT3G26165.1	3.65229143558041	4.98529631370243	2.72277744852e-05	0.00356670755479925	0.283556179380711
AT3G26500.1	5.8645835564406	2.21804123728853	2.02572438372494e-05	0.0027876218324926	0.536541966525265
AT3G26830.1.DE	4.38641283991287	2.24630681248386	0.000455449641760345	0.0385392434442364	0.522745533974491
AT3G27060.1.DE	-3.44576144940074	5.74935603075264	9.5099458100119e-05	0.00992787331361663	0.297962763779933
AT3G27360.1	-4.28533920667923	4.57082810683469	8.58985951109086e-06	0.0013687011818637	0.325580204956371
AT3G28007.1	-3.91469561037168	4.79855431407717	1.98165826987429e-06	0.000374865124426929	0.24843977755725
AT3G28840.1	-6.91282731233581	7.08141994213727	9.31975633769564e-13	5.64300890962651e-10	0.260306225095941
AT3G28980.1	-9.98765639066297	8.71811533239949	6.0252550932419e-19	1.82411250583958e-15	0.271230019941842
AT3G43860.1	-7.18714244473701	4.88159969118854	4.40822407412818e-12	2.30982464130328e-09	0.28485095915948
AT3G44860.1.DE	4.34543000446658	6.26558731868031	2.58959458105083e-07	5.92930113864639e-05	0.251701870007311
AT3G45280.1	-4.77788195684193	2.07740732097181	0.000295915977153227	0.0267867861444983	0.556415229772768
AT3G46900.1.DE	4.16442588469458	3.22795422279081	7.9306428132625e-05	0.00867816163586198	0.389056723385615
AT3G48720.1	4.66858954281361	4.99699060780124	6.82945388735105e-08	1.77221076255861e-05	0.254678852010641
AT3G49540.1	-8.41365811575944	6.66338583965734	9.80397514840345e-16	1.06851564347419e-12	0.265376274507166
AT3G50410.1	-4.01305673116999	2.51887672879367	0.000510925421521792	0.042185408970316	0.462226491372326
AT3G50480.1	3.53354398260529	6.38122136791399	2.9954923660223e-05	0.00383183945995351	0.273173230788664
AT3G50740.1.DE	6.60868995935533	6.16231637915471	1.01401634397002e-10	4.38554021018272e-08	0.296093730292937
AT3G53760.1	-3.51875241360637	3.96358846353059	7.60491550162103e-05	0.00838911468310398	0.297510284812055
AT3G54820.1.DE	-3.2049364031553	5.36485987947674	7.12634976633357e-05	0.00795785459357749	0.255260954722974
AT3G55660.1	-5.94569699753979	3.63111990006456	3.62211286099862e-07	8.02371618891295e-05	0.397597620116134
AT3G57370.1	-9.5776887951515	0.427336738295989	8.18852283419891e-05	0.0089245072665367	0.817892332614876
AT3G58060.1	-7.4845479824549	1.49853475849316	1.88415712808384e-05	0.00261926679943369	0.674501736936074
AT3G58440.1	-9.10259726048911	-0.0258579612457784	0.00028188496631196	0.0257735559634294	0.877647712759405
AT3G58650.1	-5.39650520594435	3.28934553779829	9.50827585286949e-07	0.000196266660729648	0.372539128747458
AT3G60100.1	-5.89082434031914	2.05178816338564	3.06157956742276e-05	0.00389807749876485	0.552879093506598
AT3G61210.1	3.21743495352974	5.01313630317047	8.96865941629112e-05	0.00954566652795641	0.263639233013149
AT3G62520.1	-8.97450196885844	-0.147570897330654	0.000373125509005735	0.0329014587180559	0.888776352146923
AT3G62570.1	-4.37432920607353	3.11532078907621	5.9141451103128e-05	0.00682485914676987	0.404498988666822
AT3G63095.1	-9.99718601992175	5.82626087350763	2.05428830847169e-15	2.15281513618955e-12	0.32227267913465
AT4G00350.1	-8.94119138617481	4.35111279910201	4.82972860538021e-14	3.55663825164309e-11	0.299300788428889
AT4G00780.1	3.77253134348245	7.43061773702072	1.34631084250962e-05	0.00198286116355998	0.280223048241285
AT4G00970.1	7.04915331056175	4.14849005840694	6.23498367759304e-12	3.14601111598847e-09	0.276801943070861
AT4G02410.1.DE	3.90290154521078	5.49270849682876	4.17674747541135e-05	0.00508052850279166	0.330919348372725
AT4G04490.1	3.41207879961247	4.03160504447011	0.00014986242341138	0.0143978841319364	0.308050690670979
AT4G08300.1	4.15251522724678	4.59344966819971	1.90336507651357e-06	0.0003652182270406	0.270982659392259
AT4G09760.2	3.73981830487212	6.14851088296446	8.96981383071413e-06	0.00141271975402005	0.265002230500732
AT4G10120.1.DE	3.00665762817831	8.60862436672729	0.000325062392913816	0.0290392623597467	0.279416723721928
AT4G11030.1	-6.17511224525473	3.29651212964263	7.16347966821533e-08	1.84135217471569e-05	0.373398560124104
AT4G11320.1.DE	-6.19425316676134	6.85773971912154	1.06764312912193e-09	3.87867631189136e-07	0.304947790860651
AT4G11485.1	-9.05230990189703	3.01601092679828	3.34694537558661e-10	1.32165537171896e-07	0.405203740531495
AT4G11890.3	5.22910852943503	3.84481065000353	5.49676926814234e-08	1.44010069470264e-05	0.294546239458008
AT4G12410.1	-6.71920783904539	1.60730736814464	3.42675846716934e-05	0.00427043581863412	0.642942886830901
AT4G12830.1	3.10349843004254	5.55513027558589	8.81661509532959e-05	0.00942063966676256	0.248144635395675
AT4G13450.1	-6.78760542676327	1.2775887765271	0.00010826367362388	0.011131548359358	0.727702819277851
AT4G13560.1	-8.34689417822952	6.2454837489404	1.29626840861709e-14	1.13933630095451e-11	0.282912833667356
AT4G13770.1.DE	3.46694286700096	8.04196342683381	2.85341836003629e-05	0.00371995646200521	0.263722795829428
AT4G13790.1	-6.27892687853565	1.47237426852203	7.8475277778989e-05	0.00862183828082304	0.647474781536045
AT4G14080.1	-10.3092856091666	7.37341075461883	2.2880886915655e-19	1.011240154266e-15	0.269944937487974
AT4G14200.1	-2.79110007086117	5.19193606066517	0.000318047588000013	0.0286001406938494	0.244223328555388
AT4G14368.1	-8.6238843871247	2.61449303205006	3.43088989183753e-08	9.25558979038586e-06	0.496436135996446
AT4G14400.1.DE	5.93186103393376	9.67204381102085	7.32013112403352e-09	2.24102935659035e-06	0.319653864765347
AT4G14780.1	-7.66962007405891	3.83863884074813	1.32198547157156e-11	6.31932248138776e-09	0.311337039691315
AT4G15210.1.DE	-4.02242195866409	7.88568471754377	6.57697338138157e-06	0.00107307062109284	0.290122738890092
AT4G15250.1	-10.1422318327541	0.973830312904933	1.53643602492955e-05	0.00219179436498719	0.751519731245207
AT4G15530.5	2.93180206883992	8.50471627934823	0.000601971400941894	0.0487155877674139	0.293022112974214
AT4G16050.1	-8.87385222436958	-0.241331449519827	0.000493163150904984	0.0412184551310065	0.909375949233386
AT4G16260.1.DE	7.71279557389949	3.18236805586466	5.20550713569415e-09	1.64923782472394e-06	0.411341282941274
AT4G16590.1	-6.38238976523911	7.33282879476555	9.58617331633579e-07	0.000196386815300903	0.486071581484197
AT4G17000.1	-5.50549360102367	3.08528810952947	8.96157493495988e-07	0.000186393917750269	0.382222196986459
AT4G17030.1	3.72753082793976	4.55218392366807	6.4568599602071e-06	0.00106379573362301	0.25404475086572
AT4G17090.1	3.24408335286629	9.00378531154226	8.55380766036113e-05	0.00921207894552806	0.267227291008304
AT4G17210.1	-6.01172849276279	1.23106008093562	0.000148470784304967	0.0143768296241948	0.657721188164697
AT4G17250.1	4.40479014746091	4.56454993452294	2.73254124754045e-06	0.000493069876634004	0.305897075643607
AT4G17480.1	-6.8298408721483	3.07244762781217	1.41936985813075e-06	0.000274280642017649	0.529024115818591
AT4G18197.1	3.37241552649328	4.7354463228835	0.000134697720068789	0.0133458501044156	0.299145402253742
AT4G18790.1	-6.53406245244734	1.73773677810321	2.04612341600004e-05	0.00280154395556548	0.594422406991598
AT4G18880.1	3.8771811364655	4.87297549536201	1.30219503709202e-05	0.00193884744129214	0.289555037182119
AT4G19370.1.DE	4.07272536652785	2.68629541246337	0.000412719268923585	0.0355865883555725	0.459593287650607
AT4G20160.1.DE	-6.97195679933931	1.91199593532274	2.09841978926236e-05	0.00285878219990157	0.654704704290447
AT4G20320.1	-3.95603199571194	7.46762044904418	8.34781422343948e-05	0.00902590849785934	0.367390743109249
AT4G20860.1	5.93631968314703	1.64176193374029	6.45402502393124e-05	0.00729679750319728	0.600995623293667
AT4G21820.1	-5.42964945073805	3.13969995828124	2.14868739452063e-06	0.000396061085813684	0.400616143250756
AT4G21895.1	-7.97801759123701	3.14527210031372	1.63570737122285e-09	5.71386137739857e-07	0.395554102933278
AT4G22690.1.DE	4.18587443976201	7.2444320647634	6.73895478418659e-06	0.00109295417264721	0.309383277982254
AT4G22960.1	-5.22282670246259	3.81869301950121	6.40685557897688e-07	0.000135323716248359	0.347593402611842
AT4G23160.1	6.58455474776554	3.12816315560191	9.11988415646714e-08	2.25899530555691e-05	0.406993467459554
AT4G23200.1	5.66533157453438	1.53248100706248	0.000167287096650423	0.0159932334120494	0.629878512161989
AT4G24640.1	-7.45176074109062	4.16066476263312	8.22188186273336e-12	4.00038598417671e-09	0.297237910883834
AT4G25110.1	5.15670547022307	2.48673289158803	6.69563790274142e-05	0.00750765621135784	0.515729056574343
AT4G25240.1	-5.53242590707643	2.75214965123499	4.8242248139009e-06	0.000837233461811195	0.433748727944329
AT4G26260.2	-6.70475434698877	4.62512568168766	7.10385890278019e-12	3.51925170043731e-09	0.264020284951586
AT4G26760.1.DE	-3.73292511692234	5.43701229572155	5.06661906060982e-06	0.00087373525028124	0.250223874929866
AT4G27570.1	-7.45449572989292	4.40908159850899	1.5530979638148e-11	7.2960793482865e-09	0.311624441413336
AT4G28090.1	-8.61387260917303	3.09965503727007	4.96082422521066e-10	1.90376869949739e-07	0.398875740951371
AT4G28680.2	-8.89631359181286	5.1561558824469	3.50088581793369e-16	4.25934613721707e-13	0.262793191694816
AT4G29700.1.DE	-4.82540257815569	5.77142610223786	2.9608121079705e-07	6.72277062548934e-05	0.297474174241284
AT4G30250.1	-4.69800499224615	3.28513741075965	6.03772183829868e-06	0.00100926261919095	0.356134635143115
AT4G30610.1	-3.32986417480587	4.93877575138371	0.000473227670738369	0.0397964022981739	0.348060676755756
AT4G31690.1	-9.40407327902055	0.260446045345413	0.000127954616496827	0.0127706206435496	0.837410967605899
AT4G32170.1	-9.72121622071028	0.565541827605594	5.17451640180344e-05	0.00610797307075294	0.794865126758941
AT4G32280.1.DE	5.93097334397437	3.38048140723908	2.12050016024532e-07	4.98079895398312e-05	0.38179723603423
AT4G34850.1	-10.4685474245749	6.1252670367816	1.54452359471663e-18	3.8257849441131e-15	0.277103438751538
AT4G34950.1.DE	3.61036921091313	5.70682472360936	4.66624677363802e-05	0.00557636955444364	0.296124591906884
AT4G35610.1	-8.13910974526133	1.29651180840239	1.43916997464476e-05	0.00207476530683311	0.690122394553763
AT4G37780.1	-9.38076230611623	0.238283617061154	0.000135349616865854	0.013346903182575	0.839135900071031
AT4G38660.1.DE	-4.77558669023441	5.58528391730574	2.40817197773454e-06	0.000440372227364651	0.344207533671872
AT4G39610.1	-5.82778998502436	2.32977789762919	5.17833808985917e-05	0.00610797307075294	0.595446575764858
AT5G02760.1	4.90027221996432	4.3328310952293	5.82163901425462e-06	0.00097914937173701	0.383066463251878
AT5G06940.1	-5.43331598919463	3.25265082345318	5.11346242669694e-07	0.00010884883651579	0.359595958899741
AT5G07100.1	6.35711058117194	3.21807156590712	8.52823121855034e-08	2.15156218529482e-05	0.390250276723195
AT5G07230.1	-14.355876749959	5.15048130553272	1.99035488393636e-20	2.20402039055252e-16	0.270268397714383
AT5G07410.1	-9.18678405381728	8.20599727859852	8.42313438701277e-17	1.14752571321469e-13	0.278735661379214
AT5G07550.1	-11.0925500800376	9.17217223198642	1.05704393360666e-21	2.88012760589808e-17	0.265480843450699
AT5G12960.1	-4.75504771475905	3.66268474663715	8.93794049013201e-06	0.00141271975402005	0.379315366216502
AT5G13350.1	-7.91020279873735	2.38175880903365	4.48872814467764e-07	9.70669648873268e-05	0.5388607040045
AT5G13840.1	-4.59648502257171	4.4496338246988	2.40094650158916e-07	5.59133242126495e-05	0.27041839029499
AT5G14890.1	-4.16543386858026	2.93275848119641	0.000107329019104887	0.0110772491801169	0.4001655005651
AT5G15120.1	-7.00304058315347	2.18066144564662	2.99319595038361e-06	0.000536550066184883	0.547318411288355
AT5G15960.1	-6.54975138064916	7.22957597698572	2.27767506596139e-11	1.03433020870417e-08	0.275496316807282
AT5G17030.1	-5.22415987116193	2.70229833143855	1.27961048346823e-05	0.00191568938698125	0.438555839227036
AT5G17090.1	-9.41914553585838	2.55212475003451	1.23636319496076e-08	3.66165086664085e-06	0.493408966370184
AT5G17340.1.DE	-12.7959655886661	3.59467364318848	3.559629118602e-14	2.69414484984857e-11	0.340379895519056
AT5G19240.1	3.51135318237608	6.13639450851985	1.76068716336648e-05	0.00248567062902831	0.255621656729389
AT5G19360.1	-7.28615908481753	1.80973216061974	6.85232472782945e-06	0.0011047650405868	0.605551640144684
AT5G20250.4	-4.15180478728585	5.12467000826779	2.16579210314577e-05	0.0029358874345479	0.340282234915449
AT5G23010.1.DE	5.44084642273723	7.3423848429105	2.50843695259254e-09	8.2346242948541e-07	0.265655933580821
AT5G24160.1	3.5114006409233	3.46066680947296	0.000434298597557401	0.0370950905568856	0.371391195402316
AT5G24580.1	-4.00324092680487	4.32424550869161	0.000377083584767194	0.033036644482803	0.452117425459512
AT5G24820.1	-12.1065771628928	2.90913608446336	1.22937680703232e-10	5.07527725169843e-08	0.441489377431977
AT5G25250.1	4.12355155217092	4.26172743106134	1.9910809831911e-06	0.000374865124426929	0.268213164599763
AT5G25340.1	-5.34620264564625	2.24221716689818	0.000121586056473754	0.0122245582315143	0.582206861501762
AT5G26670.1	-3.93981051669376	4.58821126598294	0.000180031464416751	0.017151459129242	0.398842177974653
AT5G26700.1	-5.85749867081695	4.51521428430294	1.85500548990577e-09	6.23991784981019e-07	0.284762994933747
AT5G26730.1	-12.0475012614299	5.98496127033193	2.96910530852129e-19	1.011240154266e-15	0.293870333332916
AT5G27870.1	-7.72066865233406	4.42757136919519	1.57039754604327e-12	9.10396211426406e-10	0.292289487681845
AT5G35110.1	-9.2782909736801	2.38541280319135	3.83762077065191e-08	1.02513385429365e-05	0.516223936875437
AT5G37170.1	-8.84764784175645	-0.267025201614083	0.000495922300716015	0.0412815248109887	0.904424079724946
AT5G38740.1	-9.07638685996973	-0.0496051897471048	0.000408307505503725	0.0353179511189206	0.925032477928648
AT5G39670.1.DE	4.23990190838423	3.01766745208867	5.79467252654136e-05	0.00671861456726266	0.384856995055562
AT5G41890.1	-5.52098234559909	1.43160799913906	0.000267632439351718	0.024552798232378	0.651772742212234
AT5G42330.1	-4.6629566831111	1.86165771919018	0.000476644432506765	0.0399604026231133	0.565127602888639
AT5G42530.1	3.38125677056994	10.4049525306017	6.29274239528237e-05	0.0072041324388344	0.27618257474311
AT5G43060.1	-3.3349879657767	5.77270449324978	3.63261630030551e-05	0.00447863784318661	0.252954187982202
AT5G43990.2	-3.48163799865378	3.99547361383843	5.45494560935402e-05	0.00640650444043401	0.281954918466306
AT5G44420.1	9.75175837612271	7.48698078391645	3.89214574999491e-13	2.58656817683198e-10	0.390262939074527
AT5G44568.1.DE	4.69028660585963	2.73871525185805	6.53182451097282e-05	0.00735424059712712	0.451380475536688
AT5G44620.1	-11.4872244414779	5.96407767495391	1.80953836125369e-19	9.86089834581588e-16	0.280463747564031
AT5G44630.1.DE	-10.2649636212912	5.70381659504666	7.64053476356811e-18	1.38787767135294e-14	0.278645363346995
AT5G44635.1	-5.35856372237627	4.42657324392266	1.45521549142316e-07	3.54020147275061e-05	0.327042802733449
AT5G45875.1	-9.52615903091198	0.378116027885308	9.93467187547929e-05	0.010331679564549	0.831175166016553
AT5G46260.1	3.71246616791269	4.28564012998732	2.18038388129614e-05	0.0029410356244394	0.283665771182462
AT5G46540.1	-6.2732319406195	1.69211437875708	0.000187877483322943	0.0177746450975703	0.729229229036467
AT5G46795.1	-11.3642421255599	2.17359557295919	4.79571336176964e-08	1.26862914532172e-05	0.563396514788968
AT5G46970.1.DE	-10.2863279830114	1.11441001772095	1.04462622076683e-05	0.00161721196802465	0.740966366785242
AT5G47000.1	-7.16601709939259	5.08865488201529	1.97541831570413e-13	1.3801082781536e-10	0.252798143610354
AT5G47220.1.DE	3.72736810596131	4.32718063254682	9.12640504349383e-06	0.00142095518982901	0.26190530772071
AT5G47700.1	-2.92438757811799	7.01516502213459	0.000350644608677827	0.031120565643794	0.269279326418494
AT5G48480.1	-4.11713674144841	7.02053745918285	3.12088180649932e-06	0.000555782134520829	0.281601713693913
AT5G48650.1	-8.03918887448138	3.67411397622671	1.68993004628553e-11	7.8043260968037e-09	0.327309991422699
AT5G50790.1	-9.99934380242853	5.81920873339238	1.71031298828092e-18	3.88340816597418e-15	0.261899150882819
AT5G51060.1	-6.41783811339879	2.41277431097085	3.53842480227474e-06	0.000622009423145676	0.505718725928893
AT5G51590.1	-3.23579590757728	3.6115912304054	0.000407901027788494	0.0353179511189206	0.322114932623163
AT5G54670.1	-3.10304114570401	5.08303410723895	9.15038472051412e-05	0.00970118803423534	0.248663272008184
AT5G56530.1	-2.75232198275656	4.50004988866015	0.000523007391160323	0.0430525147641853	0.255490143735362
AT5G56870.1	-4.19210064202272	5.82109342066939	1.13148788748529e-06	0.000226637189839885	0.265388437628775
AT5G57630.1	3.51877038391128	4.68325183925643	4.30338193719976e-05	0.00521129989523919	0.280437878899979
AT5G58050.1	-7.64716813480572	4.25110085904985	1.30456458172952e-09	4.67703567873475e-07	0.391088592836574
AT5G58770.1.DE	3.13990973188916	5.35936074354978	8.29501524463759e-05	0.00900455300281436	0.250848848898916
AT5G59305.1	-9.65191254483555	0.498600456115534	6.39743060506759e-05	0.00726294965401153	0.80452243622759
AT5G59570.1	-6.28051770493768	2.72443795886352	1.04705248953031e-06	0.000212903277479346	0.453273209249402
AT5G59810.1	-10.9259173918891	4.02517215170736	2.07843818695541e-13	1.41578013199935e-10	0.362149573641239
AT5G60660.1	-4.0511680880169	3.44878263772038	7.2148550580924e-05	0.00802380227623852	0.368580414492529
AT5G61160.1.DE	7.36529348837737	0.58629415201108	0.000223481867365229	0.0206413913223743	0.823487151699182
AT5G61690.1	-8.63896154356046	1.75290698302477	2.08494297390153e-06	0.000389098912396542	0.627250015647982
AT5G61850.1	-9.90704881675293	0.744741516863218	2.92521831672238e-05	0.00376642534055599	0.770787223643169
AT5G62210.1	-5.75394075642255	5.97015004476716	3.0722582142847e-08	8.37098195646152e-06	0.330750678881026
AT5G62360.1	-4.09359678776611	3.85056674455131	2.9305324336546e-05	0.00376642534055599	0.340499217411652
AT5G62700.1	-3.15893940115684	8.36960259167932	0.000124539925155621	0.0124755122820412	0.267523271000598
AT5G63650.1	-3.7989501796121	4.20915857465833	1.53465102487274e-05	0.00219179436498719	0.283919658653664
AT5G64770.1.DE	5.12801581895897	5.90098053385078	6.17744505130638e-09	1.91269142401074e-06	0.254621565835727
AT5G64790.1	-8.01157742569421	3.86818770024029	5.3363094409822e-12	2.74336647808381e-09	0.314745458925725
AT5G66170.2.DE	-2.96049388295987	3.97229178478583	0.000503603886591896	0.0417072799330376	0.287370181900831
AT5G66230.1	-6.39890697163771	4.26859842635574	4.33717994333893e-10	1.68821631308794e-07	0.296713284910351
AT5G67260.1.DE	-2.74586336602201	5.97931278293374	0.000527282886910179	0.0432737253603664	0.256326255522652
