logFC	logCPM	pvalue	padj	dispersion
AT1G01420.1	4.51342188345968	3.60297533409588	3.82415816887442e-06	0.000444121677711131	0.322767887728729
AT1G01600.1	-5.45371779081471	6.32164594026457	4.28246258913449e-09	9.26094840827314e-07	0.273744700801961
AT1G01980.1	-6.83522594975914	3.35646284764227	5.51315508726074e-08	9.42949998288396e-06	0.414087397353457
AT1G02520.1	-5.79464870372429	3.6680003571271	7.34792081703518e-09	1.50264980708369e-06	0.297485487077317
AT1G04150.1	-6.94761664302306	0.886042442691885	0.00028434598214052	0.017773040890338	0.819083012790498
AT1G04820.1	-2.86540500512072	8.44433548333822	0.000741261191159673	0.0398459658585088	0.291093485602204
AT1G04880.1	-7.46074679053378	3.30047281966551	3.64938622112195e-10	9.4054181320806e-08	0.342968343433978
AT1G05010.1	3.13424044749645	7.17772115899362	0.000206830099676785	0.0133263749839693	0.28162697801332
AT1G05580.1	-6.46166144343305	3.9524773253605	1.71028865206053e-08	3.21773706998668e-06	0.366641939507352
AT1G05835.1	-6.24942043977098	4.65115731667639	4.80120069711195e-10	1.18854986730874e-07	0.292389793947615
AT1G06250.1	-3.71133043981893	3.92643849335953	2.06385262187047e-05	0.00195122227275734	0.281000103676962
AT1G06280.1	-10.4161072766758	3.54269087632524	3.29027966323206e-13	1.38614232519967e-10	0.341498723206704
AT1G08930.1.DE	4.85884245802154	6.32011302492728	2.29080767740019e-07	3.5040045237892e-05	0.295852049212628
AT1G09380.1.DE	-9.97802230481155	3.10982791046994	3.86904650785361e-11	1.13737876560559e-08	0.393136125096117
AT1G09600.1	-5.28451914088317	2.45149848721411	4.17988986883484e-05	0.00350882562284131	0.502017065976508
AT1G12000.1.DE	-2.73369125520505	6.26949451245215	0.000637008201876182	0.0350429014915161	0.261915402345199
AT1G13140.1	-7.46965102791424	6.14481430380976	4.31504889543274e-14	2.19414405185599e-11	0.256287841959578
AT1G13290.1	-8.8616076407481	-0.255946425016774	0.000558794988463797	0.031289193193327	0.923458416878774
AT1G15125.1.DE	8.45384253340872	7.6318614011086	3.59307786906954e-10	9.38891208731589e-08	0.436137951475286
AT1G15460.1	-10.8145395815317	5.28076470161218	2.24075522809458e-18	3.51313073844761e-15	0.273736234974704
AT1G16360.1	-5.06212104527418	1.94347138992826	0.000183638315952411	0.0119964280428078	0.559431600859745
AT1G16630.1.DE	-5.91226679668654	3.83588905906012	9.52730746233273e-09	1.86715377704508e-06	0.312499873985507
AT1G16920.1	-2.91187260551613	4.68899295772183	0.000452732299043429	0.0262083245360094	0.275923579049948
AT1G18370.1	-6.64824536481041	4.87930704813293	5.17587322707875e-10	1.26466076486051e-07	0.319556175122469
AT1G21130.1	9.28804360850198	7.35845760473447	1.12547273932454e-14	6.0369569330192e-12	0.325346758411503
AT1G22350.1.DE	4.31287509730065	3.60653956375442	9.40376396648703e-06	0.000988393381371436	0.326877363306942
AT1G22460.1	-7.89830108541888	2.71388922236136	6.43317287301555e-08	1.09039382371995e-05	0.474530670063927
AT1G22470.1	-9.01708550745736	-0.108891711735488	0.000398647231432148	0.0237346487726723	0.908949995617398
AT1G22690.1	4.3717104568667	4.33762723270697	9.72013513411099e-07	0.000127884351337877	0.278101494660073
AT1G23240.1	-11.4342927712818	6.57094784238022	7.08357030684536e-20	4.44234305843295e-16	0.281439652089885
AT1G23410.1	-4.68908190983923	2.57611567379477	8.04075736716737e-05	0.00594942649792171	0.461368385824994
AT1G24030.1	-3.81673089148086	2.96823845564969	0.000187796498156895	0.0121984014397847	0.374570940518459
AT1G24147.1	4.45955613200402	5.35521831151734	1.34095679165225e-07	2.17489319639185e-05	0.248991781342373
AT1G26770.2.DE	-3.34174608298603	4.60335245986013	0.000109240994602412	0.00772654162575104	0.287178369994483
AT1G28700.1	-9.70614790993997	2.84191073515538	5.79127059869539e-10	1.37237584902475e-07	0.43214214472867
AT1G29140.1	-9.01455153675671	5.7615620682483	1.27254086452766e-16	1.14007542024873e-13	0.265641842290209
AT1G29660.1	4.55159834201414	6.40775717623475	1.17563361168881e-05	0.00121465153003051	0.370219920669576
AT1G30260.1	3.29511599992978	3.83719907861665	0.00012655653178448	0.00878610549443989	0.283504058880857
AT1G30350.1	-11.6417504076286	4.76049695551093	2.6376510340954e-18	3.72258707122354e-15	0.276090421031572
AT1G30795.1	-11.8416116995753	2.64441224226025	7.98888806081026e-10	1.85559185155659e-07	0.468452073291253
AT1G33720.1.DE	3.23789976979446	3.54853512285282	0.000439103845753925	0.0256562104161936	0.325938829998875
AT1G43630.1	-7.49902083445914	1.48179138865023	2.68852248967396e-05	0.00238593689248707	0.698188166283677
AT1G44191.1	-11.4023969851754	2.20902119583979	2.33919149494469e-07	3.54915716015237e-05	0.639952624181844
AT1G44224.1	-10.5157159541861	5.00931011215302	2.96793909154635e-18	3.72258707122354e-15	0.265386921851696
AT1G48820.1	-8.80752300697394	-0.305724576903837	0.000595410445905569	0.0330437496494425	0.921590773131353
AT1G49290.1.DE	-6.13860741397063	1.97859349655312	2.15972611825157e-05	0.00203165435943925	0.558944662725392
AT1G49450.1	-3.09948147803374	4.9001181497851	6.23764369001748e-05	0.00480963231081921	0.237067588181814
AT1G49920.1	-5.56678605538815	1.73717548024569	0.000125886582631309	0.00877196357639054	0.596895777140557
AT1G51260.1	-10.7393954420935	1.55605845059599	2.65987639445465e-06	0.000318744678250126	0.703015101629175
AT1G51800.1.DE	3.75108766896667	3.50974438519652	5.4435870440507e-05	0.00426731861028208	0.316519614135833
AT1G51805.1	3.52841648225185	7.83172879708011	6.08042390331686e-05	0.00470769939576146	0.294870555536656
AT1G51890.1	5.25855226120015	1.79173740818446	0.00042742719341654	0.0251300475529337	0.651540321384285
AT1G53860.1	-6.66908165530847	2.06589416896405	9.55326796025242e-06	0.000998528796689939	0.568609050621992
AT1G54385.1	-4.5663986540253	4.02379281351156	1.35666882377588e-06	0.000173635151364078	0.30426500218809
AT1G54870.1	-12.0411157811068	2.84244362674912	6.38774263613149e-11	1.84890753778735e-08	0.421416598044666
AT1G55560.1	-7.65265368819704	5.9397215288625	3.31542493005131e-13	1.38614232519967e-10	0.283839459944142
AT1G56360.1	-8.89750281593155	3.7708103849207	1.86079576341688e-13	8.33547892688697e-11	0.302187253512282
AT1G58430.1	-10.2959081258334	6.45177662856391	4.00746651670055e-18	4.26729398903547e-15	0.283054912256384
AT1G59870.1	4.60915732162476	9.97152594204432	4.76899815791887e-05	0.0038343560403028	0.436346720406804
AT1G60760.1	-9.45208374037622	0.304884318004049	0.000144318038656681	0.00980216454616171	0.860497774485156
AT1G61566.1	-8.4872735795303	6.48797864486286	4.83486604260777e-15	3.03210565752075e-12	0.281338346143362
AT1G62180.1.DE	3.07759305892065	8.55638121481369	0.0002460950295721	0.0156419996161131	0.279704368581727
AT1G63480.1	-3.17662204000244	3.60828933880913	0.000597155037780932	0.0330437496494425	0.330380434702243
AT1G64450.1.DE	-3.08566473102857	3.58176251280626	0.000539772186854396	0.0305881744683091	0.309747285906486
AT1G65113.1	-11.5040585820339	2.31025412879837	1.3650417182285e-08	2.64761802956195e-06	0.528213274879554
AT1G65190.1	3.52851377217536	6.15318613701184	1.91606072268462e-05	0.00186781173246573	0.259748505759762
AT1G65486.1	4.66799412580084	2.21616987220429	0.000188026810754627	0.0121984014397847	0.507015097366995
AT1G65490.1	4.03648878098726	5.85536545477427	4.63257213506951e-06	0.000527393503425766	0.281574387714176
AT1G65560.1	-2.95240129094971	3.91750269047669	0.000476215985092863	0.0273991667998077	0.28354587533942
AT1G65845.1	5.47645395326432	2.26929981671189	2.19428377568153e-05	0.00205335941709108	0.493518982216968
AT1G66140.1	4.83561419263269	3.44344469823888	1.26910588015486e-06	0.00016466867606368	0.325461935173014
AT1G66920.2	6.05824055736861	4.15158163487697	3.75528194908614e-10	9.54755062028469e-08	0.273880863897469
AT1G67035.2	-6.00151651271364	1.13546152073471	0.000696314998577303	0.0378035882280076	0.852698918504822
AT1G69500.1	-6.71703061189312	5.68379087105164	1.46212937441293e-12	5.61398001024591e-10	0.25205642690987
AT1G69720.1.DE	3.20057980032763	4.18897526292585	0.000128542101575084	0.00882624488698404	0.271317029325746
AT1G69940.1.DE	-10.0032368424685	7.6696833809959	2.06777201836831e-18	3.51313073844761e-15	0.277182788286991
AT1G71770.1	-8.54563518363168	5.17775421659739	3.47744789971322e-16	2.9738502175093e-13	0.252509052097022
AT1G74810.1	5.51541315144692	3.02859146374071	3.92238815562971e-06	0.000449974455853764	0.425672289687808
AT1G75520.1	-5.66923958348704	2.52600885881142	1.18146715209729e-05	0.00121465153003051	0.487532714867714
AT1G76955.1	3.69699705461574	3.77110576462776	4.34982856563946e-05	0.00360518390457889	0.302206509061527
AT1G78160.1	-10.2746866719682	3.40247009824288	1.04211858642102e-12	4.08467064269271e-10	0.350079269269805
AT1G78290.2	3.1473284504942	5.69779680846425	7.8727401115259e-05	0.00585445582838926	0.250621961285983
AT1G79400.1	-4.46158874080779	2.01434850952488	0.000812142664707555	0.0427004671356716	0.582975260117891
AT1G79450.1	-4.71027889015785	2.78255599967946	2.28596613095108e-05	0.0021186289057987	0.402753653285063
AT1G80130.1	5.07629498157587	8.04354765081527	2.16304570171553e-07	3.33570015017016e-05	0.315483228264244
AT1G80280.1	-3.38117959804086	6.34671825433845	9.03373659806661e-05	0.00648705039526814	0.287684350719778
AT1G80470.1	-6.57352224570468	2.82695728852738	1.11820309946906e-07	1.84542746608867e-05	0.412655456125946
AT2G01520.1	-7.63977143491208	4.25110040371126	1.56165241676028e-13	7.16608013876288e-11	0.262281328176853
AT2G04570.1	-3.53586400756018	7.77458134796557	2.63516341416209e-05	0.00234966656275098	0.270077903533177
AT2G13820.1	-4.65790016467279	2.46617376125099	0.000121210758630376	0.00850917616743245	0.480773251291409
AT2G16910.1	-8.01449102502319	5.59626450584693	1.83794008581368e-12	6.6498086104805e-10	0.316304604119689
AT2G17630.1	-3.85902094227378	3.79054640063802	1.93147340814056e-05	0.00187313096395652	0.296186717587234
AT2G18300.3	5.81799867457995	5.3244179051202	9.29600793058081e-11	2.6103745254619e-08	0.24616644426096
AT2G18460.1	-6.17678048427061	0.697599070647564	0.000490881716610984	0.0280712723900275	0.772434115742623
AT2G19500.1	-11.5895079222905	2.39453571729224	7.86004091804287e-09	1.57317882800062e-06	0.516751664411899
AT2G20870.1	-10.6540015073046	9.19473645659102	4.42067789880365e-19	1.38617723313486e-15	0.291731330730553
AT2G20970.2	-9.88483301499966	0.721774013298755	4.44818459750143e-05	0.00365450414923109	0.807745688682343
AT2G21050.1.DE	-2.7439511085043	4.58193322085806	0.000791469725047702	0.041945665935345	0.27168623694912
AT2G21220.1	-4.56416417472989	3.0579273737433	1.99666916516068e-05	0.00192642736786323	0.382897562630942
AT2G21260.1	-4.93458869961544	1.65268918202908	0.000580809474533471	0.0323294362540613	0.633204665387105
AT2G22030.1	-9.38914009466121	0.244720749591835	0.000173324420605133	0.0114418443833859	0.871956824222941
AT2G22610.1	-5.4177714709854	4.27358722195123	2.10597321941244e-09	4.66138590000303e-07	0.255698439389279
AT2G23530.1	-8.2633464648353	1.36098815395448	2.33997606572975e-05	0.0021371024126524	0.738108694004371
AT2G23900.1	-8.58153289890013	3.99033623590565	8.33575940384794e-14	4.02125583138449e-11	0.286729937572629
AT2G26010.1.Hnull	-5.34079724027637	5.0892504869929	0.000543934734969907	0.0306941768796966	0.731856035813483
AT2G26410.1	-7.28172848138503	3.41782066962782	5.83555160635591e-10	1.37237584902475e-07	0.342759608049854
AT2G29090.1	3.00797924320218	4.21201681057549	0.000376674123249215	0.0227139325474703	0.282608915486913
AT2G29110.1	6.10343570852195	2.53724909550615	2.57543613934963e-06	0.000310604202087974	0.466299390141346
AT2G29350.1	3.38681320364482	5.03302723094071	2.33613594925768e-05	0.0021371024126524	0.246842900888935
AT2G29550.1.DE	-3.52621938952187	7.25724816634671	8.06369595498053e-05	0.00594942649792171	0.30434820783995
AT2G30432.1	-4.7799099205098	3.50433635460685	1.46865345565523e-06	0.000185444604796628	0.325272385295224
AT2G31035.1	-7.05717105016213	0.193508493957773	0.000753616316361682	0.0402799357273542	0.900120079742196
AT2G31270.1	-4.43203548039291	4.21888089040544	2.2748840071306e-06	0.000277919920195812	0.304456162097825
AT2G31865.2	3.40243928501135	3.82565615907281	7.77402305886595e-05	0.00580398689799619	0.281546133829352
AT2G31880.1.DE	3.42010271443518	7.03423756257638	8.89021108126955e-05	0.00642150400621943	0.292765064391068
AT2G31985.1	-8.85204881133506	1.94322406335049	7.09166017796202e-07	9.81047754324834e-05	0.592443250836457
AT2G33100.1.DE	-5.16134190247022	2.93958442160831	2.03000125509142e-05	0.00194859406190255	0.458801629122187
AT2G33190.1.DE	-9.00344675972828	-0.121367216929943	0.000416468950458184	0.0247174978988021	0.910491177553373
AT2G33670.1	-9.05855773123335	2.14839914148911	1.5543704313658e-07	2.47829875387425e-05	0.546242374129897
AT2G35190.1	-4.08530488775625	4.39166685621658	1.48159586725365e-05	0.001482699183325	0.318130266475381
AT2G36020.1	-7.85187683704669	4.72195723443965	3.67490553112149e-15	2.38412664353516e-12	0.244603504445699
AT2G36120.1	4.56648298405914	3.10241957041726	0.000836107687463088	0.0438176324009207	0.612480396073334
AT2G36200.2	-5.34614309404647	4.69782265976206	7.57471045497112e-09	1.53237206989061e-06	0.271802614240539
AT2G36570.1	-3.80873661126357	6.1632345328983	1.1970475179721e-05	0.00122398108712647	0.280634105072811
AT2G36620.1	-2.9550636613096	7.0852944978788	0.000418472898473827	0.0247583305405238	0.281177597091646
AT2G37620.1	-2.85014739598861	5.86235895930613	0.000279280729207962	0.0175146254643953	0.249301885562759
AT2G38530.1	-4.12952154535375	5.18054713253265	0.000164904880848499	0.0109629697112497	0.425834788648036
AT2G38620.2	-6.13143521382233	2.97929055996764	4.94283612627658e-07	7.0450393090733e-05	0.417459629347918
AT2G38905.1	-5.74234741686739	1.67201097192238	0.000627816687739026	0.0346385430003579	0.790538582477317
AT2G39030.1.DE	4.0097342313857	2.68431230144555	0.000375947381617069	0.0227139325474703	0.443089641060776
AT2G39510.1	-9.66395396755604	5.31330818577676	2.91201787940775e-18	3.72258707122354e-15	0.251331074567629
AT2G40480.1	-2.6650252642056	4.25330375309846	0.000747895161768434	0.0400880329729667	0.255122293102852
AT2G41100.1	3.25055348361133	6.48264890389247	6.66154587485579e-05	0.00507410218985979	0.260078047630767
AT2G41180.1	3.71747946664219	4.50212381962248	6.03017725267971e-06	0.000667363263717153	0.251173652639247
AT2G41540.1	-4.39060668652499	6.4974119053446	4.75533265508944e-07	6.82952889869105e-05	0.26754685251561
AT2G41830.1	-2.55622370857935	4.55703577477145	0.000904227052074504	0.0469948280600268	0.245094682750297
AT2G42800.1	-6.56952389802579	5.27369259307862	1.74350251534266e-12	6.43181496542292e-10	0.245164123244149
AT2G43100.1	4.12459836209892	5.36809428109188	8.07950432482135e-07	0.000108576995976563	0.251607202266783
AT2G43470.1	-9.04656942071659	-0.0806256253937488	0.000380158430025214	0.0228508009664357	0.906789013151701
AT2G44040.1	-2.96149678847448	3.82970948420583	0.000656126093826092	0.0358847567710584	0.29879777267558
AT2G45490.1	-5.99246305393493	2.08582078683935	4.54829144239271e-05	0.00368842910332657	0.601868246369701
AT2G45580.1	-7.69656042959444	3.3592163948126	3.36325647557783e-10	8.9121559621861e-08	0.355320965626012
AT2G47130.1	2.97799574412321	3.95742608219209	0.000694191861088804	0.0378035882280076	0.304004209886627
AT2G47230.2	-3.50569489900949	3.59628110468149	9.3164803238099e-05	0.00666464870008211	0.302425873037886
AT3G01250.1	-10.3104204547001	4.77821783886207	2.17361031259618e-18	3.51313073844761e-15	0.254194838283184
AT3G01290.1	6.25221103417682	4.84853775774478	1.19231795110947e-11	3.73871165536227e-09	0.245865960461903
AT3G02120.1	-5.64588441736264	2.96348619410655	8.30146354153903e-06	0.000882393983449239	0.475708808403946
AT3G03510.1	-9.38830614055143	0.244138990032523	0.00017857716145794	0.011706448486654	0.874081496219105
AT3G04140.1	3.02656513873837	5.13090642117713	8.1447506383156e-05	0.00598575541051834	0.234996466243317
AT3G05400.1	-3.84083184291949	4.4725494322018	2.92852526835364e-06	0.000348716926574718	0.248604170998175
AT3G05600.1	-7.87490052604042	5.5461710950646	2.91945447768704e-15	1.961664876543e-12	0.247744452827587
AT3G05725.1	-8.39612577940793	2.31578230774135	1.61271811372302e-07	2.54972089004916e-05	0.522799339361498
AT3G08040.1	-7.55419300678301	3.14983645794161	1.81824615581426e-09	4.07243847327257e-07	0.384514200421375
AT3G08770.2.DE	-8.89304851062762	9.07387910047203	8.02744805579723e-16	6.29285032174038e-13	0.286834075361615
AT3G09930.1	-8.68395797954249	1.84007056544868	1.42763919086886e-06	0.00018148380903383	0.616640556964091
AT3G10310.1	-5.84567682412117	3.47940514325945	4.05608754227881e-07	6.00875834806563e-05	0.394722913772106
AT3G10430.1	-9.26025005238905	0.122251435885822	0.000241906138627119	0.0154278714987478	0.888461083263497
AT3G12160.1	-6.44135994431492	1.31420534634171	0.000160628931393211	0.0107547071716437	0.721530266761028
AT3G13175.1	-4.567976261564	3.18113184960078	8.56385404395684e-06	0.000905170505522494	0.351113285281148
AT3G13220.1	-9.87264250093702	5.01348684100113	4.30948154521494e-18	4.26729398903547e-15	0.253731558416634
AT3G13450.1.DE	-2.81272373230898	5.03675832915135	0.000288049962235742	0.0179449403625935	0.243843823747573
AT3G13640.1	-4.84507097684774	3.16621949045619	6.66195331726949e-06	0.000728709242506443	0.375748987555624
AT3G14380.1	-9.40169679830192	2.54258331322437	8.78069171197952e-09	1.73894667230719e-06	0.481565099224041
AT3G15400.1	-8.30346790841294	9.86289983577922	1.15170312778109e-14	6.0369569330192e-12	0.286041727601718
AT3G15720.1.DE	-5.32876683950465	1.56910692642017	0.000766863265902806	0.0408718568971541	0.734333696569705
AT3G16360.2	5.86329347822885	3.66300402671514	6.67817089338484e-09	1.38069348558398e-06	0.301874133027502
AT3G16660.1.DE	8.36096212871296	4.40508548787834	2.55224148750013e-15	1.77843967947509e-12	0.255120457439652
AT3G16720.1	3.28363461810571	4.1460257192482	0.000201899700775682	0.0130534053965419	0.300381901592517
AT3G17060.1.DE	-7.13573068751578	4.0638003904738	2.29617380376632e-11	7.08200228591139e-09	0.295739079977356
AT3G17360.1	-5.07220122659771	3.84737448723093	1.80346265232642e-07	2.8041608546173e-05	0.305590059290992
AT3G19100.1	-2.69876071041418	5.35503515927851	0.000487370474810121	0.027955451564261	0.2452021263146
AT3G19590.1	-2.70472072065647	4.24185726394177	0.000648622103104037	0.0355777733171993	0.255997613811566
AT3G20975.1	-10.099405747249	0.930403072278734	2.58384430150406e-05	0.00231487841373797	0.79076795238852
AT3G21970.1	-10.8908807514664	3.97630876916656	6.97242574222308e-15	4.23158767465113e-12	0.315898209421735
AT3G22000.1	-10.3267307238761	1.15194648931075	1.33207322927778e-05	0.00135468247219633	0.766785628685247
AT3G22060.1.DE	3.35960905693684	4.03107213665084	0.000128442140039322	0.00882624488698404	0.294038124543563
AT3G22275.1	-5.45757014214451	2.73254753328812	1.35310495079593e-05	0.00136135382589704	0.475271304086309
AT3G23130.1	-9.95678658589857	0.791526133154161	3.56084254874407e-05	0.00305907268091648	0.797695724983117
AT3G25165.1	-7.13569101518594	2.55498123722843	1.69577643463443e-07	2.65869482010101e-05	0.452697035449219
AT3G25760.1.DE	2.73748185324311	5.16444122331985	0.000345275777997484	0.0210704450056745	0.238916968488032
AT3G26050.1.DE	-5.0948551803949	2.77479306524343	3.2683027300178e-05	0.00283363352822834	0.47151590463794
AT3G26165.1	3.6500365818318	5.00038395819904	2.05226270312501e-05	0.00195122227275734	0.275377173815194
AT3G26500.1	5.8813730104191	2.24410524954345	1.68517060962503e-05	0.00165993716489452	0.529650097586081
AT3G26830.1.DE	4.40358643250543	2.27088685360187	0.000419806531643828	0.0247593733114325	0.512999968278265
AT3G27060.1.DE	-3.48715706417421	5.75008896107199	4.93821240556398e-05	0.00391531960196507	0.281610655421643
AT3G27360.1	-4.32669722711908	4.56879138642172	3.85343191898844e-06	0.00044477587806042	0.307150641364877
AT3G28007.1	-3.93324219415324	4.80508183955811	8.02466141175502e-07	0.000108576995976563	0.232560110390732
AT3G28840.1	-6.91915881473387	7.08523460287198	2.06330443017172e-12	7.32434142438693e-10	0.268464757723407
AT3G28980.1	-9.98205861087911	8.72289814095797	3.32002992184338e-18	3.90394018434759e-15	0.283263877132421
AT3G43860.1	-7.22275388436144	4.89801582640612	6.64259295033736e-13	2.65901582484356e-10	0.265019481859481
AT3G44860.1.DE	4.34185154024069	6.27185994842817	4.20311988201518e-07	6.08288442001796e-05	0.260287912589913
AT3G45280.1	-4.80855377599382	2.07939666632689	0.000254164384951029	0.01605107516648	0.544806526346775
AT3G46900.1.DE	4.18825464164953	3.25740975883555	6.32690177517372e-05	0.00485854408155585	0.380267701126348
AT3G48720.1	4.65184286156847	4.99372924089255	3.25174210534372e-08	5.82650247332731e-06	0.241742435831177
AT3G49540.1	-8.42077826866337	6.66550906906783	2.11074118998639e-15	1.52736479801554e-12	0.271707959310203
AT3G50410.1	-4.01497872414499	2.52317920783771	0.000396448984745341	0.023678702219044	0.445872723157315
AT3G50480.1	3.50188451235471	6.36703614951812	4.07423872329885e-05	0.00345282555586237	0.278233350614675
AT3G50740.1.DE	6.635319869286	6.19650286913245	2.23125200969647e-10	5.99696790148992e-08	0.30930542240346
AT3G53760.1	-3.55178255603613	3.96775190253117	4.95293964743109e-05	0.00391531960196507	0.2878558418869
AT3G54820.1.DE	-3.23185073642261	5.36895004674265	4.47887721671774e-05	0.00366372156327511	0.24544756889928
AT3G55660.1	-5.99129225480059	3.631433323052	1.01730612404931e-07	1.69376968299679e-05	0.367520702207998
AT3G57370.1	-9.58428442096207	0.431970266623668	0.000100185383858777	0.00711278419592088	0.842387257099951
AT3G58060.1	-7.46570870014958	1.50697581288139	4.50621265490439e-05	0.00367012488698577	0.744800451031204
AT3G58440.1	-9.10786408484855	-0.0225746478139414	0.00033421883762624	0.0204820625768732	0.902067627539838
AT3G58650.1	-5.43320964364254	3.29662105212897	4.1723267985237e-07	6.08288442001796e-05	0.354113612653828
AT3G60100.1	-5.91801489937329	2.05698105793887	2.53923127034643e-05	0.00228579412058841	0.542139892643651
AT3G61210.1	3.22717804637287	5.03271899374143	7.07090188430556e-05	0.00534264851611747	0.257528984389744
AT3G62520.1	-8.98466504620199	-0.139862412953448	0.000429839650566493	0.0251931563419252	0.91273691844746
AT3G62570.1	-4.41730768707265	3.12627921102547	3.07621079024055e-05	0.00267943656516601	0.380900039358743
AT3G63095.1	-10.0205850079005	5.84719460131032	1.8911915413668e-15	1.423235106371e-12	0.322255096947597
AT4G00350.1	-8.97865943853576	4.36424251612227	7.63127367083738e-15	4.35368017447507e-12	0.280949670908793
AT4G00780.1	3.78308292137382	7.45249883125451	2.45621816774508e-05	0.00222169656769019	0.299032066212035
AT4G00820.1	-2.61704965552706	5.2738795232371	0.000569121332451271	0.0317728449517455	0.237915041155453
AT4G00970.1	7.03957936312311	4.14818752184296	4.01320930200299e-12	1.30180206565318e-09	0.268134185526034
AT4G02410.1.DE	3.91353718698391	5.52249998336375	4.23869612673752e-05	0.003528620749046	0.332969530048266
AT4G04490.1	3.41584518244704	4.05035604944169	0.000140381700819504	0.00956935260586284	0.30598482209667
AT4G08300.1	4.11691438321257	4.57262815475497	1.35335460430484e-06	0.000173635151364078	0.26025599276253
AT4G09760.2	3.74457076531748	6.16511469594212	1.3433938034243e-05	0.00135885005471101	0.276091174711963
AT4G10120.1.DE	2.9899912515762	8.60904441426045	0.000444738480774385	0.0259049838306169	0.289528519062518
AT4G11030.1	-6.21012304266195	3.30293661769991	3.18232951686041e-08	5.80005935971502e-06	0.354523393380397
AT4G11320.1.DE	-6.24299457221019	6.87091272676118	9.67913596326582e-10	2.22077151235223e-07	0.306810463015714
AT4G11485.1	-9.06343372697419	3.02211367238453	1.10436221652375e-10	3.05551040318792e-08	0.382685462152938
AT4G11890.3	5.22771202268364	3.84711386829035	3.92805971052322e-08	6.90677713960596e-06	0.286140197669939
AT4G12410.1	-6.74157132502176	1.60696022320415	4.90513296635665e-05	0.00391531960196507	0.669962608622372
AT4G12830.1	3.09560386288223	5.55535216020439	6.4103026586022e-05	0.00490257862678625	0.237852736060358
AT4G13450.1	-6.83468132435058	1.28324872427486	0.000176539884592181	0.0116133614990115	0.776897523210904
AT4G13560.1	-8.37917622238531	6.24870879279024	1.15515280954976e-14	6.0369569330192e-12	0.28364151944026
AT4G13770.1.DE	3.44678813389335	8.0346365879135	4.93742755373475e-05	0.00391531960196507	0.277222647642663
AT4G13790.1	-6.31710146923175	1.48050876268664	0.000153958327568102	0.0103819784045386	0.706662320114949
AT4G14080.1	-10.3036060392311	7.38073674930223	1.77842770641502e-18	3.51313073844761e-15	0.284428625556619
AT4G14200.1	-2.79504627489636	5.19787347080756	0.000259598513057911	0.0163347372062593	0.238047469577138
AT4G14368.1	-8.61771590897686	2.62563637851461	1.86822381652231e-08	3.48007553307434e-06	0.477456009777789
AT4G14400.1.DE	5.93079521069824	9.69043910523118	1.65657487497777e-08	3.18028568345221e-06	0.334995814411928
AT4G14780.1	-7.66131109194407	3.8451552785444	7.66212749272621e-12	2.44330960420595e-09	0.304244874684166
AT4G15210.1.DE	-4.06485146956098	7.89491728164676	7.50085772651395e-06	0.000806406498666477	0.298551910254639
AT4G15250.1	-10.1455333069941	0.975427559832315	2.4281745310921e-05	0.0022069408515926	0.79170922694774
AT4G15530.5	2.91051087201258	8.50349185526385	0.000810883958240191	0.0427004671356716	0.303221644835598
AT4G16050.1	-8.87848381741541	-0.238686808308568	0.000544905659499238	0.0306941768796966	0.925284450268954
AT4G16260.1.DE	7.66973249653923	3.14707979130353	2.43129891270728e-09	5.31889043531102e-07	0.390698729396249
AT4G16590.1	-6.45891264497591	7.34207711855706	7.27944114764358e-07	9.99674494538441e-05	0.483741171368693
AT4G17000.1	-5.52116978464572	3.08997238070986	4.1517211293139e-07	6.08288442001796e-05	0.360371895752135
AT4G17030.1	3.70638884057666	4.54187257614348	4.6533071951035e-06	0.000527393503425766	0.244426520915736
AT4G17090.1	3.23524871399874	9.00762314766042	0.000128253839799248	0.00882624488698404	0.279456628368334
AT4G17210.1	-6.03189813010184	1.23989178286964	0.000254237291358087	0.01605107516648	0.709488340867128
AT4G17250.1	4.41252714961692	4.5893480141643	2.41234282020479e-06	0.000292811727866664	0.303211918254953
AT4G17480.1	-6.8848024645785	3.07443028664322	5.53577460080682e-07	7.83083183004358e-05	0.490786166479623
AT4G18197.1	3.39972582595419	4.76938535436244	0.00011480614021029	0.00808974802215882	0.297022126649909
AT4G18790.1	-6.5515248515434	1.74442353600938	2.33132903610032e-05	0.0021371024126524	0.603262706549131
AT4G18880.1	3.89899580162888	4.90380715114308	7.82218871345653e-06	0.000836174195766882	0.278629659327963
AT4G19370.1.DE	4.07739532081429	2.70425756761878	0.000299934334278524	0.0185623834378821	0.441956658596205
AT4G20160.1.DE	-6.94326836797863	1.92015630788091	2.05603313322991e-05	0.00195122227275734	0.654050725893948
AT4G20320.1	-3.91711448511133	7.48013427327705	0.000153203141754804	0.0103682154999096	0.389427127810411
AT4G20860.1	5.93895164941016	1.64995469710457	8.886676708981e-05	0.00642150400621943	0.625831789158247
AT4G21820.1	-5.46976113571302	3.1466945544139	8.07029603868493e-07	0.000108576995976563	0.375197151667297
AT4G21895.1	-8.01044706842406	3.15452405503902	5.73008486620832e-10	1.37237584902475e-07	0.374010776795528
AT4G22690.1.DE	4.1894033580833	7.26606724949037	1.1581606763359e-05	0.00120384723561235	0.325903002812832
AT4G22960.1	-5.19174774975591	3.82351536496794	6.27244109068909e-07	8.7414597540907e-05	0.34472496507358
AT4G23160.1	6.60902314184663	3.15689173252484	4.93593836081228e-08	8.59858743706688e-06	0.392962172341181
AT4G23200.1	5.65569045149946	1.52226244688802	0.000332160297348636	0.0204224308311021	0.689625034688763
AT4G24640.1	-7.48382013379974	4.17516789238087	2.54795401340269e-12	8.87726052002931e-10	0.288145444339669
AT4G24860.1	-4.38515217383522	1.99745626675843	0.000697238498730661	0.0378035882280076	0.554324128257263
AT4G25110.1	5.14619303716788	2.49483055312823	5.77183586679857e-05	0.00448724462801439	0.498964884184389
AT4G25240.1	-5.55700725490659	2.76251175262884	2.0109996825722e-06	0.000250562569721281	0.409605917150665
AT4G26260.2	-6.73376343554263	4.63574404659988	1.63151328414465e-12	6.13905818557949e-10	0.249130559330617
AT4G26760.1.DE	-3.75191591487756	5.44710430941681	3.2413925994435e-06	0.00038354440481717	0.24252581794229
AT4G27435.1	-2.86618856088311	3.77491092459962	0.000727628977522312	0.0392252480891255	0.28690174983255
AT4G27570.1	-7.48338351751118	4.40865215427612	2.74971562082734e-12	9.4060272164083e-10	0.289541481440117
AT4G28090.1	-8.63897610522712	3.11219107652465	1.76158196420114e-10	4.80324682238845e-08	0.378504885983263
AT4G28680.2	-8.92319357653971	5.16237789452581	3.41441999910027e-17	3.21194489315362e-14	0.249343798957359
AT4G28940.1	-8.63566393113871	-0.465100923374907	0.000844089464340436	0.0441130532836138	0.940190485687251
AT4G29700.1.DE	-4.87216499589839	5.77838031399035	1.1870719234532e-07	1.94204966676944e-05	0.283417336560926
AT4G30250.1	-4.72405261452212	3.29198016091474	3.44006039460783e-06	0.000404508101650948	0.342078080212692
AT4G30610.1	-3.37784258850343	4.93435573220206	0.000214955560121223	0.0137556935650364	0.319033377893272
AT4G31690.1	-9.41440038612093	0.268514834860975	0.000164023037932741	0.0109430121832149	0.868311318618497
AT4G32170.1	-9.72782007883507	0.570217557476966	6.92332304833114e-05	0.00525223386416541	0.827108774315344
AT4G32280.1.DE	5.90584463553845	3.35508888018536	1.3725702766918e-07	2.20713993039996e-05	0.367630923116162
AT4G34850.1	-10.4588900075597	6.12782435497388	4.202875647409e-18	4.26729398903547e-15	0.284648383395932
AT4G34940.1	-6.41356589460685	0.495201029856863	0.000852737957422879	0.0444415842962716	0.879884191819813
AT4G34950.1.DE	3.62085859824451	5.73226509455388	4.42789328778859e-05	0.00365378878580941	0.295664810122059
AT4G35090.1.DE	2.76750627694441	10.4875393390795	0.000959685486033127	0.0497397320502128	0.285995726162929
AT4G35610.1	-8.13196599397818	1.30409011153041	2.80882076125973e-05	0.00248099313626012	0.744824776132958
AT4G37780.1	-9.38997310947723	0.245302540945783	0.000172377053238007	0.0114193728155629	0.871246566522509
AT4G38660.1.DE	-4.83734490592042	5.59516308792622	9.13744745946865e-07	0.000121923359221591	0.324618712971119
AT4G39610.1	-5.8889894086433	2.34150578444557	3.61285610224562e-05	0.00307566853880765	0.573397315939467
AT5G02760.1	4.84341505677794	4.28050362568484	3.57032507192231e-06	0.000417217986976064	0.360371807605776
AT5G03170.1	-2.92654985641891	4.15077571850272	0.000783071180487606	0.0416177999708865	0.301637314483657
AT5G05940.1	-3.8150199717504	2.47230817066854	0.000812520848015861	0.0427004671356716	0.463312203262091
AT5G06940.1	-5.45650787693071	3.26062939140322	2.69066587986451e-07	4.04977502910167e-05	0.343413690430824
AT5G07100.1	6.37651454996017	3.24558134562244	5.19822562836366e-08	8.97242357541595e-06	0.379801416053612
AT5G07230.1	-14.3610862786292	5.15407695500627	3.36425373327984e-21	4.95243868158226e-17	0.258281931215394
AT5G07410.1	-9.17487435426007	8.21444909099209	6.68523262525124e-16	5.46852028745551e-13	0.295438836130003
AT5G07550.1	-11.0980374484338	9.17965383144781	5.26463131878629e-21	4.95243868158226e-17	0.27512171197599
AT5G12960.1	-4.78052437701005	3.68356049535709	5.05714177783314e-06	0.000569730930587741	0.36219111317383
AT5G13350.1	-7.95052934829679	2.38830320717011	3.16262208390921e-07	4.72234697513237e-05	0.524740361729823
AT5G13840.1	-4.62388013693503	4.46071186207814	8.31820483852301e-08	1.39730987349975e-05	0.253190377108427
AT5G14890.1	-4.1618082414519	2.93820423106306	7.25826923310831e-05	0.00544052101002788	0.382143442619176
AT5G15120.1	-7.03281918419537	2.18403219235575	2.22312642386821e-06	0.000273607655115095	0.533029276114632
AT5G15960.1	-6.58217571252642	7.23569292244578	2.57471112240663e-11	7.81300242854167e-09	0.278638883855439
AT5G17030.1	-5.24288093275044	2.7089192495115	6.35144296782677e-06	0.000698807298226274	0.417053872573782
AT5G17090.1	-9.41722745885043	2.55771459473824	6.53374559316791e-09	1.36584321766512e-06	0.473907533911469
AT5G17340.1.DE	-12.8074453879765	3.60449195679335	7.63641148919302e-15	4.35368017447507e-12	0.32126297763529
AT5G17800.1	-4.38645963925895	2.02847700584863	0.000703379142682871	0.038026940202401	0.551191991950555
AT5G19240.1	3.48581661025417	6.12133257457687	2.20462741709577e-05	0.00205335941709108	0.258339352888095
AT5G19360.1	-7.29176781109149	1.82299240653595	7.15560193991158e-06	0.000778182051430615	0.609650054514823
AT5G20250.4	-4.17963288577013	5.14656425795064	1.56883952708295e-05	0.00155348141381782	0.332703380615822
AT5G23010.1.DE	5.41502951898273	7.32922089801877	5.26119299696436e-09	1.12481914823736e-06	0.274652812315729
AT5G24160.1	3.50684088796076	3.47474630597909	0.000346059716527768	0.0210704450056745	0.357722372857676
AT5G24580.1	-4.07787114464557	4.33164277801215	0.000208350516792443	0.0133785208973823	0.428175800915694
AT5G24820.1	-12.1106147639137	2.91152088888382	3.79468630362589e-11	1.13322584311774e-08	0.415122064841889
AT5G25250.1	4.12360090917349	4.26558090232656	1.13031646257668e-06	0.000147678985603595	0.256286962364892
AT5G25340.1	-5.39818395428138	2.2472623226164	8.86227512505269e-05	0.00642150400621943	0.560683473712984
AT5G26670.1	-3.9961751394281	4.58448316440957	9.7176338410524e-05	0.00692528648051363	0.378061833156399
AT5G26700.1	-5.86564310622781	4.53179233198469	1.10199727725937e-09	2.49794900895878e-07	0.278033204726051
AT5G26730.1	-12.0685157325843	5.98503701469669	2.40932226809851e-19	9.06579783040109e-16	0.292193890206511
AT5G27870.1	-7.75318146506361	4.44285139968981	2.00013586436402e-13	8.75129212840575e-11	0.274600733417006
AT5G35110.1	-9.30219921132549	2.39067511262437	2.72911244273339e-08	5.03387465662607e-06	0.504568650267462
AT5G37170.1	-8.85908854650548	-0.258231667675779	0.000556655064194873	0.0312624130679473	0.922836341687176
AT5G39670.1.DE	4.22516391913484	3.01129306161574	4.18660374645999e-05	0.00350882562284131	0.36630401162061
AT5G41890.1	-5.50250020235693	1.4391333356232	0.000516480794120058	0.0294456656381054	0.718259939796198
AT5G42330.1	-4.66687388636836	1.86586474935396	0.000470819251467282	0.0271717588868265	0.564637469837437
AT5G42530.1	3.35970225681549	10.3997090001066	8.90832648890864e-05	0.00642150400621943	0.284619783907648
AT5G43060.1	-3.33807738546906	5.78210375463512	3.07373848503362e-05	0.00267943656516601	0.248880220907179
AT5G43990.2	-3.49080800820841	4.00630592833624	4.61204346702328e-05	0.00372407664328652	0.277895220562378
AT5G44420.1	9.68582680656321	7.43019265206957	5.89982647996344e-13	2.41302903030505e-10	0.391045597371825
AT5G44568.1.DE	4.65383736390801	2.71085547555421	4.975343448304e-05	0.00391657370863562	0.432731928617819
AT5G44620.1	-11.513916692977	5.97891808792016	2.17555663973708e-19	9.06579783040109e-16	0.282252730188902
AT5G44630.1.DE	-10.2600270175231	5.70557376797216	2.21436441210595e-18	3.51313073844761e-15	0.269336898680344
AT5G44635.1	-5.40410237855817	4.42893956795527	3.20615591267334e-08	5.80005935971502e-06	0.30091762511962
AT5G45875.1	-9.53021278034966	0.38035761952447	0.000125752794841396	0.00877196357639054	0.85927603678801
AT5G46260.1	3.7046822665229	4.29365132732117	1.55719591369026e-05	0.00155011026032638	0.273085082569661
AT5G46540.1	-6.33679408720213	1.7043268043197	0.000135317535830156	0.00925768770584932	0.735128882240806
AT5G46795.1	-11.3673662545632	2.17506050964777	3.53326551551724e-08	6.27121296310768e-06	0.551033326735005
AT5G46970.1.DE	-10.2870515137828	1.113544945089	1.81095000029672e-05	0.00177454235966575	0.788095483813777
AT5G47000.1	-7.18785470611934	5.09890032024026	5.64486593490314e-14	2.79480283419126e-11	0.242100411255174
AT5G47220.1.DE	3.71605371128994	4.32389478940655	5.37811802375363e-06	0.000602285193445838	0.247928668332175
AT5G47700.1	-2.93344337931901	7.01533840627327	0.000393245913372029	0.0235621930387941	0.275180789503282
AT5G48480.1	-4.09714261549938	7.0248755833574	5.66873435733025e-06	0.000631074368040304	0.294486241413717
AT5G48650.1	-8.06776398239549	3.6844740920095	3.36630430128884e-12	1.11111665130611e-09	0.305502737616189
AT5G50790.1	-10.0184102699545	5.82639801326333	6.62438892883903e-19	1.78044647581682e-15	0.255629370898584
AT5G51060.1	-6.4537377621781	2.42008714837895	1.57755943385202e-06	0.000197868021256612	0.487288671391208
AT5G51590.1	-3.23242785928689	3.62282661457085	0.000304234274667855	0.0187667660445935	0.307661910018596
AT5G54670.1	-3.11875097520387	5.08713825477689	5.57528096519547e-05	0.00435242058419865	0.236493634721261
AT5G56530.1	-2.75823081999234	4.5064575111974	0.000368127857124992	0.0223417983998374	0.243325616950933
AT5G56870.1	-4.20636362207055	5.83525311208007	9.59673458825128e-07	0.000127149975030535	0.263529231177766
AT5G57630.1	3.53313430095252	4.70874628440147	3.60716718231677e-05	0.00307566853880765	0.276987531871574
AT5G58050.1	-7.6941262387726	4.27492375272624	4.78335719771574e-10	1.18854986730874e-07	0.378853520560319
AT5G58770.1.DE	3.11566468974237	5.34829987490551	7.13441699920582e-05	0.00536907685692233	0.243403221239884
AT5G59305.1	-9.66000008820511	0.504657808033407	8.21336003625811e-05	0.00601269088413075	0.833319551096179
AT5G59570.1	-6.2685383149345	2.72847289752315	6.20627898521904e-07	8.71380095730679e-05	0.434916179159648
AT5G59810.1	-10.9624083668866	4.04573906800556	1.37773116595885e-13	6.48015853908747e-11	0.357271859146453
AT5G60660.1	-4.09696038393338	3.45819927292539	3.38269110652019e-05	0.00291935552651702	0.346149781053047
AT5G61160.1.DE	7.32125152461363	0.556701653488014	0.000295740260277383	0.0183632252701607	0.851319038585275
AT5G61690.1	-8.6697707503467	1.76244049664577	2.22504365008023e-06	0.000273607655115095	0.632120916361145
AT5G61850.1	-9.91939382229331	0.754917013755534	4.19626748771816e-05	0.00350882562284131	0.808079997114191
AT5G62210.1	-5.81279554656023	5.98083323618798	1.70277815793687e-08	3.21773706998668e-06	0.323995986649974
AT5G62360.1	-4.08381860754121	3.86793706958942	2.87172917105036e-05	0.00252470619738979	0.338512029565071
AT5G62700.1	-3.17671840877519	8.38015244469681	0.000156755290744623	0.0105328358573905	0.277991937479902
AT5G63650.1	-3.82884882722114	4.21292133766013	7.45964670977067e-06	0.000806406498666477	0.267848936737848
AT5G64770.1.DE	5.10495877707265	5.88726462091044	5.38495668773135e-09	1.13834354070761e-06	0.251021661823291
AT5G64790.1	-8.00036993646656	3.87364034326167	2.94791858496419e-12	9.90395361741363e-10	0.30712393283547
AT5G66170.2.DE	-2.95285973428633	3.98195445430896	0.000528300949698695	0.0300285621378588	0.287798176279605
AT5G66230.1	-6.43608692260821	4.2741885586102	8.91622828440296e-11	2.54166543852663e-08	0.277604177777052
AT5G67260.1.DE	-2.76949614513755	5.98224568718254	0.000446473882178133	0.025925801294134	0.253784981735381
