logFC	logCPM	pvalue	padj	dispersion
AT1G01180.1	2.92579547561797	3.07728745118245	0.00183811396912767	0.045740573599211	0.346585246271231
AT1G02065.1	-7.63931557513999	3.75293462019217	9.51268721359238e-11	1.68579042003868e-08	0.33635770285752
AT1G02190.1	-8.92754976179911	6.44261508336177	1.04932401763939e-14	3.55308607544251e-12	0.306238131433553
AT1G02690.2	-3.76448400219677	4.48218423869224	2.24798891894257e-06	0.000148008214864545	0.234827769933055
AT1G02900.1	-4.97523107070477	2.08786909666269	0.000151156685110614	0.00563110621427794	0.535835913955457
AT1G02920.1	7.12291820168391	5.56422590635434	3.53308050209204e-11	6.97857005006972e-09	0.310306567310558
AT1G02930.1	4.30261981041806	6.01369419283544	2.37853152667708e-06	0.000155523154513279	0.293946526389758
AT1G02970.1	-5.18581257563033	1.58982548809185	0.000214608226772741	0.00747535166412124	0.594135329579729
AT1G03110.1	-2.88245275923154	3.66145873253131	0.000454464555309764	0.0141040211093024	0.26959260687555
AT1G03170.1	-6.36057770402598	3.95224167683058	5.32617527096442e-09	6.87040377469573e-07	0.332394018350455
AT1G04645.1	-9.50833129499996	0.34198464031258	6.7789056332841e-05	0.00279438279605072	0.784419130643968
AT1G05440.1	-7.58411247411049	2.72999898434819	1.28601159499242e-08	1.46020071043391e-06	0.412210220315371
AT1G05490.1	-6.25787557063799	4.03014708170216	3.4326371038182e-11	6.85154365922112e-09	0.254274083179989
AT1G05580.1	-6.42385445293955	3.91378684419949	6.35835547943995e-09	7.82903484422989e-07	0.344162856824769
AT1G05950.1	-3.60566112043682	3.40286175518528	6.20103358853006e-05	0.00258995592303319	0.300609760321767
AT1G06170.1	-7.40921690806374	3.38445509547177	1.03831796480656e-10	1.82301715265388e-08	0.320713847574251
AT1G06970.1	-6.80571920387213	0.861339959982038	0.000250132920666013	0.00854598277778188	0.802934307666642
AT1G07240.1	2.6598825584995	4.47831035690061	0.000473401576201893	0.0145488503856407	0.237124660588737
AT1G07450.1	-2.53732238059825	3.62249355966113	0.00181448749451432	0.0453311091844276	0.271904917852389
AT1G07540.1	-9.17170971210623	3.09013476932984	4.05754353384374e-11	7.85093270293317e-09	0.369879159923088
AT1G07645.1	-8.38141356484245	1.47504898261574	6.73720053457763e-06	0.000385954068086589	0.665170864297089
AT1G07790.1	-2.82017725486078	5.82559147877974	0.000311042654691931	0.0101911200098983	0.248494535381784
AT1G07900.1	7.02480074373042	1.08064607619127	0.00016962961754574	0.00611159266979927	0.801997906988465
AT1G08065.1	-11.8360980968091	2.62126263364989	3.19245273648673e-10	5.17395630677448e-08	0.443998659685193
AT1G08150.1	-6.79990626855701	1.69876338851351	1.99974103877071e-05	0.000969797687395658	0.622064540541538
AT1G08260.1	-3.08951483521311	4.45149791685027	5.55960589361031e-05	0.0023690167854975	0.232035327220592
AT1G08320.1	-6.88837549319136	3.04447764022497	2.51431596425999e-09	3.45481589234043e-07	0.343329283530416
AT1G08560.1	-6.03845059236963	5.49564983963966	5.8554344678049e-11	1.08853674880899e-08	0.254447156374649
AT1G08630.1	-2.54819854083788	4.7964803315234	0.000986643548430276	0.0269190431155898	0.247352175062723
AT1G08930.1.DE	4.88878773928226	6.31394283466472	7.3639789747471e-08	7.46715343952698e-06	0.27636399100625
AT1G09380.1.DE	-9.94864355627901	3.07334846408756	1.05667459348927e-11	2.27689359565267e-09	0.368079525267308
AT1G09450.1	-6.2772215137888	2.77534891872167	1.38362832575158e-07	1.27360972392726e-05	0.386271940908768
AT1G09460.1	-5.39522517678348	2.32538851177193	1.21544926559523e-05	0.000633168927863099	0.453972895789708
AT1G09690.1	-2.59803081538717	7.97395558023886	0.0011359974278073	0.0303819227448266	0.263601855209121
AT1G09880.1	-5.82083040952621	3.06058409263688	1.05135100669325e-07	1.00717067616627e-05	0.350803917705925
AT1G10640.1	-5.25630169263888	5.83015053548173	1.8523502735044e-06	0.000125443806736394	0.38901310798537
AT1G11000.1	-3.29643760595107	4.16905053345772	3.56833536036384e-05	0.00159959279203828	0.245674626817776
AT1G11050.1	2.490498966368	4.65507193827129	0.0016895090198276	0.0426016888749615	0.261004250992942
AT1G11120.1	-5.58049460800155	3.11222245947134	2.10921645195984e-07	1.86023080753779e-05	0.346966789417133
AT1G11190.1	-4.17501665276412	3.95435049764675	2.24153769153284e-06	0.000148008214864545	0.276363841712334
AT1G11350.1	2.83901899342086	5.41606217673541	0.000620448446728785	0.0182685457249553	0.277594338786515
AT1G12000.1.DE	-2.69891637930247	6.23791129712385	0.000459253227891165	0.0142061332908194	0.243780204847961
AT1G13130.1	-5.81699645299343	3.03552911631913	4.63377489957128e-07	3.64587716372077e-05	0.387969593073679
AT1G13140.1	-7.43698914154195	6.10980385481594	4.61318607171316e-15	1.61991174614491e-12	0.236294383416211
AT1G13470.1	6.09786362381511	5.65982899304435	5.44452974921397e-11	1.02217003073857e-08	0.257162751468382
AT1G14180.1	-3.16488314737516	3.42338195763204	0.000482295493545193	0.0147267103842254	0.318574796705316
AT1G14182.1	-10.2875614789793	1.09593806802016	5.82184536161234e-06	0.00034177656887583	0.69595162397384
AT1G14630.1	-4.05748275575787	1.93004005926532	0.000813966247098887	0.0228997447737227	0.506472127498445
AT1G14900.1	-4.70280559483751	5.61007842594728	4.79326438023511e-09	6.35593560685442e-07	0.220379547855778
AT1G15125.1.DE	8.48512136168922	7.62482121399598	1.44530936038817e-10	2.46900505330455e-08	0.419613062909481
AT1G15320.1	-5.68080243671155	0.177159907660022	0.00180335269178355	0.0451719600285332	0.83073511485487
AT1G16380.1	-10.0945448431939	0.907425170923341	1.09597956896943e-05	0.000578884807431707	0.715592225207286
AT1G16630.1.DE	-5.87628972181297	3.80157171426975	2.20114117965878e-09	3.09316183992442e-07	0.286374421899819
AT1G18280.1	-11.4796496854149	4.56229794061342	5.97443548290143e-20	1.61838922323967e-16	0.242184235598653
AT1G19020.1	4.03215796879216	1.63722922595344	0.00204109771412056	0.0499397352969731	0.579364082192357
AT1G19090.1	-8.91697129103713	-0.220361187215496	0.000256773271972001	0.00870737102495766	0.823476712436206
AT1G19850.1	-5.03126665951932	6.11133903369927	1.01380419051202e-08	1.19402205344652e-06	0.255326894839925
AT1G19890.1	-7.82353371750548	1.79512575639814	1.17679808798945e-06	8.45244141835455e-05	0.552705961979129
AT1G19970.1	-3.04876170108705	4.19482801431435	0.000168316956103615	0.0060908895451083	0.259580294573186
AT1G20120.1	-6.12167690315704	6.14956952412906	1.07890192534609e-11	2.29866722566434e-09	0.242119163103191
AT1G20610.1	-5.58420465800907	3.50397310197343	1.37658050584975e-08	1.54453961845697e-06	0.293601807140006
AT1G21120.1	6.17864393770084	0.701748138179378	0.00044642263106906	0.0139457428835775	0.766302097014489
AT1G21240.1	7.74263527385511	4.1837416141738	2.17589275641282e-11	4.48470417903259e-09	0.328291602679191
AT1G21520.1	4.26477438220616	3.47974117440171	3.23009707414287e-06	0.000204846490701997	0.291459878953539
AT1G21740.1	-4.56029787444593	3.21998917300114	2.93695013211725e-06	0.000188781181034601	0.319441512460716
AT1G22110.1	-6.69094174059765	2.3189812785434	7.22343108694092e-07	5.45700001077983e-05	0.463634359292561
AT1G22350.1.DE	4.34762822945887	3.60164380549194	3.6385718925185e-06	0.000227704951240712	0.304908290377125
AT1G22570.1	4.747441133735	2.51161627293473	0.000134367855755823	0.00506388381758542	0.49836949704744
AT1G22690.1	4.40389370422642	4.33546585100592	2.8412309947974e-07	2.39446320548214e-05	0.256045615397995
AT1G22780.1	-2.67236776991613	6.87148410999896	0.000754008431029681	0.0215000118333606	0.258700766357434
AT1G23205.1	-4.0285000881437	4.22494171628742	7.40923919343632e-05	0.00302151855291381	0.369845609811342
AT1G23560.1	-7.428535332318	4.79350367320382	6.46045741050324e-16	3.06257983544906e-13	0.217267087513399
AT1G23600.1	-10.5623772909351	3.64597164561378	2.72185758227387e-15	1.07524715573077e-12	0.290299060528051
AT1G23610.1	-8.7609787349572	1.85078976978722	4.08392654188518e-07	3.24014289067894e-05	0.557607576486299
AT1G23640.1	-11.4058012876168	2.19498326036872	8.6494707063603e-09	1.03151738071701e-06	0.503312931269865
AT1G23660.1	-13.0352560760684	3.81349283595376	6.55564617457305e-17	4.28648837111221e-14	0.282116693858342
AT1G23690.1	-11.9204441692902	2.7048191850783	7.70646968737982e-11	1.37858564351034e-08	0.416812964423151
AT1G23760.1	-5.22282187046426	2.46851886529419	0.000689941012173712	0.0199127267470897	0.71776287514336
AT1G24145.1	5.92481848017354	3.41684285425322	1.58945062624706e-07	1.44899821033157e-05	0.369356090568339
AT1G24148.1	3.65114593111326	4.92227471383102	5.22877287391108e-06	0.000313759465933867	0.241328785370876
AT1G24230.1	-8.91771793368246	-0.218660645900339	0.000289994829039451	0.00961342997945117	0.839838071025041
AT1G26330.2	-4.74628045222033	2.07939205963476	0.000160248927509002	0.00590027216199163	0.504873766084993
AT1G26480.1	-8.50790667758431	5.01296155051136	8.54832719923632e-18	6.39824579883487e-15	0.224272845691573
AT1G26515.1	-8.58025106170577	-0.534779907639625	0.000487553342244055	0.0148564047476354	0.836677672595067
AT1G26710.1	-12.9758226663834	3.75427603185193	1.06154454775559e-16	6.29031491079423e-14	0.283888395477737
AT1G26770.2.DE	-3.30595511222921	4.57188089039416	6.64111636200177e-05	0.00274953817590126	0.266018738255478
AT1G27020.1	6.029366694884	3.62582846566496	1.34074635231074e-07	1.24015767475689e-05	0.380202043990514
AT1G27040.1	-7.56331202610074	1.48877223592083	1.76378724258885e-05	0.000873235866683282	0.670739163898552
AT1G27730.1	4.24862550868324	4.01284927881998	2.54249761952676e-06	0.000165105615963926	0.286075957736136
AT1G27860.1	-8.67550669651002	-0.447582755684692	0.000441628918381672	0.0138436697514431	0.842948484870582
AT1G28600.1	2.44258292274599	5.60335846720302	0.000872515391751389	0.0243566641071059	0.225875317472575
AT1G29310.1	-2.40680372682835	5.66933765995244	0.0010535419968885	0.0286207211246414	0.227095328373453
AT1G29600.1	4.23856843831475	1.97463646096669	0.000761179190765793	0.021671891614566	0.529824308233335
AT1G29980.1	-4.49755980784858	4.49800123409086	4.83098257329851e-08	5.00574270791728e-06	0.234785277036299
AT1G30650.1	-5.76297900247538	0.943246089110206	0.000732346287693253	0.0210086994058086	0.768887949349678
AT1G31040.1	-5.42099974144427	1.83397241044114	6.21589377833559e-05	0.0025904566554901	0.531032908054758
AT1G31540.2	2.68679976951343	6.02153976218028	0.000895580222091514	0.0249002817760987	0.268196234970297
AT1G31740.1	-6.59403867699542	0.547216378750707	0.000306950367873179	0.0101048487423806	0.761532080508262
AT1G32361.1	-5.90500673076715	0.00790509496104343	0.00135520007343039	0.0354445569550166	0.831153108372756
AT1G33720.1.DE	3.27353861173848	3.54294478775542	0.000244813989717622	0.0083793553664721	0.305358125320438
AT1G33740.1	-8.61550494697825	-0.50181591779916	0.000455378544471805	0.0141092940527359	0.833738331503315
AT1G34355.1	-4.79925643602266	3.10502215712464	8.02622797178334e-06	0.000450629142990841	0.376839332202828
AT1G42560.1	-5.57567620841993	0.441304847427897	0.00163223393835434	0.0413775667634693	0.812866494663103
AT1G45201.1	5.38482137436896	5.72814397067795	2.06089712274621e-10	3.45829480013395e-08	0.228980574549749
AT1G48590.2	-5.06267473459737	2.90985851345988	5.77865021749027e-06	0.0003406046588097	0.394052400064921
AT1G49290.1.DE	-6.10396602599881	1.94329707099498	1.06375301280452e-05	0.000566597882831443	0.517257729321206
AT1G49450.1	-3.06552730941272	4.86715209129127	3.20718728534529e-05	0.00145838573872224	0.216059237593182
AT1G49490.1	-4.68245437631727	4.62948497863184	1.19074676110464e-05	0.000622009368707059	0.383942060336308
AT1G49830.1	-6.87711580431903	0.0910161098276795	0.000475807489883163	0.0145755438177133	0.814941272702904
AT1G51250.1	-6.89387598398305	2.8550165217948	2.69493925542394e-08	2.93686426214648e-06	0.389553950638794
AT1G51270.3	4.55301836630053	3.72033644380094	4.96877629523906e-07	3.84589321027117e-05	0.277975267724087
AT1G51410.1	-9.29248539558204	2.37824059632546	9.82251540827759e-09	1.1640908573235e-06	0.47186020322244
AT1G51420.1	-4.63274234848572	1.70418458346471	0.000504220435108242	0.0152732074928474	0.568614744170865
AT1G51460.1	-4.28528331014822	5.28577598960652	6.72584705240184e-07	5.12190810472464e-05	0.262864543075962
AT1G51800.1.DE	3.78225729803912	3.5035166111436	2.77345806291412e-05	0.00129214525280043	0.297209904573461
AT1G51860.1	6.82956535733144	1.33189956013745	3.35521722110457e-05	0.0015076215390186	0.642617855317258
AT1G52300.1	-2.63258367051079	7.55462874019916	0.000922170968123819	0.0254754228274885	0.260476501794234
AT1G52430.1	-5.45934874401698	1.31982107667034	0.000254851071607085	0.00867440685055379	0.62844719554131
AT1G52570.1	-3.35166746001621	4.83111887592439	6.19243473204532e-06	0.000359085466021539	0.212859532942583
AT1G52750.1	-4.70435261705412	1.85813155729536	0.00113038573107155	0.030360303445579	0.666022059003537
AT1G53020.1	-8.48263125457466	-0.624735105508525	0.000567664937609463	0.0168715713902047	0.836866352801094
AT1G53070.1	-4.84843188606269	4.87833924327401	6.27630277288732e-09	7.78809822321114e-07	0.233589285621604
AT1G53140.1	-5.16788057919529	3.56433426154335	7.72080783100262e-08	7.70536621534061e-06	0.29417443298306
AT1G53860.1	-6.63438346416523	2.03271318216207	4.57753545973702e-06	0.00027999750770172	0.528063561107793
AT1G54020.2	-5.60548075820165	5.77773757481776	6.95931840933733e-09	8.51371585018416e-07	0.291952101918618
AT1G54280.1	-7.01134976114686	3.11379589283147	2.335400798353e-09	3.25616690723306e-07	0.356180353879955
AT1G54450.1	-2.7029285123548	3.44995231979554	0.00182492250143964	0.0455318164109191	0.302552929463274
AT1G54860.1	-12.8371988066015	3.61620705736894	2.58797469085711e-15	1.04411012953261e-12	0.310196267865583
AT1G55020.1.DE	-2.39107918701328	5.42858815051248	0.00152221368865005	0.038917435605556	0.239102941024881
AT1G55260.1	-3.59475765459925	6.99038133713503	8.64456508981582e-05	0.00345819078550818	0.316582352926195
AT1G55450.2	3.54983945174788	5.49955604136823	1.36997971580481e-05	0.000703998790544467	0.253279611804377
AT1G55920.1	3.74401841538227	5.01817461469763	2.76568651210874e-06	0.000178986169428689	0.237916742082835
AT1G57550.1	-9.98470101857725	0.801530590178762	1.61127058208038e-05	0.000812577467484261	0.730092554643264
AT1G57630.1	5.48863146533531	0.925722875101549	0.000623197452656346	0.0182695504453325	0.702733294141498
AT1G58225.1	6.48071467081494	3.10989268216533	5.88651396058586e-09	7.44133851470861e-07	0.335108059910847
AT1G59590.1	3.86510313452639	2.05074809476056	0.00120200530949589	0.0319669350331852	0.49765939382434
AT1G59780.1	-6.11370469785089	0.145943892607504	0.000663157349769932	0.019286487218309	0.764673572612755
AT1G59870.1	4.64217377616755	9.96396698501999	3.0061169231834e-05	0.0013801934406151	0.419781092834021
AT1G60190.1	3.02963228870916	5.28502605067245	0.000450689099003904	0.0140327860349951	0.29519502749388
AT1G60300.1	-8.93539711001755	-0.202231046444715	0.000268139684485371	0.00898315317528553	0.834438024153256
AT1G61050.1	-6.37046197680216	0.333733854650568	0.000598669884891727	0.0176822092793098	0.79578943163089
AT1G61290.1	-6.19017283084998	1.8282340226209	1.57546629248536e-05	0.000800911309332638	0.542885080943442
AT1G62180.1.DE	3.108359465401	8.55005403794511	0.000138278872696691	0.00519216630509831	0.263815732899315
AT1G62305.1	-2.85435164276728	4.11638591278062	0.000208479818728429	0.0073099740504094	0.238228492276743
AT1G62450.1	-9.66698654133932	2.75130214312453	3.16275085197161e-10	5.17000703923152e-08	0.412569521932229
AT1G62480.1	-3.65556291434384	7.32580128157462	1.90962914220431e-05	0.000935668935257832	0.275792800653012
AT1G62560.1	3.33416593065896	5.50384825554071	1.09106847498457e-05	0.00057790057046529	0.223250481518919
AT1G62940.1	-11.4354557170415	6.61453060802217	5.92475731212807e-21	2.80863120381431e-17	0.267150011870839
AT1G63180.1	-3.80542808525636	4.470745573585	1.351810379621e-06	9.45868207320053e-05	0.229285185636705
AT1G63350.1	4.0970975599558	3.00258030945772	6.96416565331347e-05	0.00285958309644087	0.372541640116665
AT1G63480.1	-3.14320362745494	3.57426582579557	0.000466542327023131	0.0143846757805083	0.312508844896765
AT1G63640.1	-2.50689498293556	5.37127537926831	0.000658368349159485	0.0192357174680465	0.225945082424962
AT1G63650.1	-5.30052743176121	3.18173925332488	3.72265889716635e-07	3.00378970247099e-05	0.337288113924042
AT1G63880.1	2.99338112034603	6.18068183217237	0.000311720789249077	0.0101911200098983	0.275315726120499
AT1G64400.1	2.96756358049934	5.48830629941102	7.81508680668035e-05	0.00315297183038878	0.226474913246667
AT1G64450.1.DE	-3.0524929106229	3.54887838909329	0.000380880870046746	0.0121382572400444	0.288760864914519
AT1G65490.1	4.06893919505747	5.85306370228197	1.66699077357923e-06	0.000114527098002208	0.261423925926212
AT1G65710.1	-6.02723436766313	2.38896379250981	3.89094236266578e-06	0.000241111271506106	0.480211555428239
AT1G66100.1	8.52345659614662	5.93115684161274	7.68117879827894e-09	9.21838685904844e-07	0.51225595355128
AT1G66170.1	-5.47721944935894	0.0352604405889909	0.00166330005928263	0.0419966654116076	0.77918460354776
AT1G66360.1	-6.07002178690732	1.24158024686814	0.000144581278944638	0.00540739686656454	0.660726035281333
AT1G66960.1	3.23549742791609	3.33620241036658	0.00095633337123577	0.0262051927534287	0.365870594533556
AT1G67320.3	-2.68950510374516	3.60168007642541	0.00149629507346817	0.0386023771198687	0.289802092696511
AT1G67540.2	-10.2739315623632	1.08263867550733	6.01130786284804e-06	0.000350727445216383	0.696281642803101
AT1G67750.1	-4.65758331112746	5.73019115222722	3.65867360294474e-07	2.96477644696744e-05	0.286488023819269
AT1G67800.2	2.5321785748458	4.19897441354073	0.00125460246953515	0.0331795983644707	0.254459793042527
AT1G67830.1	-3.28067762976659	4.95752548366508	3.9054750362228e-05	0.00173027144011347	0.247605314515006
AT1G68110.1	-5.99097982720104	3.85003029761131	4.32411034027337e-10	6.77634547704658e-08	0.26893960005093
AT1G68170.1	-7.63578173164396	0.747779206408181	5.87426194044508e-05	0.0024807963232677	0.719211766863777
AT1G68540.1	-3.32450441253852	5.75752773662964	2.01598117139154e-05	0.000972698090888711	0.236596294979429
AT1G68630.1	-6.37163403372764	0.446211475140208	0.000450265747022144	0.0140327860349951	0.784754938564741
AT1G69720.1.DE	3.2339281291831	4.18238385818364	4.79725933844181e-05	0.00206271273413908	0.24605985003834
AT1G69940.1.DE	-9.97167346671757	7.63464124964215	1.95817321248658e-19	3.10714046781458e-16	0.260762085711631
AT1G70510.1	-6.02390226110717	1.91063147206542	1.32705844215988e-05	0.000683795711419449	0.524268621627397
AT1G72260.1	-9.11043693973957	6.47787595328383	1.46380710046807e-15	6.24899632414012e-13	0.295676443613121
AT1G72930.1	3.3676584345805	7.98763453155833	3.57766041568973e-05	0.00159999049062049	0.257535636296297
AT1G73010.1.DE	-2.63167969049753	3.60049557485892	0.00138465071559984	0.036065586358797	0.275512054458021
AT1G73600.2	4.71448807078961	6.81987657880449	3.07415213064868e-07	2.52346635070824e-05	0.288865690548167
AT1G73805.1	2.93439357879908	3.59260086192601	0.00141606308622898	0.0366822243730517	0.333587874208971
AT1G73940.1	-2.35886578703671	4.6566947390993	0.00109825910815498	0.0297078305404203	0.219707974727242
AT1G74130.1	-10.3071033429858	3.427453536067	1.49866522331485e-13	4.24144626335765e-11	0.325350775401137
AT1G74360.1	2.80831893010985	3.69736256256031	0.000873459107311042	0.0243566641071059	0.284777378744986
AT1G74420.2	-4.30395217376877	2.33421387309473	0.000218350835307139	0.00758309256244317	0.454174366206487
AT1G74550.1	-8.23846912213178	5.98631809484218	5.05137976984603e-15	1.74153205810583e-12	0.268839706664656
AT1G75040.1	4.41636939918928	6.59498169237337	2.16398567899664e-07	1.89094453664214e-05	0.255055058178265
AT1G75150.1	-4.20847013194883	2.40793122274122	0.000322180294121856	0.0104788726194488	0.466510995388279
AT1G75880.1	-4.97573229169251	6.39546957693685	3.94115143810467e-08	4.15178408718559e-06	0.272744723576172
AT1G75910.1	-10.7827264251902	8.46747884700993	3.84342918811562e-20	1.21465173775081e-16	0.276409426272286
AT1G75920.1	-11.3064137715124	5.25104059032291	1.08433830227687e-21	6.85374096259135e-18	0.232449239973964
AT1G76370.1	-6.41556625556103	2.80422819163734	7.93857020524421e-08	7.88121299643145e-06	0.383121354162299
AT1G76420.1	-6.70888898767206	0.76683369738495	0.000171607379573587	0.00616291502173173	0.743213930501079
AT1G76930.1	4.99818621460667	3.80111699045204	4.30190372259401e-05	0.00188825690712564	0.477987405074135
AT1G76960.1	6.73977852520483	6.70645151419988	2.10885165646512e-12	4.87659086705996e-10	0.259145215717568
AT1G76965.1	-11.4916399336073	2.27989380962241	4.35097600818563e-09	5.82999476415608e-07	0.488626767837439
AT1G77410.1	-2.92367368445378	3.66684174313813	0.000349683122218163	0.0113151729752573	0.266123488408667
AT1G77630.1	-2.39587235382565	4.09365195242526	0.00169888942695666	0.0427813297662048	0.243175033393764
AT1G78070.1	2.91451342981811	6.6092300609604	0.000172608484473948	0.0061871494945085	0.243085549195668
AT1G78430.1	-4.84846326178592	3.58794399301091	1.79289742596758e-07	1.59879527897759e-05	0.2826422786861
AT1G78950.1	-5.81861621585198	3.62709697954296	4.36588575313872e-09	5.82999476415608e-07	0.290092632146595
AT1G78960.1	-4.59430416259058	7.23571384798902	4.42459282139484e-07	3.49579704497038e-05	0.285486960956194
AT1G79060.1	-3.29925307525681	3.77113177822947	9.4039414405432e-05	0.00371494869990792	0.273978416311668
AT1G79250.1	-9.54994287775502	2.68040388569945	5.67196916817892e-10	8.74405523309013e-08	0.420606130301348
AT1G79400.1	-4.42552708624108	1.98148252407402	0.000529917886944594	0.0159637441125563	0.541895254292948
AT1G80130.1	5.10587501762366	8.03742414543703	8.13881122284874e-08	7.99627660143304e-06	0.297895418938263
AT1G80470.1	-6.53782093279172	2.79149352085325	8.25500526226396e-08	8.06862937026027e-06	0.392401014574109
AT1G80660.1	-8.48680154110806	6.97033558640789	8.99829022872401e-17	5.50405094571176e-14	0.2502309744936
AT2G01029.1	4.69554154031997	2.67646898515186	0.00113389350303369	0.0303819227448266	0.668059098154677
AT2G01210.1	-3.73432068273566	2.73475346444568	0.000444123120033071	0.0138968029737081	0.406307282047263
AT2G01420.2.DE	2.3121376291758	5.75172824677881	0.00159389427622419	0.0405683533768633	0.22725072759415
AT2G02080.1	2.44741496059733	5.40517654682417	0.000773320995175806	0.0219188530800054	0.222205221885721
AT2G02140.1	-8.51903991635904	3.33710147152602	4.12527104170627e-11	7.90135247402367e-09	0.35336994560427
AT2G02780.1	-2.21633439995854	5.36452932260195	0.00203445777847621	0.0498415870742453	0.220194951406565
AT2G02990.1	-5.14712477327046	4.84765536415172	1.20201109472235e-08	1.38042222842754e-06	0.264781115002461
AT2G03200.1	-5.72519178759495	4.19024424818638	5.16761396234821e-09	6.73774087792596e-07	0.291048467282193
AT2G03210.1	-7.03028259705194	0.968492262322399	0.000112826459192207	0.00436615371265844	0.739380993694464
AT2G03250.1	-5.48239416193613	0.394266367695766	0.00108334805306256	0.0293463511173889	0.742195259857776
AT2G03310.1	3.27825658325292	4.61342943678874	0.000283139069875936	0.00940259727318301	0.314830600307665
AT2G03850.1	-9.48279463100496	6.08416337483612	3.97703895439278e-19	4.43603603842329e-16	0.241635976466882
AT2G04495.1	4.62235380739672	2.08464307819638	0.000158307733893975	0.00585152290467359	0.484973434794909
AT2G06200.1	-5.87862245309855	2.09497266898426	1.18427717754887e-05	0.000620338780129329	0.508545231302581
AT2G07040.1	-8.03585637729675	5.0836413339007	3.42382621446697e-17	2.40454046958232e-14	0.219298697707269
AT2G10970.1	-10.3662674159822	1.17288811452519	4.5945640995355e-06	0.000280135448409621	0.689847574012152
AT2G14080.1	2.52761628391057	5.67854436669431	0.000894260213972782	0.0249000913030131	0.240902651373622
AT2G14710.1	-9.20484518420961	0.0515075375102335	0.000134595372010497	0.00506388381758542	0.803646538376731
AT2G15390.2	8.18202769456812	4.05592646230505	1.78701930158998e-13	4.98315588187489e-11	0.285131183943186
AT2G16210.1	-9.3802179238868	3.29907960789699	2.80103197244306e-12	6.39917689897172e-10	0.339440764554748
AT2G16440.1	-4.71314603424151	4.51038767520406	4.31801437235333e-08	4.52365682478254e-06	0.250353529236115
AT2G16850.1	-3.62640512775584	4.07816241188021	3.77847205376366e-05	0.00167792475605308	0.289000844282072
AT2G16910.1	-7.98671805276955	5.56140577311639	2.87676633095126e-13	7.68299199542222e-11	0.293908617024797
AT2G17000.1	-9.061656885464	-0.0856442190945959	0.000228038699307207	0.00784767661753768	0.839678255379987
AT2G17180.1	-8.64552361478713	-0.474478875424377	0.000432615628232731	0.0136266736587193	0.833183691985735
AT2G17280.1	-2.59606754383587	4.99832931141367	0.000321580906965823	0.0104773490685326	0.215510155383969
AT2G17630.1	-3.82847109466261	3.75876321994921	9.06640180132595e-06	0.000498310466541283	0.271886042065046
AT2G17845.1	-6.97762761381486	0.917350586820279	0.000107000854948432	0.00417479467393451	0.725023556890409
AT2G18130.1	-11.032858174403	1.82701499653621	1.16160695603459e-07	1.10685382413708e-05	0.566395814703269
AT2G18180.1	-5.91571040476729	2.73898006180434	3.78860983268911e-07	3.04405167997673e-05	0.386246347922306
AT2G18340.1	-7.24337962443917	1.77031548654151	3.03750909410385e-06	0.00019446539013741	0.557669984383732
AT2G18500.1	-5.21249535593667	0.457514373560623	0.00121114135182638	0.0321198074312333	0.716990397522555
AT2G18969.1	-4.50526210182381	2.31294603931854	0.000165520912437829	0.00603578373393483	0.469010939099884
AT2G19610.2	-8.81452112952204	-0.316303768790716	0.000308365769269493	0.0101338504625444	0.826192321140112
AT2G19770.1	-10.7015193690316	4.67361992714815	1.42089055016474e-19	2.69429266122237e-16	0.24135081044858
AT2G19800.1	-5.0507582320886	3.57658504441764	1.26588435586294e-07	1.18830193840956e-05	0.292701551845904
AT2G19910.1	-5.4524463895206	4.12229920318952	5.17989242590304e-09	6.73774087792596e-07	0.270376032048438
AT2G20635.1	-3.63116579015992	2.46880950136997	0.000738170459760317	0.0211199801403705	0.419038719537423
AT2G21050.1.DE	-2.7082126027498	4.55138847867944	0.000526112284123528	0.0158855750502394	0.248715810826341
AT2G21237.1	-9.49800960032632	0.331516901480955	6.28640409603476e-05	0.00260866607720486	0.775052106838295
AT2G21490.1	-9.08640007952783	5.27219568748246	6.38067673048599e-16	3.06257983544906e-13	0.273381438070917
AT2G21510.1	-4.79054522443916	2.24696565180434	6.19262333579546e-05	0.00258995592303319	0.457906389922995
AT2G22055.1	-6.76366964502041	2.99740762137582	1.4021818087272e-08	1.5640100857109e-06	0.376083125596563
AT2G22540.1	3.84668248599951	6.60857620399268	2.13731510914479e-06	0.000143175263133424	0.244788673840963
AT2G22560.1	-2.37098818746943	4.04079993773817	0.00193757165219415	0.0479637515259863	0.244498761049504
AT2G22805.1	-10.5768452259451	1.37901080941158	2.40360087593003e-06	0.000156622267386204	0.674806441320132
AT2G23700.1	-3.23929056794382	3.79857772310574	9.40225174892889e-05	0.00371494869990792	0.265796825382645
AT2G23945.1	-5.94580558803817	1.15414556432098	0.000220087596770388	0.00762943511875703	0.682238170094367
AT2G24165.1	6.26518915214963	0.294231556793389	0.000683947393432501	0.0198000159912475	0.804334487399025
AT2G24210.1	-7.60481177320719	5.16017139048533	3.81587410693179e-14	1.11317853562524e-11	0.256519848032347
AT2G25060.1	-5.9158322892694	5.12591783831146	2.27192782582497e-11	4.6322898315369e-09	0.236281351598574
AT2G25270.1	-4.06490017230701	4.15906760696343	3.16301010405603e-06	0.00020126509259433	0.273365526865292
AT2G25450.1	2.87263294441586	6.4679176921165	0.00044169497941267	0.0138436697514431	0.269912722847031
AT2G25510.1	3.82828255812272	10.1571704355622	6.25152641337594e-06	0.000361406841007422	0.267028792258464
AT2G25880.1	-5.62262468548848	3.69934775785152	6.08006252894543e-09	7.63510898502405e-07	0.283713839847884
AT2G26010.1.Hnull	-5.31219923497774	5.06089859182719	0.00048849914447238	0.0148564047476354	0.714030239322321
AT2G26410.1	-7.24655847840281	3.38118835669283	2.22039819234618e-10	3.69326232660248e-08	0.324937577962781
AT2G26650.1	3.46433798817233	3.45247762044325	0.000267602362068138	0.00898101945050625	0.338790888940409
AT2G26760.1	-5.43093975194965	3.684178513002	4.96911631956775e-07	3.84589321027117e-05	0.360384191053439
AT2G27120.1	-7.96407010005669	1.93283447678095	5.35054959652628e-07	4.10757576717941e-05	0.532569259699776
AT2G27180.1	-4.06338984854745	3.67246507028141	8.89612208683366e-06	0.000490372869216686	0.297403844610713
AT2G27650.1	-9.71761476828475	0.542854079720361	3.23706955912023e-05	0.0014661868242242	0.747713256772583
AT2G27880.1	-9.99076410200048	4.45696614411949	5.11551828488791e-18	4.04168573825186e-15	0.24841745553659
AT2G28140.1	-4.8586586734084	2.14860228342627	6.96723652861345e-05	0.00285958309644087	0.476023618175448
AT2G28790.1	-6.89939548069401	6.53272270203697	5.70217086363823e-13	1.46114275562579e-10	0.254324926378107
AT2G29165.1	5.22508931247341	0.985055481500612	0.000746378919665225	0.0213145136667048	0.697320612683722
AT2G29550.1.DE	-3.49123170106577	7.22572198351881	6.15583769020171e-05	0.00258818169138813	0.290198852077144
AT2G29710.1	-4.43989948356715	1.46288590858289	0.00128633998101882	0.0338771926667761	0.621428856757378
AT2G29780.1	-9.31765522025254	0.159502097523701	0.000110365161925957	0.00427964049169735	0.802815459461374
AT2G30370.1	-5.98658610018462	2.75000868069764	3.46244972727884e-07	2.81780994543611e-05	0.392714451029397
AT2G30766.1	6.18840201079948	2.58314364624977	2.47131167787954e-05	0.00117446145453513	0.588443666438276
AT2G31100.1	-7.27211740053053	0.39670651111849	0.000180124839958517	0.00643225464273708	0.763170779872419
AT2G31270.1	-4.39721405120955	4.18663827828662	1.21571351370995e-06	8.66630061916093e-05	0.285253956592765
AT2G31425.1	-11.3444015158667	4.42699322824983	4.31155616558263e-19	4.45570682094927e-16	0.25031686881325
AT2G31770.1	-6.51878488377817	0.475476615417851	0.000386360448240755	0.0122922262072839	0.773870620510911
AT2G31880.1.DE	3.45397234460196	7.02781691613938	4.65238009735588e-05	0.00202335851848766	0.276193993431938
AT2G32160.3	3.74305207017114	7.10430885557424	3.23980740085401e-05	0.0014661868242242	0.302572327146715
AT2G32350.1	-9.12950877253527	-0.0190849965890882	0.000175629680233809	0.00628356603130846	0.819562314896313
AT2G32510.1	-4.43960514889721	1.20934725006172	0.00182793942962897	0.0455471582977984	0.63793982994055
AT2G32530.1	-3.78651553577036	3.07123399674505	0.000113600128826685	0.00438713980206031	0.348200907127651
AT2G33100.1.DE	-5.1240241465865	2.90162393456566	1.59956012786018e-05	0.000810985538622587	0.439381963187387
AT2G33190.1.DE	-8.9871758740441	-0.154000738388452	0.000231143779586509	0.00792576554885965	0.82482949203106
AT2G33775.1	-6.57188696156159	3.79020365215017	1.32228238921873e-10	2.27937442403323e-08	0.286910061637926
AT2G33850.1	-6.05778247579865	5.19867826138037	1.04632167766965e-08	1.22471306493653e-06	0.332586546236385
AT2G34700.1	-9.81462426468569	0.636640407892764	2.48298986098905e-05	0.00117706134360186	0.740237935997938
AT2G34870.1	-9.76559684178103	3.75075703562786	1.39469057506439e-12	3.34761046637606e-10	0.355905326061186
AT2G35190.1	-4.04904509344604	4.35917768195369	8.82931373356542e-06	0.000488109174973375	0.298744491519589
AT2G35940.1	2.56717811814412	7.35050460684286	0.00150914465466561	0.0388541721677837	0.271112366043851
AT2G36170.1	-2.45486442240259	6.32629057958093	0.00137443561464766	0.035848759456601	0.246372282705154
AT2G36190.1	-9.75131725821595	5.13664123882962	2.53529771583676e-19	3.4338796634069e-16	0.234792387393506
AT2G36620.1	-2.92304304150968	7.05565605892421	0.000318932741423072	0.0104089546348783	0.265505066785794
AT2G37190.1	-2.93713118373406	6.89099148302245	0.00021485426943076	0.00747535166412124	0.253569521518197
AT2G37460.1	3.07034431394203	5.16240644263725	7.88396873928133e-05	0.00316728422106467	0.240078382404268
AT2G37510.1	-4.16538596402646	1.6765714468987	0.00140970818655813	0.0365675603741658	0.563378596783109
AT2G37600.1	-2.51985006614438	5.3739375510257	0.000681134147268202	0.0197773855064267	0.229218192281409
AT2G37670.1	-4.4897211469296	1.64098797862808	0.000716299750077204	0.0206107372700515	0.571573219701955
AT2G38060.1	-5.37607827068715	2.1448165185297	6.28710261197458e-05	0.00260866607720486	0.537924597611796
AT2G38540.1	-3.37065383749225	10.536789982202	7.65973937723678e-05	0.00311014942336539	0.281096807735941
AT2G38620.2	-6.09664541809918	2.94616799610887	2.74510236043492e-07	2.33419869769358e-05	0.397934127327582
AT2G38905.1	-5.70588943963247	1.64000087751495	0.00041622847167029	0.0131761674120401	0.740547638713506
AT2G39030.1.DE	4.04517717891802	2.68226209699987	0.00020252623207394	0.00713810857358001	0.413840730760696
AT2G39250.1	5.38495093614631	2.82609636555876	1.19348869357516e-06	8.53997456889516e-05	0.375511496551232
AT2G39400.1	5.54107866927559	4.2481077957806	3.49781970256438e-09	4.73754694285899e-07	0.272228229567746
AT2G40000.1.DE	2.71871357651337	6.6985287748859	0.000847375616376271	0.0237047423306239	0.2714991275224
AT2G40990.1	-6.79015607793186	1.33014853505032	4.23551659198219e-05	0.0018675422032709	0.659525726087201
AT2G41100.1	3.28248368427327	6.47657749692163	3.04451630347698e-05	0.00139200148835869	0.242355378950837
AT2G41120.1	2.3173017222374	4.20678317631049	0.00184834205628329	0.0459348126752866	0.232657876023736
AT2G41225.1	-9.30319706637474	0.14543960890068	0.00010981993381018	0.00426722455923899	0.798698136158661
AT2G41450.1	-4.893364366602	1.32845552205944	0.000706058483261073	0.0203469315495387	0.627893801899302
AT2G41540.1	-4.35589598911826	6.46360478565031	2.15729986337737e-07	1.89094453664214e-05	0.249536297220276
AT2G41970.1	-7.08011751108015	1.57038627836318	1.06286355889669e-05	0.000566597882831443	0.601010588397407
AT2G42140.1	-5.93546817639874	1.17793756889221	0.000164293129469733	0.00601414347684378	0.659559300031763
AT2G42200.1	-2.85085450647681	5.67231083190678	0.000118248506434595	0.00454518573048473	0.222768887871889
AT2G42260.1	-4.59932314026361	1.57381258168369	0.00118523219393546	0.0315651304233205	0.638832264855095
AT2G42740.1	-3.11919541177667	3.85356221622686	0.000123986485111567	0.00473998332799503	0.257932155696228
AT2G43000.1	4.18528742665344	1.63272788057485	0.00151425130429238	0.0388541721677837	0.585806009324837
AT2G43100.1	4.1599991607582	5.36543490397314	2.27047582351302e-07	1.97489736538779e-05	0.232155366578205
AT2G43220.1	-5.85959428984826	-0.149483074076445	0.00193497030342545	0.0479619697954947	0.846941838142336
AT2G43960.1	-8.70798130397475	-0.416574063928399	0.000380645714408757	0.0121382572400444	0.831306430188742
AT2G44460.1	-8.01432489902334	1.98308115727249	1.56556078830838e-06	0.000108384176084103	0.58940133684593
AT2G44740.1.DE	-2.89177788207426	3.6625108772779	0.00135871303988163	0.0354874885154758	0.323441145139242
AT2G45180.1	2.81585069483719	7.83189388897893	0.000924327122946529	0.0254754228274885	0.292697402129775
AT2G45650.1	-8.63428140827752	3.53152716820038	5.66128153709569e-13	1.46114275562579e-10	0.303443636840855
AT2G46430.1	3.78510892201475	5.87029962883992	2.60310301816461e-05	0.0012248148742044	0.300008438949149
AT2G46770.1	-6.18983484756874	1.56379859369185	0.000129194295404917	0.00488978488915775	0.708338224387545
AT2G46970.1	2.54774441476211	4.79358710001481	0.000363825015405138	0.0116969322808889	0.211821507254189
AT2G47050.1	-7.19150465191986	6.36135721593128	2.90184631908002e-14	8.87496933909601e-12	0.241185718674626
AT2G47240.1	-3.37047670856242	8.38157128026841	4.76414353768469e-05	0.00205312931276312	0.266149789380833
AT2G47460.1	-5.52136670420718	2.8860938509333	5.14642443233668e-07	3.96693089780358e-05	0.363265063826496
AT3G01085.1	-6.92249984028436	3.05993629058445	2.54545887634714e-07	2.18402675173278e-05	0.463427283315186
AT3G01140.1	-3.52796378812432	3.54706588219612	4.23611284439268e-05	0.0018675422032709	0.278769539330058
AT3G01710.1	-4.69747783025308	2.81258779732023	1.87980071378708e-05	0.000923439925772815	0.396530822586435
AT3G02020.1	6.33277196431673	6.53208096212496	9.44091720460618e-12	2.05768588544532e-09	0.252509622574731
AT3G02790.1	-3.29861594831734	5.14100403124979	9.88220177726182e-06	0.000532347471876246	0.216874042149019
AT3G04140.1	3.06016291145527	5.12549416190995	2.93883391555491e-05	0.0013558678517458	0.213638242322663
AT3G04620.1	-5.76495393602573	4.57886915222103	1.45852638030049e-11	3.03918431024812e-09	0.221335771654438
AT3G04920.1	-2.58568853995772	7.48991220243264	0.00111662976848726	0.0300333810922771	0.260611583756056
AT3G05400.1	-3.80938221097722	4.44082856516067	1.32736784060913e-06	9.32205518282607e-05	0.229208509809807
AT3G05730.1	7.09953942006631	5.10525154807273	1.13433108221976e-08	1.31958196202768e-06	0.411139432215273
AT3G05790.1	-3.91264811503752	2.14009731965728	0.000791102666682792	0.0223560190247975	0.475846907857857
AT3G05980.1	-7.52093188831435	2.37389167694553	1.05168122498113e-07	1.00717067616627e-05	0.459340449406464
AT3G06030.1	-4.61997342381535	3.88029929354999	9.25567692013252e-08	8.95439519181392e-06	0.25343719046407
AT3G07250.1	-4.35430660279819	1.59783020912762	0.00095904710721342	0.0262416323910258	0.574426309586861
AT3G07540.1	-3.1175699426372	4.84568157590087	0.000566922772198578	0.0168715713902047	0.320386744170222
AT3G07620.1	-7.10668479828534	1.59654161867199	9.14380002218414e-06	0.000501111953816924	0.595508614712032
AT3G07840.1	-11.0957215199698	1.88879207908416	7.53105980790986e-08	7.59595511050994e-06	0.554279297595523
AT3G07970.1	-5.62834841763412	0.491317375302986	0.00142313869550332	0.0368152195690777	0.805110542089752
AT3G08770.2.DE	-8.86067564100631	9.04034714759886	8.46693039432422e-17	5.35166447123919e-14	0.267568930285538
AT3G08870.1	4.21884706961976	3.65295983215185	3.04589288423219e-06	0.00019446539013741	0.286478356939644
AT3G08990.1	-2.80011970015263	3.14674085070771	0.00194116080334981	0.0479899493521761	0.323996758994984
AT3G09450.1	2.55075149713177	4.17627346972197	0.000904867686218024	0.0251216706677396	0.243366673678194
AT3G10116.1	-9.42264060196946	0.259365909682461	7.8478190158247e-05	0.00315945529040484	0.784872036284028
AT3G10310.1	-5.80842637977552	3.4450563192065	2.87988151734177e-07	2.41629705008118e-05	0.378589130513825
AT3G10610.1	-2.61994351765968	5.04820730006645	0.000475103983779631	0.0145755438177133	0.231784370726511
AT3G11160.1	-7.41594807985745	0.535506461040478	0.000118411652297197	0.00454518573048473	0.746549614217059
AT3G11660.1	2.90090536676088	6.70710572903687	0.0015281140125837	0.0389987858770014	0.335132895934448
AT3G11825.1	-10.2641093781407	1.07333245068307	7.30836005220222e-06	0.000414913542843888	0.70947177990162
AT3G11840.1	4.2792707535129	3.29322359182584	2.09894110661487e-05	0.00101015536202109	0.349800581345929
AT3G11980.1	-9.8880352593746	6.56714169983676	4.09906175513693e-16	2.04543181581333e-13	0.309449420038004
AT3G12540.1	-9.06352463216567	-0.0813852677020442	0.000206898048681341	0.00727866567550203	0.827030977972227
AT3G12660.1	-10.8902955026852	1.68665870301175	2.98314798444523e-07	2.47367255167523e-05	0.594752093876248
AT3G13390.1	-7.81861793795904	6.24822047545596	1.69901837849782e-14	5.5546183608751e-12	0.263058382151303
AT3G13450.1.DE	-2.77901733040708	5.00443682729136	0.000166211114530042	0.0060400427959876	0.221642804163344
AT3G13900.1	-4.76862719443484	1.9282046119433	0.000275392092005956	0.00919363529686081	0.537943393180781
AT3G14210.1	3.37986333082964	9.9943106962643	4.24486177412592e-05	0.0018675422032709	0.264054129283969
AT3G14520.1	-7.51696955483538	0.700373434254108	7.40958826655902e-05	0.00302151855291381	0.731246601602123
AT3G15356.1	3.5694380029177	3.49351210581301	0.000738453055219156	0.0211199801403705	0.412920582332425
AT3G15720.1.DE	-5.29223836774306	1.53634169060037	0.000489680947407598	0.0148565281995886	0.681524211620884
AT3G15830.1	-9.26601579631923	4.08451631105059	2.77010007974286e-14	8.61092421509577e-12	0.298011571433238
AT3G16580.1	-6.91448870532313	0.0563290339737651	0.000463917661310096	0.0143270467325115	0.80300081135289
AT3G16660.1.DE	8.39438186116475	4.40256057985321	1.22769134942636e-16	6.84690687288899e-14	0.232490026861843
AT3G16720.1	3.31500257512876	4.13809038175041	9.21039134967739e-05	0.00366137192395351	0.276397158123501
AT3G16800.2	3.2218987697392	5.22170278863399	1.63887457566833e-05	0.00082049911905462	0.219263526088224
AT3G16920.1	-3.24176033290462	4.1255662097567	0.000128770572295591	0.00488349518373799	0.277571237303321
AT3G17060.1.DE	-7.09924554837796	4.02847821303732	3.91645547239049e-12	8.73692101970217e-10	0.273093434542723
AT3G17160.1	-3.27622774086439	5.61095249960283	1.97288090666765e-05	0.000959224814159795	0.230179771281053
AT3G18660.2	-4.17497593521115	3.16039442059842	4.67413492403728e-05	0.00202816811051704	0.367183780532717
AT3G18810.1	-6.58037740032726	2.45341147656271	2.2593172300815e-06	0.000148239354037389	0.508798134106208
AT3G19184.1	-6.15299554451821	-0.652437734058451	0.00202877467837683	0.0497666564700925	0.838899543810808
AT3G20150.1	-4.9254147671414	4.23712734277245	6.2840366425024e-09	7.78809822321114e-07	0.237024951903403
AT3G20670.1	-4.24036759178233	5.31139917940636	1.81483545159992e-07	1.60807989874942e-05	0.235373744579267
AT3G20865.1	-7.82877666816279	5.8908267846593	9.1419437123681e-16	4.2280374798518e-13	0.239750349247514
AT3G20940.1	-5.74218886515921	1.74647300055042	5.73050126298199e-05	0.00243636244279517	0.566597136110421
AT3G21690.1	2.68386381915424	6.68350368153719	0.00161796492355977	0.0410707508440969	0.296391241656811
AT3G21780.1	4.83076385435446	2.97583775733442	8.492394777716e-06	0.000470856110453365	0.383028330828487
AT3G21940.1	-8.98161112173537	-0.159710483349319	0.000224141711179026	0.00772759114068489	0.820836310601876
AT3G21945.1	-9.12694954057892	-0.0222162209907848	0.000161006483308506	0.00591667623351917	0.808855741818399
AT3G22000.1	-10.3106777103633	1.11859161656764	5.58376438423391e-06	0.000331910157535559	0.696208105565107
AT3G22060.1.DE	3.3948199753368	4.02557584953212	5.14664006983571e-05	0.00220793187792364	0.268456344999124
AT3G22235.1	4.32211340268894	7.83132768736908	1.6953987271642e-06	0.00011605830564797	0.288775687208318
AT3G23060.1	-9.0303496514891	-0.113257294935251	0.000208559010719939	0.0073099740504094	0.821125492267343
AT3G23350.1	-10.1394323202029	0.951577580868867	9.21053684215223e-06	0.000503314696256169	0.708241522397784
AT3G23570.1	2.5176403778091	5.40045281313194	0.000682122672777294	0.0197773855064267	0.229009618694953
AT3G23740.1	-4.33379250114204	2.14397892073301	0.00134855409884392	0.0353412313083019	0.611989964207703
AT3G23770.1	-10.7875254892807	5.27545170992738	7.55375659732683e-21	2.86468665197023e-17	0.236619090071206
AT3G24660.1	-2.87399207681389	3.85992045763195	0.000300931157925056	0.00994121361772634	0.252775465173197
AT3G24900.1	4.63411363779936	2.06589351646381	0.000274011301351548	0.00916367248012003	0.519031074341908
AT3G25260.1	-6.57551727615604	1.73438839778389	1.29545327109368e-05	0.000671158058100499	0.568693276903396
AT3G25760.1.DE	2.77160502800128	5.15897190354532	0.00015570123369331	0.00576641951814951	0.219195107678643
AT3G25770.1	4.48102894141611	6.41998807935789	1.3916771146721e-07	1.27483002166244e-05	0.252746323602012
AT3G25930.1	-6.36084633865278	0.380501805615061	0.000363948425573486	0.0116969322808889	0.744927116323839
AT3G26050.1.DE	-5.06690369582058	2.74139336970408	2.65303049253917e-05	0.00124214232591427	0.452567057150355
AT3G26140.1	-10.5626330704423	4.53510394544244	3.03437852579494e-19	3.83585904040824e-16	0.241108291532741
AT3G26500.1	5.91222132559284	2.23836055930814	8.10421052061253e-06	0.000453309852188362	0.494328841663559
AT3G26830.1.DE	4.43407461715092	2.26439568910397	0.000221414410857245	0.00766142346473554	0.47840542375699
AT3G26932.1	-2.65596703087109	4.94177260613442	0.000184612082682097	0.00655545751276765	0.207883575840109
AT3G26934.1	-6.11381663805799	2.37471500094695	2.21268706282333e-06	0.000146702699598797	0.455254825509207
AT3G27060.1.DE	-3.45225702208246	5.7187188624994	2.96968868231502e-05	0.00136677759208877	0.262247456362238
AT3G27200.1	-4.6276537433317	4.40490093846809	2.47663067704078e-07	2.13463049536579e-05	0.273709089338668
AT3G27503.1	-10.3654195684145	1.17206899514667	4.63589398307803e-06	0.000280849270629794	0.690481837716871
AT3G27730.1	-5.42614490490334	0.860281784257344	0.000726737833422582	0.0208793981778167	0.704997618526319
AT3G28230.2	-8.6678797622841	-0.452583776387277	0.000420475343669639	0.0132663119245652	0.83579675942894
AT3G28315.1	-10.3585589317463	1.16479722500768	4.79273752314185e-06	0.0002894263978147	0.691602672760496
AT3G28470.1	-5.65562220795722	0.559145298964269	0.000687188769313941	0.0198635265910533	0.72514337556175
AT3G28980.1	-9.95140707708433	8.68849564621326	3.39003907960673e-19	4.01762006421892e-16	0.266240729655717
AT3G29034.1	5.33044870242773	1.35476478468506	0.000522869865962604	0.0158128523100206	0.677245516351666
AT3G29670.1	3.6622648436163	2.36969467545298	0.00171481571943467	0.0431251136232362	0.487870601394656
AT3G36659.1	-6.38435747526848	1.61071305285237	3.3036655463196e-05	0.00149152633545982	0.608831008762963
AT3G42960.1	-9.82276124406725	4.66693348548891	5.7291014487082e-19	5.43176108352025e-16	0.234301803349538
AT3G43080.1	-9.36141672695385	0.2014420513884	0.00010420536473254	0.0040741074764091	0.803185332678315
AT3G44070.1	-9.46062508277694	0.29514044606508	7.2959987459546e-05	0.00298805028554624	0.783258375720359
AT3G44860.1.DE	4.37441406119382	6.26712997523741	1.29029159893918e-07	1.20524676350171e-05	0.242172889796063
AT3G45260.1	4.62821470500517	4.55805239098593	1.16171343314791e-08	1.3431957389848e-06	0.224518206530924
AT3G45480.1	-8.94441101555999	-0.194016091668496	0.000257676328791011	0.00870955177635498	0.829116256432517
AT3G45640.1	3.54045147201645	7.25161670990917	1.48009373209933e-05	0.000757111646869383	0.255167657221408
AT3G46270.1	-6.26357707880834	-0.550271409198124	0.00165988343862325	0.0419662796842322	0.834980177662034
AT3G46750.1	-9.46001120936165	3.41164316080203	2.93202046730465e-13	7.72180168069873e-11	0.314890407730205
AT3G46900.1.DE	4.21790750817873	3.25044277127041	3.15334255967725e-05	0.00143734811578365	0.35632027779783
AT3G47250.1	2.77065723188983	6.52020628794436	0.000394683162705352	0.0125150202863192	0.249548188969431
AT3G47690.1	-4.13988019886163	3.25515591609565	1.63242002933921e-05	0.00082049911905462	0.32319966998151
AT3G48080.1	3.18399579949637	3.78158290149028	0.000255264161091078	0.00867440685055379	0.293135865427333
AT3G48290.2	-4.02275061779946	3.82096509794033	8.01834844619824e-06	0.000450629142990841	0.291516489271246
AT3G48310.1	3.32947083035128	4.24411083708337	2.90477411454511e-05	0.00134342260390255	0.244333122296846
AT3G48320.1	3.25730365770993	4.65294829083118	2.83214012432247e-05	0.00131619225722526	0.235358287973542
AT3G48450.1	-4.82082830060921	1.6683268774231	0.000325834663568897	0.0105795837167696	0.555185837333408
AT3G48770.1	-3.07981119661525	2.77956083447048	0.00197674596887609	0.0487425969594647	0.382069112369753
AT3G48900.2	-4.46787338064675	1.57692183706085	0.00127551446235572	0.0336388111755065	0.613986128672598
AT3G49270.3	-10.3889707905544	1.19483705675522	3.82226050747298e-06	0.000237631815549845	0.680056051138079
AT3G49410.1	-4.66509006350038	1.01872948002912	0.00134938569070829	0.0353412313083019	0.649551304689795
AT3G50410.1	-3.98367122132165	2.49092127311962	0.000263085725388121	0.0088450913560453	0.41787878423376
AT3G50740.1.DE	6.66493767321855	6.19057874028507	5.30161271876971e-11	1.00529180373311e-08	0.291068438550251
AT3G50840.1	4.67338322032426	3.83632452382625	1.29714457838871e-07	1.20570860271602e-05	0.262958878636041
AT3G50890.1	-3.8721372498048	3.79398176482671	8.24580339447452e-06	0.000459873305782429	0.275069087312637
AT3G51290.1	-4.83714328540493	3.45865640064473	1.62199957189458e-06	0.000111841294117327	0.333070264261669
AT3G51380.1	-5.23321719549966	0.708004797711084	0.000951420288467123	0.0261082945150703	0.701420157704297
AT3G51490.2	-6.6010373012062	3.45975310018287	1.05569601537663e-09	1.56391467527903e-07	0.313224600576422
AT3G51720.1	-4.5222447343129	4.83722187871163	5.08310593379341e-08	5.21004620089679e-06	0.238175950122155
AT3G51920.1	2.89573079020913	6.3485016517861	0.000182204502743911	0.00649175660338123	0.242065315674738
AT3G52270.1	-5.03143621451976	0.576706324291339	0.00134207283508873	0.0352470707741726	0.710691955427238
AT3G52600.1	-7.31699232694307	4.6993400095151	3.19543147174534e-15	1.18807395229873e-12	0.222067349540217
AT3G52630.1	-4.87957502535903	2.82347201662893	2.73908580124889e-05	0.00127927450648476	0.435432123002323
AT3G53190.1	-5.32506163443453	5.9450523552269	6.20603297799442e-07	4.74511279551332e-05	0.363517124600123
AT3G53730.1	-2.41711380777408	6.32488909512465	0.00191994497789314	0.047651828103154	0.254627179838593
AT3G54820.1.DE	-3.19778099456595	5.33732990250179	2.61439453347003e-05	0.00122708289959551	0.227549152966249
AT3G55090.1	-4.50270084243989	2.99636393786455	9.79230351294203e-06	0.000531027671453092	0.347508203863982
AT3G55880.2	4.4194329078111	4.73471125503778	3.86829562413007e-07	3.0819588917964e-05	0.263763022249276
AT3G56130.1	-2.93832968874016	6.14877081216248	0.000213527067513618	0.00745653822135032	0.253403973032782
AT3G56600.1	-6.27747358049453	2.77547089402668	1.59786669095323e-07	1.44970087051939e-05	0.390388884866124
AT3G57240.1	5.99929431126922	3.04228502146909	1.21734333932029e-07	1.14842111443738e-05	0.36457872855398
AT3G57260.1	6.58972316108175	6.87496671677946	6.46594141406407e-11	1.19036098149012e-08	0.290553341001807
AT3G57500.1	-6.36557286059471	0.32879262274593	0.000567473556162443	0.0168715713902047	0.788841273102568
AT3G57620.1	-10.1195177615222	4.09593748945682	1.26856436988451e-16	6.87271930907145e-14	0.268272218950764
AT3G58260.1	-9.48293391565296	0.317204402173795	6.71247342018646e-05	0.00277302660116723	0.778954180615309
AT3G58650.1	-5.39769495116111	3.26221233186533	2.30376614426845e-07	1.99470381861271e-05	0.333558842755447
AT3G58990.1	3.75978083315676	5.56288102893664	2.08863206217953e-06	0.000140441989939888	0.234512017392357
AT3G59210.1	2.49965592517187	4.84388940151239	0.000613036467603198	0.0180783786915892	0.221714017902229
AT3G59480.1	-4.9783628050255	3.0289761114622	4.1516098579831e-06	0.000256426143736402	0.373457398382419
AT3G59530.1	-5.0605009276173	6.1703463482205	3.27312357853822e-09	4.4651057047656e-07	0.241569995288116
AT3G59650.2	-2.74816788806921	3.57756388030209	0.00102127312740151	0.0278238233359014	0.282268001153226
AT3G59830.1	-6.17164082340819	1.72438215926316	0.00013896885997018	0.00520776190267698	0.67891788866662
AT3G59845.1	-7.80840168376487	2.24817171827816	2.93901249902382e-07	2.45504647605681e-05	0.508869603800985
AT3G60955.1	-4.25574027764045	1.62560792058255	0.00129011955024859	0.0339296073672868	0.581678174610688
AT3G61230.1	-5.93896171617953	3.41203184634281	1.20847004492655e-08	1.38042222842754e-06	0.316145793346076
AT3G62410.1	2.49317100370716	8.81446770550714	0.00144826454519936	0.0374141584551366	0.255846805791551
AT3G62570.1	-4.38048046120359	3.09144415238077	1.82044077418441e-05	0.000896765602465352	0.358215304412712
AT3G62640.1	-7.94630912265883	3.3787745312115	1.44272223555182e-11	3.03918431024812e-09	0.316786251560254
AT3G63095.1	-9.98482370034265	5.80847868482247	2.39717105934878e-16	1.26264326742699e-13	0.301432361261222
AT3G63110.1	6.41179691644241	3.16056982262046	5.2791997391442e-08	5.38194545449744e-06	0.381206217065295
AT4G00730.1	2.4605637967592	6.37241333059976	0.00175906967814292	0.0441210042816746	0.258528221204201
AT4G00880.1	2.43035318709742	4.72198608913661	0.00107090247531066	0.0290507192229481	0.230897736786526
AT4G01180.1	-8.91238756534239	-0.224537854994181	0.000259766757798682	0.00876458587433918	0.825012758774489
AT4G01470.1	-9.24601884851407	3.71457105395044	1.18209631316586e-14	3.93244040179844e-12	0.281100746893024
AT4G01575.1	-5.22418513978072	1.92561802179925	0.000100567818507595	0.00394817178993998	0.546028217511849
AT4G01730.1	-6.128968341605	3.46166677813638	2.13662688699795e-08	2.34189127348295e-06	0.340542591381682
AT4G02110.1	-4.4589880962929	3.0818276827467	1.07462485321772e-05	0.000570785335202084	0.348116121212334
AT4G02410.1.DE	3.94679976955155	5.51515046564147	1.97271646649086e-05	0.000959224814159795	0.311411944503756
AT4G02650.1	-6.8249291369865	2.82533300828331	3.06706179645708e-08	3.26728234743928e-06	0.390164588006018
AT4G02800.1	-6.10136169126785	4.52660309441266	6.93939333358077e-11	1.25318834658437e-08	0.256379875297782
AT4G03210.1	-5.28400352946861	8.47470980942763	1.08853733400851e-06	7.90836970401128e-05	0.37697266921064
AT4G04460.1	-7.97029987496697	8.19718841367737	3.03152980341283e-15	1.14967736264628e-12	0.258952639985725
AT4G04760.1	-4.40386568058981	2.92850173856182	1.67176707090493e-05	0.000832022236181082	0.353620652750868
AT4G04930.1	-7.49145342228075	4.2810687677934	2.47677330901344e-14	7.96009753991743e-12	0.240581627530413
AT4G05230.1	-8.59171299594579	-0.524556918092774	0.00047996925350738	0.0146793177177531	0.83794643347676
AT4G05590.2	3.47000657526252	4.00086377428668	1.67145531962974e-05	0.000832022236181082	0.246504566183853
AT4G08850.1.DE	2.64984294078428	7.19802308317861	0.00152186912536686	0.038917435605556	0.286872802949473
AT4G09420.1	5.05884464799671	0.320747987824571	0.00199085169756142	0.049026662193714	0.74815911859177
AT4G09510.1	-2.17347453774749	4.93682931063792	0.00195537324759802	0.0482783691679085	0.210585581022924
AT4G09987.1	-9.88268575120554	0.702748502197122	2.26272860929401e-05	0.00108622430099831	0.743306069988725
AT4G10010.1	-7.81823206858041	2.2578493528868	2.83434376416129e-07	2.39446320548214e-05	0.508532510729612
AT4G10120.1.DE	3.02468991725845	8.60265440671798	0.000257152609111712	0.00870737102495766	0.273257058120983
AT4G10240.1	-9.35632418210087	0.195933947068449	9.50067387768284e-05	0.00374535921140586	0.792768560414447
AT4G10290.1	-6.81185788413903	2.23463147515888	7.94797760258848e-07	5.88709184766729e-05	0.475812822755486
AT4G11080.1	-4.01805736062016	3.85034020709854	1.72862939794086e-06	0.000117907448358829	0.254025228368808
AT4G11320.1.DE	-6.20567429261092	6.83454704791909	3.95125518821548e-10	6.24364173991183e-08	0.290973502939616
AT4G11360.1	2.39787786629288	4.75289216204412	0.00201318066684045	0.049448098192524	0.252077094237757
AT4G11485.1	-9.03255349096081	2.98755419395212	4.04930957015844e-11	7.85093270293317e-09	0.362906974554985
AT4G11720.1	-8.8125933296972	-0.318432098461947	0.000305752221149815	0.0100829106390309	0.825031786441661
AT4G12940.1	-8.37959978442578	1.53627293620463	4.57530480759642e-06	0.00027999750770172	0.64795391347115
AT4G12960.2	-10.2209089807894	5.08551540226926	1.96633718034885e-19	3.10714046781458e-16	0.242884021136878
AT4G13540.1	-5.52451263814108	4.00650977638285	1.45811782433475e-09	2.11059772404852e-07	0.258160902455795
AT4G13560.1	-8.34480698637315	6.21478210950932	1.47119375575565e-15	6.24899632414012e-13	0.264930745108632
AT4G13690.1	-4.91951260418903	1.00301848793938	0.00094701823343717	0.0260251590470081	0.662655511055449
AT4G13700.1	-9.29967721815832	0.142163488209607	0.000108954831118019	0.00424230289047203	0.797794687077284
AT4G13770.1.DE	3.48104544236614	8.02989153572775	2.29696042830303e-05	0.00109987281922934	0.259543764713092
AT4G13790.1	-6.28095863965098	1.44595259639108	7.69892753516782e-05	0.0031127305740267	0.644754558406094
AT4G14080.1	-10.2729731828486	7.34564968449053	2.20580705975472e-19	3.21742411285146e-16	0.267234208863382
AT4G14090.1.DE	3.19491919848708	3.44492700278146	0.000763006194356655	0.0216913395163282	0.346381983650955
AT4G14315.1	-9.44075438289363	0.276839228549204	7.68703645725483e-05	0.0031127305740267	0.785772313868524
AT4G14400.1.DE	5.96492788016602	9.68564492399749	5.60784912368574e-09	7.13664664988786e-07	0.317396008382551
AT4G14700.1	-5.17681836818665	1.20286809758422	0.00053038491672347	0.0159637441125563	0.646577362639051
AT4G15210.1.DE	-4.02854804356372	7.86070537641659	4.87261683038714e-06	0.000293316064564448	0.283066093643006
AT4G15650.1	-9.4018254189368	0.239009714990505	8.52433810817147e-05	0.00341730442298409	0.789064265031051
AT4G16141.1	-3.78444282592839	4.95523928857859	8.28916835057346e-07	6.11592257834918e-05	0.219449297487874
AT4G16260.1.DE	7.70492948282869	3.14716275684054	7.5043376215872e-10	1.13837799984429e-07	0.367500903502593
AT4G16500.1	-2.82403303455828	4.8848741702781	0.000169643706930688	0.00611159266979927	0.228568053420622
AT4G17210.1	-5.99828680264663	1.20537697626952	0.000125550795031926	0.00479012912554402	0.641874110505862
AT4G17250.1	4.44572191037184	4.58299719033211	7.4122843415062e-07	5.57744982871589e-05	0.278789816899881
AT4G17480.1	-6.84802659178442	3.04105597184803	3.06594421636416e-07	2.52346635070824e-05	0.467909996823978
AT4G18010.1	2.41791090389269	5.22770972178741	0.00158344926740241	0.0403566733985007	0.245115118322796
AT4G18197.1	3.42953424278364	4.76101313606259	4.73379615727352e-05	0.00204469801216903	0.271529629407275
AT4G18640.1	-3.48196293988824	4.54967144659504	3.6418457968504e-05	0.0016210488262882	0.27043632954784
AT4G19370.1.DE	4.11012219308736	2.69800670715452	0.000165170668367517	0.00603461698185907	0.414407412864455
AT4G19520.1	5.72966133808174	6.11687612531835	6.34921832240411e-10	9.70918369592151e-08	0.265445571135657
AT4G19840.1	2.59842273488688	6.99938703056241	0.000909571369144149	0.025215339622385	0.253960103574466
AT4G20050.1	-8.42533997483435	6.06208994247418	3.84674151154844e-16	1.97140304167518e-13	0.25482050611163
AT4G20160.1.DE	-6.91723019321986	1.88553086269416	9.93621546883435e-06	0.000533740843399538	0.604582432657498
AT4G21820.1	-5.43390408781975	3.11234333865351	4.7322860284994e-07	3.70800031704155e-05	0.353710750410549
AT4G21960.1.DE	2.88550385467718	11.1930043779012	0.000926970333451755	0.0255111922538638	0.30542300217056
AT4G21970.1	-5.43265331672295	3.27726889244982	8.92281030102917e-08	8.67663225272385e-06	0.317223482082627
AT4G22050.1	-9.05986341488239	-0.0850300567312104	0.000199943706763485	0.00706020962318286	0.822660809124296
AT4G22690.1.DE	4.22293743964178	7.25979367875423	5.78392047973439e-06	0.0003406046588097	0.309339116362465
AT4G23130.2	4.40715399706817	3.99365323429456	1.32148718974823e-06	9.31525653977916e-05	0.28608750717909
AT4G23150.1	7.00830366071041	4.20446507029448	1.14672514727793e-12	2.78771823624156e-10	0.255709916638801
AT4G23260.1	7.05281693026977	6.27088304735767	1.66951570246943e-12	3.90831564817597e-10	0.271792116166081
AT4G23810.1.DE	2.77560768696119	3.89345442030737	0.000622315312803034	0.0182695504453325	0.265462290574874
AT4G23880.1	2.96805041301784	3.88272178678817	0.000548958231583045	0.0164965863506778	0.292125709171503
AT4G24050.1	-3.72855982018739	3.73952408203904	9.87548073027388e-06	0.000532347471876246	0.262552744372135
AT4G24350.1	2.72628653536938	5.56246653580253	0.000182475807910674	0.00649175660338123	0.21789549708135
AT4G24380.1	-3.33013128209804	6.04764602800384	1.75541618261941e-05	0.000871366535466737	0.234090592209411
AT4G25010.1	-6.16839284296206	3.63622386344241	7.07476419283739e-09	8.5533198263676e-07	0.324140574512622
AT4G25780.1	-4.44634340945917	3.49834867038508	1.2648421882482e-05	0.000657094180097598	0.354315033006601
AT4G25830.1	-2.44749933697485	4.42225063723544	0.00152287402274668	0.038917435605556	0.248057053156477
AT4G26280.1	-8.6915210361254	-0.430928983777795	0.000390629176802408	0.0124072201851378	0.831779504572269
AT4G26660.1	-5.91608724714174	4.15206846571718	2.20217724074358e-09	3.09316183992442e-07	0.289644435593978
AT4G26760.1.DE	-3.71770273161246	5.4133014312838	1.51483417292488e-06	0.000105603991128682	0.224189943799243
AT4G26830.1	-4.6075545810482	2.61798784992116	3.34084299926774e-05	0.00150472838366069	0.403392765862226
AT4G27370.1	-3.71274277438924	3.63945660183811	2.83895492672255e-05	0.00131619225722526	0.289792640539523
AT4G27510.1	-5.29864723290085	1.27294129520643	0.000623373016460823	0.0182695504453325	0.707159772434604
AT4G27820.1	2.25688640168806	5.5409742132908	0.00173149272617312	0.0434868411572116	0.22083751068305
AT4G28680.2	-8.88831959603121	5.12764290775299	2.32433336860951e-18	2.09876234931302e-15	0.227175499048317
AT4G28950.1	-5.55036875259112	1.95910158178793	4.39631216263248e-05	0.00192523952027337	0.529614441649557
AT4G29240.1	-3.75164971321376	3.31294447369842	6.19275194041312e-05	0.00258995592303319	0.319718516062033
AT4G29700.1.DE	-4.83593141113097	5.74416096643464	4.79229337516535e-08	4.99293774614754e-06	0.263914379816658
AT4G29880.1	-4.70832061941779	2.62521182792074	6.07411744473174e-05	0.00255949811082229	0.444589996073749
AT4G30030.1	-10.6054687422955	1.4066520293061	1.93645028060508e-06	0.000130672491889087	0.664379793232338
AT4G30130.1	-4.03021069837587	4.52714201376334	2.1443821711788e-06	0.000143175263133424	0.260897728406154
AT4G30500.1	-4.12231605206069	4.06155010181787	7.49819679892619e-07	5.61979477079994e-05	0.247036184886664
AT4G30860.1	-5.26114224308907	3.15580580655622	1.60846784352532e-05	0.000812577467484261	0.462992437618713
AT4G31020.2	-5.97259389040191	1.38526273024882	0.000152545067181693	0.00567168541941034	0.656547654887699
AT4G31810.1	-2.53818090074454	4.15682479667576	0.00160486592200699	0.0407928520282794	0.266147238068371
AT4G31870.1	3.17786942393575	3.97789109452107	9.15955074599349e-05	0.00364881095053631	0.257037671038403
AT4G32280.1.DE	5.93753509978657	3.35400052847471	4.96595321175274e-08	5.11763069572041e-06	0.344872055299935
AT4G32340.1	2.74709972442224	4.66966986369852	0.00120797203581477	0.0320806242900836	0.291593744386753
AT4G32460.1	-4.83411666825654	6.73894522014147	2.98740119361686e-07	2.47367255167523e-05	0.29937858223443
AT4G32717.1	-10.3483553456605	1.15559210847429	5.84197950741186e-06	0.000341900047591184	0.704677899776765
AT4G32830.1	-5.10415305815957	3.88264966120727	2.77944613150084e-08	3.01164900260108e-06	0.272631949065757
AT4G33010.1.DE	2.7333482800113	11.634443994684	0.000923686596577047	0.0254754228274885	0.278213018439991
AT4G33355.1	-9.0908675345315	6.34001074236536	4.9549934178547e-18	4.04168573825186e-15	0.24808867705161
AT4G33870.1	-10.7159175302548	1.51518308284234	1.24070580315836e-06	8.81133462153138e-05	0.651258510871562
AT4G33970.1	-6.15889675742907	3.34044890135614	1.48132275597796e-05	0.000757111646869383	0.565490961163028
AT4G34400.1	-6.34606852041381	4.06679318826991	1.83024577601571e-10	3.09867146471517e-08	0.28018448529264
AT4G34510.1	-7.56886857798734	4.30992001638329	6.71618043615412e-13	1.69802951240473e-10	0.27722029426608
AT4G34950.1.DE	3.6533594722533	5.72490746497982	1.95341148077332e-05	0.00095465434274288	0.275178099271706
AT4G35090.1.DE	2.80249423983726	10.4810088189284	0.00058687944041008	0.0173741471735798	0.270322166069318
AT4G35730.1	-4.94175670438474	3.46614048125796	2.59683090728239e-07	2.21806791278778e-05	0.299686572605789
AT4G36070.2	-8.47955604466385	-0.627455051526455	0.000568839269363662	0.0168800160026193	0.837181500110094
AT4G37750.1	-5.10956986845226	4.97869994169538	3.52659456285876e-10	5.66705814414642e-08	0.21656386438825
AT4G37810.1	-5.99275314012564	2.46382564395222	3.42360252887907e-06	0.000214961427657632	0.471391505929527
AT4G38190.1	-7.07590042500566	3.22988589167543	2.90997177575877e-08	3.11745111931852e-06	0.414400019163222
AT4G38590.2	-5.81382852107887	0.78524307240959	0.000366176290386063	0.0117486206739434	0.703827366358591
AT4G38660.1.DE	-4.79914005459128	5.56010442476324	4.80546115899064e-07	3.7498417488387e-05	0.305736036805889
AT4G39110.1	-4.70695463367209	4.72364388271154	1.61156242738479e-07	1.4551641308605e-05	0.272741882200531
AT4G39860.1	-2.92077957016014	5.62081221778851	0.00016627477795093	0.0060400427959876	0.24214417223818
AT5G01370.1	-3.57287443018789	3.21808879376632	0.000192597989278267	0.00681351319532554	0.339729962403118
AT5G01890.1	-3.07119133634624	4.69980845463943	0.000553150956797524	0.0165700607311132	0.311150214051072
AT5G01910.1	-6.12147956006439	2.36363237576973	3.31625244875731e-06	0.00020960926311112	0.483779344547811
AT5G02050.1	-2.77758194980193	5.06683198995858	0.000261779120788362	0.00881679518363929	0.235536963664246
AT5G02140.1	-5.28979097327957	0.790765307465982	0.000660927265738112	0.0192553383185044	0.678312919842634
AT5G02760.1	4.87920079527345	4.28132296802175	1.82651431065413e-06	0.000124137506661734	0.344269161879235
AT5G03670.1	-5.38250052570728	3.33464393594405	1.27016763161249e-06	8.98690993680451e-05	0.379532572800327
AT5G03690.1	-2.34088907377446	4.64634707220797	0.00126012176359459	0.0332791488597222	0.221888960876099
AT5G04620.2	-2.99737490542915	3.9404534710601	0.000370234736551225	0.0118587687068992	0.279878722958834
AT5G05040.1	-5.7268070542424	-0.214356632435854	0.00151057181062204	0.0388541721677837	0.788865735700102
AT5G05270.1	-3.61739103122255	6.7484758073168	0.000115407298863857	0.00444787235987085	0.331096624767675
AT5G07230.1	-14.3449409597899	5.12000011067492	7.31872822069759e-23	1.38777724520868e-18	0.234902896500236
AT5G07430.1	-7.93773113161611	6.75811977878869	2.84593945835914e-15	1.10132048998788e-12	0.255156705338447
AT5G07460.1	2.67752205038971	5.26769527599638	0.000471859650447363	0.0145250043697774	0.240789108685522
AT5G07510.1	-11.3311723038769	6.22057948235257	8.77304033170059e-18	6.39824579883487e-15	0.313605889060025
AT5G07520.1	-8.3571394478424	4.98764303380198	2.95309239284453e-14	8.88833935763778e-12	0.283418269370421
AT5G07550.1	-11.0659161476349	9.14450564243331	2.62203521821567e-22	2.48595159039027e-18	0.257433517712954
AT5G07560.1	-11.3284665914737	7.18831677255207	3.41229160560727e-18	2.94108515570569e-15	0.318220343119287
AT5G07571.1	-5.46424789588009	0.0681127862759792	0.00151294952647569	0.0388541721677837	0.772735343423744
AT5G08000.1	-7.00722451862187	5.76980967244785	1.8686671414579e-13	5.06195233376067e-11	0.247659178689733
AT5G08030.1	-5.47168854863949	2.7089101423296	3.40134646653697e-06	0.000214273527237455	0.416969641964201
AT5G09980.1	-4.79672922020677	2.34414961810359	9.87446509413737e-05	0.00388463915176417	0.483227916880992
AT5G10160.1	-2.92513948589961	4.92015974105878	5.85399091214345e-05	0.00247775392134072	0.213252646064775
AT5G10180.1.DE	2.57537125667676	6.37798536386056	0.000919562697866302	0.0254551063896946	0.250337205399742
AT5G10200.1.DE	-2.4504037958851	4.5466174295944	0.000781249553060946	0.0221105283957338	0.221898148291015
AT5G10420.1	-6.43344317555647	0.942363587189169	0.000118681045291371	0.00454632319356561	0.678114741097384
AT5G11130.1	-12.0387611533556	2.8222990856697	2.96546086167471e-11	5.98202860202935e-09	0.404958146807364
AT5G11360.1	-4.83167357161059	1.05439373919563	0.00139946967960254	0.0364015693616234	0.691117854003215
AT5G11400.2	-7.67329304385719	0.78409657301437	5.42002541319952e-05	0.00231474148389841	0.717973458383482
AT5G11840.1	2.63610230605136	5.40087553950048	0.00116904441732425	0.0311778062465575	0.270723370823342
AT5G12270.1	-8.15894058255929	1.25660412041961	1.30058120543565e-05	0.000671978768868413	0.679596714677535
AT5G12330.4	-5.34087413916631	0.680928099975642	0.00181045082795723	0.0452899321896109	0.830430697629387
AT5G12970.1	-7.37666946892092	2.26362024415368	1.75723130347458e-07	1.57917630220308e-05	0.4654923499181
AT5G13180.1	2.61392305520133	6.48556163815619	0.000764855843072439	0.0217113720005084	0.249438801203303
AT5G13380.1	-10.5721984296966	5.73094506257741	8.60846719291382e-20	2.0404219364004e-16	0.254397954643888
AT5G14200.1	4.03487359161741	6.60755675105735	7.99850995765762e-06	0.000450629142990841	0.296380993682509
AT5G14345.1	-9.25444892587436	0.0995143561475163	0.00013011808980786	0.00491493868314073	0.809244929627623
AT5G14565.1	5.8459132953995	2.45802431784934	2.9281223852593e-06	0.000188781181034601	0.44187974305048
AT5G14990.1	-9.00354184982309	-0.138414336888614	0.000223639910862607	0.00772433513620538	0.822974798427451
AT5G15070.2	-2.75680222360028	3.5750175291712	0.00110843404219436	0.0298552930512635	0.286998268530553
AT5G15120.1	-6.99862512340909	2.15045824236695	1.08066336561636e-06	7.88136105339131e-05	0.499310121047416
AT5G15150.1	-4.18254960554209	2.09757810130136	0.000550883519570619	0.0165282488893957	0.494114855402322
AT5G15600.1	-3.49322079268561	3.27072653342245	0.000826122933595014	0.0231729927024092	0.407072027111648
AT5G15830.1	4.77474746057353	2.07504343205074	0.000185032533824497	0.00655810636706561	0.514075989956897
AT5G15960.1	-6.547640254228	7.20117232410694	8.24619885453218e-12	1.81819096139115e-09	0.2636607863049
AT5G16690.1	-3.86583863806445	2.24658536136749	0.00110064221823175	0.0297298828235192	0.490807716147303
AT5G16920.1	-9.53533107684356	5.43313775182958	1.76843562625366e-15	7.28979920543956e-13	0.298765892834471
AT5G17000.1	2.84385699149873	4.76108947767708	0.000168244950474225	0.0060908895451083	0.231061882292751
AT5G17030.1	-5.20945827432553	2.6749289525598	4.23071205519611e-06	0.000260463512956586	0.393661551526757
AT5G17340.1.DE	-12.789606474173	3.56882134164119	1.48299142804718e-15	6.24899632414012e-13	0.301680053245077
AT5G19470.1	6.3038256224532	4.7269014875305	6.30759805054411e-06	0.000362438406770962	0.552698066118626
AT5G19580.1	-5.33849975553749	7.44097454243805	8.64858804251716e-07	6.35637699465932e-05	0.375167959324359
AT5G20230.1.DE	-2.55377022319831	5.55814715364669	0.000811322241563621	0.0228684186803614	0.241503772883485
AT5G20690.1	-6.99435275020745	0.202029569179901	0.000433778569142666	0.0136406454860419	0.82881409500416
AT5G20740.1	-8.59239593475746	6.10967640756697	3.95142076213941e-17	2.67595858898884e-14	0.245678553522493
AT5G21050.1	-5.46629313788842	0.729241263350483	0.000661070838801095	0.0192553383185044	0.707558363674662
AT5G22390.1	3.23209184846788	3.62076474370811	0.000159457051343596	0.00588253814703747	0.283265453321763
AT5G22980.1	-9.0786952619021	3.51853303352859	9.79330598801576e-13	2.41169698889292e-10	0.322001312445799
AT5G23010.1.DE	5.44995638245152	7.32693959809551	1.442006188732e-09	2.1033324115951e-07	0.258648319219989
AT5G23270.1	-5.44626544423153	3.07173021832925	3.82422516550003e-07	3.05970285182327e-05	0.348532529206889
AT5G23535.1	-2.37625424205312	4.27093117119736	0.00164297922541869	0.0415943552368348	0.238072569153258
AT5G23940.1	-8.52602349290647	8.46102839383206	1.07828954963373e-15	4.86822058098924e-13	0.273776361120464
AT5G24100.1	-8.61157108058352	-0.506818876814776	0.000488893395344611	0.0148564047476354	0.844242088181429
AT5G24120.1	2.591685590268	6.81322915135926	0.000847580176150354	0.0237047423306239	0.249899089285606
AT5G24420.1	-5.44148310439625	6.58145894672804	1.13677278208359e-06	8.19600208892358e-05	0.3938355953584
AT5G24760.1	-2.90200889708115	4.3303428922956	0.000281664837186151	0.00937005025039264	0.25558886531264
AT5G24790.1	-11.9495257822687	2.73365427061688	6.56619272651306e-11	1.1971937161552e-08	0.415447304463268
AT5G24940.1	-6.39959429195799	1.62537126230036	2.32705634195759e-05	0.00111147713743577	0.588107108780881
AT5G25340.1	-5.36136486176484	2.21351852293056	5.78216281769398e-05	0.00245282709953273	0.530771281973074
AT5G25840.1	3.15006805893657	3.82026872404002	0.000103799829938555	0.00406663713903902	0.2571679955965
AT5G25930.1	3.37701794737622	3.32330943390078	0.000254938577235386	0.00867440685055379	0.322986825536932
AT5G26060.1	-8.86058277262993	2.81735862099975	4.80824565200681e-10	7.47327492240599e-08	0.399391648568367
AT5G26150.1	-7.26085032898557	0.454913067120021	0.000163089230703078	0.00598162087541929	0.764004623683431
AT5G26692.1	-7.41616052243689	3.70661386537447	1.5708386588162e-12	3.72328033105911e-10	0.272229154079483
AT5G27550.1	-3.6867355717223	3.74710064603244	1.1479879496092e-05	0.000604670763902492	0.262273398462229
AT5G27870.1	-7.71659436863947	4.40578168694594	3.3590756127272e-14	9.95231121383332e-12	0.252779027611718
AT5G28640.1	-7.03834160979356	5.34893888941733	2.57990574175832e-14	8.15336211253688e-12	0.22992839337617
AT5G28690.1	-6.29514904544044	2.92064416628471	3.92624299694408e-08	4.15178408718559e-06	0.359735938019966
AT5G28970.1	-7.33631676496847	0.52685240390848	0.000128451501516354	0.00488115705762147	0.753638221193991
AT5G32481.1	5.41202772372548	1.9193654646448	0.000155343567284177	0.00576443194294043	0.592805866914724
AT5G35480.1	3.80406774897449	5.42422121476178	9.66283526805353e-06	0.000526513455036871	0.273872123999818
AT5G35917.1	-6.64952481511258	-0.193639739448487	0.000811646755188441	0.0228684186803614	0.821316663023775
AT5G37060.1	-11.1532307593949	1.94539019098017	7.71544718410148e-08	7.70536621534061e-06	0.561276099100184
AT5G37300.1	-2.89926404010766	5.81514444553739	0.000127186735504045	0.00484280096109979	0.231488444114887
AT5G37470.1	-9.56082259841701	0.391931253265248	5.17773457603063e-05	0.00221625740475604	0.766549820603629
AT5G38110.1	-2.93022811523608	3.66163041379845	0.000451646379195139	0.0140395387578659	0.276622692185487
AT5G38340.1	6.91671094080609	0.918235460196984	7.51475086952883e-05	0.00305782630875548	0.692753881014019
AT5G38435.1	-8.3146250738828	2.23438769216701	1.20050825671306e-07	1.13820187818965e-05	0.50510554566297
AT5G39550.1	-3.51440136448145	2.95180872638129	0.000361245312554908	0.0116495469671193	0.360015018053457
AT5G39650.1	-8.28190354592672	1.37754449011297	8.43582703732715e-06	0.000469091355665095	0.666600967747888
AT5G39670.1.DE	4.25824013717065	3.00740525160657	1.82077184341926e-05	0.000896765602465352	0.340265900176884
AT5G40350.1	-8.14250620365065	3.25823768439399	3.79307096500702e-10	6.04405139819018e-08	0.374788247162827
AT5G41130.2	-3.3149191271789	4.87548639574632	1.05924441259894e-05	0.000566597882831443	0.219912529153968
AT5G41750.1	3.60085831266722	4.49870979168078	7.18162961059278e-06	0.000410174881554399	0.242381921370082
AT5G41880.1	-4.20229687055356	3.57238783767107	4.47663794486379e-05	0.00195589881821445	0.372039338707897
AT5G41890.1	-5.47400705592408	1.40526369092215	0.00028123530466585	0.00937005025039264	0.654202505099181
AT5G42230.1	-5.70379216446179	2.47843306403289	5.52930556606537e-06	0.000330746662913979	0.459761730182685
AT5G42250.1	4.19407210128913	4.46741992955357	1.79592550586556e-07	1.59879527897759e-05	0.230010654245584
AT5G42340.1	-9.19249962364064	2.27898403621342	1.81383112739442e-08	1.99964336265424e-06	0.482171684469745
AT5G42650.1	3.71856219018303	7.44261373219247	5.73465564494538e-06	0.000339814188560795	0.252682100752476
AT5G42800.1	5.72577786203977	3.64105092437884	1.63995974117551e-05	0.00082049911905462	0.52493461260514
AT5G43530.1	-5.40816229884727	0.401858344509446	0.00110753930208827	0.0298552930512635	0.746923777733244
AT5G43990.2	-3.45746883099871	3.97287631245775	2.40537320669675e-05	0.00114599715440663	0.254086613250119
AT5G44040.1	-3.17852808580273	4.08684578439643	9.32210590775895e-05	0.00369802870759258	0.258097325391843
AT5G44265.1	-11.55090255913	2.33862528091903	2.43524988062692e-09	3.37059914134654e-07	0.476032007399182
AT5G44440.1	-9.54384116200921	3.52701779516126	1.84678321215743e-13	5.06195233376067e-11	0.315447085164436
AT5G44540.1	-9.78317351263059	5.74814331999275	4.46463609313554e-19	4.45570682094927e-16	0.246820268750756
AT5G44568.1.DE	4.68864085266686	2.70919929858342	2.53884673678767e-05	0.00120016210917997	0.404553240792666
AT5G44580.1	5.60671377169949	6.42351200433524	7.81921651313313e-10	1.17673002795262e-07	0.260417717274801
AT5G44630.1.DE	-10.2312984519065	5.67200756737724	1.01162189128788e-19	2.13137492251119e-16	0.248032935132554
AT5G44635.1	-5.368625927871	4.39573095950954	1.29968916899608e-08	1.46694678705378e-06	0.282074430435705
AT5G45250.1	2.51445329792831	5.02035440115149	0.00140311485361172	0.0364463888413498	0.256831953425334
AT5G45810.1	-5.25098069892257	1.65253423317822	0.000169855992879665	0.00611159266979927	0.587252411879353
AT5G46260.1	3.73872498126442	4.28787436038594	6.28267866277412e-06	0.000362103807913444	0.254329321810384
AT5G46500.1	4.44714158871475	2.6303992701627	4.71323454091375e-05	0.00204046468869421	0.399568417967556
AT5G46700.1	-3.80266149041102	4.75831172655388	7.30286311882058e-06	0.000414913542843888	0.26580714731334
AT5G46795.1	-11.3517990598744	2.14184384033243	1.47980084908114e-08	1.64093471931442e-06	0.516819334432878
AT5G46970.1.DE	-10.2721589445935	1.08130507713465	8.03252032121634e-06	0.000450629142990841	0.717386354534762
AT5G47000.1	-7.15341118355321	5.06322846851417	3.59392191042359e-15	1.28581032576325e-12	0.219964487852269
AT5G47220.1.DE	3.74880033092926	4.31921697525388	1.56614620013944e-06	0.000108384176084103	0.226474199583224
AT5G47500.1	-6.81486286344464	6.26480891358876	1.16328519106314e-10	2.02368933880177e-08	0.311522808596487
AT5G48310.1	-5.54521988365278	3.54437273224102	7.9864844752193e-08	7.88748534474522e-06	0.325239773532813
AT5G48543.1	-11.5086557663772	2.29696782503287	5.48884158913038e-09	7.03239285223583e-07	0.497651751603277
AT5G48650.1	-8.03250613002904	3.64874040110238	7.20020884056581e-13	1.79645210572117e-10	0.285718129612637
AT5G48820.2	-5.89010297360495	1.89007807930532	2.00838182439035e-05	0.000971503473318616	0.524851307088468
AT5G49180.1	-8.88430488735373	2.84073562232496	2.39197903220566e-10	3.94406142684206e-08	0.386369460318257
AT5G49340.1	-8.66787988267673	-0.452583776387277	0.000419988401914023	0.0132663119245652	0.835629114866472
AT5G50030.1	-8.0669104331648	4.91344031361834	1.13890975480628e-16	6.54424447595049e-14	0.228113214465561
AT5G50370.1	-2.47155052928233	4.58111606487245	0.000628556096668688	0.0183930257793699	0.217796548487664
AT5G50740.3	-2.59486586841311	4.56622218631613	0.000555731482109455	0.0166211046746995	0.233088920436899
AT5G50830.2	-7.05323699490699	3.84654346571231	3.3502828646222e-12	7.56286472368645e-10	0.264962733475104
AT5G52340.1	-4.68012448963781	2.48329076510769	3.62859971343726e-05	0.00161895312391053	0.416372779522513
AT5G52360.1	-8.5838420135649	3.79403945230565	1.09533207725365e-13	3.14692224983087e-11	0.288715430803967
AT5G52750.1	4.24486942263824	3.9188080208997	1.10597039982354e-06	8.00435523719617e-05	0.265950110037234
AT5G53510.1	-7.46328591581343	2.87736829535862	5.18779753284037e-09	6.73774087792596e-07	0.387699200505557
AT5G54060.1	4.82801172925116	2.07463759446025	0.00116414912596195	0.0310909798964655	0.690082795760989
AT5G54585.1	5.15591021036297	4.35866231488747	2.11989359135298e-09	3.0223625773861e-07	0.238955578759893
AT5G55730.1	-3.49214154513154	5.90655998501744	4.50231415609992e-05	0.00196259496616015	0.279628474881599
AT5G56490.1	-6.25717536901935	2.49716883671679	1.00489457819418e-06	7.35706988097222e-05	0.451948286230533
AT5G57123.1	-8.68810665443872	4.31961610439187	3.38772751845333e-15	1.23534786932523e-12	0.265614226816295
AT5G57200.1	-7.43388031084011	1.36221963194623	2.54437911554871e-05	0.00120016210917997	0.67859011334582
AT5G57340.2	5.03517959283966	3.7462968627561	2.84240778436765e-08	3.06237138677156e-06	0.265331283561546
AT5G57380.1	-7.0268190193046	1.99182193251592	5.56554530886614e-06	0.000331867516184653	0.585297646872313
AT5G57690.1	-7.43305964830882	2.25187042090865	7.7826123680824e-07	5.78721159700308e-05	0.521532735141276
AT5G57720.1	-7.88356445901122	1.85394182240422	7.62466016542384e-07	5.69207897861287e-05	0.539294746134712
AT5G58770.1.DE	3.15020793050235	5.34323695008801	3.0465173381967e-05	0.00139200148835869	0.225313746184898
AT5G59640.1	-5.28148325205911	1.03075143089448	0.000587323506922513	0.0173741471735798	0.680539166865363
AT5G59680.1	4.27711852367348	3.95451134314152	0.000209229891757714	0.00731995794743499	0.459452437958118
AT5G60080.1	-10.1304893683128	0.942987686504897	9.80169206879983e-06	0.000531027671453092	0.712317524165137
AT5G60210.1	-2.44662745455943	5.99201386505414	0.00113472925996482	0.0303819227448266	0.236820021853152
AT5G60670.1	-2.97144788891718	5.66518225665437	8.74147213656673e-05	0.00348959567691744	0.230141446199155
AT5G60880.1	-5.19500300082469	0.989301617371177	0.00199921301849126	0.0491687123951119	0.82942309621198
AT5G61120.1	-8.44834546428411	2.88719158861238	1.07155642848601e-09	1.57510488348463e-07	0.400931305725938
AT5G61160.1.DE	7.35743293967682	0.555412026969214	0.000144991498039373	0.00541206453902086	0.771665235029564
AT5G61270.1	3.84672487390911	4.21599855600448	2.15392963763521e-06	0.000143308118557329	0.242229957726185
AT5G61680.1	-8.76586140290123	-0.363098181337518	0.00035811593893107	0.0115683039761686	0.83512313000207
AT5G61710.1	-6.12633280245308	0.600571776744666	0.000564780742221012	0.0168651534393619	0.771614393167654
AT5G62210.1	-5.77486068576859	5.94521073184934	7.08190703902391e-09	8.5533198263676e-07	0.305234575341095
AT5G62250.1	-5.26173896144132	0.536812999234412	0.000978706147961131	0.0267409596219581	0.70882658289659
AT5G62500.1	-3.90753369945441	4.15748070032143	4.61065899004098e-06	0.000280215755670375	0.2654457889229
AT5G62730.1	-5.27767994129395	5.01047057786233	6.76443863585337e-07	5.13069141652206e-05	0.35866128649919
AT5G62920.1	-3.88349976753725	2.73382505640058	0.000230688170627982	0.00792447299175325	0.396398989466044
AT5G63650.1	-3.79460603849335	4.18055038696901	3.72297492055236e-06	0.000232220560669453	0.248051784748704
AT5G64310.1	-3.89449122384288	4.84097456882874	3.35698509473935e-07	2.74375652441584e-05	0.214647809339529
AT5G64770.1.DE	5.13902361988137	5.8848608575759	9.88851061623474e-10	1.47642471106333e-07	0.231537419814994
AT5G65280.1	-2.65387822042595	4.53030046428463	0.000372981556554038	0.01192660417433	0.228302611360696
AT5G65350.1.DE	-4.24354976253781	1.70107219485929	0.00102849605537632	0.027980404880984	0.551168361690141
AT5G65360.1	-3.82513889504706	6.61725248349132	1.52751152306105e-05	0.000778620255383968	0.290015343253369
AT5G66170.2.DE	-2.92152922448488	3.95014963211153	0.000331280809555857	0.0107380285654669	0.263561910737056
AT5G66310.1	-2.81994932079069	5.26654268683665	0.000311207907162883	0.0101911200098983	0.247866065473707
AT5G66640.2	6.12113316953556	3.69026940292911	1.76958403256275e-09	2.54203427465567e-07	0.296638252004714
AT5G66830.1	-5.97713381451082	0.0761604254984695	0.00124538007173434	0.0329816996092551	0.835469362600818
AT5G67110.1	-3.83721561152112	4.36885652668026	6.09902399669893e-06	0.000354753659587132	0.264211488315543
AT5G67260.1.DE	-2.73586444979417	5.9518450335499	0.000297466870734044	0.00984392112191789	0.234414882176503
AT5G67460.1	-3.73013396152477	3.77832929184587	1.16064439535865e-05	0.000609643740298912	0.267818176908786
AT5G67510.1	-2.50354308405631	5.68372119450755	0.000820140746902744	0.023039272359659	0.233610142707503
