baseMean	baseMeanA	baseMeanB	foldChange	log2FoldChange	pvalue	padj	dispersion
AT1G01310.1	399.153716766577	792.870469327795	5.43696420535887	0.00685731707219262	-7.18814005283251	2.52719182050169e-08	5.95785471683273e-06	0.000533041644289138
AT1G01600.1	2847.67056983346	5560.47286680769	134.868272859228	0.0242548207840923	-5.36558467010002	2.6976132848878e-06	0.000303586956797641	0.0539015045987386
AT1G02530.1	61.1994514810615	116.895949239593	5.50295372253032	0.047075657953308	-4.40887493095559	0.000479979499335967	0.0245345782585807	0.193906937319871
AT1G02670.1	145.472156644053	273.156611299401	17.7877019887043	0.0651190608350592	-3.94077629696376	0.000527690512996292	0.0264299495584425	0.0590678844006834
AT1G02800.1	738.421171352098	1471.53735753318	5.30498517101596	0.00360506319724632	-8.11575973433477	0.00102477836876742	0.045791853023991	1.33668466141695
AT1G02810.1	147.732551985914	283.914587059491	11.5505169123361	0.0406830696230337	-4.6194276521021	8.81953812338722e-05	0.00589701489144915	0.0325459053520844
AT1G02970.1	108.080804388826	210.320360804313	5.84124797333951	0.0277730979112116	-5.1701680802496	3.22918772833893e-05	0.00253033228673022	-0.000845456692528448
AT1G02980.1	71.3073976181105	140.131449776118	2.48334546010339	0.0177215426235219	-5.81835199680515	1.85664755682847e-05	0.00157682424647789	0.00239871050237695
AT1G04090.1	181.673048675238	352.19986420612	11.1462331443555	0.0316474657634516	-4.98176621229751	2.8220781531548e-05	0.00226954891494458	0.0228835280046724
AT1G04425.1	76.8409110003959	147.502279776643	6.1795422241487	0.0418945539926986	-4.57709347421234	0.000243173664422737	0.0136271930347717	-0.000611487520124956
AT1G04610.1	32.0301940981787	64.0603881963573	0	0	-Inf	1.39770885822581e-05	0.00124505355524108	0.000925455936453781
AT1G05040.1	28.8200878624541	56.5676501202611	1.0725256046471	0.0189600522978582	-5.72089324612101	0.000267826873668265	0.0147957928573243	0.353166982488742
AT1G05490.1	594.029366198944	1172.42442828343	15.6343041144582	0.0133350207802721	-6.22863611669899	2.54175674074262e-07	4.08878950524049e-05	0.0873619135716123
AT1G05680.1	253.568172237612	494.043028673088	13.0933158021353	0.0265023794330256	-5.23773429643398	9.55199599941146e-06	0.000897657850845035	0.0099499020460258
AT1G05950.1	385.318703583337	710.707168538335	59.9302386283385	0.0843247982873074	-3.56789922758676	0.00079280429814921	0.0365612464443279	0.0495744776422038
AT1G06170.1	378.807316829542	753.1842055412	4.43042811788322	0.00588226370825148	-7.40941282140642	1.73433568002919e-08	4.39156276312578e-06	0.169889860183617
AT1G06520.1	652.184730627929	1276.64837742674	27.7210838291179	0.0217139537552177	-5.52523374877304	2.29374464787597e-06	0.000263558970106993	0.200559741801438
AT1G08320.1	299.292290436046	593.551900434714	5.03268043737822	0.00847892228749047	-6.88190338181946	8.06421063870662e-08	1.57157649092328e-05	-0.0033081414480967
AT1G09380.1.DE	304.823420416123	609.110578029922	0.536262802323548	0.000880403036273004	-10.1495482588447	2.08549984377728e-10	1.26738142728394e-07	0.232043876405974
AT1G09880.1	302.991113731779	595.240278087183	10.7419493763748	0.0180464087727637	-5.79214441976495	1.63055527257935e-06	0.00019471962899226	0.025093446910678
AT1G10540.1	226.34669283506	439.542427015765	13.1509586543548	0.0299196570024926	-5.06276255344086	1.47098688193493e-05	0.0012976476858153	0.000309063840564642
AT1G10640.1	2076.00734478079	4040.84891904407	111.165770517505	0.0275104990918105	-5.1838738767019	5.79109213419407e-06	0.00058223895806546	0.0520509990520846
AT1G10747.1	25.2675434418906	50.5350868837812	0	0	-Inf	5.1538862835979e-05	0.00367959643626965	-0.0326600029326522
AT1G10770.1	1492.52356519177	2968.06799593079	16.9791344527431	0.00572060157517327	-7.44961741669964	3.27810603210842e-09	1.16423851506583e-06	0.092055010886433
AT1G11040.1	32.3543841627399	64.7087683254797	0	0	-Inf	1.23347993152679e-05	0.00111326652433872	0.0444595710118279
AT1G11190.1	565.309760862936	1069.25342324722	61.3660984786506	0.0573915380062919	-4.12301815280954	0.000163876597331963	0.00974246371138517	0.00745895937574336
AT1G11340.1	108.729161711617	8.14889721801247	209.309426205222	25.6856137223772	4.68288864019583	9.11313554073312e-05	0.0059819685114009	0.284649654718799
AT1G11510.1	35.1748570838675	70.349714167735	0	0	-Inf	7.78036040577765e-06	0.00074655970532211	6.82380364140065e-05
AT1G11600.1	702.232879083815	1403.05493831217	1.41081985545629	0.00100553429301454	-9.95782200011643	1.00559904724191e-05	0.00094178483373029	0.948070911544461
AT1G12070.1	196.480059533102	391.953582978729	1.00653608747564	0.00256799817934122	-8.60514010504312	6.47763066643975e-09	1.99037939140593e-06	0.129154418714332
AT1G12110.1	4000.81246021884	498.44950167215	7503.17541876552	15.0530302339447	3.91198203126999	0.000200746443873524	0.0115818839675301	0.00600445702340932
AT1G12600.1	127.235843230963	237.360572974839	17.111113487086	0.0720891143488256	-3.79407476471405	0.000704083544512669	0.0335445517278536	0.192764139399604
AT1G13260.1	2348.36245893668	198.462711547656	4498.2622063257	22.6655283062862	4.50242788399462	3.73183407195838e-05	0.00285040193813144	0.000397095234087813
AT1G13290.1	27.9077656914936	55.8155313829872	0	0	-Inf	3.04703707782224e-05	0.00240830413200014	0.0178996895862112
AT1G13635.1	67.8570150620757	128.527951812527	7.18607831162435	0.0559106265235291	-4.16073367815893	0.000705950605245305	0.0335750107854667	0.0981545343081514
AT1G14880.1	3172.73109308649	12.9884388043992	6332.47374736857	487.546951772507	8.92939734982188	2.55227699752429e-11	2.49275425183203e-08	0.275556447805055
AT1G15415.1	671.13249056991	1335.42554374396	6.83943739586322	0.00512154154000109	-7.60920617026043	3.03084538243777e-09	1.12006119829089e-06	0.23005780021327
AT1G15760.1	113.774751592159	214.654155933698	12.895347250621	0.0600749945629009	-4.05709157699097	0.000496959251246482	0.0251673048959954	0.0781855035728428
AT1G16330.1	214.241235227735	416.659648809495	11.8228216459739	0.0283752498706192	-5.13922309303581	1.67227183815496e-05	0.00144263779047394	-0.000918239937067232
AT1G16420.1	69.1953786320856	0	138.390757264171	Inf	Inf	1.40801689866488e-07	2.52015672175338e-05	0.0264112654027091
AT1G16630.1.DE	507.547909637632	997.638064872416	17.4577544028471	0.0174990861090286	-5.83657661059713	1.00093089579595e-06	0.000129727285342806	0.00268255102161315
AT1G17030.1	552.77706501683	1086.48758722384	19.0665428098177	0.017548790279819	-5.83248460753315	1.05608398371779e-06	0.000134956676180984	0.300789290698406
AT1G18570.1	581.458094049374	13.6212609079339	1149.29492719082	84.375076210558	6.39874499503205	1.86192320953094e-06	0.000217598350474541	0.493271043764189
AT1G19460.1	35.2267263879433	70.4534527758865	0	0	-Inf	7.39673721342288e-06	0.000714765274118288	0.170194369912317
AT1G19790.1	99.7946168444294	194.424574217138	5.16465947172113	0.0265638204044779	-5.23439353999384	2.72330976404846e-05	0.00220992142781701	0.0130180917662787
AT1G20080.1	224.973569200093	444.171879944017	5.77525845616806	0.0130023054518804	-6.26508873812841	6.75502730888725e-07	9.19053392120097e-05	0.0590322737791822
AT1G20130.1	11180.9828175049	22353.7153777585	8.25025725131951	0.000369077672856493	-11.4037879143406	0.000227529133154747	0.0128958570619468	1.6769301878448
AT1G20135.1	240.525989213429	481.051978426857	0	0	-Inf	1.12351312121713e-10	8.08545087524341e-08	0.143319833676595
AT1G20150.1	1211.79111810684	2421.09889075358	2.48334546010339	0.00102571004827086	-9.9291613227631	5.62523213924571e-12	8.09648543747118e-09	0.119292921084181
AT1G20180.1	31.1427530873006	61.344959604297	0.940546570304193	0.0153320920964191	-6.02730162055391	0.000302487111354225	0.0163804258103049	0.590508436294607
AT1G21540.1	1511.52205174812	2871.28016283379	151.763940662452	0.0528558454959928	-4.24179315711223	9.28890755537452e-05	0.00607712332336907	0.367631073380588
AT1G22090.1	48.8515769493473	97.1668910963711	0.536262802323548	0.00551898693343679	-7.50138081480348	5.3907235581705e-06	0.000554210966711611	0.20293918377166
AT1G22350.1.DE	451.472147060791	41.1931680156755	861.751126105906	20.9197584846589	4.38679429087966	6.44837031303813e-05	0.00446439450507984	0.045603337456743
AT1G23240.1	3383.79292812354	6765.16850030416	2.41735594293193	0.000357323833519187	-11.450480234579	2.96943121498472e-14	4.06025177180936e-10	0.00358755694162014
AT1G23380.2	346.220692503422	664.596668808334	27.8447161985088	0.041897164860059	-4.57700356830168	4.30567163734454e-05	0.00320837063396352	0.0194056033365525
AT1G23420.1	172.622399544244	344.774525803336	0.470273285152096	0.00136400241304471	-9.5179380880386	3.86122309369966e-09	1.30361565362228e-06	0.344154322249106
AT1G23510.1	194.636946807827	388.73763081333	0.536262802323548	0.00137949804653993	-9.50164087092063	2.32595747702615e-09	8.83443876725472e-07	0.0484558292995985
AT1G23670.2	497.86147587496	994.650426145272	1.0725256046471	0.00107829401813422	-9.85703367366945	3.73617152602435e-09	1.29333016104035e-06	0.518884443560418
AT1G23690.1	235.957490322962	471.914980645924	0	0	-Inf	1.38438121837595e-10	9.70735209716076e-08	0.0114248381273515
AT1G23800.1	1160.19030147359	2138.08150160721	182.299101339975	0.0852629337108708	-3.55193749364119	0.000727088020358248	0.0344008236898564	0.00886827039080853
AT1G23830.1	195.899555901217	16.3937540313826	375.405357771052	22.899291831048	4.51723107802911	7.54907538481995e-05	0.00514824350495439	-0.00377397807297283
AT1G24030.1	278.194106446117	517.727211135226	38.6610017570071	0.0746744635504761	-3.7432412212942	0.000564870303982397	0.0280863785509211	0.027368806153293
AT1G24600.1	290.645211843332	553.305381788859	27.9850418978037	0.0505779318598472	-4.30534814361073	0.000113484168016542	0.00710171977745624	-0.00213029310457489
AT1G24657.1	40.3784896667737	80.2207165312238	0.536262802323548	0.00668484184025983	-7.22489085732357	1.6056485843001e-05	0.00140286491485159	0.128568518185161
AT1G25330.1	455.999824242632	910.993112397787	1.00653608747564	0.00110487782374818	-9.82189743795738	6.83151549422919e-11	5.49474865354958e-08	0.12163850876197
AT1G25560.1	998.38477792316	152.699711264247	1844.06984458207	12.0764461786761	3.59412405992144	0.000730247214699072	0.0344906227640337	0.075536732260912
AT1G26480.1	1178.41004918068	2350.31060855135	6.50948981000596	0.00276962959122164	-8.49609124074876	1.75207483113088e-10	1.14080929540324e-07	0.14347355182406
AT1G26540.1	258.111496954624	510.117787867222	6.10520604202532	0.0119682280979671	-6.38464661339124	3.49158311831794e-07	5.24639140311213e-05	-0.002747140169865
AT1G26780.2	314.004368383338	627.068190196372	0.940546570304193	0.00149991115002924	-9.38090724208008	5.39203260915178e-10	2.78218708985799e-07	-0.00315111389780579
AT1G27040.1	100.451164010773	199.961781451241	0.940546570304193	0.00470363168140476	-7.73200919051988	3.11553282649532e-07	4.87819138539247e-05	0.0660372960845479
AT1G27270.1	40.2063178609696	80.4126357219392	0	0	-Inf	3.35934007519441e-06	0.000368947281270447	0.348939177503761
AT1G28430.1	2020.22110407347	4035.87980099472	4.56240715222613	0.00113046160371318	-9.78887229307977	3.26741238042383e-12	5.58462039796565e-09	0.158078454590489
AT1G28700.1	252.821685400847	505.107107999371	0.536262802323548	0.00106168136189486	-9.87943344374677	5.80547949910128e-10	2.94004533077635e-07	0.249661533961903
AT1G28710.1	868.959697419473	1672.63487485232	65.284519986622	0.0390309451083196	-4.67923779267612	2.40684899628188e-05	0.00198253311750966	0.0114065661955453
AT1G29600.1	144.165830081114	14.150344403317	274.181315758912	19.3762998231082	4.27622118903951	0.000192204824554211	0.0112073034905842	0.284166822023554
AT1G30020.1	162.844772990632	325.219272696112	0.470273285152096	0.00144601911582136	-9.43369766036864	5.82690828399741e-09	1.83159150393652e-06	0.0187018439590846
AT1G30050.1	65.6502224679879	131.300444935976	0	0	-Inf	1.99815948601042e-07	3.35033650495989e-05	0.0647473676783167
AT1G30170.1	59.9082200988473	117.399084254763	2.41735594293193	0.0205909267374363	-5.60184742685575	4.48222435613752e-05	0.00332182627282636	0.0118891027870574
AT1G30780.1	60.9753735275381	121.950747055076	0	0	-Inf	3.26627702607282e-07	4.96238210177852e-05	-0.0145150444917237
AT1G30795.1	220.266597166609	440.533194333218	0	0	-Inf	2.18042794599615e-10	1.29626441389471e-07	0.222366241766385
AT1G31820.1	454.97680339974	47.9233968998724	862.030209899608	17.9876691900758	4.16893635175066	0.000137540241152836	0.00835847327734804	0.208114929259301
AT1G32361.1	34.7696657436829	68.4668058827186	1.0725256046471	0.0156648990824006	-5.99632071427509	0.000106931281035752	0.00680058079647605	-0.00603648073404355
AT1G33430.2	4690.762134825	9329.67135971633	51.8529099336776	0.00555784956773163	-7.49125749849077	1.75755440092656e-09	6.99837207556874e-07	0.0574683674863158
AT1G33500.1	19.9468981577996	39.8937963155992	0	0	-Inf	0.000165722577473461	0.00983083584851784	0.378135547436097
AT1G35350.1	669.559091893549	76.0632825669664	1263.05490122013	16.6053167651308	4.05357333902425	0.000171294240832953	0.0101174591880319	0.00136961707816382
AT1G35490.1	1105.53510969997	2197.24267224396	13.8275471559732	0.00629313608853758	-7.31200514325611	6.42211691863041e-09	1.99037939140593e-06	0.0274604820847129
AT1G35730.1	18.8653941286518	37.7307882573035	0	0	-Inf	0.000232931734705077	0.0131611242747515	0.00272577950380309
AT1G36150.1	171.050029661962	341.563796521601	0.536262802323548	0.00157002237293505	-9.31499916688756	7.2661941665714e-07	9.74061822907981e-05	0.618661699651608
AT1G42560.1	47.6696160991676	93.4581390577268	1.88109314060839	0.0201276545796239	-5.63467712101701	8.73858870223786e-05	0.00586915548500644	-0.0188709233165425
AT1G48590.2	272.882757147142	529.735273076798	16.0302412174869	0.0302608529811134	-5.04640353552218	1.12202553712886e-05	0.00103415006905086	0.162526704316379
AT1G48820.1	26.9300002704973	53.8600005409946	0	0	-Inf	3.50718529690819e-05	0.00271702539134698	-0.00945159689968359
AT1G48940.1	195.589063601537	391.178127203073	0	0	-Inf	3.72430962347538e-10	2.12184781819127e-07	0.0208126950583968
AT1G49290.1.DE	138.374242888145	272.788330943558	3.96015483273113	0.0145173175811194	-6.10608128395647	2.32432414374603e-06	0.000265955198154906	0.0937595729774308
AT1G49870.1	493.45708853604	970.735263490347	16.1789135817337	0.0166666589648359	-5.90689126229226	7.53107611305403e-07	0.000100464555348141	0.0819578475839984
AT1G49920.1	117.054177780945	229.141664641682	4.96669092020677	0.0216751978649251	-5.52781102643404	1.11925568063846e-05	0.00103415006905086	0.00247489908802098
AT1G50830.1	154.405347388995	286.06464853403	22.7460462439592	0.0795136566525217	-3.65265352192105	0.000981736444591354	0.0442298954699172	0.0421437691109382
AT1G50990.1	78.8432548502823	157.150246898241	0.536262802323548	0.00341242099779068	-8.19498863860467	3.86754016984688e-07	5.74813157743492e-05	0.0170450655073898
AT1G51670.1	133.725386347984	259.934746798486	7.51602589748161	0.0289150488345769	-5.11203565108606	2.51361817136428e-05	0.002051937794994	-0.00232666023060764
AT1G51800.1.DE	419.933061937086	55.7351298132171	784.130994060955	14.0688825286454	3.81443583679471	0.000431611364271473	0.022354689353659	0.218218001127562
AT1G52200.1	176.294801239481	8.95808048667487	343.631521992287	38.3599502709803	5.2615289449656	0.000409411406905116	0.0213667437874699	0.655120619348589
AT1G53860.1	147.683033969097	292.47843871011	2.88762922808403	0.00987296445105175	-6.66230095208858	5.53238442745523e-07	7.60271944410141e-05	0.179889875267801
AT1G53870.1	264.088289481369	18.9094844199337	509.267094542804	26.9318339534394	4.75124057000896	3.3718145617588e-05	0.00262703740229111	0.0340036326405849
AT1G54000.1	200.197921343973	381.122984661663	19.272858026284	0.0505686059406605	-4.30561418252206	0.000161024323351945	0.00959375200589465	0.00674657244138524
AT1G54280.1	313.929798590378	623.024885294891	4.83471188586387	0.00776006223824509	-7.00971606131573	6.5488638562032e-08	1.34655473590668e-05	0.0444486641813798
AT1G54385.1	580.540977711475	1111.39835289098	49.6836025319716	0.0447036855891807	-4.48346241066947	5.15463365519443e-05	0.00367959643626965	0.190355601791133
AT1G54530.1	72.1314617275179	137.613107945735	6.6498155093008	0.048322544331482	-4.37115977075385	0.000390746263320414	0.0206288379595046	0.405012075480727
AT1G54870.1	253.428858877096	506.857717754191	0	0	-Inf	9.32614778012287e-11	7.08450453730611e-08	0.0121654618170059
AT1G54940.1	116.955597556462	233.911195112924	0	0	-Inf	7.63705452166806e-09	2.24548833964676e-06	0.0841039274912906
AT1G55570.1	3680.14284989251	7355.25301934764	5.03268043737822	0.000684229410482549	-10.5132322622232	2.31850552335903e-13	1.1319538118341e-09	0.048481712097596
AT1G56120.1	2611.55826191797	146.918743191703	5076.19778064424	34.5510563891817	5.11065791618497	5.52309193360865e-06	0.000559062658187806	0.213574524377207
AT1G56550.1	78.6382688795902	9.406762412288	147.869775346892	15.7195184555455	3.97448511830848	0.000826614249533998	0.0379285568490038	0.145457505872341
AT1G58430.1	3126.20355373314	6247.30843751173	5.09866995454967	0.000816138662841569	-10.2588980910797	4.45970816783941e-13	1.5244954908238e-09	0.292809496069341
AT1G59590.1	152.553621986005	19.0780665722676	286.029177399742	14.9925662706053	3.90617544475041	0.000480909346895343	0.024536246099901	0.0791862128544171
AT1G60810.1	2149.44919259409	4002.08552508731	296.812860100876	0.0741645470193696	-3.75312649164197	0.000343874714783261	0.0183312706143818	0.137030719983408
AT1G61630.1	88.2373428753905	176.474685750781	0	0	-Inf	3.5016689825291e-08	7.72259206977606e-06	0.0839238347386254
AT1G61860.1	284.247902923127	550.774093374721	17.7217124715329	0.0321760095195252	-4.9578707761861	1.89604059876773e-05	0.00159541606936926	0.00503598771133053
AT1G61940.1	24.962800909314	49.925601818628	0	0	-Inf	5.14760279414643e-05	0.00367959643626965	0.126986718045982
AT1G63206.1	17.9719197838224	35.9438395676449	0	0	-Inf	0.000290896340777926	0.0158785274076925	0.144065801822758
AT1G63710.1	2132.32685614504	4174.94758433291	89.7061279571674	0.0214867674731541	-5.54040773359028	1.5571748667486e-06	0.000187594982735569	0.0134392501491962
AT1G65113.1	175.347785709435	350.695571418871	0	0	-Inf	6.31344370350356e-10	3.09805964130322e-07	0.366404625786538
AT1G65200.1	39.4511477239373	77.9617488775705	0.940546570304193	0.012064205637321	-6.37312326475786	5.44912751136358e-05	0.00384065180549639	-0.0196381724904998
AT1G65240.1	159.660505134209	306.89593630295	12.4250739654689	0.0404862772545921	-4.62642319761871	8.58119031219533e-05	0.00580865869969321	-0.00212389324069469
AT1G65342.1	19.3179655606618	38.6359311213237	0	0	-Inf	0.000198205190479252	0.0114837231865172	0.256327367932414
AT1G65780.1	22.1783394137477	43.8204160251719	0.536262802323548	0.0122377387292604	-6.3525191861124	0.00041943184471772	0.0217650904316802	-0.036633764820652
AT1G65845.1	179.673846559983	7.34749296214392	352.000200157822	47.9075246443124	5.58218036701694	4.65155902369666e-06	0.000487380017705106	0.195946665272701
AT1G66050.1	32.3709133235339	62.794743989288	1.94708265777984	0.0310070960415411	-5.01125777258413	0.000681043422032645	0.0327319762079556	0.142334125184464
AT1G66430.1	2570.34414013846	4785.14733477937	355.540945497557	0.0743009401013459	-3.75047572502742	0.000413355482106443	0.0215314902269807	0.0398729447498357
AT1G67180.1	90.9983732585117	172.195343710953	9.80140280607064	0.0569202546064386	-4.13491407466674	0.000461076844943913	0.0237458916735992	0.206242950263926
AT1G67481.1	59.2108890368397	117.951504788527	0.470273285152096	0.00398700538831818	-7.97047872956646	1.82799302670559e-06	0.000214549893997072	0.100117441484207
AT1G67630.1	422.583019852969	801.125716595791	44.0403231101464	0.0549730487959944	-4.18513169655714	0.000150697475628742	0.00909740367774659	0.00486908555300327
AT1G67780.1	127.242164182695	249.451647928012	5.03268043737822	0.0201749737040445	-5.63128939667163	6.80432401817542e-06	0.00066694569507184	0.165412906166036
AT1G68170.1	59.3794711891736	118.288669093195	0.470273285152096	0.00397564102087907	-7.97459678952711	1.87678435153361e-06	0.000218401794303786	-0.00798314987868153
AT1G68825.1	34.2982117527589	67.1856036500615	1.41081985545629	0.0209988416983584	-5.57354643912723	0.000269897542699831	0.0148210604421933	0.12401252212086
AT1G69940.1.DE	7253.75141471196	14492.8090718798	14.693757544154	0.00101386539153849	-9.94591816274585	6.46129596383295e-13	1.93357335707017e-09	0.00189694540528718
AT1G70720.1	551.445593658349	1102.35492451437	0.536262802323548	0.000486470183420998	-11.0053609970485	6.98656689570267e-06	0.000682363017488503	0.981728722012935
AT1G70890.1	749.891949730287	64.9655310603774	1434.8183684002	22.0858406755224	4.46504984306005	5.04267479257882e-05	0.00364820178710722	-0.00131776828117933
AT1G71680.1	1095.48137309298	2190.02219961565	0.940546570304193	0.000429468966327949	-11.1851584943845	7.07051361052461e-13	1.93357335707017e-09	0.131069622456544
AT1G71760.2	47.0694541685092	90.2447430214588	3.89416531555967	0.0431511596706935	-4.53445685797937	0.000591562504829641	0.0291618304894442	0.00607063390514487
AT1G71770.1	1284.73385231799	2562.35596250647	7.11174212950096	0.00277547001024179	-8.4930521802166	1.79925474166064e-10	1.14428417256264e-07	0.161894453702176
AT1G72210.1	196.115143639497	360.442109577658	31.7881777013361	0.0881921863640832	-3.50320534797313	0.00105308496160874	0.0469799583117685	0.028614612540558
AT1G72230.1	836.991308084088	1555.97740825481	118.005207913368	0.0758399236951157	-3.72089867707776	0.000505309584307675	0.0255428857709094	0.178521888865949
AT1G73050.1	131.432381224112	260.917679790444	1.94708265777984	0.0074624404882936	-7.0661367634888	3.18963715064489e-07	4.94382328117849e-05	0.139907567435767
AT1G74150.1	132.044330218316	249.52688192682	14.5617785098111	0.0583575540934372	-4.09893677209835	0.000349091592468552	0.0185731668856761	0.0129653232069235
AT1G74220.1	27.9518212499928	54.4928226445293	1.41081985545629	0.0258900124271306	-5.27146053204711	0.000686299412844497	0.0329267193737868	0.0555682655648026
AT1G74490.1	85.2897328555882	168.030130733902	2.54933497727484	0.0151718918871286	-6.04245519344512	6.70799768214927e-06	0.000659869110121353	0.00931634156329101
AT1G74540.1	2862.76369000666	5714.7937773019	10.7336027114229	0.00187821348060796	-9.05642323343259	1.78811391386174e-11	1.88075196932219e-08	0.236151251401095
AT1G74810.1	299.257160456045	12.2674361183006	586.246884793789	47.7888679541785	5.5786026876185	0.000199612168279394	0.0115407906256588	0.661260489162007
AT1G75060.1	416.73546869684	791.039402690504	42.4315347031758	0.0536402289934692	-4.22054079356445	0.000128841395442613	0.00790093229800664	0.0808131953840284
AT1G75090.1	625.164992810258	1161.34217948973	88.9878061307893	0.0766249669583938	-3.7060416430786	0.000491780967832505	0.0249512692529045	0.000520080706970766
AT1G75240.1	2584.26420602738	4996.60870964795	171.919702406821	0.034407277495006	-4.86114244765166	1.07856769169972e-05	0.00100667544931441	0.140240253259587
AT1G75530.1	18.7811030524848	37.5622061049697	0	0	-Inf	0.000227239669019082	0.0128958570619468	0.341234341182187
AT1G75930.1	5646.97665777339	11287.3778362196	6.57547932717741	0.000582551538770823	-10.7453266878257	7.33715571047102e-14	5.01622993035628e-10	-5.74287260842075e-05
AT1G76370.1	252.905845559307	499.904453628103	5.90723749051096	0.0118167330729675	-6.40302495551867	4.0716728582898e-07	5.9864536374006e-05	0.0709048740422825
AT1G77730.1	29.6619927561344	58.7877227099452	0.536262802323548	0.00912202034035974	-6.77643089752897	9.12010095810871e-05	0.0059819685114009	-0.0148144071016183
AT1G78410.1	62.9436980364739	7.34749296214392	118.539903110804	16.1333809670252	4.01197690121915	0.00107700978507331	0.0479690335381104	0.290403057079965
AT1G78640.1	14.3824643789174	28.7649287578348	0	0	-Inf	0.000906957528035681	0.0412002782710827	-0.0657767914083974
AT1G78960.1	5491.75605342298	10538.2120933537	445.300013492279	0.0422557459982348	-4.56470865525545	3.000579710174e-05	0.00239645679931762	0.379882571793412
AT2G01520.1	675.688249923824	1344.39673675249	6.97976309515806	0.00519174355630935	-7.58956516079689	4.5699929666218e-09	1.48780473402627e-06	0.0583464960006451
AT2G01913.1	160.182610311567	305.267179310999	15.0980413121347	0.0494584493040214	-4.33763918289098	0.000142892727655395	0.00866449539510443	0.078088461633086
AT2G02950.1	312.963346975017	32.803066088353	593.12362786168	18.0813472211451	4.17643027025409	0.000160303640669199	0.00957166738292706	0.0741458249382029
AT2G03520.1	16.4015330441765	32.803066088353	0	0	-Inf	0.000468010226025111	0.02396755739908	0.0280231524423098
AT2G03630.1	19.1377148891372	38.2754297782744	0	0	-Inf	0.000209838532126115	0.0120555763404472	0.183334320300096
AT2G03740.1	1771.82599604548	3541.10265711368	2.54933497727484	0.00071992687705721	-10.4398620000282	7.91752322473563e-13	1.96836825115314e-09	0.0384757150293811
AT2G05990.1	5524.45842471426	10347.6220193169	701.294830111614	0.067773526014232	-3.88313435810542	0.000251495696452337	0.0140354842039819	0.0437787847122253
AT2G12540.1	21.6654738272869	0.536862508176985	42.7940851463967	79.7114428640434	6.31671493802683	0.000700942343383433	0.0335116613015852	0.671206623957744
AT2G13116.1	28.8206875683075	57.6413751366151	0	0	-Inf	2.2655031084288e-05	0.00187174361045929	0.306842398021062
AT2G13680.1	1259.15235350308	2502.40644482301	15.898262183144	0.00635318943332902	-7.29830324798051	1.67134683576824e-07	2.89280518466797e-05	0.500670624373904
AT2G15390.2	617.389545543684	4.11853890028816	1230.66055218708	298.809986255313	8.2230845536993	8.42001082731071e-10	3.90274637448248e-07	0.267402686458111
AT2G16450.1	39.8899068092023	79.7798136184045	0	0	-Inf	3.56764881753606e-06	0.000384112174067554	0.244966030324237
AT2G16520.1	27.7871633368386	55.5743266736771	0	0	-Inf	2.82998566568948e-05	0.00226954891494458	0.170596052390991
AT2G16910.1	1722.35452453907	3431.0301742864	13.6788747917264	0.00398681273462464	-7.97054844285162	5.11088272028958e-10	2.68783287984152e-07	0.00436876901863708
AT2G17000.1	32.4192277069222	64.8384554138443	0	0	-Inf	2.05582000924205e-05	0.00171403993270556	0.580926165075566
AT2G17010.1	89.7700969575499	171.157957629437	8.38223628566241	0.0489736872404743	-4.35184936878857	0.000268896370720377	0.0147957928573243	0.373566134292196
AT2G17170.1	40.3385887348154	80.6771774696308	0	0	-Inf	3.33471508003674e-06	0.000367719569732923	0.262625743296477
AT2G17180.1	24.3260892993824	48.6521785987648	0	0	-Inf	6.36822076792163e-05	0.00442009475483129	-0.0268642925113036
AT2G17490.1	43.5618461592901	83.6338107710011	3.48988154757903	0.0417281182742554	-4.58283632590982	0.000564277220020993	0.0280863785509211	0.217554389308454
AT2G18080.1	87.8063280701367	173.261289714513	2.35136642576048	0.013571216222821	-6.20330617203884	5.43383752641562e-06	0.000554481052126577	0.155832917831313
AT2G18115.1	60.042035094394	115.653642070905	4.43042811788322	0.038307726748173	-4.70622077368259	0.00027163678288935	0.014886675554459	0.0907693917837334
AT2G18130.1	127.666899239789	255.333798479578	0	0	-Inf	4.14747873761327e-09	1.38318415899403e-06	0.0508754672847685
AT2G18300.3	1509.89971489393	49.5573214627849	2970.24210832507	59.9354852250353	5.90533850858927	4.47508063266255e-07	6.49450367129276e-05	0.233612375944918
AT2G18420.1	197.421367668047	386.782099971337	8.06063536475709	0.0208402492394411	-5.58448365811054	5.54013165498575e-06	0.000559062658187806	0.0260739990578572
AT2G18460.1	55.940561497751	110.404313622874	1.47680937262774	0.0133763738405396	-6.22416911649301	1.83189181167543e-05	0.00156064627332985	-0.00525852909771334
AT2G19000.1	716.732872569371	1422.86412146166	10.60162367708	0.00745090379128352	-7.06836885021231	1.62683398380541e-08	4.19707820331383e-06	0.0666899239428373
AT2G19090.1	355.694409665524	674.815225931116	36.5735933999324	0.0541979374420128	-4.20561824038745	0.000135847901109086	0.00827401459160396	-0.00228493625837514
AT2G19800.1	433.201838147512	840.506042754295	25.897633540729	0.0308119540174438	-5.0203660123671	1.14852682035159e-05	0.00105046029953696	0.186427480673114
AT2G19920.1	185.11773248303	366.67959390131	3.55587106475048	0.00969748828102914	-6.68817315733529	3.12167145370125e-07	4.87819138539247e-05	0.08385578197165
AT2G20470.1	501.603363951059	997.233500894436	5.97322700768241	0.00598979777787742	-7.38327698778795	1.12037603332963e-08	3.09484074580458e-06	0.0125083743881158
AT2G21480.1	238.112412439105	474.27774222043	1.94708265777984	0.00410536376567908	-7.9282742235141	4.22310868403955e-06	0.000444189819932421	0.649445681029773
AT2G22340.1	41.7716424018706	82.5367487162656	1.00653608747564	0.0121950052931669	-6.3575658054476	3.95298670503182e-05	0.00297802554882934	-0.00107930303797067
AT2G22950.1	537.411846512317	1066.49909959119	8.3245934334429	0.00780553254722284	-7.0012872185028	3.08309386775114e-08	6.96804694226366e-06	-0.0018165842837459
AT2G23910.1	188.665893063561	370.624327765602	6.70745836152032	0.0180977282359144	-5.78804757912247	2.25507476915713e-06	0.000260208986127174	0.132551351645417
AT2G24800.1	63.1422710922307	126.284542184461	0	0	-Inf	2.49841952072892e-07	4.04285672386827e-05	0.0844101092483278
AT2G25200.1	159.355509846099	11.6423930275598	307.068626664639	26.3750438537634	4.72110158747702	4.70621221180924e-05	0.00345042319990207	0.0834484310859093
AT2G26610.1	120.884934080084	240.763332072692	1.00653608747564	0.0041806037439777	-7.90207297978529	1.16464138605081e-07	2.1708623854759e-05	0.312571989816651
AT2G26850.1	457.127327974674	905.66610444722	8.5885515021287	0.00948313231549147	-6.7204206190379	7.90219853107409e-08	1.5546864980524e-05	0.271005914151336
AT2G26960.1	52.0125039756862	102.416219544402	1.60878840697064	0.0157083361808055	-5.9923258105952	2.81894720141235e-05	0.00226954891494458	-0.015276975433744
AT2G29350.1	1224.77821826095	202.614977940951	2246.94145858095	11.089710550598	3.47114980550273	0.000783943441418324	0.0362136846156535	0.0834785263697848
AT2G29550.1.DE	5486.11111623654	10042.0772410491	930.144991424027	0.0926247597082671	-3.43245829506223	0.00100815054973822	0.0452707604001494	0.0716535324728847
AT2G29680.1	95.6198723361871	179.623238242867	11.6165064295076	0.0646715121225073	-3.95072584649674	0.000724305247194704	0.0343285538908727	0.13359816979411
AT2G29800.1	17.4350572756455	34.8701145512909	0	0	-Inf	0.000336128016183844	0.0180237114874109	0.215332311424715
AT2G29890.3	919.74311782059	1767.76577822423	71.7204574169486	0.0405712443924521	-4.62339863652097	3.35207343040369e-05	0.00261911863146427	0.0210527242511626
AT2G30140.1	881.775122876494	123.112652653994	1640.43759309899	13.324687249729	3.73602976606618	0.000445094866537217	0.0230094694049022	0.0741226205413784
AT2G30650.1	184.044773996889	367.149001423474	0.940546570304193	0.00256175712492094	-8.60865058153588	9.7594618151591e-09	2.75146394081604e-06	0.00814635655100405
AT2G31035.1	38.9670273592574	77.4637814333627	0.470273285152096	0.00607087953170274	-7.36387873949836	3.64485795288106e-05	0.0027998856864449	0.576022646962904
AT2G31430.1	41.3304396361246	81.11808038245	1.54279888979919	0.019019174054974	-5.71640159408446	9.03092315661694e-05	0.0059819685114009	0.139271851958899
AT2G31470.1	47.3771498050591	94.2180368077946	0.536262802323548	0.00569172125096947	-7.45691927629231	6.28154763965779e-06	0.000626939720079275	0.346602944929165
AT2G31500.1	757.466568469725	1501.70784210297	13.2252948364782	0.00880683610066102	-6.82716046775308	4.24364737822321e-08	9.13787597261969e-06	0.246848400081567
AT2G31880.1.DE	4859.00334136362	794.309973883563	8923.69670884368	11.2345268248536	3.48986745733907	0.000733343507029918	0.0345771463564606	0.111332505104192
AT2G32160.3	5122.43022561146	695.382082577746	9549.47836864517	13.7327069648469	3.77954412968266	0.000293548933602929	0.0159913997753771	0.141165632364126
AT2G32530.1	304.79973205875	567.390937960695	42.2085261568056	0.0743905539071714	-3.74873674984561	0.000591831496019363	0.0291618304894442	0.362047652982458
AT2G33160.1	50.8670559611362	101.734111922272	0	0	-Inf	8.76277095537109e-07	0.000115209373709872	0.154195846084369
AT2G33190.1.DE	30.8760675120547	61.7521350241094	0	0	-Inf	1.60246953392409e-05	0.00140286491485159	0.0553623245649839
AT2G33670.1	156.010805498283	311.551337711415	0.470273285152096	0.00150945679966139	-9.37175481685072	7.71842995307695e-09	2.24548833964676e-06	-0.00415881638803198
AT2G33775.1	503.67460294719	996.673246035176	10.6759598592034	0.010711594699339	-6.54468291103458	1.20271469751285e-07	2.22234046168134e-05	0.0456363748045209
AT2G34100.1	21.5133953910486	43.0267907820972	0	0	-Inf	0.0001133923339555	0.00710171977745624	0.206420665951833
AT2G34220.1	76.0365061043994	146.908352737078	5.16465947172113	0.0351556557234314	-4.83009938588867	0.000101449932907336	0.00657429221615386	0.142195456429889
AT2G34700.1	54.8533239875786	109.706647975157	0	0	-Inf	5.68189475983624e-07	7.76913879986209e-05	0.108395619634292
AT2G35190.1	749.764554280945	1410.61485481078	88.9142537511099	0.0630322681261122	-3.98776561278875	0.000238463744037114	0.0134182469304176	0.041309186997178
AT2G35210.1	279.065592357894	553.634767080733	4.49641763505467	0.0081216316286708	-6.94401469196548	8.1029833334619e-08	1.57157649092328e-05	0.00835417263958705
AT2G35215.1	39.6175860487168	79.2351720974337	0	0	-Inf	3.78157168808828e-06	0.000403963441227149	0.135634210944994
AT2G36190.1	1283.11834696517	2563.34906470226	2.88762922808403	0.00112650643950415	-9.79392872411658	6.80972467776218e-12	8.86788289346488e-09	0.0313970027539015
AT2G36890.1	166.379603752927	318.857324167758	13.9018833380966	0.0435990716988596	-4.51955877196769	0.000104947160610791	0.00672128805907095	0.0212670721266735
AT2G37010.1	189.316601376662	378.633202753325	0	0	-Inf	4.76976117662631e-10	2.60877317794399e-07	0.0206190491741971
AT2G37390.1	113.845888800489	219.037236581677	8.65454101930015	0.0395117339606909	-4.66157502982718	8.65301675171265e-05	0.00582975803202282	0.0471652149421828
AT2G39250.1	263.114807246622	11.9147137880452	514.314900705199	43.1663663814773	5.43183575094701	4.75699888039753e-06	0.000496525375504699	0.0420092142813689
AT2G39510.1	1415.0615725148	2826.56727396486	3.55587106475048	0.00125801748909469	-9.63463230580356	7.21718229498589e-12	8.97128564640815e-09	0.00207637982425771
AT2G39820.1	109.235450522727	210.286633311306	8.18426773414806	0.0389195813603244	-4.68335999796588	8.20564566698453e-05	0.00558208437947826	0.185753031806715
AT2G40250.1	56.2992188661726	112.598437732345	0	0	-Inf	4.64308633771165e-07	6.64787864279584e-05	0.399501702284926
AT2G41445.1	89.3201526254541	178.640305250908	0	0	-Inf	3.63095174135517e-08	7.88060613260634e-06	0.0628243755547418
AT2G41470.1	62.1204869563787	120.685102848007	3.55587106475048	0.0294640430412427	-5.08490077992572	0.000103166681006552	0.006638351118791	0.0116475239200683
AT2G41730.1	27.2566161458049	0.985544433790113	53.5276878578196	54.3128102829093	5.76322060879066	0.000419153041107724	0.0217650904316802	0.588517140140163
AT2G41860.1	123.745776721316	241.650305469293	5.84124797333951	0.0241723177713167	-5.37050037670983	1.65701836530579e-05	0.00143400257076005	0.00313752543756359
AT2G42110.1	166.208512246249	329.125111496434	3.29191299606467	0.0100020110319062	-6.6435660883681	7.25223728662212e-06	0.00070461264109827	0.551383192040081
AT2G42140.1	80.7860498529534	159.022764728632	2.54933497727484	0.0160312580505389	-5.9629685445657	8.42647427333903e-06	0.000802922620045305	0.257855816498171
AT2G42800.1	1376.95054129389	2723.97730469716	29.9237778906316	0.0109853256996788	-6.50827854547137	6.4281707645541e-08	1.33175140832016e-05	-0.000511858886112495
AT2G42840.1	7540.8316901703	15008.466113551	73.1972667895764	0.0048770651334907	-7.67977104488282	1.33761655600901e-05	0.00119933770351404	0.75829092263204
AT2G42940.1	110.125590209945	217.833824476959	2.41735594293193	0.0110972478619253	-6.49365425988914	1.534074176638e-06	0.000186723352247794	0.309537255204068
AT2G43230.2	514.204245913711	1011.22304215821	17.1854496692093	0.0169947172411451	-5.87876983131917	8.58409527520195e-07	0.000113405436469057	0.00873187626800821
AT2G44380.1	36.7186921375566	1.07372501635397	72.3636592587593	67.3949644057688	6.07456889551966	7.19872725182252e-05	0.00495878070920883	0.264794096347962
AT2G44450.1	136.349705862005	269.341509210774	3.35790251323613	0.0124670813758914	-6.32573242928745	1.53950169656491e-06	0.000186723352247794	-0.000632617820404944
AT2G45406.1	21.5497066695367	43.0994133390734	0	0	-Inf	0.000120619638598058	0.00747978516267821	-0.0443848405633786
AT3G01290.1	1069.83062070422	26.4255595344115	2113.23568187402	79.9693826396431	6.32137584527856	1.36693803960952e-07	2.47560626286103e-05	0.13792926096149
AT3G01530.1	97.6129892365031	195.225978473006	0	0	-Inf	2.13043095745557e-08	5.20186566013728e-06	0.0255032615760233
AT3G02310.1	3124.42764058552	6229.25247555889	19.6028056121413	0.00314689534403283	-8.31185508478504	1.72400199786998e-10	1.14080929540324e-07	0.074803832611909
AT3G02970.1	227.612282997769	451.734684447959	3.48988154757903	0.00772551160609647	-7.01615380897343	1.06774484871891e-07	2.04193135509901e-05	0.206229107966287
AT3G03450.1	2895.5843715924	5560.52487439352	230.643868791281	0.0414787945385169	-4.59148222278305	2.53573847521701e-05	0.00206383452624285	0.15145003791899
AT3G03510.1	40.3308097220215	80.6616194440431	0	0	-Inf	3.48106718430632e-06	0.000377764858290576	0.0479380378208849
AT3G03540.1	401.736865297499	803.003457309845	0.470273285152096	0.0005856429145742	-10.7376911046589	4.47475581878421e-11	3.82409835550912e-08	0.0555544802001377
AT3G03650.1	406.455407554388	809.082639310387	3.82817579838822	0.00473150159500534	-7.72348617300555	6.70433481506744e-09	2.0147631229412e-06	0.118321612432588
AT3G04110.1	795.442716980616	75.4304604634317	1515.4549734978	20.0907559649922	4.32845994499273	7.23588127815316e-05	0.00495938960685851	0.0331326660113721
AT3G05020.1	3223.67770089085	6169.42780926904	277.927592512669	0.045049168432623	-4.47235571435086	4.05117772011848e-05	0.00303527553731726	0.051241710842184
AT3G05110.1	30.9222749115321	59.7654881309415	2.07906169212274	0.0347869942527313	-4.84530816054426	0.00081381989038451	0.0374370969754187	-0.0286963833990337
AT3G05150.1	139.797135314067	277.581198453182	2.01307217495129	0.0072521921015152	-7.10736714388328	2.72225442795577e-07	4.35353753457932e-05	0.285898276329606
AT3G05152.1	14.9232163934913	29.8464327869826	0	0	-Inf	0.000737303011534231	0.0347040025067584	0.0523846092932903
AT3G05960.1	743.333706637201	1485.1246143846	1.54279888979919	0.00103883463707757	-9.91081826204164	1.43055242854235e-11	1.5648526905339e-08	0.0221717762971817
AT3G06030.1	536.398000061987	1029.70457024908	43.0914298748903	0.0418483428353305	-4.57868569556748	3.9910768559776e-05	0.00299846095550603	0.000469116382823098
AT3G06100.1	446.77968253239	887.181854289116	6.37751077566306	0.00718850452681232	-7.12009261638374	2.57559904758014e-08	6.01724525005014e-06	0.064246097112262
AT3G06220.1	567.532283349495	1126.26969998039	8.79486671859499	0.0078088460683512	-7.00067491100223	2.69639026271504e-08	6.1964860936528e-06	0.194166974569549
AT3G06545.1	21.7296574881346	42.9230521739457	0.536262802323548	0.0124935850356201	-6.3226686719185	0.000467344926991879	0.02396755739908	-0.0429037346525709
AT3G06840.1	298.721319311244	575.752424653272	21.690213969216	0.0376728139395647	-4.73033239155618	3.58698528311239e-05	0.00276319117006407	0.0756304529851306
AT3G07320.1	1231.4825840366	2377.94507963765	85.0200884355503	0.0357535963145565	-4.80576782552768	2.08744088079914e-05	0.00173511385310681	0.273416648047176
AT3G07960.1	310.043908225136	594.099153397516	25.9886630527563	0.0437446559284474	-4.51474940909139	7.22418296586345e-05	0.00495938960685851	0.0328641540462115
AT3G08770.2.DE	19255.9039937577	38426.6976533702	85.1103341451335	0.00221487505673465	-8.81855896742283	2.00479925262985e-11	2.03056463561735e-08	0.271606962188272
AT3G08790.1	110.191201221332	219.441855872359	0.940546570304193	0.00428608556268898	-7.86612363398618	1.96618173344481e-07	3.31908468299477e-05	0.340017303516583
AT3G08870.1	466.375291360808	46.4891705404692	886.261412181147	19.0638250129597	4.25276570907677	0.000105586416318433	0.00673070332648061	0.188726390698836
AT3G09430.1	61.1822798682074	116.053038477923	6.31152125849161	0.0543847997542283	-4.2006527071129	0.000746146147934951	0.0349773894200913	0.00640728276005284
AT3G11165.1	56.8205233487619	113.641046697524	0	0	-Inf	4.70789232182632e-07	6.70555892317627e-05	0.0413248426084332
AT3G12060.1	48.2904778440087	94.4359044787231	2.14505120929419	0.0227143608263686	-5.46025148070859	8.39744016832131e-05	0.00569838204176384	-0.000567233046658459
AT3G12410.1	134.535770570987	250.623943981556	18.4475971604189	0.0736066828545978	-3.7640194332275	0.000742785732862511	0.0349019955955173	-0.00444724717029362
AT3G12440.1	14.8311463045305	29.6622926090611	0	0	-Inf	0.000778808796295249	0.0360373674319563	-0.0533083096094928
AT3G12660.1	115.660115362783	231.320230725566	0	0	-Inf	7.29155739757603e-09	2.16741543642948e-06	0.066069138341832
AT3G12710.1	1016.39447968901	1877.15354198754	155.635417390488	0.0829103288086388	-3.59230434869575	0.000841934634984386	0.0385023184998629	0.0803124187802255
AT3G12850.1	36.5727721647826	73.1455443295653	0	0	-Inf	5.910226713058e-06	0.000592040182864458	0.225484798670611
AT3G13227.1	214.199477517777	424.372810685651	4.02614434990258	0.00948728158007488	-6.71978951804388	2.00919730432377e-07	3.35033650495989e-05	0.0720107719844858
AT3G13890.1	156.303446630175	312.60689326035	0	0	-Inf	1.29699029857876e-09	5.54199901488019e-07	0.062281449419093
AT3G13900.1	136.892054868771	263.991053596423	9.7930561411187	0.0370961667363541	-4.75258607344537	5.87185813848665e-05	0.00410297039481133	0.154511598592001
AT3G14890.1	782.374899347361	1465.11028889714	99.6395097975809	0.0680081974392415	-3.87814753617412	0.000316801625336974	0.0170879172546158	0.0161212204009285
AT3G14950.1	79.5804868442482	156.141365426069	3.01960826242693	0.0193389384945316	-5.69234758165615	1.82228067849231e-05	0.00155730967858529	0.125959339979842
AT3G15280.1	198.357615890732	388.060690762163	8.65454101930015	0.0223020296188784	-5.48668117972563	5.03275605050244e-06	0.000521328711034433	0.0453461927636449
AT3G15550.1	624.243724606161	1206.53453445925	41.9529147530717	0.0347714164450953	-4.84595435202491	1.63275146668412e-05	0.00142200173119142	0.0759972454137805
AT3G15720.1.DE	104.169469571273	203.099943488702	5.23899565384451	0.0257951605689932	-5.27675576280849	2.740302562101e-05	0.00221713178005255	0.108824040874923
AT3G16660.1.DE	791.905032639817	4.47904024333744	1579.3310250363	352.604785676027	8.46190824532964	3.28743795298042e-10	1.91279927021608e-07	-0.000240544070366783
AT3G17060.1.DE	593.643497943826	1178.55811868623	8.72887720142354	0.00740640369195697	-7.07701109776234	2.41953107956436e-08	5.80411547656548e-06	0.020035667446424
AT3G17290.1	15.6403295731929	31.2806591463859	0	0	-Inf	0.000587196443690595	0.0290380852542617	0.0604839367277611
AT3G17580.1	84.1086549691144	158.688211865796	9.5290980724329	0.0600491867694101	-4.05771148175695	0.000616515758009191	0.0302690420723112	-0.0101632250928238
AT3G17980.1	328.190734336501	648.799453258349	7.58201541465306	0.0116862234956815	-6.41904740398532	2.40586997855611e-07	3.9362819126899e-05	0.00463287327641517
AT3G18570.1	80.9453804472187	157.798627027363	4.09213386707403	0.0259326329015805	-5.26908750146936	3.78240828795383e-05	0.00287326442918537	-0.0118953151219311
AT3G18590.1	172.991112781582	345.041678992859	0.940546570304193	0.00272589263143383	-8.51905554685813	1.34632010348429e-08	3.6453283039589e-06	0.0451756549234206
AT3G18660.2	324.850212324089	614.380632074503	35.3197925736748	0.0574884537854243	-4.12058396135587	0.000220446200535243	0.0126120130670236	0.0905200386304632
AT3G18720.1	28.4670923986308	56.4639115121095	0.470273285152096	0.00832874082857755	-6.9076858848312	0.000110862063258136	0.00700172019381118	0.0471741382497557
AT3G18730.1	274.99973246812	524.019148548435	25.9803163878043	0.0495789447003442	-4.33412862613111	0.000115744735669959	0.00722664677252596	-0.00259330543220302
AT3G18960.1	360.664634689623	678.386511868602	42.9427575106435	0.0633013138665722	-3.9816207455853	0.000242284849915613	0.013605264457171	0.0129465615130744
AT3G20530.1	421.406302448852	831.542739383957	11.2698655137464	0.0135529600343762	-6.20524821195646	3.2377382067447e-07	4.96238210177852e-05	0.022312691902179
AT3G20557.1	15.1955371539767	30.3910743079535	0	0	-Inf	0.000652970579934117	0.0317736413691429	0.36669169501355
AT3G20865.1	2167.97810184503	4316.55971329439	19.396490395675	0.00449350679336986	-7.79794250144548	9.11108653861032e-10	4.08460464871109e-07	0.21820649031405
AT3G20975.1	66.1027938999979	132.205587799996	0	0	-Inf	1.88805121052792e-07	3.20698984188242e-05	0.126062734839311
AT3G21880.1	89.9696439947829	178.396489099767	1.54279888979919	0.00864814603462514	-6.85339339969653	1.20038314696902e-06	0.000151275935115953	0.361570825800315
AT3G21910.1	66.6315775424544	132.726892282585	0.536262802323548	0.00404034776299746	-7.95130480991293	9.5165149393541e-07	0.000123927682879294	0.0264302030098263
AT3G21980.1	60.6382092228704	121.276418445741	0	0	-Inf	3.10313376021188e-07	4.87819138539247e-05	0.178741707552438
AT3G22000.1	77.3963541036992	154.792708207398	0	0	-Inf	7.46203319750856e-08	1.51158682853531e-05	0.129147214494522
AT3G22030.1	18.5087822919994	37.0175645839988	0	0	-Inf	0.000252512459441953	0.0140354842039819	0.0873163183359595
AT3G22060.1.DE	607.849600937065	102.63408721533	1113.0651146588	10.8449847887627	3.4389561243667	0.000935993357562049	0.0423784939557108	0.00349478834519649
AT3G22360.1	106.462374288499	210.911676402046	2.01307217495129	0.00954462175490895	-6.71109625865463	1.01101342456801e-06	0.000130415962838026	0.182499853099954
AT3G23727.1	60.3412457030877	120.682491406175	0	0	-Inf	7.51540893704539e-06	0.000723675662680916	0.665078685174639
AT3G23860.1	24.7345704401105	49.469140880221	0	0	-Inf	5.58603933362593e-05	0.00391695942709406	-0.00901637414813266
AT3G24230.1	168.065811227248	314.194143746499	21.9374787079979	0.0698214118392279	-3.84018666025646	0.000509762155406864	0.0257204163540803	0.0144055643099596
AT3G24280.1	17.1108672110843	34.2217344221685	0	0	-Inf	0.000408252208192394	0.0213667437874699	0.0453372734705514
AT3G25265.1	171.992161226191	343.514049167229	0.470273285152096	0.00136900742863986	-9.51265400955436	1.89406569523279e-05	0.00159541606936926	0.858622795112947
AT3G25610.1	849.951721430389	104.260232765449	1595.64321009533	15.3044278510772	3.93587720627676	0.000238143654842645	0.0134182469304176	0.365714386292923
AT3G26050.1.DE	242.425163081729	470.70117808658	14.1491480768785	0.0300597252260881	-5.05602436803781	1.17848549073396e-05	0.00106715373228813	0.0597694104212344
AT3G26500.1	172.972259686323	5.46458467712755	340.479934695517	62.3066444775983	5.96131411758659	0.000125649303737454	0.00773903493087423	0.659551309631007
AT3G26830.1.DE	176.148118881263	15.2318484324648	337.064389330062	22.1289222266452	4.46786128230561	0.000890588921724126	0.0405240187061392	0.580408041884501
AT3G26860.2	496.698511206213	986.483248834439	6.91377357798661	0.00700850580702252	-7.15667738601437	2.05164106514609e-08	5.10056620077728e-06	0.0152497627045874
AT3G27415.1	60.9079461978747	121.815892395749	0	0	-Inf	3.60058306263577e-07	5.38060901715303e-05	0.292954741477328
AT3G27503.1	80.4009672027484	160.801934405497	0	0	-Inf	5.92994264206501e-08	1.24743185717348e-05	0.156367616802973
AT3G27810.1	1170.48363362411	2338.35194275378	2.61532449444629	0.00111844776084747	-9.80428641040748	6.2534811662138e-12	8.55069747262243e-09	-0.00070216158167392
AT3G28007.1	997.380306409212	1865.96494314386	128.795669674567	0.0690236277738243	-3.85676588821567	0.000302285211552204	0.0163804258103049	-0.000767652678123473
AT3G28153.1	114.103348968798	211.508214883443	16.6984830541534	0.0789495720691296	-3.66292474351718	0.00108476442479265	0.0482358580891134	0.101580166372947
AT3G28770.1	1999.01840247316	3973.81394932973	24.2228556165869	0.00609561895082497	-7.3580115647274	4.4050330217008e-09	1.4513787716199e-06	0.332930860118393
AT3G29410.1	98.4779313156382	196.955862631276	0	0	-Inf	1.95120364958418e-08	4.89537304634666e-06	-0.0100921320245784
AT3G42450.1	77.2740060702017	153.607465570099	0.940546570304193	0.00612305246241415	-7.35153324048252	1.25702416238701e-06	0.00015768733838898	0.0254274394506468
AT3G42660.1	577.30404481546	1067.2123785772	87.3957110537225	0.0818915829764251	-3.61014101412582	0.00074694830955254	0.0349773894200913	0.104264003659635
AT3G42725.1	52.7439597424209	101.189470401302	4.29844908354032	0.0424792131680633	-4.55709914606783	0.000465424634432294	0.0239247508981578	0.081127647096268
AT3G42960.1	926.804273323086	1851.66146398839	1.94708265777984	0.00105153274270012	-9.89329051115384	9.56623443187797e-12	1.09003255420236e-08	0.179231319150258
AT3G43110.1.DE	40.1016369478314	76.911360899598	3.29191299606467	0.0428013879557016	-4.54619860893474	0.000840883109241985	0.0385023184998629	0.230732999835686
AT3G44230.1	17.7877796059009	35.5755592118018	0	0	-Inf	0.000320698790924423	0.0172301568475643	-0.0513197037782982
AT3G44860.1.DE	2874.53052418597	258.21264165301	5490.84840671893	21.2648318516397	4.41039754200882	4.99657236680455e-05	0.00362443672453592	0.0538289991978939
AT3G45320.1	35.1424353117763	70.2848706235526	0	0	-Inf	7.26590722162256e-06	0.00070461264109827	0.401527711699153
AT3G45930.1	1084.40283947456	1999.09623346632	169.709445482799	0.0848930845057582	-3.55820915490812	0.000676975828936604	0.0326328362972249	0.375987176100657
AT3G46270.1	22.9986182151063	45.5269631450606	0.470273285152096	0.0103295553374312	-6.59707803879444	0.000341940852594458	0.0182995234753437	-0.000674692029702083
AT3G47340.1	3895.4380901863	7689.6437916955	101.232388677092	0.0131647695809289	-6.24717391923468	0.00011875128996576	0.00738066256066736	0.719790785117543
AT3G47440.1	194.590016798213	384.551636927028	4.62839666939758	0.0120358262062888	-6.376521009923	5.16545729410265e-07	7.20713064397067e-05	0.0264328627744608
AT3G48950.1	15.8685600423964	31.7371200847929	0	0	-Inf	0.000525275911285034	0.0263572850383703	0.447585290615151
AT3G50570.1	389.295234769281	765.290838519961	13.2996310186016	0.0173785315976375	-5.84655000326704	1.40600761907539e-06	0.000172421929860335	0.147910865336267
AT3G50740.1.DE	2697.20985025709	51.8811326606206	5342.53856785357	102.976521403295	6.68617163090951	0.000980541282523569	0.0442298954699172	1.06665484534578
AT3G51490.2	399.620214867965	790.990172484611	8.25025725131951	0.0104302904616429	-6.58307685533632	1.12971257502507e-07	2.13063791649728e-05	0.00711030671646936
AT3G52010.1	236.588673056863	470.091748334128	3.08559777959838	0.00656382034046092	-7.25124853354253	5.2467759259068e-08	1.11227582361065e-05	0.223700452367823
AT3G52080.1	69.5418366199883	139.083673239977	0	0	-Inf	8.26449588752996e-07	0.000109713188852564	0.545656324733494
AT3G52270.1	52.5304572055904	101.975316631582	3.08559777959838	0.0302582809401423	-5.04652616354131	0.000152388402609522	0.00917921948493966	-0.0168084007587462
AT3G52310.1	239.899751804835	22.939842737658	456.859660872011	19.9155533059532	4.31582365697289	0.000128855662592276	0.00790093229800664	0.0727660118952967
AT3G52400.1	984.159220844908	37.627049649152	1930.69139204066	51.3112617131324	5.68120359585811	0.000755872739197744	0.0352143982944475	0.822839067353871
AT3G52630.1	257.500428306293	497.609091726911	17.3917648856756	0.0349506574032218	-4.83853659759467	0.00052135377084108	0.0262085690646894	0.615031229577693
AT3G52980.1	40.2906089371365	80.5812178742731	0	0	-Inf	3.41522390062713e-06	0.000372096127531673	0.158187811737455
AT3G53075.1	105.103115870768	210.206231741536	0	0	-Inf	1.21367223465179e-08	3.31902946010224e-06	0.259564195136723
AT3G53080.1	102.402945451368	204.269628100413	0.536262802323548	0.00262526939178611	-8.57331881226331	7.78487907286086e-08	1.55396414602574e-05	0.134721947434271
AT3G53280.1	992.497805772696	84.0928831512396	1900.90272839415	22.6047990883534	4.49855718991544	5.43916387633242e-05	0.00384065180549639	0.422793969961544
AT3G54260.1	329.044675387023	634.996663614325	23.0926871597203	0.0363666275477409	-4.78124104582721	3.01565745844786e-05	0.00239645679931762	0.0772903831433848
AT3G54340.1	3299.66057260565	6594.82472757624	4.49641763505467	0.000681810028438347	-10.5183425599603	2.48353489267729e-13	1.1319538118341e-09	0.0199199974605151
AT3G54560.1	1694.15044756341	3328.32057650876	59.9803186180501	0.018021196347909	-5.79416140127008	3.92371357739829e-06	0.00041751671284479	0.468559238011399
AT3G54750.3	605.682041282776	1117.24421982041	94.1198627451467	0.0842428728432144	-3.56930155390982	0.000767021164957012	0.0356141318196736	0.0580094139097467
AT3G56180.1	123.530456929217	245.047841683483	2.01307217495129	0.00821501695800073	-6.92752073137374	4.97185124259573e-07	6.97257517596232e-05	0.0132052201451758
AT3G57370.1	46.1999860334803	92.3999720669606	0	0	-Inf	1.58712338105923e-06	0.000190364311850118	0.0330557036599683
AT3G57860.1	196.966317822773	384.865464193314	9.06717145223273	0.0235593273385486	-5.40755784157384	8.38267023944286e-06	0.00080154154908407	-0.00347027282993534
AT3G58060.1	99.3228261569352	197.573126709223	1.0725256046471	0.00542849942454764	-7.5252308291645	3.19982711364535e-07	4.94382328117849e-05	-0.00571461425377266
AT3G58280.1	32.4983235557764	64.9966471115528	0	0	-Inf	1.13316664888111e-05	0.00103988954184402	0.429610308724296
AT3G58310.1	116.051732757007	232.103465514015	0	0	-Inf	6.64086004955682e-09	2.0147631229412e-06	0.437232752777923
AT3G58360.1	37.3702869142543	74.7405738285086	0	0	-Inf	5.50125787944335e-06	0.000559062658187806	-0.000684367391385568
AT3G58480.1	225.192546000367	449.444545430429	0.940546570304193	0.00209268658362166	-8.90042802567851	3.15403038976e-09	1.13765447426622e-06	0.0387801205122466
AT3G58780.3	462.070593722415	883.294184956213	40.8470024886169	0.0462439390910762	-4.43459189692927	5.51339337985102e-05	0.00387595806577856	0.0045490944252509
AT3G59160.1	24.3335684592495	48.1308741161755	0.536262802323548	0.0111417632064846	-6.48787862963156	0.000252145456631676	0.0140354842039819	0.078803936601092
AT3G59190.1	55.7947962677952	105.756691227203	5.83290130838758	0.0551539693678241	-4.18039147111668	0.000677787363031549	0.0326328362972249	0.057282317426782
AT3G59530.1	2631.70961681014	5106.87822392419	156.541009696096	0.0306529748374944	-5.02782909709725	6.30503924482709e-06	0.000626996029921042	0.0826924851250436
AT3G59550.1	139.649100128798	262.442698174243	16.8555020833521	0.0642254564543504	-3.96071095128798	0.000550408601629637	0.0275174113871402	0.0038579376351245
AT3G59700.1	181.116558727627	23.1966054725557	339.036511982698	14.6157812781623	3.86945504452427	0.000486036057144479	0.0247056283545169	0.374903226649407
AT3G59850.1	39.7001314460412	78.4597163217782	0.940546570304193	0.011987636642055	-6.38230892976038	5.88131932119078e-05	0.00410297039481133	0.359991000200488
AT3G60100.1	146.599184555253	288.297667707471	4.90070140303532	0.0169987549396617	-5.87842710859741	3.37327899998549e-06	0.000368996243250413	0.0181399259024402
AT3G61340.1	26.2374951173103	51.0641703791643	1.41081985545629	0.0276283712235134	-5.17770567637652	0.00101823472834357	0.0456486313377242	0.0576813352117578
AT3G61910.1	41.462110804117	80.3088971137877	2.61532449444629	0.0325658126115305	-4.9404979632234	0.000300717519705038	0.0163493479351365	0.105224741325287
AT3G61920.1	19.8695132550052	39.2687532248583	0.470273285152096	0.0119757630821444	-6.38373860398021	0.000666351620061868	0.032309783251475	0.488364014346752
AT3G63095.1	2035.49498011547	4066.96381588104	4.02614434990258	0.000989963159785424	-9.98033754141155	0.00015491620439575	0.00931097459694633	1.34295308098341
AT3G63470.1	124.318079779421	235.947127524687	12.6890320341547	0.0537791333476905	-4.21680968344946	0.000319549756308234	0.0172022188696088	0.17469013768237
AT4G00610.1	15.1955371539767	30.3910743079535	0	0	-Inf	0.000652970579934117	0.0317736413691429	0.36669169501355
AT4G01010.1	429.80976872808	64.0214931323881	795.598044323771	12.4270460652734	3.63541150041373	0.000604802821908997	0.0297473790840743	0.383948884024533
AT4G01180.1	29.3056807724087	58.6113615448175	0	0	-Inf	2.17827975650238e-05	0.00180513383336578	0.00791361310990457
AT4G01380.1	41.4471056462211	0.985544433790113	81.908666858652	83.1100699779263	6.37695138568621	4.28726310207522e-05	0.00320338207793582	0.382191222187025
AT4G01575.1	137.04150711099	266.830946393185	7.2520678287958	0.0271785110641163	-5.2013897674904	2.03136810773008e-05	0.00169883252728118	0.126388924231124
AT4G01730.1	401.005775294431	790.461033676527	11.5505169123361	0.014612379890016	-6.09666502354922	5.37171224431345e-07	7.45686369265177e-05	0.142786840673213
AT4G01750.1	197.908471980944	5.19226391664213	390.624680045245	75.2320541321529	6.23327557706197	0.000655242109408745	0.0318275416802859	0.892523581989251
AT4G02060.1	833.671866044448	1587.90928022295	79.4344518659446	0.0500245529485107	-4.32121982043428	9.61491270336686e-05	0.00627539421715927	0.278982010198596
AT4G02250.1	948.696270996029	1891.48530450155	5.90723749051096	0.00312306813933596	-8.32282023813112	4.00079789059712e-10	2.23285346763591e-07	0.0319960290193172
AT4G03100.1	453.76984204599	875.907741617399	31.6319424745814	0.0361133267485132	-4.79132486274455	2.47336295501309e-05	0.00202512145900428	0.0778027126187035
AT4G03220.1	63.6521454564144	125.291218737877	2.01307217495129	0.0160671449701742	-5.95974259575264	1.77646509479971e-05	0.00152770411784552	0.0376728271025939
AT4G03620.1	151.183735804943	299.545831898974	2.82163971091258	0.00941972616685988	-6.73009916361972	4.92729223817136e-07	6.9457041668697e-05	0.130035572667071
AT4G04080.1	61.7194133990915	122.902563995859	0.536262802323548	0.00436331663789874	-7.84035911341138	1.38503042352593e-06	0.000170614536000737	0.322852538785725
AT4G04500.1	312.509344596343	10.7450291763335	614.273660016353	57.1681705033729	5.83714021675001	1.54311177123638e-06	0.000186723352247794	0.427988023264001
AT4G04570.1	2586.59025660354	230.687408622031	4942.49310458504	21.4250666480157	4.42122778709502	4.88327473578114e-05	0.00356114437865085	0.0733305764805532
AT4G04810.1	43.5152546806925	3.67763598746888	83.3528733739161	22.6647970756027	4.5023813393086	0.000814534416951553	0.0374370969754187	-0.00579544740780107
AT4G04930.1	708.537494818313	1409.15467997116	7.92030966546225	0.00562061055328882	-7.47505742924109	5.53926227527009e-09	1.76142099350943e-06	0.0684450210393315
AT4G08630.1	168.695374609527	337.390749219055	0	0	-Inf	8.69708611572259e-10	3.96398690011109e-07	0.00229265268971657
AT4G09420.1	45.2502085067431	2.41977079319335	88.0806462202928	36.4004088602348	5.18588275018277	0.000172461634678914	0.0101644575938885	0.487841394373647
AT4G10500.1	684.953401648604	3.58167639211118	1366.3251269051	381.476430956883	8.57545011448324	2.39968885563072e-06	0.000272299963215491	0.729668298162458
AT4G10507.1	18.8204309979486	37.170588710745	0.470273285152096	0.0126517577865575	-6.30451834843033	0.00102268204619241	0.0457729720412828	0.298501158800083
AT4G10603.1	74.0839470723151	147.227347574326	0.940546570304193	0.00638839580961253	-7.29033058323497	0.000101697696867839	0.00657476812351018	0.745907833488737
AT4G11190.1	61.5343656489659	120.651375355	2.41735594293193	0.0200358755614613	-5.64127063330885	3.69565618115592e-05	0.00283095545059022	0.19596889497833
AT4G11320.1.DE	4158.74238520812	8201.7323365541	115.752433862143	0.0141131689150899	-6.14681422843187	2.26152293978789e-07	3.72565468881803e-05	0.279358710494576
AT4G11375.1	14.9193268870944	29.8386537741888	0	0	-Inf	0.000768359884945604	0.0356141318196736	-0.0665329934183824
AT4G12470.1	70.1442718673417	0	140.288543734683	Inf	Inf	1.25791861980515e-07	2.30874499971888e-05	0.179744679468383
AT4G12540.1	108.182126035855	212.06580298817	4.29844908354032	0.0202694117720626	-5.62455196805635	1.12313076574434e-05	0.00103415006905086	0.122954743652388
AT4G12930.1	24.1575071470485	48.3150142940971	0	0	-Inf	6.08977116659753e-05	0.00423758198709778	0.197701405094078
AT4G13075.1	135.469080742138	268.859099792154	2.07906169212274	0.00773290431207274	-7.01477392359317	2.80183063712981e-07	4.45474781590634e-05	0.0332428990909763
AT4G13210.2	375.063136712993	735.960432019203	14.1658414067824	0.0192481019229751	-5.69914000273718	1.69423616046758e-06	0.000199708087415116	0.134853033923783
AT4G13230.1	1526.67618289886	3051.87555642509	1.47680937262774	0.000483902225147623	-11.0129968063152	3.41692271092239e-13	1.33489407679421e-09	0.121688927990347
AT4G13560.1	2713.36877062918	5409.6840706235	17.0534706348664	0.00315239677811738	-8.30933515285125	1.85704204574689e-10	1.15419383693273e-07	0.141929834962786
AT4G13690.1	71.3445202838783	138.12663341553	4.56240715222613	0.0330306113991854	-4.92005251550674	9.92719157643033e-05	0.00644843011973017	0.159233482063411
AT4G13770.1.DE	9806.14401375872	1566.33876498781	18045.9492625296	11.5211023731958	3.52620685960628	0.000652878605008247	0.0317736413691429	0.0279601078786616
AT4G13840.1	3654.06278941666	98.3469661627082	7209.77861267061	73.3096189336694	6.19593060126081	1.41918358558533e-07	2.52015672175338e-05	0.00778906499771575
AT4G14301.1	31.6333814766413	63.2667629532826	0	0	-Inf	1.43852584291336e-05	0.00127725215019973	-0.0216455402171123
AT4G14315.1	42.3018985896018	84.6037971792035	0	0	-Inf	2.64724251474799e-06	0.000299149343185178	0.0382620667532659
AT4G14330.1	668.806975089946	1322.91184597079	14.702104209106	0.0111134421041617	-6.49155046598259	1.16691692202054e-07	2.1708623854759e-05	0.0162906320341645
AT4G14370.1	50.6342108499166	4.03035831772431	97.2380633821088	24.1264065665043	4.59254114866152	0.00039612620113551	0.0208725688293888	-0.0189216937762201
AT4G14400.1.DE	30624.3817959464	943.840462371875	60304.9231295209	63.8931318731286	5.9975889533661	2.41816419106997e-07	3.9362819126899e-05	0.335763310868623
AT4G14700.1	82.2595694250377	160.088710732192	4.43042811788322	0.027674831645654	-5.17528164909017	4.70466994362082e-05	0.00345042319990207	0.174737875610274
AT4G14730.1	110.825769003709	221.651538007418	0	0	-Inf	1.025369327013e-08	2.86130356998209e-06	0.0388181556286345
AT4G14805.1	27.1171571153945	53.7640409456369	0.470273285152096	0.00874698547357349	-6.8369983867638	0.000149390570720189	0.00903846003868365	-0.0364220147478992
AT4G15100.1	16.3613322592915	32.722664518583	0	0	-Inf	0.000453089228175403	0.0233785492885146	0.411757395370491
AT4G15210.1.DE	8492.60753892434	15966.751305933	1018.46377191571	0.0637865369354918	-3.97060423515791	0.000219407596226934	0.0125789088763479	0.108238518903914
AT4G15250.1	68.3060027431786	136.612005486357	0	0	-Inf	1.51716663993552e-07	2.65961257066133e-05	0.258301345281132
AT4G15500.1	127.596928459436	6.00144718530453	249.192409733567	41.5220532713765	5.3758058818199	1.25658533607964e-05	0.00113038944690033	0.0187663730619683
AT4G15650.1	41.1244349650962	82.2488699301925	0	0	-Inf	3.33407768236204e-06	0.000367719569732923	0.00368936070645285
AT4G15990.1	55.1147679273695	3.1407734792919	107.088762375447	34.0963024177059	5.09154338918437	0.000176335737055885	0.0103481832645221	0.0411029382131396
AT4G16160.2	148.689666241497	296.438785912689	0.940546570304193	0.00317281885839734	-8.3000191269589	3.20806981392272e-08	7.19107255748726e-06	0.00226884978220957
AT4G16260.1.DE	334.837908231494	2.95663330137034	666.719183161618	225.499449949578	7.81698010416011	4.59526403037463e-05	0.00339639690374743	0.851784221964917
AT4G16270.1	1471.99714168584	2937.35281452733	6.64146884434887	0.00226103885495199	-8.78879850028388	6.01885436873301e-11	4.98780637641641e-08	0.0109270553373547
AT4G16990.2	10343.9985115073	1353.00737310527	19334.9896499094	14.2903801074889	3.83697238584146	0.000246298037160157	0.0137740540331673	0.00500843667244376
AT4G17380.1	35.2033278974201	67.8573208175655	2.54933497727484	0.0375690485058897	-4.73431161180987	0.0006700030484863	0.0324293333928404	0.216152956750108
AT4G17690.1	213.573084786044	426.675896286937	0.470273285152096	0.00110217916982083	-9.82542551773936	1.35204920153209e-09	5.68838300219969e-07	0.005071542324222
AT4G17920.1	28.1797865990523	55.823310395781	0.536262802323548	0.00960643140869836	-6.70178368562099	0.000123036686312741	0.00761240782939937	-0.0335037216370818
AT4G19370.1.DE	239.187386401645	25.6163762657491	452.758396537541	17.6745684807461	4.1436030873881	0.00019466870441278	0.0113027708271259	0.310314763858685
AT4G19620.1	122.731398058044	245.462796116089	0	0	-Inf	5.27617709393382e-09	1.69750135279774e-06	0.0213129428645848
AT4G19630.1	26.5769780873152	52.6176933723068	0.536262802323548	0.0101916820741099	-6.61646401072359	0.000155929495630088	0.0093513243793772	0.198155800331429
AT4G20050.1	2431.80220169895	4849.17460392243	14.4297994754682	0.00297572280936144	-8.3925441399986	1.71231264327769e-10	1.14080929540324e-07	0.39534674247172
AT4G20110.2	733.917835409077	64.3975525010251	1403.43811831713	21.793345613481	4.44581578420362	5.08202072448972e-05	0.00365731633559528	0.216009170636451
AT4G20160.1.DE	132.926696795303	263.708342381312	2.14505120929419	0.00813418032180616	-6.94178731125915	3.24817655939789e-07	4.96238210177852e-05	-0.0068573557885746
AT4G20320.1	6361.67713483813	11912.8851115989	810.469158077316	0.0680329870123741	-3.87762175723792	0.000205487964053914	0.011830482848384	0.0479526356108421
AT4G20790.1	15.5482594842322	31.0965189684643	0	0	-Inf	0.000619282388343749	0.0303503861541873	-0.0457156925355698
AT4G20860.1	114.859457939902	3.40531522698347	226.313600652821	66.4589283422366	6.05439112448357	3.71062975618574e-06	0.000397939576244751	0.0862265789322002
AT4G21010.1	18.7918987322543	37.1135241793566	0.470273285152096	0.0126712107122846	-6.30230181169223	0.000889144329006023	0.0405240187061392	0.312041204751379
AT4G21590.1	1159.27936524318	2314.40060710211	4.15812338424548	0.00179663078703212	-9.12049032347468	3.21716686619051e-11	2.93266207632373e-08	-0.000207184585010062
AT4G21630.1	379.130006692478	752.286786377273	5.97322700768241	0.00794009294839167	-6.97662838870458	4.59244397693404e-08	9.81168479978244e-06	0.00264524669200842
AT4G22050.1	32.4944340493795	64.988868098759	0	0	-Inf	1.16179044758392e-05	0.00105904944566925	0.232566806867965
AT4G22070.1	89.7649450446703	179.529890089341	0	0	-Inf	3.55957086042422e-08	7.7874867456017e-06	0.0916462810999941
AT4G22690.1.DE	5685.6197198035	566.649209678046	10804.590229929	19.0675113375131	4.25304465246967	0.000111429617370453	0.00702134964569076	0.426257873349889
AT4G23130.2	593.030908485661	52.0263777745729	1134.03543919675	21.7973168170665	4.44607864947868	4.87156467197731e-05	0.00356114437865085	0.0483908190044358
AT4G23150.1	683.63496866234	10.2159456809504	1357.05399164373	132.836844872249	7.05351155138338	2.25251268441285e-08	5.45128003368481e-06	0.364722015260244
AT4G23160.1	327.103784168346	6.27376794578995	647.933800390901	103.276660212736	6.69037044204263	0.000135144858961365	0.00824956798664383	0.785821261776673
AT4G23260.1	2875.16413362663	42.0023512843379	5708.32591596891	135.904913449392	7.08645380541595	8.32789924636461e-09	2.39729537568771e-06	0.219789217661864
AT4G23320.1	326.322356819273	6.17780835043225	646.466905288113	104.643405657426	6.70933758951851	1.02851010445036e-07	1.98075111453549e-05	0.240921089774884
AT4G24050.1	486.384929440213	902.774259377331	69.995599503095	0.0775338893151128	-3.68902915344983	0.000566155703687489	0.0280992015040685	0.0187018998506546
AT4G24080.1	24.1932187196832	47.3139118347193	1.0725256046471	0.0226682927506339	-5.46318045034768	0.00070344629786212	0.0335445517278536	-0.0369699964775378
AT4G24130.1	1460.5370612789	2821.60832511933	99.4657974384783	0.0352514544818235	-4.82617340515908	1.37527151944822e-05	0.00122907026935786	0.0840762951055344
AT4G24260.1	129.730091248271	241.466165291372	17.9940172051706	0.074519828413466	-3.7462318373863	0.000987981544855514	0.0444380449130982	0.0121036642605531
AT4G24710.1	172.853671150714	319.801362095747	25.9059802056809	0.0810064723799544	-3.62581900650073	0.000934868274702631	0.0423784939557108	0.110472859921437
AT4G25240.1	239.741955272845	469.080255420124	10.4036551255656	0.0221788382805577	-5.49467239013497	4.8936781122104e-06	0.000508849487964326	0.0783920580210724
AT4G25850.1	1086.73167335991	2129.25844171796	44.204905001853	0.0207607043540412	-5.59000079854309	1.29799292777169e-06	0.000160653517834896	0.14473359500432
AT4G26280.1	25.1391620744417	50.2783241488834	0	0	-Inf	5.0622714585056e-05	0.0036527160310225	0.0222996791044182
AT4G26330.1	19.4787687002018	38.9575374004037	0	0	-Inf	0.000224087947243406	0.0127935972719529	0.520615929417496
AT4G26660.1	648.723687575289	1275.69117166419	21.7562034863874	0.0170544438729677	-5.87370847878663	7.1606285790573e-07	9.64638964293005e-05	0.283025924694823
AT4G26760.1.DE	1555.30873074595	2884.64971795239	225.967743539504	0.0783345520716819	-3.6742073930213	0.000520782752853631	0.0262085690646894	0.0910696119804418
AT4G26960.1	84.1904783245287	158.439228143692	9.94172850536548	0.0627478978649726	-3.99428906203528	0.000847043757614453	0.0386712948906218	0.0141336021792262
AT4G27510.1	86.5040379988698	168.709626914199	4.29844908354032	0.0254783865162975	-5.2945822716248	3.52292142134566e-05	0.00272150655676666	0.303607935663326
AT4G27980.1	228.807923166126	455.536784640129	2.07906169212274	0.00456398201468008	-7.77549117826402	1.68762960183611e-08	4.31323427302918e-06	0.00045719667580382
AT4G28000.1	786.591731339605	1567.21023567153	5.97322700768241	0.00381137569914031	-8.03547245857145	1.19772375464741e-09	5.19907166957821e-07	0.228819239554218
AT4G28090.1	305.437633094311	609.398456815995	1.47680937262774	0.0024233887633123	-8.68875842221174	1.76577932941179e-09	6.99837207556874e-07	0.191207239138082
AT4G28130.1	22.5871204074026	45.1742408148052	0	0	-Inf	8.87887612862938e-05	0.0059222103777958	0.103158973417764
AT4G28556.1	79.5003498263956	148.407422640663	10.5932770121281	0.071379698020748	-3.80834239184661	0.000953126899369191	0.04308291126785	0.0267076284715975
AT4G28580.1	109.020783875199	217.035031662922	1.00653608747564	0.00463766646224606	-7.75238521857353	1.84845380324501e-07	3.17922428662525e-05	-0.00658038500042394
AT4G29050.1	401.189771997879	37.8111898270736	764.568354168685	20.2206901624989	4.33776033431534	0.00048380909369853	0.0246382258573067	0.515205108577585
AT4G29700.1.DE	1957.03220240056	3776.34945223611	137.714952564997	0.0364677459824198	-4.7772351581972	1.86998367953698e-05	0.00158323355059746	0.00617641515109057
AT4G29880.1	223.428169361511	430.223845186041	16.6324935369819	0.038660092235914	-4.69301111021479	3.74188867440372e-05	0.00285040193813144	0.00218310296835208
AT4G30030.1	94.7925163153755	189.585032630751	0	0	-Inf	2.51500098314334e-08	5.95785471683273e-06	0.0162173162915954
AT4G30170.1	28.6434535637585	56.816633842365	0.470273285152096	0.00827703532132592	-6.91667017069628	0.000109416341494232	0.00692640900658049	-0.0129616489176895
AT4G31840.1	2065.91313519472	4085.42623418857	46.4000362008588	0.0113574529415227	-6.46021686203119	7.60521990651048e-08	1.52926432928928e-05	0.200347750732292
AT4G32105.1	23.8008953103962	47.6017906207924	0	0	-Inf	6.50422202770824e-05	0.00449169090383175	0.319957264082249
AT4G32280.1.DE	385.099820327232	11.7461316357113	758.453509018752	64.5704928687205	6.0128031341539	7.09410370959193e-07	9.60408188842626e-05	0.412095238870108
AT4G32510.1	654.533952796116	1303.36698331819	5.70092227404467	0.00437399623207497	-7.83683230706737	2.1273749532513e-09	8.31104612093762e-07	0.111727933417891
AT4G33070.1	113.461413869561	222.162452035382	4.76037570374048	0.0214274539199916	-5.54439575530973	9.12273135829303e-06	0.000860273567087032	0.0210751858578222
AT4G33130.1	248.633122680713	465.931647615338	31.3345977460879	0.0672514904416988	-3.89428994843973	0.000342894819435558	0.0183147355998129	0.186276376166754
AT4G33150.1	3668.86999925978	6765.43359517886	572.306403340709	0.0845927160897038	-3.56332274526719	0.000699808950329023	0.0335116613015852	0.318625442143793
AT4G33465.1	68.7987749600736	137.597549920147	0	0	-Inf	1.45552632061883e-07	2.56801795419117e-05	0.253182867321691
AT4G34400.1	610.116487360836	1205.20926959166	15.0237051300113	0.0124656402079462	-6.32589921138887	1.52858597066094e-07	2.66256309169839e-05	0.00910184890136388
AT4G34420.1	154.38024348621	298.422821364026	10.3376656083942	0.0346410021899229	-4.85137552086722	3.91136129630087e-05	0.00295480655718066	0.29526233795676
AT4G35720.1	37.3144933709989	73.2181668865415	1.41081985545629	0.0192687131547897	-5.69759596412942	0.000159684075413506	0.00955553700291717	0.00647036682762015
AT4G37050.1	217.227189254422	432.441306333893	2.01307217495129	0.00465513387705145	-7.74696162579727	2.08170607169681e-08	5.1286861209633e-06	0.0768933414042428
AT4G37810.1	199.816670539726	393.387809338132	6.24553174132016	0.015876271691866	-5.97698403316121	1.66419040350605e-06	0.000197015649197748	0.126518015709718
AT4G37900.1	9616.78461461378	19121.8687635126	111.700465714941	0.00584150362584236	-7.41944451241768	2.48433659100508e-09	9.30673325400217e-07	0.312939940176538
AT4G38000.1	74.7379119958116	139.682767850504	9.7930561411187	0.0701092646703545	-3.8342510863263	0.00111409302194259	0.0492995175907186	0.0061349056179184
AT4G38390.1	103.650747700296	207.301495400591	0	0	-Inf	1.54119208709873e-08	4.05883920553772e-06	0.093066417053606
AT4G38560.2	268.495002896724	16.5623361837165	520.427669609732	31.4223587685291	4.97371957774516	1.4862177248688e-05	0.00130686804250762	0.169562778388384
AT4G38660.1.DE	1720.95173144203	3317.12480709199	124.77865579206	0.0376165091905147	-4.7324902167032	2.43449866418645e-05	0.00199928633542063	0.137143125929399
AT4G39130.1	68.0751884884939	136.150376976988	0	0	-Inf	1.86484661446399e-07	3.18737252285916e-05	0.259547899980345
AT4G39590.1	47.4134610835472	94.2906593647708	0.536262802323548	0.00568733749383355	-7.4580308664748	6.51081225367115e-06	0.000642784053072725	0.107411854785731
AT5G01120.1	38.8887696170417	76.3667193786272	1.41081985545629	0.0184742760581534	-5.7583383584358	0.000124351905498483	0.00767641435590749	0.127758917090751
AT5G01190.1	117.432165504007	219.08135452931	15.782976478705	0.0720416235905346	-3.79502549437704	0.00108953315057438	0.0483692582285026	0.322058910224294
AT5G01420.1	64.2570350001082	127.573523429912	0.940546570304193	0.00737258441263418	-7.08361384909884	3.27598294310924e-06	0.000365666553245749	0.449830460299049
AT5G01910.1	186.31775766529	367.330530159564	5.30498517101596	0.0144419936146107	-6.11358628000219	1.26522968002714e-06	0.000157991945478092	0.202779602528427
AT5G02390.1	88.7112854038628	172.662195103985	4.76037570374048	0.0275704574523309	-5.18073298485919	3.49804071740748e-05	0.00271702539134698	-0.00375465490622262
AT5G03670.1	367.15449388588	716.578928635275	17.7300591364848	0.0247426465222076	-5.33685636770377	5.43390214538789e-06	0.000554481052126577	0.10642583995541
AT5G04180.1	838.79428709675	1658.72834660015	18.8602275933514	0.01137029317188	-6.4585867365855	1.07985650377938e-07	2.05075248672603e-05	0.040334967070726
AT5G07030.1	4243.61647950986	8291.93835044969	195.294608570019	0.0235523469080577	-5.40798536331605	5.19750377177258e-06	0.00053636277602515	0.428332016523729
AT5G07100.1	348.138783955881	7.8843554703209	688.393212441441	87.3112856254086	6.44809623973291	9.11589141645327e-05	0.0059819685114009	0.720949035549811
AT5G07230.1	1269.11010505669	2538.22021011339	0	0	-Inf	1.65104439686767e-14	4.06025177180936e-10	0.125444274315404
AT5G07430.1	3948.69522012328	7864.36437124642	33.0260690001338	0.00419945814322684	-7.89558109593997	6.34407210710426e-10	3.09805964130322e-07	0.00716482640954827
AT5G07530.1	38059.5219148808	76082.5445725438	36.499257217809	0.000479732341010327	-11.0254826778828	7.8585264406915e-08	1.5546864980524e-05	0.808242001771629
AT5G07540.1	3619.09848073793	7233.0982915213	5.09866995454967	0.000704908152641362	-10.4702770885077	1.81344047595294e-05	0.00155461306256693	1.13828716811551
AT5G07572.1	17.1990477936481	34.3980955872962	0	0	-Inf	0.000403441745007646	0.0211764326309484	0.13108968125384
AT5G08760.1	1015.70337616254	88.9790988143894	1942.4276535107	21.8301565130773	4.44825056877223	0.000304222075483376	0.0164418203522606	0.51775942845476
AT5G09730.1	1438.10889028301	2864.19699036854	12.0207901974882	0.00419691461094004	-7.89645517374385	1.10670232877377e-09	4.88144977177035e-07	0.0144148492791143
AT5G10090.1	77.8931221362001	153.641193063106	2.14505120929419	0.0139614329108545	-6.16240917177333	6.50000239511554e-06	0.000642784053072725	0.0791728593926113
AT5G10260.1	215.076980091478	401.681951670097	28.4720085128597	0.0708819711577279	-3.81843746539735	0.000571623871173849	0.0283191992844044	0.0455556640301262
AT5G10400.1	2468.3027827433	4763.08385373288	173.521711753728	0.0364305389286264	-4.77870785228652	1.64950531404e-05	0.00143203243882704	0.293318211631602
AT5G10500.1	137.385310358026	274.3003474309	0.470273285152096	0.00171444655304553	-9.18804135493392	1.54455071117371e-08	4.05883920553772e-06	-0.00176497321273604
AT5G10510.3	210.215385802603	390.770951783261	29.6598198219458	0.0759007794376601	-3.71974148878388	0.000672522118290351	0.0324937497683502	-0.0045802773803975
AT5G11130.1	256.626669231426	513.253338462851	0	0	-Inf	7.74999146989631e-11	6.05540047792155e-08	0.196587497286313
AT5G12180.1	331.084254682675	653.843915931908	8.3245934334429	0.0127317747104491	-6.29542265604149	4.04678748508955e-07	5.98202688404021e-05	0.161540034057507
AT5G12870.1	86.1184004998787	164.720775102276	7.51602589748161	0.0456288886014219	-4.45390867578393	0.000224638465584994	0.0127983085799017	0.0253515516032985
AT5G13170.1	187.277621786863	360.859675452096	13.6955681216303	0.0379526144185329	-4.71965691866004	5.16680086125552e-05	0.00367959643626965	-0.00186113747133422
AT5G13670.1	143.287781280997	286.575562561994	0	0	-Inf	2.21241700811857e-09	8.52154477760824e-07	-0.002505031256536
AT5G13700.1	158.357501403221	295.305440235816	21.4095625706263	0.0724997228413052	-3.78588070990562	0.000767878876650906	0.0356141318196736	0.302795390207217
AT5G13840.1	782.603998136132	1500.83898286109	64.3690134111737	0.0428886870252166	-4.5432590391359	4.36151992391536e-05	0.0032411544934596	0.142566935514778
AT5G14870.1	184.554581943359	355.817879533069	13.2912843536497	0.0373541778482056	-4.74258658066081	0.000174076267927211	0.0102375563419472	0.495603047057694
AT5G14890.1	272.082636114552	514.241494338473	29.9237778906316	0.0581901270513496	-4.10308179372584	0.000187777957645596	0.0109725722387481	0.037142212056084
AT5G15140.1	1068.45130894771	2129.04829774713	7.8543201482908	0.00368912257960607	-8.08250655796286	7.51831550739988e-10	3.60707674001517e-07	0.0300501517686716
AT5G15480.1	35.6457033555142	70.2848706235526	1.00653608747564	0.0143208072881954	-6.12574336771388	8.65499601784936e-05	0.00582975803202282	0.389878631849001
AT5G16250.1	2017.96598019761	3967.77572070798	68.1562396872462	0.0171774425987679	-5.86334092772874	5.51299273507481e-07	7.60271944410141e-05	0.0456921401009737
AT5G16490.1	240.870311325645	447.691324233777	34.0492984175134	0.0760553009951414	-3.71680738360173	0.000755555838909678	0.0352143982944475	0.00762459717659212
AT5G17340.1.DE	430.947459313971	861.894918627942	0	0	-Inf	5.26836525251686e-12	8.00411025336547e-09	0.0347679421913836
AT5G17470.1	21.6975355689702	43.3950711379403	0	0	-Inf	0.000104167861421494	0.00668703874716804	0.613982704744482
AT5G18510.1	33.1039191145326	66.2078382290653	0	0	-Inf	1.17011599252435e-05	0.00106309508463666	0.0265622565217703
AT5G20330.1	230.331662548368	459.722778526431	0.940546570304193	0.00204589942947566	-8.93304905656947	3.16165356507964e-09	1.13765447426622e-06	0.167216827150293
AT5G21080.1	318.836598571208	637.673197142416	0	0	-Inf	2.75318739765807e-11	2.59625571599156e-08	0.0973220945506959
AT5G22540.1	51.2763961550652	4.66318042125899	97.8896118888714	20.9920275532557	4.39176961357829	0.000754261696985257	0.0352143982944475	0.105433228630234
AT5G22880.1	5584.51371768526	10716.8582416729	452.169193697663	0.0421923275927443	-4.56687551193817	3.01070770117376e-05	0.00239645679931762	0.309812802798867
AT5G23010.1.DE	6045.85877527822	261.667242398588	11830.0503081579	45.2102838693794	5.49857907106361	1.29829332071203e-06	0.000160653517834896	0.0935586991539546
AT5G23530.1	1296.96722706189	2536.35558192119	57.578872202578	0.0227014195537064	-5.46107367555988	1.93197543403054e-06	0.000223871746586582	-0.000260506013699202
AT5G24160.1	409.717731582656	63.3964500416473	756.039013123664	11.9255733188057	3.57598671997061	0.000709157554684062	0.0336689785554601	0.183352677822721
AT5G24200.1	103.745977584945	7.61981372262933	199.872141447261	26.2305810513032	4.71317786095571	0.00010229942578747	0.00659807169106117	0.0442873087840457
AT5G24780.1	74663.5722709327	149153.136647299	174.00789456634	0.00116663919028276	-9.74342584090529	9.58993309527138e-13	2.0191014346721e-09	0.000530133197511298
AT5G24910.1	98.7314758264186	194.979606192734	2.48334546010339	0.0127364369463781	-6.2948944536832	3.50792316725723e-06	0.000379174604169895	0.421509391061117
AT5G25320.1	186.98890067243	373.97780134486	0	0	-Inf	5.09977437660649e-10	2.68783287984152e-07	0.0164523842794689
AT5G25400.1	192.112070233424	381.138542687251	3.08559777959838	0.00809573799029379	-6.94862168512153	1.41402134914732e-07	2.52015672175338e-05	0.0175736655934067
AT5G26060.1	255.851318827987	510.696101568499	1.00653608747564	0.00197091006644514	-8.98692233763318	1.46412667071139e-09	6.06658667635523e-07	0.310606847526346
AT5G26700.1	819.158317845737	1609.39939388832	28.9172418031559	0.0179677225634413	-5.79844863316119	5.3979785058329e-05	0.00383424722594837	0.601179342213822
AT5G27200.1	51.4626939467615	102.455114608371	0.470273285152096	0.00459004205841446	-7.76727691159207	3.99793180601913e-06	0.000423765275578315	0.199546470579614
AT5G36260.1	335.064223318031	664.757471947875	5.37097468818741	0.0080796003276945	-6.95150035548629	6.21348107546964e-08	1.29709974786922e-05	0.0104612267304807
AT5G37170.1	27.8636754002117	55.7273508004233	0	0	-Inf	3.05830277489712e-05	0.00241024224740955	0.0028619974409725
AT5G37870.1	18.3726219117567	36.7452438235134	0	0	-Inf	0.000266351170756072	0.0147447479082314	0.00667358639241997
AT5G37920.1	19.80684827116	39.6136965423199	0	0	-Inf	0.000180445421654391	0.0105666829678429	0.0200894323871397
AT5G38250.1	148.162462793393	0.536862508176985	295.788063078609	550.956825208397	9.10579545866513	3.88242614586431e-05	0.00294107223853051	0.881777569162955
AT5G38435.1	170.050037505799	339.159528441294	0.940546570304193	0.00277316864611396	-8.49424893027027	1.44273552225887e-08	3.86808709090327e-06	0.123125139584144
AT5G38740.1	32.5501928598522	65.1003857197044	0	0	-Inf	0.000409294259554693	0.0213667437874699	0.924731748211809
AT5G39030.1	940.938323935575	109.421380630916	1772.45526724023	16.1984363295399	4.01778264821341	0.0001672230122868	0.00989837168183359	0.317222913667961
AT5G39220.1	544.877329450293	1082.56858058896	7.18607831162435	0.00663798898330749	-7.23503804960274	1.55840902688215e-08	4.05883920553772e-06	0.243363381564312
AT5G39650.1	92.9994995589828	185.528725832814	0.470273285152096	0.00253477343220627	-8.6239274852995	1.36581147588587e-07	2.47560626286103e-05	0.0922581173406001
AT5G39670.1.DE	299.85426355289	28.8531093403987	570.855417765381	19.7848838761408	4.30632669258072	0.000109089268229388	0.00692172672452221	0.0116892223138469
AT5G39870.1	381.712994538481	763.425989076962	0	0	-Inf	8.868029351482e-12	1.05440868989121e-08	0.197443421708666
AT5G40350.1	347.078442434828	691.805518443896	2.35136642576048	0.00339888359238518	-8.20072333248079	3.65380579886996e-09	1.28103368181662e-06	0.0707779457403611
AT5G40940.1	92.4914424500679	183.910359295489	1.0725256046471	0.0058317846191789	-7.42184684596095	4.4884674511805e-07	6.49450367129276e-05	0.0688296892616771
AT5G42250.1	826.178627699319	83.3070369209588	1569.05021847768	18.8345459935922	4.23530935245261	9.12158872729797e-05	0.0059819685114009	0.00257678150985969
AT5G42610.1	57.9251212171171	0	115.850242434234	Inf	Inf	4.51622168851043e-07	6.50026918503657e-05	0.451728476622192
AT5G42630.1	95.7437436745898	184.309755702507	7.17773164667241	0.0389438509063944	-4.68246063984938	9.64119781509443e-05	0.00627756753927113	0.312967149880027
AT5G43300.1	231.369279954236	458.37412130776	4.36443860071177	0.00952156414995648	-6.71458569368926	2.1998458227783e-07	3.64601113427383e-05	0.0208286224084492
AT5G43440.1	1975.41857482604	324.713581551811	3626.12356810027	11.1671447519102	3.48118845538845	0.00109354242942393	0.0484685653443373	0.428211844360146
AT5G44300.1	790.41375989391	1579.75499418317	1.0725256046471	0.000678918951733813	-10.5244730214429	3.85638754125645e-12	6.2035664759259e-09	0.0923986077218233
AT5G44568.1.DE	245.702684588812	17.5634386430943	473.841930534531	26.9788815370069	4.75375863463164	0.000194075525571907	0.0112923051017339	0.52608570181274
AT5G44620.1	2236.97648023724	4472.47615110184	1.47680937262774	0.000330199496371582	-11.5643744597307	6.08820066160117e-14	5.01622993035628e-10	0.391684019341523
AT5G44630.1.DE	1862.6952887103	3722.30497964099	3.08559777959838	0.000828948137370513	-10.2364305363313	9.598244286663e-13	2.0191014346721e-09	0.266653791064614
AT5G45276.1	69.4256353060832	136.23594611772	2.61532449444629	0.0191970222909188	-5.7029736423327	1.98292427982586e-05	0.00166340583682202	0.100761176325409
AT5G45380.1	3724.00517172574	207.265211778454	7240.74513167302	34.9346861904287	5.12658827584584	4.62631770213525e-05	0.0034101323504122	0.509643718750966
AT5G46200.1	183.098697613563	365.190859139649	1.00653608747564	0.00275619189879762	-8.50310794603729	9.31261714920186e-09	2.65283480395024e-06	0.249584463432448
AT5G46260.1	726.679400769734	98.8760496580913	1354.48275188138	13.6987951740094	3.77597710683829	0.000361754338874104	0.0191722788860274	0.0699566698823119
AT5G46350.1	64.1026971544199	3.76581657003274	124.439577738807	33.044513832421	5.04633886514528	0.000113038048975571	0.00710171977745624	0.0864210854406273
AT5G46650.1	75.4684559686208	149.328123530271	1.60878840697064	0.0107735125101503	-6.53636749840657	3.33220609628412e-06	0.000367719569732923	0.146803632581152
AT5G46780.1	479.733835553747	62.8336390532572	896.634032054237	14.2699682139094	3.83491021612806	0.000401144275916116	0.0210963317566885	0.00882917918199718
AT5G46930.1	40.5629296976219	81.1258593952439	0	0	-Inf	3.224878872485e-06	0.00036143755133544	0.271507981747058
AT5G46970.1.DE	75.4447127681036	150.889425536207	0	0	-Inf	4.88826089654099e-07	6.92638708485526e-05	0.545686795807886
AT5G47150.1	79.23098273811	157.925702673897	0.536262802323548	0.00339566513394521	-8.20209009120604	3.4264018454228e-07	5.17689565009819e-05	0.103011960683859
AT5G47220.1.DE	746.088891543951	100.541090272179	1391.63669281572	13.841472069264	3.79092547963155	0.000378084706441628	0.0199989989691667	0.000237006829959291
AT5G47500.1	2802.56726316675	5553.6934630303	51.441063303189	0.00926249596698497	-6.75438327541226	3.33889481033043e-08	7.42347612830131e-06	0.130211190102799
AT5G49150.1	136.562651439189	269.165148045646	3.96015483273113	0.0147127325416571	-6.08679097185719	2.37437370580608e-06	0.000270549990552828	-0.0029884226749917
AT5G50030.1	1098.47910270943	2188.69960150259	8.25860391627145	0.00377329255718863	-8.04996032274824	8.02659002001047e-10	3.78453719443494e-07	0.000516424186351054
AT5G50830.2	522.754645348784	1037.58898103211	7.92030966546225	0.00763337873690968	-7.03346251095275	2.96088773783203e-08	6.74761641387437e-06	0.0938566034618505
AT5G52340.1	202.371545454308	389.2407658285	15.5023250801153	0.0398270850359637	-4.65010629777169	5.44846019546701e-05	0.00384065180549639	-0.00373194657150386
AT5G52620.1	15.7764899534357	31.5529799068713	0	0	-Inf	0.000553436259248164	0.0276182871928094	0.189584808485901
AT5G52750.1	562.390140295773	54.9985691015309	1069.78171149002	19.4510826184428	4.28177855060226	8.91655258386819e-05	0.00593287015841955	0.0790905110754967
AT5G52900.1	974.698314000835	147.196231523151	1802.20039647852	12.2435226624336	3.61394679968654	0.000645403999036228	0.0315739949224396	0.117537238609534
AT5G53190.1	829.518386382894	1656.48743778851	2.54933497727484	0.0015390004892994	-9.34379059431519	3.51950578863962e-11	3.10477176780412e-08	0.0265725382842654
AT5G53390.1	538.369191155262	1076.73838231052	0	0	-Inf	1.53497853248334e-12	2.99836128055872e-09	-0.000726593044529159
AT5G53680.1	18.1923712402321	36.3847424804642	0	0	-Inf	0.000282669745618618	0.0154603390668647	-0.0257276329757389
AT5G54330.1	22.7193912812484	45.4387825624967	0	0	-Inf	8.75640998238428e-05	0.00586915548500644	0.0193455385564754
AT5G55330.1	79.3221799876495	157.637823887823	1.00653608747564	0.0063851178774956	-7.2910710304806	1.09025387390765e-06	0.000138675221812802	0.0175297476520432
AT5G55720.1	1837.34519279465	3671.13451452455	3.55587106475048	0.00096860277134547	-10.0118072487959	1.76942996263893e-12	3.22590674588578e-09	0.206203156161287
AT5G56490.1	204.152239004304	402.999492837592	5.30498517101596	0.013163751481826	-6.2472854945506	8.84730672993468e-07	0.000115764257006471	0.0248876229700294
AT5G56580.1	278.015242397434	541.328380585763	14.702104209106	0.0271593079845491	-5.20240946939599	8.6997356294697e-06	0.00082608218839968	0.230401987964387
AT5G56870.1	2030.27311764442	3841.38532628784	219.160909001005	0.0570525709829774	-4.13156428904837	0.000132114800706011	0.00808264755012815	0.354384222648567
AT5G56880.1	21.4213253020878	42.8426506041757	0	0	-Inf	0.000118362119020805	0.00737323204752155	0.0731520706065523
AT5G57123.1	729.164802868055	1454.83972418853	3.48988154757903	0.00239880826015085	-8.70346643890427	1.05041805896823e-06	0.000134862829383118	0.700537438630458
AT5G57810.1	344.805334925153	687.663587192526	1.94708265777984	0.00283144650093958	-8.46424501373058	1.75542966833445e-09	6.99837207556874e-07	0.0480126900895932
AT5G58080.1	42.6195806295022	83.8283414035481	1.41081985545629	0.0168298672243153	-5.89283239489994	9.11204432852805e-05	0.0059819685114009	0.472757570081923
AT5G58460.1	177.185025785678	353.833788769032	0.536262802323548	0.00151557827246848	-9.3659159222224	3.81501646575864e-09	1.30361565362228e-06	0.00206759065436653
AT5G59040.1	93.5981889443665	187.196377888733	0	0	-Inf	2.59639060776654e-08	6.01724525005014e-06	-0.00688491321979567
AT5G59305.1	48.6599576115586	97.3199152231173	0	0	-Inf	1.19741848436803e-06	0.000151275935115953	-0.00999717302380522
AT5G59310.1	4194.78958257321	8088.74172830052	300.837436845891	0.0371921180019056	-4.74885928146347	1.47012976115434e-05	0.0012976476858153	0.00974856307408384
AT5G60150.1	325.844917603567	646.384850036118	5.30498517101596	0.00820716198827918	-6.92890085599239	7.1907041690893e-08	1.46749393217974e-05	0.00959116027610278
AT5G61160.1.DE	53.7100467348009	0.536862508176985	106.883230961425	199.088648086763	7.63726715158736	3.02328443984561e-05	0.00239645679931762	0.640647068178542
AT5G61610.1	262.118456213598	508.883259711328	15.3536527158685	0.0301712670300417	-5.05068090662867	1.1228727723865e-05	0.00103415006905086	-0.00110431470482325
AT5G61620.1	58.0706095302436	116.141219060487	0	0	-Inf	4.22127944997976e-07	6.17322615607467e-05	0.000406928673347633
AT5G62230.1	1428.4293464716	2794.18949745103	62.6691954921758	0.0224283984852656	-5.47852958227317	1.66312941378096e-06	0.000197015649197748	0.0275170375868427
AT5G62250.1	51.0563299142289	99.5633248511829	2.54933497727484	0.0256051611482975	-5.28742155093325	0.000105476626317433	0.00673070332648061	0.000676602350229478
AT5G62850.1	558.218500740328	1048.28989226081	68.1471092198503	0.065007885436041	-3.9432414625648	0.000227765347603771	0.0128958570619468	0.0186620774890261
AT5G64690.1	142.885820400075	274.699743837918	11.0718969622321	0.0403054506259928	-4.63288123788607	7.34126393139973e-05	0.00501903861829971	0.065581519939601
AT5G64770.1.DE	2224.04562283842	118.809973575784	4329.28127210105	36.4387024237453	5.18739968080673	4.07260481272567e-06	0.000430013605457949	0.102874614876259
AT5G65158.1	24.9666904157109	49.9333808314219	0	0	-Inf	4.99565398879229e-05	0.00362443672453592	0.349229617005212
AT5G65350.1.DE	117.077790063755	222.209126112145	11.9464540153648	0.0537622114104156	-4.21726370781089	0.000268724890490866	0.0147957928573243	0.184995553455392
AT5G65360.1	3599.76097519274	6708.12288927113	491.399061114357	0.0732543319831384	-3.77094211220851	0.000355993768381111	0.0189036147260548	0.407952354580203
AT5G65420.3	129.812174933881	246.399055031284	13.2252948364782	0.0536742920332996	-4.21962493278772	0.000258349849781119	0.0143308181378586	0.135124155877905
AT5G65690.1	1008.04316498138	2011.72189136204	4.36443860071177	0.00216950395551783	-8.84841906813142	1.103251247407e-10	8.08545087524341e-08	0.153004991772753
AT5G66640.2	476.801656629105	13.1725789823207	940.430734275889	71.3930609592902	6.15771195336989	3.19749692334919e-05	0.00251269966559857	0.607736454210656
AT5G66750.1	553.454499307162	1075.02144473601	31.8875538783153	0.0296622490969432	-5.07522819757932	8.99361776865826e-06	0.000851032751278538	0.0145594913805013
