logFC	logCPM	pvalue	padj	dispersion
AT1G01100.1	-2.72560569942014	7.74095614051643	0.000389775735376968	0.0183415982877905	0.242342758883906
AT1G01280.1	-9.54658061806007	4.7661783150379	7.17354264941077e-18	6.12889550109032e-15	0.247233181895358
AT1G01390.1	3.72538029831084	3.64027896587435	2.59574286968855e-05	0.00178759723066209	0.288925556610289
AT1G01460.1	-7.38690265137738	1.91366847065878	3.53368201289516e-06	0.000313671643612187	0.57998538868849
AT1G01600.1	-5.36558123241373	6.30729261298227	1.15513507187179e-09	2.25581377606962e-07	0.249311493958274
AT1G02813.1	-10.0702561748183	4.96973138324361	4.27846077677525e-18	4.03355578058742e-15	0.258251014847676
AT1G02820.1	3.03559074573699	4.6075963888108	0.00119042353398466	0.0461507701029776	0.344736145810851
AT1G02930.1	4.27329531332109	6.01874070528941	1.59894692525484e-06	0.000158669628600731	0.281355446713729
AT1G02980.1	-5.760586518554	1.02636444979841	0.000182280528216768	0.00991699704644426	0.634264858047604
AT1G03110.1	-2.87370634205999	3.68795153210795	0.000720090090575638	0.0306655188104952	0.287369748853005
AT1G04470.1	-7.03505485877348	3.88184041012866	7.20589386847508e-10	1.49249347245537e-07	0.340260983855711
AT1G04610.1	-9.02756601959896	-0.0817832679579337	0.000192920674967911	0.0103827780583124	0.811254195618995
AT1G04820.1	-2.79816677386688	8.42966173730881	0.000430605563692184	0.0200558025746922	0.257341794055356
AT1G04880.1	-7.41452146055978	3.28970428836746	2.00779478928109e-10	4.81518504727587e-08	0.33109293461508
AT1G05020.1	-4.56155466181399	1.47455269950602	0.000716982904064279	0.0305808308847385	0.576484575425776
AT1G05260.1	-6.02631097011013	2.47361308547189	4.93185538794447e-06	0.000421365394707505	0.48456186119937
AT1G05290.1	-9.43423543412793	0.305836168579923	8.10522894276977e-05	0.00485958244068696	0.789943984743897
AT1G05450.2	-8.27692892018311	2.26890906911728	1.6749854940926e-07	2.1000394084864e-05	0.518211152126233
AT1G06170.1	-7.36950744215955	3.40236544566915	1.90750790368082e-10	4.61515629085253e-08	0.329569958969179
AT1G06265.1	-3.88025975661972	4.45031122223174	1.30033833483378e-06	0.000131671296571687	0.235919750934559
AT1G06520.1	-5.52656363463924	4.18266816127522	1.80336787216833e-09	3.40028121552291e-07	0.260678106347509
AT1G07240.1	2.65215730898046	4.49158059856962	0.000593276331740646	0.0261194442991776	0.243987123678757
AT1G07340.1	-9.65649441271142	4.17368268453956	1.48000178824758e-16	9.63410687873542e-14	0.261126881383134
AT1G07370.1	-5.38738483815462	4.03272306366131	2.02093157714369e-07	2.4888409603202e-05	0.336109407876989
AT1G07410.1	-3.82080714120702	2.66590185620461	0.000588545568361801	0.0259948882698088	0.442564126774719
AT1G07620.1	5.8770399641012	4.34466572897366	1.09832794621334e-10	2.9153675776187e-08	0.24821236355344
AT1G08320.1	-6.87332528091237	3.06686215423982	4.37215733217329e-09	7.51791078374955e-07	0.353742967508042
AT1G08930.1.DE	4.86065339270364	6.30932853140822	2.32363505163264e-08	3.49464214001912e-06	0.254702505725386
AT1G09155.1	-9.76437311346457	0.62227067781164	2.38134265180161e-05	0.00166511273913699	0.728966704150512
AT1G09200.1	-4.20099142941646	6.39486119862196	3.94812650054726e-05	0.00260220421133076	0.370205553276638
AT1G09380.1.DE	-9.9392972583978	3.09018568397993	2.11613246328992e-11	6.28859364634201e-09	0.379555074086959
AT1G09580.1	-2.99227466891294	3.84970989451776	0.000328677494852632	0.0161040191922418	0.274216398725462
AT1G09930.1	-5.02149938248689	1.62160425569404	0.000218146467832071	0.0114036795994815	0.558177061949435
AT1G10060.2	-2.51641008861266	6.37010341220513	0.00102492196845554	0.0406106762573541	0.244743646333792
AT1G10340.1	4.76192974326499	3.26669021021686	6.48220644091855e-06	0.000535418501796716	0.364305368074776
AT1G10770.1	-7.45971625284503	5.37944052328174	3.29322619562631e-15	1.69880762619667e-12	0.231963754756419
AT1G10900.1	2.73185138421384	5.40346344023743	0.000341909489073092	0.016515557299043	0.237934570632033
AT1G11210.1	6.62639221557609	5.41344340204597	7.67381394295220e-09	1.26386791084526e-06	0.368697167782799
AT1G11765.1	-7.72923121036576	2.9420052158672	3.36149713916265e-09	5.96774881718876e-07	0.394583635110019
AT1G11770.1	-9.00338173020407	3.53986422638451	2.71677517915839e-11	7.81859298928321e-09	0.37231249974575
AT1G12000.1.DE	-2.66137999649195	6.26164997684651	0.000427878121903912	0.0199627779058924	0.235436240579814
AT1G12110.1	3.89526642712061	6.77983322905258	1.53140656432929e-06	0.000153365038347116	0.243009321262482
AT1G13260.1	4.47907800224608	6.008570258399	2.3363804629922e-08	3.49464214001912e-06	0.224806989553959
AT1G13680.1	-8.26003694762628	-0.79231712352995	0.00116678925639455	0.0454416214669902	0.898304505074184
AT1G13790.1	-3.96670756400074	3.35201743815663	2.57303393855225e-05	0.00177643302727319	0.317475514487106
AT1G14440.1	-3.95671578140039	4.50117596222308	7.95664766981872e-07	8.4315793524358e-05	0.234228208210833
AT1G15125.1.DE	8.43792225582519	7.58902860193442	2.53291785409007e-11	7.36701852455560e-09	0.385372149366423
AT1G15890.1	4.63566618487272	2.75687997271779	5.37362905049142e-05	0.00339295654134955	0.430851609568942
AT1G16330.1	-5.09101981821206	2.5891322605024	0.000227521474406593	0.0117588603218833	0.586556629625647
AT1G16420.1	10.1221357450172	0.969240090268305	6.80166685383768e-06	0.000560113168023862	0.683858579381125
AT1G16630.1.DE	-5.81713774091578	3.82575486629109	1.29639072256416e-08	2.03697254913242e-06	0.310384101539984
AT1G18390.2	5.42773563811146	2.956540231306	2.08305707660571e-06	0.000199827299910176	0.398896506630093
AT1G18570.1	6.34036338185263	3.97785984431546	1.62543413068878e-10	4.00354676874156e-08	0.276493694248271
AT1G19780.1	-6.48646055436148	1.73588796953414	8.75205352325595e-06	0.000699652465864964	0.542143172469267
AT1G19790.1	-5.25215341395582	1.4990522009259	0.00018029077682441	0.00983862243189497	0.579525527035126
AT1G20135.1	-11.9375831852611	2.75652291108652	1.2839226562698e-10	3.25022642800151e-08	0.430031966243401
AT1G20150.1	-9.86746910063032	5.0753403316985	3.32195287061929e-19	5.34248185192538e-16	0.238557421452156
AT1G21240.1	7.70505782695078	4.16329179468102	2.40382433693429e-11	7.06672659911652e-09	0.3266052156581
AT1G21250.1.DE	2.54504500895557	7.91453256939587	0.00127608293290096	0.0486584482364186	0.259376989545741
AT1G21810.1	-4.47785954949008	2.77130021225821	4.07813876693933e-05	0.00268019985307984	0.399763024779381
AT1G22015.1	-9.61039911039297	4.1277171896537	4.23517722603847e-16	2.41228636166441e-13	0.267969126219745
AT1G22090.1	-7.29520604113886	0.502762515467654	0.000143026445014133	0.00806256290038434	0.754152643661229
AT1G22240.1	-7.06536044557903	1.10930143496971	5.12222656365676e-05	0.00327200173482186	0.687698444546286
AT1G22350.1.DE	4.36247941139992	3.62914868363346	5.08678188815395e-06	0.000429236471673238	0.315800673430524
AT1G22470.1	-8.98904396031352	-0.117691945106972	0.000207851689893102	0.0110129170575144	0.813584458604311
AT1G22760.1	-10.0165876871615	5.22406346773374	3.19205607072431e-19	5.34248185192538e-16	0.243689797082029
AT1G23310.1	2.61125786411159	11.2400897390012	0.000667143203228259	0.0288602771776276	0.243999928157683
AT1G23540.1	-4.9099489113417	1.98721235389122	0.00091437605993106	0.0368174395854421	0.681115818689813
AT1G23570.2	-10.7542753687259	5.65251714368393	2.18424933459024e-20	7.88858897936755e-17	0.248023519486585
AT1G23660.1	-13.0196489134655	3.83255592357137	2.91820092070933e-16	1.69752368451474e-13	0.29597763612898
AT1G23690.1	-11.9066723201535	2.72580148423823	1.32193162422205e-10	3.31574409231474e-08	0.428376966273698
AT1G23790.1	-6.18919250926198	2.73976043516705	3.30412680150294e-06	0.000296179759846198	0.488080494007488
AT1G23800.1	-3.56364373677825	5.01446164465788	4.6757672312038e-06	0.000400738169595962	0.229970542659821
AT1G24220.1	-9.66161864688658	0.523148743390661	3.3009250702563e-05	0.00223579880736691	0.741166061209044
AT1G24320.1	-5.16483032933394	0.470696480439014	0.00112528167615755	0.0441394562785474	0.702413014071112
AT1G24400.1	-2.86176412400587	5.20040456149401	0.000157448492454902	0.00876709120919961	0.23187418073144
AT1G24540.1	-10.0950302156426	0.94315885349773	7.78667904902269e-06	0.000631714555490446	0.690010584195645
AT1G24620.1	-8.88283753345649	2.87987483028111	4.01547180437478e-10	8.61109836492703e-08	0.397940981522422
AT1G25240.1	-6.65441978799166	2.54625501989963	3.14546241613528e-07	3.73899749813646e-05	0.440198942197028
AT1G25430.1	7.34673813585241	2.55409082672873	1.44657476658973e-07	1.85047408382524e-05	0.464321789339326
AT1G25510.1	-7.0932513738592	5.46632381460607	7.64229685629144e-13	2.71351163702608e-10	0.262811008438723
AT1G26610.1	-5.76660577464785	2.82424809895055	2.74057073831295e-06	0.000253009236395111	0.442381178927043
AT1G26770.2.DE	-3.23656393434647	4.60239411551649	0.000182452432858868	0.00991699704644426	0.290564323113419
AT1G26780.2	-9.15063779226126	3.13596978728032	4.24016770644943e-11	1.20756442806591e-08	0.371747054644208
AT1G26910.1	-2.69395248445745	3.92139344343965	0.000939827265416913	0.0376206111808176	0.268984981511637
AT1G27260.1	-8.55897327007998	-0.517471264744495	0.000800730883294507	0.0333211299075674	0.912082094279025
AT1G27710.1	-10.1729972029599	6.04330600202528	5.02449462419437e-20	1.24881530023158e-16	0.246462475899184
AT1G28290.1	-8.32475768755656	7.95260852489072	8.58869304635774e-12	2.7304054405514e-09	0.36323690309197
AT1G28306.1	-9.6708390229509	2.8123470060606	3.98149946963911e-10	8.61109836492703e-08	0.420198336634148
AT1G28370.1	4.65692696168184	2.29034277654077	0.000214504549606346	0.0112779892043029	0.509229518628025
AT1G28600.1	2.44210566021998	5.62399781590722	0.000998343421901919	0.0397882057650123	0.230878884706191
AT1G30080.1	-7.10583999889425	1.64925235036082	5.82066992686182e-06	0.00048665784648441	0.572411854121821
AT1G30250.1	6.32608495233977	3.7862123638592	3.93810652465655e-06	0.000342891185936656	0.522483619506386
AT1G30260.1	3.33971780797344	3.86225060249052	6.09869834403587e-05	0.00378950938013502	0.26586978479147
AT1G30710.1	-6.98898505029597	1.93107460363086	9.20246921549258e-06	0.000727154648414934	0.602130166844818
AT1G31760.1	-4.03803390345899	2.11113983229453	0.00105834094623191	0.0417610817107143	0.51800069340894
AT1G31820.1	4.13329841362224	3.63337721041972	7.50803636268284e-06	0.000612745415390295	0.300935961655718
AT1G31990.1	-5.7752705081582	1.28329507083382	0.000110244480774725	0.00637227083378646	0.605444024072126
AT1G32780.1	-5.900313505956	4.23157462668226	2.80532115855142e-10	6.44516642645343e-08	0.259642191036604
AT1G33720.1.DE	3.30522478309851	3.58502752515156	0.000287391589070144	0.0144701400463679	0.317394613652433
AT1G33740.1	-8.60439600342357	-0.477122695021557	0.000545745410517357	0.0243404233663043	0.860940940507555
AT1G35780.1	-2.45653114301176	5.4300010320546	0.000921044471082968	0.0369561266868929	0.230122093690557
AT1G43630.1	-7.44849078683001	1.46763855483515	5.15087461925777e-06	0.000433307421816946	0.58394908417503
AT1G44542.1	-7.02810737297538	3.35942116103735	8.6260322510904e-10	1.73408618930009e-07	0.33693217672051
AT1G47280.1	-10.3796548082359	1.22039490713151	2.04226394190637e-06	0.000197998213374895	0.638609076081784
AT1G47610.1	-11.9934329917975	2.8118798626284	5.65167110025527e-11	1.5607746250604e-08	0.415615626989673
AT1G47880.1	8.36461120098808	-0.698899190962612	0.00109581821438631	0.0431074388220457	0.916343790821268
AT1G47980.1	-9.02200129307809	6.97921666146691	1.99569280194139e-18	2.09854773865683e-15	0.243353495676923
AT1G48820.1	-8.78037777804662	-0.313355536688795	0.000362281430843244	0.0173160390196753	0.839779337610167
AT1G49270.1	-8.0886724830958	1.25041199347551	3.63977906657104e-05	0.00243321862356277	0.756866990324686
AT1G49290.1.DE	-6.06914454043858	1.9627695788805	1.02029821848043e-05	0.000794728014052849	0.513377464412343
AT1G50490.1	-4.91326605486649	4.57538288701703	2.33913500959582e-08	3.49464214001912e-06	0.256521616927954
AT1G50580.1	-8.49685844062448	-0.575220114153481	0.000813911558935577	0.0337668315952939	0.898948261414544
AT1G51260.1	-10.7133791272153	1.54744529831995	4.73724506383319e-07	5.32988806770368e-05	0.598144363006046
AT1G51800.1.DE	3.77422007944724	3.51839318102975	3.70248720320866e-05	0.00246892683257865	0.306184591959264
AT1G52680.1	-11.1462629167886	4.29009444523324	3.29131049867101e-17	2.57098368667615e-14	0.276979551306282
AT1G54070.1	-6.93762089102148	2.42173990981501	2.34354448164601e-07	2.82257736247585e-05	0.448603058314208
AT1G54620.1	-10.7541842921697	1.58775795729929	6.79130528258522e-07	7.28134456572078e-05	0.622192293330998
AT1G54860.1	-12.8181997092202	3.63190253154822	1.08312119137188e-14	5.10560920208743e-12	0.326325893805648
AT1G54870.1	-12.0096898490688	2.82802296415557	4.5666424564933e-11	1.28713406969615e-08	0.412239891022825
AT1G56120.1	5.07566134315363	6.1485965637684	1.85998769804728e-09	3.48301805922005e-07	0.235260241720489
AT1G56430.1	5.80829811848926	2.82187107060268	8.67058057885606e-07	9.08251620788984e-05	0.401796020903647
AT1G56510.1	3.17270160277838	6.00912046547969	3.72018995806124e-05	0.00247469570446215	0.233753165039412
AT1G56600.1	8.58752510040485	7.31170497405537	1.1529325302598e-13	4.84941159650813e-11	0.319260185592039
AT1G59590.1	3.87273803306445	2.0744169634472	0.00116149725277715	0.0453000497730775	0.493145965463313
AT1G60190.1	3.00677864972118	5.27759668739771	0.000388508553379997	0.0183349632033149	0.285281223751404
AT1G61110.1	-10.2621386242916	5.93013572120142	2.3082923129093e-20	7.88858897936755e-17	0.242216201686301
AT1G61590.1	-9.58130442889483	2.7233568612228	9.76250696887206e-10	1.9482258432771e-07	0.434733650114375
AT1G62180.1.DE	3.11011507715106	8.57880962203156	7.54139668052387e-05	0.0045818174499005	0.245299625391127
AT1G62360.1	-7.67577120009363	4.42411228554792	3.3584306740064e-14	1.48095959076347e-11	0.2521539565518
AT1G63860.1	2.66496628080623	3.95230699686702	0.000807132381337374	0.0335364731090635	0.257384563763172
AT1G64450.1.DE	-3.04434960742448	3.56717722411243	0.00052513898323065	0.0236528827043262	0.301920293055133
AT1G64500.1	2.9558371942512	6.28311705052312	0.000198907236362531	0.0106421210218231	0.253535935392737
AT1G64680.1	2.58183676351373	6.5453439319894	0.000573456635855231	0.0254517928965617	0.233352446629814
AT1G64760.1	-2.93844947837125	3.83633056960295	0.000388964105995707	0.0183349632033149	0.272004733921275
AT1G65060.1	-3.54356096216092	5.78159195422116	5.95410991874075e-05	0.00371656084882128	0.295498430802478
AT1G65200.1	-6.1509887578388	0.205499969024273	0.000846307766167624	0.0348990261342728	0.803709451464556
AT1G65486.1	4.69097116457806	2.22464476115637	9.99935067267515e-05	0.00586657183242357	0.467414807821696
AT1G65490.1	4.11053296726291	5.92284062837227	2.00129460812545e-06	0.000194716706712277	0.269708835241806
AT1G65790.1	3.81340651030761	5.10815417791198	4.54271983401297e-05	0.00294307962705959	0.321589205309344
AT1G65860.1	4.36094813444878	4.33291293143892	1.06957511277317e-06	0.000109112625310516	0.278456875261613
AT1G66140.1	4.87866508477413	3.46602825765514	6.45684894773843e-07	6.97748024629125e-05	0.312257492700179
AT1G66760.2	-4.3502875289932	2.97395389170636	0.000876051522352479	0.035641739019519	0.575123706061826
AT1G66920.2	6.08519600836285	4.16611480326751	6.89125834315068e-11	1.8471274813896e-08	0.252626299397851
AT1G67630.1	-4.18099306090455	3.56149663300639	1.10537795135661e-05	0.000853701502544906	0.318307660734908
AT1G68540.1	-3.31703567821488	5.78678664096035	2.49858771177196e-05	0.00172940222885685	0.240934907256915
AT1G68840.1	6.75303325209943	4.90296810639871	7.42696883359787e-13	2.67175431461271e-10	0.244037852452803
AT1G69180.1	-12.5959725780702	3.41067912808078	3.79625441073563e-13	1.46182528999313e-10	0.363225025928224
AT1G69560.1	-7.61694070284877	1.63222845222373	2.43103833844938e-06	0.00022998127395573	0.564857236805767
AT1G69720.1.DE	3.24238855630296	4.20730419094765	5.66286426638685e-05	0.0035509795652068	0.251573726821411
AT1G69940.1.DE	-9.96722459827817	7.65737818015299	4.68981513451501e-21	2.56439091555281e-17	0.238771069293135
AT1G70250.1	2.89214822879595	5.21580245931673	0.000251883248528332	0.0128479254006802	0.251321478332346
AT1G70720.1	-10.7924934037015	3.93818555168468	2.12089958341744e-14	9.5058023951857e-12	0.326450653711562
AT1G70810.1	2.89847844437837	4.92956658137306	0.000198630101764089	0.0106421210218231	0.244092945717566
AT1G71030.1	3.2301755688756	6.11261354128057	0.000113826627144164	0.00655162102341355	0.274178691153239
AT1G71790.1	-2.91211316101121	3.81694496722404	0.000527380367524935	0.0237064287943043	0.280892740072595
AT1G71830.1	-3.54924724588209	4.08538466246754	1.52244563363754e-05	0.00112801256432656	0.253916750248984
AT1G72230.1	-3.70111388328321	4.54869630551585	0.000190216753946942	0.010277719472153	0.363637333872003
AT1G72250.2	-4.43997079012115	4.37044884828114	7.67386683735518e-08	1.02703602443065e-05	0.237003455398705
AT1G72280.1	-2.70125549075794	4.66449303930587	0.00036788743053306	0.0174825085742828	0.23514358885907
AT1G72290.1	-11.8095424113727	6.32858791387783	3.30922288423431e-23	9.04741536549661e-19	0.239446326332143
AT1G72430.1	2.61830651854583	4.19686468270246	0.00124104458175785	0.0474547676437198	0.268780562825151
AT1G72900.1	2.96751542475104	4.11461557176031	0.000325547931790608	0.0160236757001714	0.270367488877811
AT1G72970.1	-4.50026319465224	8.05172163049462	3.85067912782906e-06	0.000336350055446794	0.329274664742618
AT1G73870.1	4.61309209223448	5.72843494482318	7.46120576199463e-07	7.9373293981686e-05	0.297853719385395
AT1G74540.1	-9.07918522137548	6.31335087316018	3.2045856704187e-18	3.24493971219434e-15	0.24518687848053
AT1G75030.1	-5.42926130112425	5.49142247115426	7.10628050890416e-07	7.58928551224374e-05	0.37728300667109
AT1G75050.1	-4.9358501185097	3.01123036489706	6.10919082672084e-06	0.000506137203644084	0.380766166169689
AT1G75780.1	-3.03921780504178	4.08052783457426	0.000753500690480962	0.0317912174039344	0.319405378331602
AT1G75910.1	-10.7937167576715	8.4889559889469	6.15111856080227e-22	4.20428953630835e-18	0.253041142032633
AT1G76590.1	3.55897689452754	3.98963226140054	0.000330014123365503	0.0161117609514515	0.365927291474741
AT1G76740.1	-5.13430641270804	3.44845310899878	6.52540053081596e-07	7.02379726427198e-05	0.336791116096459
AT1G77270.1	-3.50802980971536	5.12872540456706	4.65826148906169e-06	0.000400738169595962	0.224038930822448
AT1G77590.1	-2.55975305730382	6.69812786200008	0.00114490640991151	0.0447167732099724	0.25702242596663
AT1G77920.1	3.17092723329565	5.20085773619103	8.00247880446278e-05	0.00481911388797384	0.253753587366825
AT1G78050.1	-3.02445093475923	4.02421520234987	0.000301734778523485	0.015108844038154	0.276349163999151
AT1G78160.1	-10.2439421754937	3.39240393508578	4.79186220680036e-13	1.79465085936879e-10	0.337442552367097
AT1G79530.1	-3.08937053997621	5.68131421855557	7.10136003911686e-05	0.00434342692325403	0.23986614146289
AT2G01029.1	4.68125661815767	2.66580457427821	0.00118541798037144	0.0460359766809024	0.672546027384971
AT2G01810.1	-8.89817826842143	-0.204239659025766	0.000292477388957355	0.0146991393641436	0.83834540120219
AT2G02080.1	2.45190612159057	5.43236175133602	0.000848877325639375	0.0349522681972598	0.226315597329371
AT2G02100.1	-5.54851129049286	7.22427829481373	1.49210323591952e-07	1.89740011488556e-05	0.349406005863475
AT2G03090.1	-6.67623893033393	5.50175751458957	5.75724987293596e-13	2.12707042602796e-10	0.240470986511318
AT2G05850.1	-6.21346369649509	1.69897479595792	3.64003810181848e-05	0.00243321862356277	0.595040312941775
AT2G06950.1	-4.40630955738091	6.63209706538275	7.71090585893143e-08	1.02703602443065e-05	0.236832458473839
AT2G07170.1	-6.29526313558346	3.59772956744157	3.09008713582755e-09	5.52176354859642e-07	0.316185445643393
AT2G07560.1	-9.76794330002822	6.61060554850697	3.37157722087971e-20	1.02421023576502e-16	0.238869855432764
AT2G07690.1	-4.30795872974102	4.52244851421027	1.02565727369249e-06	0.000106217688874063	0.272577348738915
AT2G10970.1	-10.3584001508607	1.19987905704478	2.53590437239622e-06	0.000237295845061162	0.649285187653261
AT2G11570.1	-9.27455769307097	0.152375778874404	0.000105374096985598	0.00614270322299842	0.788601661361997
AT2G12505.1	9.0255068857695	-0.0841489262855922	0.000262383583474085	0.0132598284143835	0.851382180193394
AT2G13350.1	-7.76542994001619	3.64701936296141	1.27752773491163e-11	3.88084536360934e-09	0.312507333087533
AT2G13570.1	-6.06680498311173	3.91577601731581	3.27786546709567e-10	7.34564277626193e-08	0.270311109353665
AT2G16440.1	-4.65160363263398	4.53406075336051	1.90509722995442e-07	2.35680354149113e-05	0.270642765644603
AT2G17620.1	-7.33138531991231	1.85932479195066	5.07104054667824e-06	0.000429232967635242	0.592925825446884
AT2G18130.1	-11.0232276521787	1.85219365438802	9.71240771225985e-08	1.28278853552263e-05	0.557978460903658
AT2G18340.1	-7.24325263772532	1.79434560997127	2.41673856523799e-06	0.000229422334630578	0.545069763114238
AT2G18460.1	-6.11233622439299	0.68873545755308	0.000230511815771347	0.0118909302701672	0.684793369965812
AT2G18690.1	5.5278223663619	3.24213530096437	1.09922192439123e-07	1.43352586308439e-05	0.327588926138843
AT2G19000.1	-7.08294159839244	4.32289516947378	2.7811620864186e-13	1.10198509337224e-10	0.246657150120152
AT2G19030.1	-9.12369424426217	0.0098882487322441	0.000158893446084069	0.0088295666990619	0.807248938569822
AT2G19100.1	-8.64534516914159	-0.44211263360634	0.000969626181530547	0.0387264043709385	0.968939926304155
AT2G19130.1	3.42499009246303	5.11142053095474	6.8130953339758e-05	0.00418584329058199	0.283095067294378
AT2G19610.2	-8.80437924161323	-0.290877623655552	0.000345017014379828	0.0166362701466393	0.838837740938967
AT2G20470.1	-7.3675847648824	3.80743609050834	3.94038455453359e-12	1.28532030488344e-09	0.281423131066879
AT2G21050.1.DE	-2.64533433376099	4.58200529514816	0.00114327123505562	0.0447167732099724	0.270344890256606
AT2G21460.1	4.94029138968282	2.66973408299653	0.000590633352008418	0.0260450255546938	0.647161669294053
AT2G21490.1	-9.09791741236091	5.28710428322881	2.68306214487268e-16	1.59467215306129e-13	0.269764263746397
AT2G22055.1	-6.70808921130349	3.0221389628389	4.44001470536263e-08	6.32239593982366e-06	0.394459443073379
AT2G23900.1	-8.51631902763986	3.97808059766331	1.87903957270664e-14	8.56215698629994e-12	0.270397888143884
AT2G23910.1	-5.81577216034337	2.40849236121287	4.67547052722716e-06	0.000400738169595962	0.461860781008243
AT2G24165.1	6.22634185757423	0.282481257734238	0.000659740702250558	0.0286306520627464	0.790046794981091
AT2G24370.1	-7.29320382818849	2.98161555117554	2.87881347146772e-09	5.17807633617944e-07	0.368232516307364
AT2G24700.1	-7.01828302183129	3.06500865911645	4.28222117842569e-09	7.50486711654861e-07	0.36239592537195
AT2G25200.1	4.70419607997732	2.15313467124869	0.000162801916975774	0.00902840651139485	0.493922202827761
AT2G25600.1	-7.13165594385053	3.00495417268812	6.47404436516883e-09	1.07927056672998e-06	0.376679858240619
AT2G26010.1.Hnull	-5.28537491427789	5.10608149102232	0.000598888728810255	0.0262951768465827	0.73150969226097
AT2G26610.1	-7.75679767422842	1.76909763386996	1.5524424137824e-06	0.000154904290484711	0.559274816227494
AT2G26650.1	3.43577523844238	3.44541314678825	0.000315296201279186	0.0156730875326781	0.341656660072577
AT2G26960.1	-5.97842588040361	0.585034441340851	0.00064778151409305	0.0282461668186667	0.778472798073006
AT2G27120.1	-7.9425819524695	1.95154323095903	4.66848198473821e-07	5.27422716788193e-05	0.52554015130438
AT2G27180.1	-4.08728107805016	3.69362860251369	1.13878874458954e-05	0.00087211440552039	0.308405166210094
AT2G27740.1	-3.99813444133819	3.06591393321856	0.000151569585649684	0.00847425863325634	0.394507571238747
AT2G27970.1	-3.2219839861552	4.27084396435475	6.44111006595392e-05	0.00398416174667829	0.252878040976331
AT2G28056.1	4.74525893237362	1.73180363530819	0.000319207681238682	0.015752956687844	0.545149722459774
AT2G28180.1	-6.94091735701783	1.86554873055465	4.95478346161014e-06	0.000422005544674209	0.558307911216633
AT2G28340.1	-8.21357905061148	-0.835656580095327	0.00120282748845196	0.0463327740540513	0.893390487188662
AT2G29050.1	-3.12569805588283	4.5195748033708	8.98617094064388e-05	0.00535254713545106	0.250606013868607
AT2G29120.1	7.92945211009008	5.96152416350926	4.32671196769559e-16	2.41412867748566e-13	0.237463004896721
AT2G29550.1.DE	-3.4278700588568	7.25639146971451	6.47259866073048e-05	0.0039946015210919	0.283215718654618
AT2G29720.1	3.2345684775123	4.10198335282701	0.000326681988606526	0.0160349830673293	0.312840745466646
AT2G29830.1	-8.50946854131147	-0.564091721875341	0.00072310243796058	0.0307459108146847	0.883158485789155
AT2G30370.1	-5.98518323603775	2.76980593506525	4.59873437626226e-07	5.23872491029209e-05	0.400195478437237
AT2G31270.1	-4.33388133927145	4.21687235785854	3.62818137360692e-06	0.000319982189530365	0.304713652057265
AT2G31430.1	-5.65834460465675	0.270896085096712	0.000912846251901444	0.0368100538746099	0.747676251879804
AT2G31880.1.DE	3.46129661656357	7.04868541926438	2.14071492294016e-05	0.00153212424065927	0.255134178068486
AT2G32280.1	-4.20811357668151	1.89800704927852	0.000727637226251174	0.0308906859715949	0.523250988301685
AT2G32360.1	-8.60820923673321	-0.472717496310847	0.000601230751162954	0.0263423857961461	0.876085779875002
AT2G32765.1	-4.37554122971616	4.02131359300744	1.05439119884756e-06	0.000108281401004417	0.279244103957058
AT2G32885.1	-9.1341246410646	3.13858135726491	4.89772807526609e-11	1.36636617936505e-08	0.374536485023854
AT2G33000.1	-4.5262039697653	1.05338225779001	0.00124883351330125	0.0476859053822014	0.616551167572218
AT2G33050.1	3.32362930051206	4.37905123514511	5.29587594403649e-05	0.00335160297013791	0.260653085587478
AT2G33100.1.DE	-5.08291163861865	2.91049321130789	2.40798906057812e-05	0.00167517610473806	0.45506822595464
AT2G33190.1.DE	-8.97814741959847	-0.127663549979853	0.00021878356115321	0.0114151575609328	0.817717716991566
AT2G33400.1	-4.14115410091614	3.24535469758604	3.92694468322075e-05	0.00259958033024831	0.354094073079709
AT2G33420.1	-7.19032203863117	3.74303474609232	6.42416823951427e-11	1.73897781849822e-08	0.30860073782843
AT2G33793.1	-5.37251842772361	2.6250009414326	1.44369929160009e-05	0.0010784354817581	0.462113632946522
AT2G34220.1	-4.85165348438833	1.11893380472614	0.000797011382734974	0.0332169073231314	0.635026944455682
AT2G34270.1	-8.28852710979767	-0.766103940888286	0.00114246320286253	0.0447167732099724	0.904594485510685
AT2G34700.1	-9.80626712625333	0.663294198670146	2.16555572851088e-05	0.00154585623022161	0.727103566393265
AT2G36120.1	4.72465929964634	3.22862384521337	0.000521158793396293	0.0235512089445531	0.603735189816679
AT2G37390.1	-4.68089844373264	1.68817139915551	0.000346841723399964	0.0166948111228081	0.542749727783194
AT2G37600.1	-2.52542052436049	5.39882420713618	0.000704967086293609	0.0301624415324996	0.231395481877121
AT2G37710.1	2.58599167352742	7.47944116952579	0.00073562058179872	0.0310848017100108	0.243440303852202
AT2G38160.1	-5.54333453938195	2.51226352931266	4.2459635565514e-06	0.00036852267820989	0.43002187399277
AT2G38540.1	-3.31787055752603	10.5675299714692	7.41090026495965e-05	0.00451256154218255	0.27279840213587
AT2G38790.1	5.45110104230645	3.83610509867309	1.18471861894883e-08	1.88315157221285e-06	0.283170919235769
AT2G38905.1	-5.62234498974979	1.6720154272395	0.000510603204002609	0.0232277730406511	0.734374165702242
AT2G39030.1.DE	4.10567646818147	2.76105340659377	0.000212546733170055	0.0111965851346229	0.425263061570122
AT2G39400.1	5.54308299539283	4.26365175276281	4.60258939765834e-09	7.81582572248316e-07	0.275339190371604
AT2G39510.1	-9.62257287344229	5.30116972465204	1.81883102442735e-19	3.82514155444952e-16	0.232764217819763
AT2G39855.1	-9.4385099937361	0.309010985785929	6.66180561309446e-05	0.00410211183472979	0.770607699913325
AT2G40000.1.DE	2.71113770817305	6.70896091902619	0.000479053780948281	0.0220493777291684	0.247321330678217
AT2G40250.1	-9.84571778006435	0.701683810206324	2.22456404950655e-05	0.0015838432581643	0.73571012861856
AT2G40990.1	-6.78409072167882	1.3466813073464	2.28574658824654e-05	0.00161062659079021	0.612515753570052
AT2G41180.1	3.76342245071045	4.52625123114003	2.56046537992882e-06	0.000238105862201544	0.237552753152182
AT2G41445.1	-10.504821958154	1.34271829963755	1.30597957111685e-06	0.000131754544185737	0.627952403832425
AT2G41470.1	-5.07132440281158	0.83209576496978	0.000729217321313378	0.030909769867764	0.653454621230619
AT2G41540.1	-4.31018332789332	6.48727630471006	1.72206410343119e-07	2.14005602671857e-05	0.241600390628688
AT2G41650.1	-3.69855711786375	5.54877891966692	3.04844907177918e-06	0.000277815325408143	0.235812615418577
AT2G41860.1	-5.33303364962103	1.80564097781008	9.44869707363975e-05	0.00557942501065466	0.548663752494933
AT2G42140.1	-5.93872806273095	1.20611172158233	0.000100522201313557	0.00588496142165448	0.618505921778438
AT2G42740.1	-3.11685707825583	3.8795207577965	0.000164532879876802	0.00910592901990235	0.267718449859465
AT2G42835.1	-11.109087827645	1.93663419872211	6.29423748381564e-08	8.64745994007637e-06	0.548714043629572
AT2G43000.1	4.16497297050707	1.64170465716352	0.00123091580966593	0.0471994926174845	0.559724997897143
AT2G43060.1	4.57503341680395	3.59333308280926	9.52392375231849e-07	9.9383234881064e-05	0.295000562400087
AT2G43230.2	-5.87008359611338	3.84323108411017	2.40838391810539e-09	4.44900110277037e-07	0.285850787288953
AT2G43360.1	-2.46808740422416	5.94089714272289	0.000901983196745472	0.03642573205173	0.23145673695451
AT2G43386.1	-9.26225164615803	0.14113785643337	0.000108123337776681	0.00626290689579333	0.789685161330907
AT2G45650.1	-8.63533712481481	3.55402760189121	1.73124047617215e-12	5.99140691374008e-10	0.317351272036139
AT2G46360.1	-6.61106494520803	0.671798021945722	0.000212097978829792	0.0111945149444141	0.740684693858918
AT2G46430.1	3.77220533913068	5.86970243163151	1.86595750991841e-05	0.00135319040639707	0.288389525267919
AT2G46450.1	2.51092183856394	6.65482214818609	0.000786724417319208	0.0328635527102346	0.233559423554504
AT2G47010.1	-2.77162429661592	4.27897721747333	0.000584762505240235	0.0258695904421813	0.262690526002994
AT2G47130.1	3.02780008053667	3.97743286545154	0.000331847908162602	0.0161436331123942	0.28067952998371
AT2G47230.2	-3.46293262034797	3.58355214261296	8.80472641142818e-05	0.00525592183599228	0.293618624121842
AT2G47340.1	-8.23415669314521	1.41039076681588	9.30499114603262e-06	0.000733136766376172	0.673417259372327
AT2G47750.1	-3.6119958789303	3.29572994121041	0.000634837373267646	0.0277259645129991	0.409792529925738
AT2G47880.1	2.67146669591489	5.23973443768667	0.000650172435538413	0.0283052776872933	0.251726815666693
AT2G48150.1	-4.29587975732015	1.79634568445426	0.000669924298921437	0.0289348030529417	0.527646208816051
AT3G01020.1	-10.5878494182471	1.42432306870201	8.57511245585188e-07	9.01706055934578e-05	0.61467696863744
AT3G01250.1	-10.2556469269244	4.77094618620055	8.50596829736728e-19	1.01110075326096e-15	0.246958903887204
AT3G01420.1	-7.27905358747199	0.486118624396659	0.000215066011648367	0.0112858056784383	0.79654840208314
AT3G01620.1	-4.41578590971227	2.19345937042428	0.000224598259938786	0.0116518338268053	0.476750819748371
AT3G02310.1	-8.30472717785734	6.4441911008212	2.26901970101503e-16	1.37855552501669e-13	0.248446230987025
AT3G02440.1	-10.7221397904824	1.55608082221491	4.6613898170213e-07	5.27422716788193e-05	0.598124292588305
AT3G02550.1	-4.08202795491385	3.67194385189948	2.66700054739699e-05	0.00182746353297829	0.33506400060829
AT3G02640.1	-6.24217825437625	5.23305542331127	2.41568518391894e-10	5.69352008002964e-08	0.283543717037088
AT3G02820.1	-4.37757358862166	2.26289837468095	0.00069461374476989	0.0297660498150608	0.549290048473107
AT3G02930.1	-3.09991968243015	4.19287161831416	9.07111264671991e-05	0.00537970107942131	0.246594457932619
AT3G02970.1	-6.97927830459855	2.67199124109201	7.34311907543012e-08	9.93865720407225e-06	0.421677495902139
AT3G03080.1	-6.68291621099032	1.91963110772526	3.68484506752285e-06	0.00032393461140217	0.522425675569312
AT3G03800.1	-9.21823086180344	2.36354547873224	1.39622110736477e-08	2.18129629002016e-06	0.47868167249899
AT3G04140.1	3.08941572060253	5.17340552547507	4.1296835610116e-05	0.002707567111704	0.225182892110346
AT3G04290.1	-5.02274372288483	7.8985166415935	5.97396472819419e-07	6.53312782675316e-05	0.334212541851954
AT3G05020.1	-4.49858423171966	6.48500186320644	2.62017659643812e-08	3.85137785734506e-06	0.228411757907825
AT3G05470.1	-4.5798117581024	3.87628178230941	3.53072859894719e-06	0.000313671643612187	0.330921765060126
AT3G05820.1	-5.03060637572503	3.51330257810054	2.30531014835153e-07	2.80120797581915e-05	0.303948601507728
AT3G05980.1	-7.48206553841749	2.39771891432358	1.15683093810396e-07	1.49894586956219e-05	0.461752022098068
AT3G06030.1	-4.58640458423634	3.90449009946884	2.25889223503342e-07	2.75705864758097e-05	0.265999454485161
AT3G07195.1	5.27885244820209	2.25336189228695	1.95723932301638e-05	0.00140497431969019	0.461698021944089
AT3G07850.1	-8.96997303134054	8.59052277181729	1.57658674500323e-18	1.72415526433553e-15	0.243697149165878
AT3G08770.2.DE	-8.83043951204291	9.06855335555447	2.02770591219883e-17	1.63051410704459e-14	0.255954054415611
AT3G10430.1	-9.23685232667076	0.117346163686318	0.000124575755781603	0.00711044084148023	0.800354027189266
AT3G10460.1	-11.6868983632222	2.50798850903316	1.01624024985342e-09	2.01333394427481e-07	0.462737902963734
AT3G10570.1	-4.82872843500708	6.7631756196454	8.31383998633636e-09	1.35354610574216e-06	0.237629800275115
AT3G11010.1	3.26654043975062	6.66698682393604	9.60387560838602e-05	0.00565883532614814	0.273795180998802
AT3G11160.1	-7.37547797544133	0.561502736330995	0.000107327250606219	0.00622999369760943	0.735343937800222
AT3G11280.1	2.57504498650837	4.92411547077528	0.000472425721419506	0.0217809767683125	0.224396508457719
AT3G11740.1	-7.19525697073803	0.407459984895631	0.000199572146936746	0.0106568408149427	0.771537483472828
AT3G12000.1	-11.2530059844222	5.23242825902971	1.07623391283843e-20	4.90403919616713e-17	0.244050376308695
AT3G12110.1	-3.07273097188725	5.08399114451167	0.00051017038091639	0.0232277730406511	0.307988711149186
AT3G12145.1	-6.73783311559089	8.77805209415065	9.35960740172356e-12	2.90785984503548e-09	0.276578819939537
AT3G12420.1	-6.55012714647195	-0.201367993812018	0.000896166258715901	0.0363519072897518	0.824430530579781
AT3G13450.1.DE	-2.76371255113952	5.02353532199442	0.00022672513243826	0.0117398960622387	0.229050385928562
AT3G13650.1	-4.33472192876606	2.35997189415325	0.000240112383278094	0.0123164588345649	0.466274545564452
AT3G14040.1	-9.34959911837034	8.4065369397206	5.10304510893644e-19	7.73901426758423e-16	0.248830507390605
AT3G14395.1	-5.16260153993551	3.4148218594207	5.25786863278452e-07	5.84350115529791e-05	0.334173273906789
AT3G14520.1	-7.52733370956241	0.725138273962244	6.257207025826e-05	0.00387918458245086	0.714478808511353
AT3G14890.1	-3.87169458322636	4.44862252704605	9.10175091836317e-06	0.000721280782921881	0.278693750265036
AT3G15536.1	8.64533801363512	3.5473250380296	1.04527105947643e-12	3.66380907257508e-10	0.31034575225903
AT3G15720.1.DE	-5.21743027978176	1.56498106980831	0.000457464076790129	0.0211268038166252	0.650949737248311
AT3G16030.1	2.92899564695331	3.84046844985915	0.00101832014359231	0.0404076527225165	0.314416075294237
AT3G16220.1	2.47416125496426	5.11814281560964	0.000754733407324825	0.0317941623363031	0.225171780298765
AT3G16360.2	5.88505225667898	3.67378815769454	4.49040928408943e-09	7.67298686418781e-07	0.295004981292639
AT3G16530.1	6.57323485449925	4.54784296358091	1.97583383706189e-12	6.75241213815902e-10	0.24351233556239
AT3G16660.1.DE	8.41402050925754	4.44360946262218	7.38458581977526e-16	4.03789152625311e-13	0.246255987053178
AT3G16670.1	10.672320310018	4.65118701423094	4.08734382394537e-08	5.8506795888307e-06	0.689191627895815
AT3G17060.1.DE	-7.04378105569127	4.04959502099165	1.61437296200247e-11	4.85021503089534e-09	0.285480372587403
AT3G17220.1	-4.56041862116718	2.05354799396626	0.000316662820208258	0.0157124528212228	0.52109232077666
AT3G17680.2	-5.92178103017575	3.81658467611542	1.16390194862401e-09	2.2568141330057e-07	0.278395783996533
AT3G17760.1	-8.31733529114551	4.96878777983025	2.19902181038616e-16	1.36639218854449e-13	0.239852851408015
AT3G18010.1	-4.71779177292594	1.7815886942631	0.000447762411406219	0.0207137467476244	0.568064448239984
AT3G18220.1	-7.68624701903663	2.21903914128751	1.6821822621014e-07	2.1000394084864e-05	0.481556589004061
AT3G18730.1	-4.32913436647412	2.94569239261966	4.56708420254217e-05	0.00295186955313246	0.383664939942346
AT3G19050.1	-5.53690777400974	5.1785485797936	1.80011200001625e-09	3.40028121552291e-07	0.265055554866229
AT3G19590.1	-2.66628454769169	4.23729765196117	0.000550960593936106	0.0245330010394351	0.243010154308065
AT3G19820.1	-2.64614252486557	8.46537011800291	0.000772875492464408	0.0323589830995052	0.25549098757256
AT3G20220.1	-8.43626695432377	2.9603890492796	4.09562534639245e-10	8.68018581165656e-08	0.383427831386058
AT3G20520.1	-9.42795822052666	3.94600864387998	3.4507225977163e-15	1.7470880707697e-12	0.2787319868535
AT3G20940.1	-5.71240723129771	1.77750220179896	5.20321830334467e-05	0.00331599040590777	0.560248471224764
AT3G21090.1	-4.07105026055484	2.43895875753354	0.000384425742994555	0.0181837367015071	0.453422260138061
AT3G21420.1	-3.3518640430873	2.78598084928363	0.0010392562454433	0.0411190531843991	0.391166864972133
AT3G21933.1	-9.01618508199986	-0.0916469768427036	0.000210852732656996	0.0111503166554009	0.820174139844732
AT3G21940.1	-8.96978343942636	-0.135926250966064	0.000215598548860006	0.0112920772525528	0.813397191371781
AT3G21965.1	-8.33634621451502	-0.723071743083644	0.00101756573414638	0.0404076527225165	0.893571639386156
AT3G21980.1	-9.95132226701861	0.803752497281174	1.37837999528238e-05	0.00104101958759724	0.712615468813408
AT3G21985.1	-8.938674989138	-0.164654921730322	0.00025274073009364	0.0128676565377283	0.826550555058748
AT3G22030.1	-8.24257041942259	-0.808207095558795	0.00119512601437118	0.0461507701029776	0.897494323471986
AT3G22060.1.DE	3.42207170574624	4.06463001039171	5.28568648839476e-05	0.00335160297013791	0.272467278817635
AT3G23060.1	-9.02150547759383	-0.0867715355837685	0.000203944964531358	0.0108479675686524	0.81592777737061
AT3G23550.1	7.52582099859549	3.35808698697991	2.53175331064841e-10	5.91607995838698e-08	0.339764605918663
AT3G23570.1	2.51669186823323	5.42650398280848	0.000758238173352143	0.0318926640914578	0.232726762536954
AT3G23860.1	-8.65807898815113	-0.427217033174925	0.000482673518014247	0.0221777704838528	0.856152267034787
AT3G24190.1	2.80624748045177	7.27372179722616	0.000397571273158802	0.018676286268319	0.25550166174415
AT3G25170.1	-7.25305700986843	2.18952048027788	4.84043539261507e-07	5.42366818172524e-05	0.491610540318117
AT3G25610.1	3.89738042989537	4.52782791676647	3.10454450409446e-06	0.000281837368758521	0.255571680408205
AT3G25760.1.DE	2.81164402290893	5.21638140209401	0.000201948427383079	0.0107627095607279	0.232273473395377
AT3G25980.1	-5.6586924240943	4.11091857586378	1.56849236336953e-08	2.43177876744887e-06	0.303727161828173
AT3G26050.1.DE	-5.1102400302074	2.76515037121569	2.39631679148356e-05	0.001671308700999	0.453297074462727
AT3G26500.1	5.89014604389926	2.23714672146486	8.12145449964422e-06	0.000654986920413785	0.49002000297016
AT3G26830.1.DE	4.4120750653129	2.26520611298313	0.00023115788406868	0.0119018014132537	0.475974549722287
AT3G26934.1	-6.06882664904236	2.39941631966133	2.52133563437453e-06	0.00023688424826048	0.459561446912238
AT3G27060.1.DE	-3.38992685281617	5.74975219422651	6.917175823545e-05	0.00424025979855875	0.279481222711039
AT3G27280.2	-2.61991078052019	4.53691675065248	0.000525002712877542	0.0236528827043262	0.234621177960102
AT3G27415.1	-9.95096777935567	0.802619412026803	1.44904278530278e-05	0.00107947764986861	0.716706950248538
AT3G27503.1	-10.3576925080955	1.19919520073556	2.57039646373805e-06	0.000238219116334232	0.650148894438543
AT3G27810.1	-9.80866057027163	5.027405138865	9.43217437432321e-19	1.07448186414165e-15	0.243474111734114
AT3G28230.2	-8.65991093841003	-0.425109057637909	0.000503653207107317	0.0230265529804583	0.86259288147709
AT3G28490.1	-5.88656743204032	0.474323086949903	0.000500405922848675	0.0229164119441922	0.722399397981706
AT3G28500.1	-5.47604747937979	6.47304816765682	7.58467964943333e-10	1.55913640312412e-07	0.251219840238853
AT3G28780.1	-10.8415483086074	7.68593418823849	2.25863470483341e-22	3.08755364150728e-18	0.245103019838702
AT3G28810.1	-6.92560621825314	4.10182847189812	3.087077002448e-12	1.02927664935278e-09	0.261920838737394
AT3G28900.1	-2.78765037564665	5.87381201916351	0.000242358432638833	0.012408388667314	0.235341233519233
AT3G43960.1	-6.24681954269946	4.15052238582661	3.70248550951686e-06	0.00032444215971215	0.519047034788618
AT3G44042.1	-5.77145238359239	0.377432872223116	0.000689005601485746	0.0295720771501104	0.738574605440955
AT3G44590.2	-2.44057147012093	4.67777577035237	0.00121268856736258	0.0465658784152992	0.237311172046697
AT3G44770.1	-5.92008291333612	0.876730089057479	0.000246137553895059	0.0125783191093288	0.676062240059478
AT3G44860.1.DE	4.38142491748867	6.29406803413441	4.9565953599213e-08	6.89049595084884e-06	0.22799722343734
AT3G45480.1	-8.93680027849968	-0.166363899964309	0.000256448953383954	0.0130080044258206	0.828481629909293
AT3G45780.1	3.24875685254377	8.75218454232849	5.48807255073185e-05	0.00345723280039191	0.2544127167526
AT3G45860.1	8.85094740597099	7.65294959331283	6.35450731251962e-15	3.10236124864797e-12	0.300925310042093
AT3G46900.1.DE	4.1870598660877	3.24425753625479	3.47031557251264e-05	0.00233256758687044	0.357299593555065
AT3G47090.1	3.77244614818912	3.39942392575228	0.000174161285806468	0.00956138464648362	0.367708673959097
AT3G47340.1	-6.21001695070279	6.75570472345432	1.94165316911258e-06	0.000189588563012635	0.494342102287108
AT3G48290.2	-3.9949560150147	3.83466947109375	1.39284540799294e-05	0.00104616465534415	0.303827840946532
AT3G49270.3	-10.3773714073951	1.21822636867977	2.07825066766403e-06	0.000199827299910176	0.639690112909583
AT3G49540.1	-8.37452626919863	6.65962182221804	5.82507000966036e-17	3.98143535160286e-14	0.24248491617695
AT3G50410.1	-3.97696283890778	2.51679991257405	0.000310497942883233	0.0154626844415803	0.426679498929217
AT3G50740.1.DE	6.62972951441927	6.17781454268265	9.61928476329178e-12	2.95495781380222e-09	0.268705042645763
AT3G50840.1	4.66781643053762	3.85363431703371	2.04174589925776e-07	2.50319878411243e-05	0.271788243999614
AT3G50870.1	-5.23436937993496	1.82119714365428	0.000131791389653224	0.00747547011020571	0.557443193886853
AT3G51280.1	-6.12263047368864	4.2370393784447	2.53795240986517e-09	4.59520654872277e-07	0.305625970523659
AT3G51410.1	-9.48796561848214	0.356229308397456	5.87634563721907e-05	0.00367641395243866	0.766642990156969
AT3G51920.1	2.92015263407969	6.39593654688381	0.000117126391865449	0.00671328208302174	0.232144075898667
AT3G52160.1	-9.01242096665892	5.43939615162943	1.02633822960949e-17	8.50305672652222e-15	0.243906055013209
AT3G52820.1	-5.4283735557253	2.74126374401819	1.91262404460782e-05	0.00138336352856026	0.483550915055034
AT3G53650.1	-3.93642567419192	3.11732144890661	0.000102126680237415	0.00596611845660454	0.365747105331573
AT3G54700.1	-8.91045442167072	2.90723543507283	2.96950172415005e-10	6.76551476152186e-08	0.393504713439423
AT3G54800.1	-7.29783484790335	4.83681091824761	1.8048277859623e-14	8.36338841834056e-12	0.23563473358557
AT3G54820.1.DE	-3.15671284218511	5.36462883558968	4.5845596793814e-05	0.00295617598194074	0.236623401531216
AT3G55090.1	-4.4796245146818	3.01574676695348	1.3896341971776e-05	0.00104616465534415	0.358193108526993
AT3G55240.1	3.84704318542396	6.23281618349548	1.03772874863569e-06	0.000107062279198867	0.230330383446335
AT3G55990.1	-3.3191214969563	4.0024208924536	0.000438365011418288	0.02034787676091	0.340848048028702
AT3G56200.1	2.50936216374059	5.53062229998574	0.00117433038614079	0.0456702599674101	0.248964897420357
AT3G56230.1	-6.2643140370799	1.74888241498182	2.4455916226017e-05	0.00169701713101346	0.577060321708196
AT3G56480.1	-2.74630275190838	5.47713107838841	0.000733516850601342	0.03104388652545	0.2693551014552
AT3G56710.1	4.35420587469181	5.08800965163625	1.66706728638039e-07	2.1000394084864e-05	0.243425364327924
AT3G57130.1	-5.12868800781836	0.666640271189349	0.00119432066462332	0.0461507701029776	0.711703370079375
AT3G57860.1	-5.36276670595915	2.46901563376396	4.90760440681511e-05	0.00314224600661183	0.522157044904993
AT3G58290.1	-7.32362579694225	0.51194878914609	0.000141422912976906	0.00798864140658806	0.754338286241686
AT3G58340.1	-7.74724030627631	0.920289932889134	3.30381389237832e-05	0.00223579880736691	0.693052145766003
AT3G58360.1	-9.25205229995915	0.131452126429145	0.000110783469448635	0.00638991572726939	0.790599319467287
AT3G58440.1	-9.08334461310775	-0.0283122677649455	0.000175322750877585	0.0096058597374613	0.810660810747768
AT3G58480.1	-8.67285514606111	2.66123035913523	6.58201726766156e-09	1.09062031574465e-06	0.448879194380055
AT3G59210.1	2.49552336216051	4.8596937075229	0.000834836646488399	0.0344820156376763	0.23215272686548
AT3G59530.1	-5.05788732731572	6.19600449265045	1.3360306126485e-09	2.55434104544125e-07	0.229959092902076
AT3G59830.1	-6.22230841709992	1.74584445163554	7.76880183506482e-05	0.00468872057771903	0.65828787403439
AT3G59845.1	-7.74888344685454	2.27045750843775	3.52257965624337e-07	4.0981841617742e-05	0.515185007428822
AT3G60330.1	-4.70008791620105	3.10836606455919	4.46721065394682e-06	0.000386498542021855	0.346419438291226
AT3G60570.1	-6.46331810714833	0.501533050688473	0.000366951078180186	0.0174781227830075	0.766240573677369
AT3G60690.1	2.87605271933814	4.06255770582983	0.000334000161628021	0.0161908776390721	0.257576632810197
AT3G60780.1	-7.91073733469261	2.45992736000667	1.10109887069394e-07	1.43352586308439e-05	0.490858717724172
AT3G60840.1	-4.13202338814243	3.40027121823762	1.94095749194876e-05	0.00140015244933718	0.330198866212409
AT3G60900.1	-5.90303906591165	3.3268838719107	5.72855965940689e-07	6.31527504387841e-05	0.403844109895543
AT3G61230.1	-5.88979618322029	3.43662219195783	3.23766547181572e-08	4.70839223401286e-06	0.331148921427622
AT3G61490.1	-4.82926144350909	5.08657195316896	4.98207549777221e-09	8.40802124130198e-07	0.22913364489268
AT3G63095.1	-9.95571535795607	5.81761138096372	2.1261923903733e-16	1.35186278960014e-13	0.299449531750229
AT4G01380.1	6.17362322678469	0.23277635243283	0.000545714585081357	0.0243404233663043	0.754176331478339
AT4G01525.1	-4.15534301947294	4.54923293153985	1.05746649847034e-06	0.000108281401004417	0.258626081707949
AT4G01730.1	-6.06595351615684	3.4893845251809	7.39168502524172e-08	9.95510682709895e-06	0.363699675175247
AT4G02060.1	-4.30674484317805	4.53608264334683	2.7776581419557e-06	0.000254836153023721	0.296388266591005
AT4G02140.1	-6.78871224480729	2.99781407764505	4.9649879382488e-08	6.89049595084884e-06	0.405017610361591
AT4G02410.1.DE	3.92917469414203	5.50884203082322	1.84149803484578e-05	0.00133900415618839	0.307113170565807
AT4G04570.1	4.40462170194467	6.15673602045808	6.12048317661646e-08	8.45121262872193e-06	0.232940132435735
AT4G04655.1	5.21609887565985	2.16056526959243	0.000152273539187299	0.00849624196200153	0.568873843043834
AT4G05190.1	-5.56485271087897	4.14903153474911	4.46171049521935e-07	5.10389811461493e-05	0.372922304389892
AT4G05330.1	-3.02755763570082	4.07792665724394	0.000148686174403702	0.00836436215678441	0.252032363399988
AT4G05520.1	-3.36133326613805	3.90783469316362	5.26689816810046e-05	0.00334876734688062	0.264844378020788
AT4G07960.1	-6.32983440909284	4.54924719822737	1.19743816503577e-10	3.05962237682971e-08	0.275611656406263
AT4G08550.1	-9.32883502701961	0.204514019559729	9.00957173284686e-05	0.00535481937339202	0.781787597316935
AT4G08850.1.DE	2.64078187588346	7.20520364335945	0.000895058108020087	0.0363519072897518	0.260549014586768
AT4G09644.1	-10.0118406075206	0.862771521865848	1.57443863370711e-05	0.00116338249312304	0.732610076856081
AT4G10120.1.DE	3.0478430772017	8.63805765953152	0.000127097623307959	0.00722421833937547	0.252517130824809
AT4G10950.1	-10.1182984873314	0.965815273909679	7.19616830414348e-06	0.000589051621063721	0.687244404457767
AT4G11000.1	4.23619679855647	1.95185056743519	0.000514054221546137	0.0233072013550106	0.497125866186902
AT4G11030.1	-6.1232813839036	3.29231445690955	3.59943334317888e-08	5.20679934404818e-06	0.349784090718149
AT4G11310.1	-10.4161848772876	1.25604270363069	1.79096179338692e-06	0.000175501417316123	0.635642851812792
AT4G11320.1.DE	-6.13710104896774	6.85166019610267	3.12583714731199e-10	7.06284195103388e-08	0.283144826879844
AT4G11330.1	2.52977123930284	4.80470991554969	0.000862358121828497	0.0352947171419028	0.238972339566023
AT4G11720.1	-8.80068156271147	-0.294608142918878	0.000340310784808243	0.0164674280648803	0.836913027879623
AT4G11810.1	-4.65926473906813	2.42438744700693	7.15189934531005e-05	0.00436457428796377	0.449372374398149
AT4G12030.2	3.46435811945942	5.44877057811329	1.37726381708034e-05	0.00104101958759724	0.243383379527539
AT4G12310.1	5.11342080325009	4.32013748530917	3.94736497469235e-08	5.68005044253099e-06	0.279097342092894
AT4G12530.1	-6.03051628409682	0.0918810658602845	0.00112199749325578	0.0440738670482945	0.817315747691946
AT4G12620.1	-3.97534961507181	2.65524628129641	0.000787330908017691	0.0328635527102346	0.492034454595167
AT4G12890.1	-8.7848661847276	1.93545157826841	4.22508100016466e-07	4.85351741783621e-05	0.565165247042112
AT4G12920.1	-10.7551899317615	1.58849134672636	3.83999375650546e-07	4.42976494948773e-05	0.59222238272849
AT4G13266.1	-8.96939511040931	-0.135973715866499	0.000221875429005977	0.0115324605114513	0.817076887108976
AT4G13370.1	-4.24296539844357	3.36750500329168	8.49608104561915e-06	0.000683184869962434	0.315784454616299
AT4G13770.1.DE	3.51083334674485	8.07606051115875	9.38558065028008e-06	0.000737361422352464	0.240905929218297
AT4G13790.1	-6.22779375674101	1.4681353225512	4.19085313787573e-05	0.00274109867917518	0.598057960292844
AT4G14020.1	3.97387369989897	4.62772703237201	6.12415572826766e-07	6.67069392871864e-05	0.231295916587779
AT4G14090.1.DE	3.16036621875385	3.43462825602145	0.000899375569866462	0.0363875194600445	0.349072962624222
AT4G14400.1.DE	5.96417688837666	9.69549967238183	1.28072277220607e-09	2.46584229521928e-07	0.293244370937686
AT4G14695.1	-7.22702501762875	4.58583547618325	7.9598522895826e-14	3.45432319995537e-11	0.243163259635651
AT4G14700.1	-5.14334662342638	1.23135941801029	0.000368322053357237	0.0174825085742828	0.611136177129734
AT4G14815.1	-12.4899381449981	5.62288927594883	5.64265976891973e-22	4.20428953630835e-18	0.24919485486859
AT4G15000.1	-2.79626326756973	7.8783063060351	0.000329983779250314	0.0161117609514515	0.247350446849549
AT4G15200.1	-4.27083487676882	2.78021931730062	0.000171511484097956	0.00943557088680951	0.439776451675478
AT4G15210.1.DE	-3.9677841118455	7.88258929568193	3.55934576337496e-06	0.000314927227089552	0.268802254555077
AT4G15250.1	-10.1234576132812	0.970957786461353	7.6758302700231e-06	0.000624574998757237	0.692811956142044
AT4G15480.1	-4.74359917621964	3.44449967639279	2.37752485123671e-06	0.00022648616527112	0.333205475004276
AT4G16260.1.DE	7.76828447636701	3.23251054974262	1.14633142774251e-09	2.25472670751657e-07	0.380191822990098
AT4G16270.1	-8.80548977366803	5.35829612727908	6.66554222523681e-18	5.8785782076766e-15	0.234694998092662
AT4G16550.1	-9.97957029314778	0.830912404847131	1.11875448347077e-05	0.000860670451219891	0.700390329973461
AT4G17240.1	-3.81041658060446	3.18119708926038	0.000150555286398828	0.00845211813171244	0.366025260136286
AT4G17280.1	-5.34360367009794	2.36692701033017	0.000423237121356355	0.0197800049536457	0.681033513016643
AT4G17690.1	-9.4401761307001	2.58346204540669	2.5050116462817e-09	4.56580122728944e-07	0.447785282208565
AT4G18250.1	5.72227437578558	4.08956232967974	5.02395377094778e-09	8.42668074219093e-07	0.289026192561966
AT4G18395.1	-8.47253581841108	2.46277096724341	2.94869523021019e-08	4.31108703710945e-06	0.475889798467827
AT4G18960.1	-7.99061367563737	5.53772301861699	1.48140978021843e-15	7.94151831199447e-13	0.247474297767476
AT4G19038.1	-5.89558277232938	0.863073820863078	0.000206541503610196	0.0109647470071898	0.657366499726786
AT4G19170.1	4.81842966665947	9.34465719518238	1.26048993918394e-08	1.99201126805138e-06	0.243536042488187
AT4G19370.1.DE	4.10371762822833	2.7083871082218	0.000192828412821793	0.0103827780583124	0.419448441538474
AT4G19530.1	2.92851747568835	5.45621050258984	0.000334003474339307	0.0161908776390721	0.267258149091338
AT4G19840.1	2.60244448704002	7.02274129165789	0.00055483402203634	0.0246653043292253	0.235537300349158
AT4G20160.1.DE	-6.95454933258135	1.90717351439504	9.05773692144062e-06	0.000719879440209845	0.597937136356032
AT4G20460.1	-4.34138493294757	4.4648432900212	1.42958679947133e-07	1.84362750460124e-05	0.238578847935349
AT4G20680.1	-9.6345317640306	0.497779864624643	3.94994421251743e-05	0.00260220421133076	0.753134795918611
AT4G21650.1	-3.07848602202556	8.34997727214208	0.000253534147369021	0.0128840587157417	0.280957957582684
AT4G21960.1.DE	2.91747489485214	11.2314935787329	0.000537796837171386	0.0240644280331681	0.285744724310677
AT4G22010.1	-3.57838348115492	5.92338459357935	0.000307107077416957	0.0153217290083569	0.368647708266594
AT4G22050.1	-9.05324183593796	-0.0565203182482549	0.000196979521475502	0.0105803931574464	0.818485324319698
AT4G22690.1.DE	4.21614699618185	7.26508269445169	2.07148407822141e-06	0.000199827299910176	0.282371894512894
AT4G22960.1	-5.20345426725697	3.81493095892641	2.74434922466868e-07	3.29081174572113e-05	0.324625721079462
AT4G23270.1	4.75792711620985	5.1796823675963	4.86061032912517e-07	5.42404434278703e-05	0.301227960987659
AT4G23320.1	6.67003867855151	3.15442472182891	1.87017986683928e-08	2.85646466812211e-06	0.375983133203772
AT4G23800.1	-6.12633395321938	6.37442114552053	5.9467728955576e-11	1.62584770964545e-08	0.260765699123297
AT4G23810.1.DE	2.76642359903778	3.90640502886412	0.000678088566573033	0.0291492789467087	0.267590283483187
AT4G24380.1	-3.30241421586238	6.07261756678789	1.51279239651358e-05	0.0011239060902359	0.227698629266185
AT4G24890.1	-8.08425102029102	2.10290834812191	3.36035562443629e-07	3.94300956103383e-05	0.528385105871946
AT4G25040.1	-13.4732741471662	4.28472702613545	5.73968993439951e-19	7.73901426758423e-16	0.26136313130533
AT4G25150.1	-4.22170614049304	3.41950561010375	8.873725807432e-06	0.000707310972522422	0.314577046424252
AT4G25630.1	-3.37601018593088	5.05634620289416	1.20556783645309e-05	0.000920676666162775	0.229792370560197
AT4G25950.1	-6.69204680319984	2.74905532299562	1.00816699792323e-07	1.32515796746255e-05	0.412317327602885
AT4G26760.1.DE	-3.68972577917844	5.43384874212881	2.47862970775509e-06	0.00023367495244836	0.230705944350527
AT4G27170.1	-8.29966560293713	-0.755688101174332	0.00119354849367999	0.0461507701029776	0.912622616596237
AT4G27980.1	-7.75356835463931	2.68190197139665	1.57434104549543e-08	2.43177876744887e-06	0.42835318851691
AT4G28088.1	-9.66075601227663	0.523174036330029	3.81978071580995e-05	0.00253477681481175	0.754920029559142
AT4G28090.1	-8.57043694176254	3.09340803007935	1.150071647915e-10	2.99456750990438e-08	0.368223559018713
AT4G28130.1	-8.52895866115563	-0.546284011968089	0.000676438529041765	0.0291241407622077	0.876194448209911
AT4G28190.2	-4.3529743977372	3.78808486413353	8.74276170701262e-05	0.0052303524085279	0.423999608414603
AT4G28240.1	2.91721644029507	6.5971334951275	0.000106691309971138	0.00620625620129984	0.229121732189531
AT4G28350.1	3.97292296324483	2.61554059807122	0.000443618263549645	0.0205568191956734	0.447846833896857
AT4G28397.1	-10.9189139316836	4.0549597916659	9.67203987618499e-17	6.44959927353409e-14	0.276128757134636
AT4G28950.1	-5.5194120998009	1.99009096893869	4.42163064531939e-05	0.00287827099626267	0.52995960794239
AT4G29030.1	-9.10439512018039	6.95706889781894	3.17022582266727e-15	1.66680719214852e-12	0.302469121850617
AT4G29240.1	-3.70335498452312	3.33760864158316	9.93056162799686e-05	0.00583874311633192	0.332763204872328
AT4G29700.1.DE	-4.7679701258678	5.76793142476708	1.52929827277525e-07	1.93569512859608e-05	0.279059327244526
AT4G30140.1	-7.37492009701148	3.40778250571042	1.18566231646021e-10	3.05811393698322e-08	0.322294646585487
AT4G30250.1	-4.6506740345222	3.28175948744977	3.29548888354661e-06	0.000296179759846198	0.332130526434386
AT4G30500.1	-4.11265956126842	4.08321453753979	9.85488909947472e-07	0.000102445881361079	0.251485013298288
AT4G30670.1	-5.24796551114765	0.548637382123657	0.000870784656165563	0.0355332126859202	0.691587014068585
AT4G30770.1	-9.95274928872515	0.804956632910072	1.26354943043768e-05	0.000962268563458666	0.705590349638357
AT4G30850.1	-4.47817070059653	4.64220407016238	4.66215746736046e-08	6.60432047448886e-06	0.232710790110507
AT4G31370.1	-3.84035309230998	2.76986614734947	0.000858730279159878	0.0351989292837048	0.473175191993795
AT4G31615.1	-5.46244831429023	0.733419035228997	0.000633616012563657	0.0277168988535846	0.697418768441196
AT4G32170.1	-9.70159790057364	0.56216771125335	2.8721873961729e-05	0.00195824447409893	0.735551921949327
AT4G32280.1.DE	5.97925368522706	3.42544455847546	6.38146977094957e-08	8.72346917688806e-06	0.354354040543941
AT4G32940.1	3.99649224621709	10.0246013020986	2.28357726712951e-05	0.00161062659079021	0.324019191136044
AT4G33010.1.DE	2.76269874685881	11.6738371385044	0.000513590825623575	0.0233072013550106	0.258493870414315
AT4G33050.2	4.15702018806396	6.39941514676092	1.17771782898766e-06	0.000119698161503802	0.263143346115018
AT4G33355.1	-9.06610109166624	6.35810631697339	5.94437818651312e-19	7.73901426758423e-16	0.234362637520498
AT4G33390.1	-7.09100128977842	2.7821300895062	2.39679835256009e-08	3.56132972603221e-06	0.401010097387384
AT4G33790.1	-2.55532159111798	5.92309448677579	0.000712035062213155	0.0304172478139182	0.236850951475356
AT4G34950.1.DE	3.63774339755589	5.72471058378023	1.75217100864465e-05	0.00128429907175187	0.270094444572705
AT4G35090.1.DE	2.83242742054288	10.5225876491405	0.000325865533624554	0.0160236757001714	0.252541137783422
AT4G35100.1	-2.74017621670938	9.47616400123138	0.000415585158553781	0.0194556476624321	0.246979743926269
AT4G35670.1	-9.28075301338765	2.42549072058049	1.16551375398461e-08	1.8634588323941e-06	0.478664313099121
AT4G36180.1	-4.80562007114371	5.39697622806006	2.57128240824329e-08	3.79993843466873e-06	0.250910959161398
AT4G36490.1	-6.78132021094056	4.22245072634931	6.4801583876797e-12	2.0843238861078e-09	0.26425637484943
AT4G36880.1	-7.09974943989893	3.43006715250418	2.27063271244887e-10	5.39818246594365e-08	0.319394953295531
AT4G37780.1	-9.36047344178962	0.234599090096869	8.10197155534246e-05	0.00485958244068696	0.776997938499756
AT4G37840.1	-10.7242639507055	1.55825106938709	5.38140137029612e-07	5.95657949246542e-05	0.606021112949831
AT4G38070.1	-6.54810244563471	3.6354478646101	2.45313387467713e-09	4.5012537002465e-07	0.328752393480099
AT4G38590.2	-5.82776182297767	0.8081504246584	0.000297921855028026	0.0149452908559014	0.681457920244856
AT4G38660.1.DE	-4.71174963950063	5.58120369873624	1.69766806623931e-06	0.000167560451014379	0.328056519910174
AT4G39010.1	-3.92178900268418	4.13651087488381	9.52100091154948e-06	0.00074585720607955	0.285110039886796
AT4G39110.1	-4.67953261133079	4.73407382002908	3.25673842197848e-07	3.84764714672506e-05	0.284711029996923
AT4G39130.1	-10.1115584586856	0.958653769524643	7.96336364198194e-06	0.000644137165597	0.694030576697192
AT4G40100.1	-6.19210416571533	0.274258478287749	0.000765221468468578	0.0321154741280086	0.806140336880175
AT5G01250.1	8.43747878963388	-0.632265513308702	0.0010585380258056	0.0417610817107143	0.928274324169445
AT5G01370.1	-3.5149005145126	3.24141411067393	0.000317859784389138	0.0157197384876445	0.355330303751947
AT5G01420.1	-6.86399783726177	0.886792267682081	0.000134413644772404	0.0076084245301812	0.735451580397047
AT5G01890.1	-3.00344200541025	4.71506040458938	0.00101105241713503	0.0402360598027243	0.329756685021152
AT5G02390.1	-5.21957538776623	1.33262554774418	0.000528062002038454	0.0237064287943043	0.666840689637798
AT5G03480.1	-7.16140875938798	1.20192285376699	3.01604499415287e-05	0.00205121070000347	0.660967776660505
AT5G03620.1	-6.49895017980136	3.67818603612567	2.71156878417095e-10	6.28256699654525e-08	0.291486515313677
AT5G04140.2	2.9197904102911	10.8565072660319	0.000331075626217615	0.016134772942584	0.26660540517911
AT5G04500.1	-8.23591326466869	2.24028989252019	7.18436110071997e-08	9.77216082058129e-06	0.484149011650755
AT5G05070.1	-5.74899688610803	1.01523115156732	0.000189722915070588	0.0102713356396631	0.635893264121101
AT5G07420.1	-8.78157136060902	4.96737589997815	3.80400698163212e-17	2.8889319688284e-14	0.241836497841478
AT5G07660.1	-5.06127423018699	3.25305173621286	5.87318045599269e-07	6.44870496653977e-05	0.326919026254238
AT5G09660.4	2.54853670200966	10.2693885552262	0.000765884752430929	0.0321154741280086	0.238987665229079
AT5G09730.1	-7.86118809509889	5.32346675164769	1.28889844933461e-13	5.33916418254669e-11	0.279189857720707
AT5G10030.1	2.64247840331678	3.84984810550243	0.00120322858735832	0.0463327740540513	0.271519596806553
AT5G10080.1	-4.07184979064842	2.76265816443289	0.000126869067815014	0.00722421833937547	0.393758803377733
AT5G10180.1.DE	2.61285403352803	6.42691373873741	0.000577842965828018	0.0256049054874198	0.238522321990685
AT5G10200.1.DE	-2.4224880440557	4.57648214425495	0.00129710223111273	0.0493910515301141	0.236961657141316
AT5G10760.1	6.08782125463171	7.77004809910895	5.96784796463102e-10	1.25508433348471e-07	0.289593165930299
AT5G11360.1	-4.82955341301361	1.08782746655141	0.00106664557912064	0.0420203027855306	0.659151187106758
AT5G12870.1	-4.45466870432804	1.29350782760579	0.000970284820559359	0.0387264043709385	0.582659079105846
AT5G13380.1	-10.5393854608963	5.74575518073794	1.48791635083175e-19	3.38996941931167e-16	0.257380048807915
AT5G13600.1	-8.03810318514449	1.21935944822819	8.54007511764111e-06	0.000684708661924656	0.639733159728072
AT5G13990.1	-6.25343189731429	3.56173261719352	2.13739884163784e-09	3.97527104288289e-07	0.307042620174783
AT5G14565.1	5.84168727754429	2.48265378177458	3.38891828917477e-06	0.000302787666751759	0.446999594621527
AT5G15110.1	-9.33832843526885	5.19735080944096	6.66399664787966e-19	8.28153037968318e-16	0.232474467288553
AT5G15480.1	-5.99059311634589	0.0703485982551811	0.000872790193885228	0.0355619730265605	0.774460866897483
AT5G15520.1	-2.67196439876021	4.02451066032425	0.000858468044958197	0.0351989292837048	0.261605468680544
AT5G15800.2	-7.00622372714697	5.73298035308494	4.01120249741753e-13	1.52314272610271e-10	0.253492722836938
AT5G17030.1	-5.18052234043536	2.69855325366498	5.97912422439889e-06	0.000496867040410534	0.40537618922066
AT5G17340.1.DE	-12.775068142073	3.58896471255977	5.83351239482955e-15	2.89978597953891e-12	0.316617347758862
AT5G17500.1	-7.81818655772509	2.74566300505439	9.40201130936507e-09	1.51206464234142e-06	0.420096219484082
AT5G18910.1	-6.54014789085469	3.21144331066378	4.11817443143881e-09	7.26392831971206e-07	0.333755564668616
AT5G19340.1	-6.71637610900268	3.48741805378652	6.92247701116148e-10	1.44473680523019e-07	0.316696791229066
AT5G19360.1	-7.25295356311403	1.80367287126503	2.74849097327534e-06	0.000253009236395111	0.552935527758319
AT5G20250.4	-4.10708691992909	5.11778872042622	1.28002881911375e-05	0.000972110775404718	0.31748147833899
AT5G20635.1	-5.04509538956643	3.55178130041731	2.31781746925183e-07	2.80394378802412e-05	0.305170897856493
AT5G20810.2	-4.90169594884806	3.34967860456415	3.24530994561164e-06	0.000292827636676641	0.358591476465804
AT5G20960.1	3.88765542117694	3.56034310572924	9.42986123927664e-05	0.00557942501065466	0.357752712630186
AT5G21150.1	-10.9635784367206	5.49063634339868	2.26558440570056e-19	4.42436268941809e-16	0.2645350824358
AT5G22380.1	4.43272716373021	1.3102036813774	0.00120995790463694	0.0465263700601601	0.608859438762097
AT5G22500.1	-5.75841521975079	5.45663489465837	8.01785416158017e-07	8.46363447017768e-05	0.413137686627472
AT5G22940.1	-4.35634450527813	4.59899039292051	6.08664122507237e-05	0.00378950938013502	0.408496266614615
AT5G23010.1.DE	5.48732391789422	7.38137314660341	3.70818663412491e-10	8.19190299194841e-08	0.243854118721787
AT5G23190.1	-6.34611906323982	2.03805926526325	1.05838607875019e-05	0.000822053278211085	0.546039160624024
AT5G23270.1	-5.41471536213193	3.08788730531086	6.40641807320383e-07	6.95045516354733e-05	0.360924230203615
AT5G23910.1	-5.20117798654386	3.8851477299613	4.70390964355424e-08	6.6291180234419e-06	0.287559514321287
AT5G24160.1	3.54592297178012	3.48413036315756	0.000219716883296928	0.0114420182654057	0.343038032465332
AT5G24210.1	5.9154274925537	6.45836013615693	8.9554707311981e-12	2.8142824113903e-09	0.229045977030022
AT5G24420.1	-5.35069302584753	6.61178819668857	1.7877204130241e-06	0.000175501417316123	0.398231094836492
AT5G24580.1	-3.93326535416985	4.32220661919134	0.000365030020926636	0.0174169646983145	0.436422176948848
AT5G24770.1	-5.50396194650142	8.81741056625197	1.60178557036583e-06	0.000158669628600731	0.412218887537701
AT5G24790.1	-11.9339562765031	2.75285168927687	1.13625643736583e-10	2.9870433651521e-08	0.426877990906417
AT5G24860.1	-5.41006803190315	2.12464047764395	4.23377655588553e-05	0.00276256446391194	0.518967366691719
AT5G25120.1	3.71036774268085	4.76016233533556	1.57935651068696e-05	0.00116387080868414	0.275095200889947
AT5G25475.4	-2.64641925853293	4.29469578117973	0.000816481456477713	0.0338221257880313	0.255839145901386
AT5G25880.1	-5.45839034498112	4.29841461067487	8.05025590847508e-10	1.64213417681825e-07	0.245381804251114
AT5G27870.1	-7.6723797449938	4.42059341475292	2.00587432629963e-13	8.06479471779879e-11	0.268860948984116
AT5G28237.1	-4.440181365963	3.27389694113089	9.68998460268905e-06	0.000756926225821482	0.34141289885767
AT5G28970.1	-7.34120741776687	0.545953851371155	0.000115810213425617	0.00665178830894195	0.740392514230293
AT5G29560.1	-7.57997950427389	0.758421946153624	5.58220663470871e-05	0.00350844895156175	0.71050801286802
AT5G35390.1	-6.62652401553868	0.686202991471438	0.000275971581504366	0.0139207805135228	0.772088095753788
AT5G35490.1	3.95860573929646	4.32241401567714	7.58341703894234e-05	0.00459713130476017	0.360265419553728
AT5G37810.1	-9.73993303240457	2.89296635726082	3.86763640388433e-10	8.45929434257582e-08	0.425567933267971
AT5G38250.1	8.84029233117143	2.01249998519809	3.66557918142543e-07	4.24648028899031e-05	0.567455846781122
AT5G38740.1	-9.05897317681401	-0.0503905232540977	0.000259660762213896	0.0131465282202369	0.857064380307339
AT5G39020.1	3.85326460914695	3.7926577117873	0.000188407167146346	0.0102203411702006	0.385456504960474
AT5G39080.1	4.44575051445045	4.41532768610094	2.83814745760891e-07	3.38842582930252e-05	0.259759470268951
AT5G39220.1	-7.18871632152396	3.93044320957104	1.90243588009398e-10	4.61515629085253e-08	0.326585053343689
AT5G39610.1	2.81034143036276	3.97754716712395	0.000515192726493684	0.0233201475866512	0.26322264541117
AT5G39670.1.DE	4.2818860922253	3.05213779542846	2.26608174130224e-05	0.00160504338878765	0.350070382749866
AT5G39870.1	-12.604119919735	3.41882970849997	8.28279062177801e-14	3.53830461874079e-11	0.341347054434962
AT5G40260.1	-9.51839602536725	4.72723507787562	6.30379521875797e-18	5.74485870936143e-15	0.24480196108754
AT5G40460.1	-4.55525403538176	1.38030947770734	0.000919886083745874	0.0369561266868929	0.597056306554785
AT5G40645.1	-6.63493078644126	-0.140436537991555	0.000834933955820837	0.0344820156376763	0.828305094815735
AT5G41130.2	-3.2822119652463	4.89469856723549	2.61584700336303e-05	0.0017969160068328	0.236983338855849
AT5G41740.2	3.20355901862092	4.94434047165795	2.2408333131277e-05	0.00159128266963406	0.224076176006518
AT5G41761.1	4.83658944182664	2.44582904320023	4.8720672994041e-05	0.0031268150226692	0.455201286278983
AT5G42170.1	-10.0467720018707	4.57604617084719	4.61130276645347e-17	3.31771099039047e-14	0.268761018483381
AT5G42230.1	-5.63710364533588	2.49850443977137	1.07504628044639e-05	0.000832627912391055	0.477685578631228
AT5G43440.1	3.44310111649851	5.74147892911233	4.50872117864917e-05	0.00292799137824865	0.272990217574083
AT5G44040.1	-3.14243437847049	4.11845982353807	0.000171524459793136	0.00943557088680951	0.273307096308912
AT5G44130.1	2.9212260076948	4.75685120408684	0.000380343131084186	0.0180218045127238	0.270501970184289
AT5G44568.1.DE	4.7429684819935	2.78410853848176	2.81293403986599e-05	0.0019226404162484	0.415524666459349
AT5G44580.1	5.6537830266544	6.49610513728726	4.03153105600095e-10	8.61109836492703e-08	0.255146175712614
AT5G44630.1.DE	-10.2339075542959	5.70007533694624	2.52325727873819e-19	4.59905693338014e-16	0.253768628702814
AT5G44870.1	2.73047492387979	5.48931270560751	0.000599191484104646	0.0262951768465827	0.258203431254264
AT5G45276.1	-5.70562440014788	0.991338294336246	0.000305653076246516	0.0152770660047162	0.675284066595895
AT5G45380.1	5.08983609447182	6.65263542391643	1.4484325308654e-07	1.85047408382524e-05	0.307065342841777
AT5G45700.1	-5.96846929032268	3.25885832991754	2.33900793835507e-05	0.00163970453934943	0.567590133489325
AT5G46270.1	3.47049777326809	5.42630456685964	7.17502285345641e-06	0.000589051621063721	0.229231654560645
AT5G46380.1	-9.54853808080984	0.414965705126654	4.83130343228828e-05	0.0031079490785591	0.758278010003732
AT5G46490.2	3.35604907929473	5.6299606084115	1.4353181392676e-05	0.00107511227198839	0.232156474731641
AT5G46770.1	-8.28817410290406	1.4474291421163	3.02912728286223e-06	0.000276977725463055	0.60696660155607
AT5G46970.1.DE	-10.2682118246125	1.11208184026424	5.02672074839362e-06	0.000426802935593421	0.683388625841204
AT5G47150.1	-7.99513321623225	1.17779508776367	1.12069744196884e-05	0.000860670451219891	0.651912579880693
AT5G47220.1.DE	3.76778338769134	4.35955265492788	2.5430754426818e-06	0.000237295845061162	0.237722897204348
AT5G47600.1	-8.74134446746094	3.65924459144084	6.65668395326852e-13	2.42658319043148e-10	0.310959023877893
AT5G47635.1	-5.08238403377171	2.92009768522167	3.11319990362375e-06	0.000281837368758521	0.375218957469398
AT5G48210.1	-10.569503560623	5.09034344622078	3.85008427812703e-20	1.05261304163993e-16	0.238818898671705
AT5G48310.1	-5.47917054854426	3.57007788020685	3.26501147783546e-07	3.84764714672506e-05	0.351393488214781
AT5G48650.1	-7.99216332302437	3.66841881288794	3.94904555999301e-12	1.28532030488344e-09	0.305905737268811
AT5G49130.1	-6.66219059021261	2.12871003453946	1.95791958961946e-05	0.00140497431969019	0.619084918551277
AT5G49160.1	-2.69527237884495	4.93036353893706	0.000672759349456873	0.0290114205270519	0.256776869851324
AT5G49330.1	-4.68123825410519	4.22369878583308	4.90206219068169e-08	6.87294257914038e-06	0.248393010190712
AT5G50060.1	-8.80601533370469	-0.289011588885154	0.000358831363618121	0.0171811724716628	0.844379376717761
AT5G50370.1	-2.46016013217509	4.60677791189732	0.000921875581582332	0.0369561266868929	0.229635583082331
AT5G51210.1	-6.7111881029195	0.739274001487719	0.000167035023532604	0.00922573241087151	0.729139914769016
AT5G51600.1	-5.58484466090091	4.40867567215233	3.71542052304902e-10	8.19190299194841e-08	0.244840764318505
AT5G52160.1	-9.81213002800028	5.99121758135689	5.80758926250924e-19	7.73901426758423e-16	0.252299122805774
AT5G52360.1	-8.59502054612648	3.82000059005397	3.49515444648522e-13	1.36510746524151e-10	0.301729758314459
AT5G52390.1	-3.57313760423516	5.23138229301308	5.52141921863942e-06	0.000463053992139883	0.234768486434795
AT5G52740.1	7.43934345814627	2.92972837700743	7.73845724333261e-08	1.02703602443065e-05	0.462770498685033
AT5G53390.1	-13.0975403590833	3.9101626092902	4.5057185653529e-17	3.31771099039047e-14	0.281646658725533
AT5G53660.1	-4.24007202977581	2.10965163005064	0.000358037846880425	0.0171732539187909	0.475637073056048
AT5G53820.1	-9.28532061126724	6.7692434638108	3.99782369167882e-18	3.90358927608925e-15	0.255558569433676
AT5G54330.1	-8.53636804547215	-0.539717988452773	0.000653007469669154	0.0283835043255241	0.870513885822782
AT5G54940.1	2.62414111323337	8.09074743309774	0.00066550329778857	0.0288349606363542	0.245901633273008
AT5G55330.1	-7.15105685275285	1.17834134221084	1.83826344796127e-05	0.00133900415618839	0.621205176174511
AT5G55340.1	-5.23059942141604	1.14888851457679	0.000405374689552604	0.0190101955615235	0.630824990256604
AT5G56220.1	-2.85163225098113	4.52110412972232	0.000238523352199413	0.0122579482126541	0.242629604114742
AT5G56430.1	-8.45460088372798	-0.614248401676552	0.000855351984187371	0.0351658996205755	0.894919984787785
AT5G56490.1	-6.19575675081791	2.51862579794992	2.22658908623546e-06	0.00021284946020167	0.468965487078092
AT5G56970.1	-7.46256043450785	2.94522447101602	4.34416680179796e-09	7.51705825070609e-07	0.386610168181163
AT5G57220.1	4.11828029283557	2.35370662408941	0.000433383893654814	0.0201508769600725	0.46981491786652
AT5G57630.1	3.54503723424751	4.70086113927092	1.64075784964829e-05	0.00120586880670388	0.256212128632718
AT5G58460.1	-9.15722496787353	2.31660029484987	1.7511992906997e-08	2.68976340492864e-06	0.481591125742348
AT5G58770.1.DE	3.18593286487098	5.39463367838495	3.34063304977268e-05	0.00225513352051321	0.232011889936701
AT5G58880.1	-10.7756497517166	1.60858511183773	3.45137883126422e-07	4.03250842934888e-05	0.589200301810573
AT5G59080.1	3.55799443949864	3.87028075652239	2.30702983624114e-05	0.00162144462012423	0.265583645786184
AT5G59120.1	-9.13462454751409	5.32346326843084	5.11483880041295e-17	3.58563314880231e-14	0.258271207701587
AT5G59220.1	-3.93710162508895	4.99523147387523	5.85144999316232e-06	0.000487739764673957	0.275339813290725
AT5G59540.1	6.19817071992767	5.79067901870017	2.30503362559186e-12	7.7801999165039e-10	0.230540422961776
AT5G59780.3	4.66798631091259	5.5480623685771	2.20041480266559e-08	3.3421855947154e-06	0.238134409321814
AT5G59845.1	-7.27832593063447	4.56944509409946	1.82374384577835e-13	7.44196369307165e-11	0.252525745600777
AT5G60010.1	-11.4686176783373	2.2917170313821	8.31732793579675e-09	1.35354610574216e-06	0.508123565352749
AT5G60150.1	-6.87796259759571	3.1897799702715	9.04601215169388e-09	1.46341995400776e-06	0.370708642230424
AT5G61160.1.DE	7.41841026624448	0.632704243845974	0.000124323378243728	0.00711044084148023	0.76420678777387
AT5G62750.1	-8.40227339578323	4.08110700651312	8.74216852630143e-15	4.1931734650716e-12	0.261457274664353
AT5G62960.1	-3.12355897943907	4.34763136195992	7.71131452680341e-05	0.00466432166289392	0.245345875571223
AT5G64000.1	3.56596366718208	4.03751457560149	3.4724031011568e-05	0.00233256758687044	0.278451119782327
AT5G64310.1	-3.85238032593582	4.86567911272932	1.50221410098531e-06	0.000150994608532862	0.23645256738297
AT5G64690.1	-4.64555133449935	2.01150332802024	0.000179507340620746	0.0098154613851424	0.49498866661096
AT5G64770.1.DE	5.17391480213297	5.94002431389356	8.10856305305278e-10	1.64213417681825e-07	0.231695271566419
AT5G65158.1	-8.67480605755501	-0.41084287989363	0.00053050099226963	0.0237768805387733	0.873960009006294
AT5G65350.1.DE	-4.22196360308018	1.7297885764412	0.000899706040782374	0.0363875194600445	0.538372860467824
AT5G65360.1	-3.77151184067215	6.65082088422078	1.77416536456413e-05	0.00129694334404234	0.287752282553249
AT5G65510.1	-5.90123316325653	0.488318154055103	0.000508083763471253	0.0231903340455827	0.727328955746667
AT5G66170.2.DE	-2.93003030462249	3.97027982681271	0.000317959597061719	0.0157197384876445	0.263915966079318
AT5G66230.1	-6.34557452499825	4.26445079429258	1.41210064507213e-10	3.50971196693381e-08	0.277147861762091
AT5G66310.1	-2.77029660831747	5.28640678869821	0.000483465662340024	0.0221777704838528	0.256304609713834
AT5G66640.2	6.09774345921021	3.69041486623132	4.33158960634996e-09	7.51705825070609e-07	0.309385498626763
AT5G66830.1	-6.01028607799556	0.103731042158387	0.00123503798446295	0.0472912303854581	0.834189278092501
AT5G67200.1	-2.60743576904492	4.50068073480011	0.000866398531555678	0.0354070790025893	0.251627102516946
AT5G67260.1.DE	-2.69906374639508	5.98061941340315	0.000352690956683214	0.0169465215390493	0.234524782624639
AT5G67265.1	-7.30911891670796	0.498035048612799	0.000150961738683728	0.00845756954019083	0.758499998594161
