logFC	logCPM	pvalue	padj	dispersion
AT1G01100.1	-2.72704069853829	7.74086523880839	0.000469725772005476	0.014921255459893	0.249281530834881
AT1G01280.1	-9.54492328237417	4.77025490858061	2.06728741466196e-18	1.40250684746138e-15	0.238850625934283
AT1G01390.1	3.7222461310735	3.64309972070021	1.43617158116129e-05	0.000730372272194351	0.270638606670236
AT1G01460.1	-7.40470356523659	1.92017868358005	2.84831887574114e-06	0.000178569852685078	0.56925928374304
AT1G01600.1	-5.38038456746373	6.31299596433551	1.40616229950364e-09	1.75733283166915e-07	0.252856471738099
AT1G02813.1	-10.072664058981	4.96821625666692	8.54297252556759e-19	7.0557524389427e-16	0.246919056761235
AT1G02820.1	3.02173520934255	4.59235014374216	0.000998621941631107	0.027814988861033	0.332511549337076
AT1G02930.1	4.28645694413088	6.02693821569073	1.63212512059436e-06	0.000109995680686473	0.28345953544624
AT1G02980.1	-5.76825398281927	1.03111749705598	0.000229897994404279	0.00820891410094677	0.655985958112477
AT1G03110.1	-2.87424069091929	3.6893573758654	0.00046339518922693	0.0147448157697735	0.268349275579809
AT1G04470.1	-7.05351963706158	3.89620748675381	4.75753306975593e-10	6.84652259038512e-08	0.333955930924727
AT1G04610.1	-9.03207054344785	-0.0767261358586738	0.000190782891840237	0.00706454544521859	0.809858911299768
AT1G04820.1	-2.81044208251386	8.43818156082573	0.000485276048903299	0.0152513263196182	0.263898554160367
AT1G04880.1	-7.41695277278775	3.29257657435375	1.01205438538406e-10	1.67173783519613e-08	0.320040409825064
AT1G05020.1	-4.57479323694643	1.47984857988569	0.00105023460996955	0.0290396748922584	0.614636589929646
AT1G05260.1	-6.03918337349845	2.47453545309782	3.07284995658854e-06	0.000190136344545133	0.4642949722118
AT1G05290.1	-9.43175754300881	0.304449978557861	7.89587832855627e-05	0.00324653906340378	0.787104267390663
AT1G05450.2	-8.29433489138862	2.27817746051107	1.11550138151514e-07	9.67582842158068e-06	0.503428302995014
AT1G06170.1	-7.38150390927717	3.4098615270281	7.91765518600822e-11	1.34289087422689e-08	0.316044838781786
AT1G06265.1	-3.88548832951399	4.45388854056556	8.2752652052383e-07	5.95442946358738e-05	0.227720911306439
AT1G06520.1	-5.53923941856426	4.19036313865387	1.37563785680441e-09	1.74210778185711e-07	0.257367462520613
AT1G07240.1	2.65301255141897	4.49806974257833	0.000482206658608228	0.0152159430015314	0.236626187123858
AT1G07340.1	-9.66274398197911	4.17762898057129	1.03267601222398e-16	4.56171739133874e-14	0.258269548870836
AT1G07370.1	-5.40196753909889	4.03198041662742	1.33741250245165e-07	1.13925954693146e-05	0.326356999391469
AT1G07410.1	-3.83327792146049	2.6663063398195	0.000408001352600189	0.01329398575299	0.418950067231033
AT1G07620.1	5.8803292813454	4.35001705455373	4.74923319522755e-11	8.59204131205167e-09	0.238990236173928
AT1G08320.1	-6.87674736324438	3.07080597052213	1.77128874958498e-09	2.17080007013653e-07	0.336194859503157
AT1G08930.1.DE	4.86820990022824	6.32032859920927	3.60591239170164e-08	3.45949049458406e-06	0.262444307140105
AT1G09155.1	-9.76969613725449	0.62826567243608	2.45251377935684e-05	0.00117055155157444	0.731570500723277
AT1G09200.1	-4.21835298380131	6.39216018219747	3.85329661828056e-05	0.00175401916986283	0.371817203095146
AT1G09380.1.DE	-9.94381893891836	3.0983585563389	8.61066748204041e-12	1.85872999419136e-09	0.364111518972086
AT1G09580.1	-2.99599097002269	3.85007887497889	0.000241387549761925	0.00852304441501399	0.263352492977432
AT1G09930.1	-5.03321709936713	1.62581930198116	0.000272045462981552	0.00945668908701526	0.576103769299155
AT1G10060.2	-2.51493938204449	6.37749196623807	0.00127284511556267	0.0343451218966313	0.253658927569977
AT1G10340.1	4.75690057774086	3.27327890348747	4.83546080202556e-06	0.000280043943278285	0.355155496312644
AT1G10770.1	-7.46252062080861	5.38069371486148	1.19602963707835e-15	4.28675075206421e-13	0.224637459078549
AT1G10850.1	-2.74746281208958	5.24999287038185	0.00181977991194579	0.046031828260854	0.314288140978112
AT1G10900.1	2.72903900641689	5.40928892833945	0.000285003938965538	0.00979011722348891	0.231339541486301
AT1G11210.1	6.62458519948404	5.42745195239615	6.38798111674098e-09	7.0820305693875e-07	0.364103425371474
AT1G11765.1	-7.74035169986653	2.94626722808551	1.36494066815006e-09	1.74016194175695e-07	0.374993995691974
AT1G11770.1	-9.00677552950815	3.55162535542129	6.87301675292316e-12	1.50068765791412e-09	0.35018846597266
AT1G12000.1.DE	-2.67285617718114	6.26682147939992	0.00047129752224914	0.0149461898708592	0.240620460134966
AT1G12110.1	3.88474388899023	6.77905700935678	2.293422618234e-06	0.000148183183863854	0.250146332893205
AT1G13260.1	4.47410111160845	6.00869361680098	2.75057567584712e-08	2.72135080929125e-06	0.226615079009903
AT1G13790.1	-3.97511757093085	3.35637965576867	1.79333500632393e-05	0.000875737577895358	0.30617424596894
AT1G14440.1	-3.96235083421535	4.50574081145166	4.96423495879207e-07	3.71262233374859e-05	0.226169238334029
AT1G15125.1.DE	8.44485647073596	7.60831892241256	4.79829608702643e-11	8.5989087235051e-09	0.397273316219424
AT1G15890.1	4.63788266452552	2.7676368245255	3.24974018366914e-05	0.0015056601104629	0.408690255237293
AT1G16330.1	-5.11523193125961	2.59259708231879	0.000137876713902001	0.00536702060918526	0.558863777237087
AT1G16420.1	10.11810486817	0.966370976879689	8.69106153697869e-06	0.000475779265004171	0.701444135262446
AT1G16630.1.DE	-5.83165533185484	3.82882643066179	5.26932598014957e-09	5.92284711946279e-07	0.297312417053577
AT1G18390.2	5.43074427158826	2.96707913821926	1.39633838923968e-06	9.68060001532736e-05	0.381102334470761
AT1G18570.1	6.3462831307038	3.98659353907885	1.26346767314896e-10	2.0000693265948e-08	0.27357888015194
AT1G19780.1	-6.48775767784245	1.74055189445926	9.50304570700885e-06	0.000510769814469341	0.547032219015723
AT1G19790.1	-5.24878025054825	1.50436254676905	0.000303777276394065	0.0103600595015829	0.622819028924011
AT1G19990.1	-2.60798161965648	3.92424135768184	0.00151407302651681	0.0392378324852842	0.275811325902174
AT1G20135.1	-11.9372149148752	2.75711276530582	3.91317984549008e-11	7.28772199460093e-09	0.403765346419247
AT1G20150.1	-9.87615859583055	5.08233417015737	1.35932551407116e-19	1.61385921658098e-16	0.233250880171939
AT1G21240.1	7.71201351532826	4.17850625885027	2.48666044958025e-11	4.77137392931581e-09	0.327884174215282
AT1G21250.1.DE	2.53809442010845	7.91931038607582	0.00167133113417163	0.0428795412726253	0.270737720064319
AT1G21810.1	-4.47464283527103	2.77140775840399	2.3703031685432e-05	0.0011370272472133	0.3765686661811
AT1G22015.1	-9.61444180262453	4.12944272170378	2.67092939163522e-16	1.07951010050006e-13	0.264019859219035
AT1G22090.1	-7.28814033308387	0.502745468764589	0.000145572193472477	0.00556396254970459	0.754633392181344
AT1G22240.1	-7.05416805543102	1.1092602388232	7.1306392875692e-05	0.00297047420847949	0.715444040548998
AT1G22350.1.DE	4.35416579731729	3.63201375057516	2.89015845853687e-06	0.000180596875257784	0.298649969516449
AT1G22470.1	-8.9911116841725	-0.114878557101637	0.000200082646342745	0.00732968817324733	0.808767825301099
AT1G22760.1	-10.0268039776673	5.23255409035236	1.61349478672559e-19	1.70277483159107e-16	0.239641919109021
AT1G23310.1	2.60384459383435	11.2417414598246	0.000839026538186104	0.0239671400291477	0.251797114530545
AT1G23540.1	-4.92281161028844	2.00520567488298	0.000831932198209171	0.0238300511274744	0.674075606542664
AT1G23570.2	-10.7649012104116	5.65928225778164	4.00794899008084e-21	1.30866317245982e-17	0.238230907619155
AT1G23660.1	-13.0251553484884	3.83901179462097	7.51811447155755e-17	3.40033577385017e-14	0.283041707976369
AT1G23690.1	-11.9107515152573	2.73080490801908	3.8045280809212e-11	7.1555262797207e-09	0.401276737926558
AT1G23790.1	-6.20871168723001	2.74367408400923	1.55587386692418e-06	0.000106314316460762	0.457827759379593
AT1G23800.1	-3.57160828328348	5.01689112574534	3.12732540007991e-06	0.000192254606148602	0.222859554868399
AT1G24220.1	-9.66708212486403	0.529255796902278	3.33478971780909e-05	0.00154130572942826	0.742113940266872
AT1G24320.1	-5.16336451606641	0.473075579023935	0.00120737829654058	0.032811671131738	0.711273802779959
AT1G24400.1	-2.85978074146413	5.2057907266015	0.00014273590528932	0.00549981999366313	0.228787321205699
AT1G24540.1	-10.0953717583671	0.94443588178252	9.51845200685127e-06	0.000510769814469341	0.705308524320893
AT1G24620.1	-8.88478925731003	2.88188171505537	1.24762191980092e-10	1.99158201584356e-08	0.374127041467957
AT1G25240.1	-6.65746553109564	2.55370806240983	1.7371090579503e-07	1.4536618354548e-05	0.421746910198418
AT1G25430.1	7.35610961348496	2.56560723167859	7.73796912695932e-08	6.99954578741521e-06	0.44492793354948
AT1G25510.1	-7.10709459316671	5.46926672429235	1.71420762324063e-13	4.33840992978057e-11	0.250077398036504
AT1G26610.1	-5.75269038696631	2.82254049396618	1.59347834178066e-06	0.000108493600646829	0.421936804772274
AT1G26770.2.DE	-3.25333315417152	4.60344100003384	0.000118273740615786	0.00472001675785182	0.277429050504331
AT1G26780.2	-9.16074300552544	3.13982564292167	1.58168107413243e-11	3.23071114884083e-09	0.35464739445652
AT1G26910.1	-2.69713798649871	3.92110896406075	0.000830969791712216	0.0238300511274744	0.264172649664661
AT1G27710.1	-10.1694275798135	6.0466074992035	1.07488836263431e-19	1.45407844460448e-16	0.251165308849458
AT1G28290.1	-8.35121519100298	7.96881631425363	1.35150946478762e-11	2.82123887836325e-09	0.371652333699902
AT1G28306.1	-9.67520509749554	2.81287382853081	1.36376284206398e-10	2.12344581539733e-08	0.396456096375176
AT1G28370.1	4.6678797311033	2.29597287667866	0.00014862874313094	0.00564670320903067	0.494266695780775
AT1G28600.1	2.4416495424648	5.62849601946112	0.000756177471831845	0.0219303011525461	0.22056028437715
AT1G30080.1	-7.11835777697633	1.65786975426063	7.27049171074685e-06	0.000407404898340257	0.585926734557901
AT1G30250.1	6.32544401485508	3.80328393075417	2.98559241822375e-06	0.000185948569103536	0.511767697467235
AT1G30260.1	3.33574286457723	3.86405661769079	4.71986042277252e-05	0.00208508066490667	0.258097770034811
AT1G30710.1	-6.99627423661682	1.94534512971347	8.11174187508548e-06	0.00045055745221966	0.596423633822212
AT1G31760.1	-4.02635170957158	2.1123288129253	0.00096681465123734	0.027048028151553	0.510247201977572
AT1G31820.1	4.13152282384744	3.6392934952704	4.13995654707922e-06	0.000244231722261854	0.283756389604511
AT1G31990.1	-5.78097712225451	1.28383412097619	0.000167123437067565	0.00627614876485132	0.639364868145238
AT1G32190.1	-2.47297037272948	3.81622204962209	0.00181985170688047	0.046031828260854	0.259957311112053
AT1G32361.1	-5.92499084249457	0.0342836267751251	0.0012765934767748	0.034397403808247	0.819402611212926
AT1G32780.1	-5.91089206124292	4.2345904191447	1.46045857777643e-10	2.23732831801944e-08	0.253521133845338
AT1G33720.1.DE	3.29255633557189	3.58433957821496	0.000200258378706852	0.00732968817324733	0.300096743589228
AT1G33740.1	-8.60642533634899	-0.474407370890599	0.000456040636123225	0.0145595763425156	0.833951106141808
AT1G34065.1	-3.05255159016752	2.79731567235717	0.00193348776462903	0.048327017864333	0.374032278346904
AT1G34420.1	2.77154995696243	3.51637840405214	0.00149068822422722	0.0388437771020855	0.304810560312943
AT1G34770.1	-3.12103598474362	2.88446206628389	0.00141349291394509	0.037240931197366	0.367182842577106
AT1G35780.1	-2.46339875318114	5.4317961047699	0.000645745137078147	0.0192870670187681	0.218459625336751
AT1G43630.1	-7.4536368463093	1.47290392849768	9.88047652771038e-06	0.000522812067187706	0.623975004299192
AT1G44542.1	-7.03160149207067	3.36787301960781	4.55202104747625e-10	6.60077800136327e-08	0.32628813860913
AT1G47280.1	-10.3830485332811	1.2246253780254	3.47953982827101e-06	0.000209168792967836	0.673649095238944
AT1G47610.1	-11.9982571018887	2.81762594431299	1.77537705720062e-11	3.58777261474287e-09	0.392041158720503
AT1G47980.1	-9.02170148677143	6.97921448649188	3.69295021677694e-18	2.33837607726316e-15	0.247196397835858
AT1G48820.1	-8.78191112969193	-0.311058563863615	0.000320799239591999	0.0107856678854683	0.825794743996032
AT1G49270.1	-8.1122333189934	1.26646241741662	4.9527928086688e-05	0.00216440351547414	0.787319683487745
AT1G49290.1.DE	-6.07950981452516	1.96925518991974	9.30793467574184e-06	0.000502311156535205	0.509415345847456
AT1G50490.1	-4.92331235393169	4.57618938986788	1.35216587985321e-08	1.42698572520508e-06	0.249023716360649
AT1G51260.1	-10.714183836991	1.54919112437278	1.10910363604109e-06	7.89083620608107e-05	0.645038759053788
AT1G51800.1.DE	3.77637370226394	3.52430281356535	1.98549366262621e-05	0.000959705791736578	0.287015142195563
AT1G52680.1	-11.1527349545018	4.29941932270471	1.35456276119693e-17	7.3517926319134e-15	0.269851422317984
AT1G54070.1	-6.94386957210774	2.42835725520741	1.63509973239941e-07	1.37435196976368e-05	0.437381121035963
AT1G54620.1	-10.7500736164114	1.5847240658714	1.14949362601028e-06	8.14767944764603e-05	0.65141573248392
AT1G54860.1	-12.8263413317314	3.64098229306846	1.89676914865e-15	6.55109577231917e-13	0.306332088289974
AT1G54870.1	-12.013785613473	2.83304634498085	1.48086098352021e-11	3.05765600466846e-09	0.389573781401006
AT1G55020.1.DE	-2.38289728335493	5.45443444477129	0.00138219216021577	0.0367056861890013	0.23363252745414
AT1G56120.1	5.07454928677584	6.15435973990616	3.17357204483064e-09	3.6984769670922e-07	0.242027848488504
AT1G56430.1	5.81486243177948	2.83019344668592	4.45115487765864e-07	3.38216552224014e-05	0.38201078176548
AT1G56510.1	3.16548149570363	6.01108088622186	4.32966485681145e-05	0.00193066463896691	0.236762925918747
AT1G56600.1	8.58903277606656	7.3255134681353	3.15682700501389e-13	7.59077035281568e-11	0.330418637302295
AT1G59590.1	3.86779726123846	2.07826790036832	0.00109470585293436	0.0300506248299726	0.488733520910859
AT1G60190.1	3.00797466026622	5.28988020875767	0.000408823952476791	0.0132979791117279	0.287536359983685
AT1G61110.1	-10.2724880804243	5.93579650927616	1.70639769543668e-20	4.0518413278144e-17	0.240572919266213
AT1G61590.1	-9.59253451530413	2.73065017615937	2.92043526417307e-10	4.33410845923685e-08	0.406805330088185
AT1G62180.1.DE	3.11225402878906	8.58084164062935	8.74323701495213e-05	0.0035717533405598	0.249922452585291
AT1G62360.1	-7.68697983197642	4.4304338178684	9.30470179232739e-15	2.99579856350934e-12	0.241438576110837
AT1G63860.1	2.66126708320452	3.95430737034766	0.000744562879847274	0.0216264777761144	0.253934534812827
AT1G64450.1.DE	-3.04888775549414	3.57438360166758	0.000324504670569455	0.0108717649420412	0.282062645193553
AT1G64500.1	2.94325773569145	6.28317361845784	0.000258818997483833	0.00907108058340018	0.260753065422354
AT1G64680.1	2.57448836119323	6.54673460122615	0.000723288095798847	0.0212030565861032	0.240729272209974
AT1G64760.1	-2.93765118951708	3.83972917011993	0.000284297355173086	0.00978353724432596	0.260232235844923
AT1G65060.1	-3.56149844858249	5.78329004221513	3.91802141050723e-05	0.00177206511223799	0.284220357771148
AT1G65200.1	-6.16481471445126	0.20829572662315	0.000809679464294496	0.0233040471268761	0.799672710167442
AT1G65486.1	4.69281612590233	2.23082356189236	8.49973975471212e-05	0.00347976414613171	0.458580267163011
AT1G65490.1	4.10421499194135	5.91440475010974	1.49409326022118e-06	0.000102832592649136	0.262798123379462
AT1G65780.1	-6.14108988554713	-0.570983969052819	0.00183668199449105	0.0462726938559045	0.835134782464664
AT1G65790.1	3.81154284583991	5.12071817220506	4.54936948806381e-05	0.00201915473820701	0.321279524004794
AT1G65860.1	4.34548380132842	4.32199788574139	6.86462830602735e-07	5.01540305004983e-05	0.267644543320158
AT1G66140.1	4.87395011729653	3.46887616147837	3.06277960964333e-07	2.43433311568137e-05	0.295210653975224
AT1G66760.2	-4.37326429215159	2.97401474131828	0.000622743472340188	0.0188971805120994	0.550112643449201
AT1G66920.2	6.08664148002052	4.17100237092311	5.84371099611588e-11	1.01841407414878e-08	0.25088496917738
AT1G67630.1	-4.19475368553296	3.56538839407142	4.89311285230539e-06	0.000281665368916343	0.295175021183929
AT1G68540.1	-3.31563289429588	5.78594507666346	1.79296686616046e-05	0.000875737577895358	0.232701202586481
AT1G68840.1	6.75072331032925	4.89988458494745	1.65048227747488e-13	4.23683261390714e-11	0.230441561950473
AT1G69180.1	-12.6063410345978	3.42196198460455	1.58833125254918e-13	4.13314253060605e-11	0.350692694771375
AT1G69560.1	-7.62252097542923	1.63790410130975	3.31309150914489e-06	0.000200431485056421	0.581777804241881
AT1G69720.1.DE	3.23766140550522	4.21085477328582	5.08550401207528e-05	0.0022055761235932	0.247941976924756
AT1G69940.1.DE	-9.96784035915485	7.66094703787473	2.25863277726794e-20	4.76722091522019e-17	0.247522062579417
AT1G70250.1	2.88108915972532	5.21760014690845	0.000239283632298087	0.00846449139503623	0.247981015028151
AT1G70720.1	-10.8017198546499	3.95083065597832	1.58339952818381e-14	4.93086187498027e-12	0.323454089611062
AT1G70810.1	2.90546225893405	4.93797773199081	0.000137304438135539	0.00535571890518007	0.233636951604931
AT1G71030.1	3.21626612196324	6.1133317613288	0.000142416112301986	0.00549865136034253	0.279911572749391
AT1G71790.1	-2.92271194583904	3.82020417576245	0.000377324161874916	0.0124007781643182	0.268473146812539
AT1G71830.1	-3.55717129896175	4.09125458973351	1.25713781614694e-05	0.000655802359490251	0.249647036890519
AT1G72230.1	-3.72005499908014	4.54740743004814	0.000138528146181569	0.00538135105289382	0.352424940639314
AT1G72250.2	-4.4441275591296	4.37516249679838	4.62495477157802e-08	4.34928915053941e-06	0.229493366918372
AT1G72280.1	-2.70143845130256	4.66464797713204	0.000279609694165421	0.00965721045521153	0.226265908606275
AT1G72290.1	-11.8109508090314	6.33240617080441	1.42904073526677e-22	1.35730289035638e-18	0.247253971194289
AT1G72430.1	2.60811331104203	4.18943082750637	0.00117077551207304	0.0319540971657177	0.264747880091364
AT1G72900.1	2.96676122309804	4.12214878547536	0.000302699236209833	0.0103418609551115	0.267632673369579
AT1G72970.1	-4.5175514344391	8.05160787480917	3.95037976848035e-06	0.000234504419006415	0.331949528072651
AT1G73010.1.DE	-2.61520311430555	3.62830611823928	0.00138351607240077	0.0367056861890013	0.27200275395607
AT1G73805.1	2.93213482744028	3.61421618436985	0.00125593812634423	0.0339371275220981	0.32571549738249
AT1G73870.1	4.60074875520092	5.71527106641241	4.31142559565749e-07	3.28915022550641e-05	0.284768482125161
AT1G74540.1	-9.08219801748397	6.32159991788622	9.88334544930653e-18	5.68921303500081e-15	0.252916258196656
AT1G75030.1	-5.44874924370479	5.49080690961081	3.88045023429656e-07	2.98433330569625e-05	0.362295116186609
AT1G75050.1	-4.95022957366577	3.01575026489331	3.08814366372598e-06	0.000190462263104346	0.36267544871369
AT1G75780.1	-3.05975084335407	4.08394568203599	0.000608836421057474	0.0185641358818744	0.312393304826411
AT1G75910.1	-10.7910473526823	8.49349676756297	2.33824047886233e-21	1.11043040341172e-17	0.260539480913774
AT1G76590.1	3.56355030285148	4.0059265374258	0.000325609796598659	0.0108895839721622	0.366304118811356
AT1G76740.1	-5.1487986642306	3.4521671074172	2.83842247467443e-07	2.2846895478354e-05	0.319514722039587
AT1G77270.1	-3.5159706591481	5.13312540853522	3.65644907064876e-06	0.000219110115287205	0.220314874096827
AT1G77590.1	-2.57579961897308	6.70553937064783	0.00124743392039411	0.033755348649297	0.263687025048196
AT1G77920.1	3.17866121222134	5.21199410261794	7.05115757628121e-05	0.00295485325573376	0.251308591101585
AT1G78050.1	-3.01639817186231	4.02621626307532	0.00028121097947984	0.00969488886787485	0.272578097456575
AT1G78160.1	-10.2428943182317	3.39469950552494	1.8701570541594e-13	4.6137017403652e-11	0.32460311220605
AT1G78210.1	-2.34676078000647	6.50453732580027	0.00165207985192618	0.0424667237715694	0.235106667130641
AT1G78450.1	2.39111069685433	4.24455668956557	0.00179453810434196	0.0456345995047924	0.244860814177633
AT1G78650.1	-2.71695357106719	3.38356037558686	0.00167772959944921	0.0429516866187832	0.300173119649237
AT1G79530.1	-3.08726863166392	5.68700024484805	5.41572118909509e-05	0.00233811453881933	0.23222450742096
AT1G79680.1	5.0208735950991	1.15433652820201	0.00189849896985098	0.0475568501565571	0.779403377925283
AT2G01029.1	4.67516433831958	2.6788251357302	0.00099599997806637	0.0277826954234196	0.647478959829574
AT2G01420.2.DE	2.33822423202292	5.79937228453981	0.00143249308764936	0.0375851363162808	0.227473497509162
AT2G01810.1	-8.90597933954215	-0.196204710080943	0.000272310430121991	0.00945668908701526	0.828672706218661
AT2G02080.1	2.45137477031759	5.43497354908967	0.000633744022407303	0.0191088911899192	0.215938285876946
AT2G02100.1	-5.56546232057916	7.22299890170465	1.52477392345165e-07	1.28731579777278e-05	0.351368631860396
AT2G03090.1	-6.6871559278116	5.50575520973141	1.24989399217238e-13	3.34408257398683e-11	0.22849774126241
AT2G05850.1	-6.23310989143902	1.70781015142471	3.82249242503462e-05	0.00174548235831629	0.599292620469867
AT2G06950.1	-4.41350834748404	6.63421097433478	9.39141617049995e-08	8.2592287766119e-06	0.24070982034374
AT2G07170.1	-6.30518021464826	3.59947302198243	9.18152346236761e-10	1.23696609710025e-07	0.295947921333285
AT2G07560.1	-9.7713572344066	6.61680387627206	8.80888786570541e-20	1.28718179920723e-16	0.244576119805642
AT2G07690.1	-4.32605888377839	4.52843225077067	5.83412940492358e-07	4.3291063349972e-05	0.263029741459958
AT2G10970.1	-10.357897267623	1.20035282993599	4.13560044056282e-06	0.000244231722261854	0.681853348782187
AT2G11570.1	-9.27951766612059	0.157917057575674	0.000107034440087104	0.00432601324232898	0.792180281753961
AT2G13350.1	-7.76368407244943	3.65232372714089	2.88603555653701e-12	6.44978016846789e-10	0.293190612265
AT2G13570.1	-6.068823857226	3.91604459676743	2.16114268918746e-10	3.25817988284167e-08	0.264675367690709
AT2G14890.1	-3.02719916729715	6.65317444195139	0.00131517103962275	0.0352369380376215	0.350874628584402
AT2G16367.1	4.46035402702114	2.60430810500775	0.00132388844853091	0.0353707242873322	0.635595656873737
AT2G16440.1	-4.66775544609128	4.53814049550873	1.02355139279646e-07	8.91898268695481e-06	0.260498789533674
AT2G17620.1	-7.34254518905671	1.85921348162691	4.23388617477483e-06	0.000248231178321057	0.582506963090232
AT2G18130.1	-11.0240950099867	1.8539979533136	8.33991426128274e-08	7.43779395809047e-06	0.551466899790524
AT2G18340.1	-7.24182311822583	1.79697990140839	2.31302853963698e-06	0.0001489433564032	0.543268347053035
AT2G18460.1	-6.11911377467717	0.691440453368703	0.00024748554060344	0.00871587106968226	0.691850126204727
AT2G18690.1	5.52361727099603	3.24248251616374	6.37863594231058e-08	5.91066187122594e-06	0.315544368587912
AT2G19000.1	-7.08301864607573	4.32454989243411	9.96671538777259e-14	2.78423125744306e-11	0.237446090738101
AT2G19030.1	-9.12350926109489	0.010642474982737	0.000155843260703883	0.00589720832735252	0.804900937069499
AT2G19130.1	3.4250796617311	5.12303310369578	6.66901953383738e-05	0.00282148541346937	0.282310262927499
AT2G19610.2	-8.80565536753682	-0.288811187767512	0.000309657433468421	0.0105040225110109	0.823877612465166
AT2G20470.1	-7.37462200920604	3.81239169399802	1.20932395559426e-12	2.80150217810591e-10	0.268200909897551
AT2G21050.1.DE	-2.66146096436368	4.5838979788839	0.000855665577400958	0.0243326696232165	0.26048821330966
AT2G21460.1	4.93450670098292	2.68249490667043	0.00044312694568493	0.0141950075214687	0.622331295283363
AT2G21490.1	-9.09822477476618	5.29672508452836	2.77089728574154e-16	1.09658260083221e-13	0.270335740845563
AT2G21590.1	-2.42287807474186	5.00473275598142	0.00135746391680802	0.0361331901610767	0.239360672833212
AT2G21770.1	-3.12033260419149	3.00503728875441	0.00106759906090376	0.0294769066292554	0.349580367845637
AT2G22055.1	-6.72080506541921	3.0245709523254	1.9694976970836e-08	2.0062448907597e-06	0.374442048092295
AT2G23900.1	-8.52348703100948	3.98177107459841	1.15611579535563e-14	3.66026260809591e-12	0.265855589559757
AT2G23910.1	-5.80838983609781	2.40931403923764	3.77490088332752e-06	0.000224790022506864	0.452723253185238
AT2G24165.1	6.23656063165962	0.295433464169529	0.000651086440536288	0.0193856395367199	0.790216468090378
AT2G24370.1	-7.29951431886328	2.98635635565875	1.16433218452489e-09	1.51490782035854e-07	0.350148030159282
AT2G24700.1	-7.01654476646523	3.06551013925347	1.83828165245761e-09	2.23846142756953e-07	0.345155297977203
AT2G25200.1	4.69039394390887	2.14934300368572	0.00014387956052223	0.00552148713470765	0.484923808345212
AT2G25600.1	-7.14333700024879	3.0133280910197	2.98172232110718e-09	3.51402271964856e-07	0.36046202227378
AT2G26010.1.Hnull	-5.28060554148004	5.09289051570622	0.000550783021563401	0.0169025432594804	0.721769221513694
AT2G26610.1	-7.76549579919944	1.77780980055679	1.4485213788224e-06	0.000100058589498583	0.55657060259836
AT2G26650.1	3.44160017984488	3.45722014935575	0.00022626268368229	0.00809432380269074	0.327957206477082
AT2G26960.1	-5.96905542561882	0.589544171528559	0.000635578037979214	0.0191338199832855	0.776061026612004
AT2G27120.1	-7.94936473549761	1.95838577873662	4.287505806255e-07	3.28409114095242e-05	0.522504960592277
AT2G27180.1	-4.08082049345539	3.69769700154469	6.43654906845386e-06	0.000363773602525073	0.290779378163585
AT2G27720.2	-2.41778529646005	7.46773169899284	0.00190017105015934	0.0475568501565571	0.254470819926885
AT2G27740.1	-4.01180081992755	3.06631667433669	9.3134576522894e-05	0.00378030858040362	0.374236013236002
AT2G27970.1	-3.22489518857599	4.2703662189517	4.76233999630111e-05	0.0020941067261513	0.244666631239949
AT2G28056.1	4.75001734903169	1.74037219536547	0.000336870506788836	0.011148418374496	0.550534428014548
AT2G28180.1	-6.95718002106054	1.87533968621032	4.36206008484045e-06	0.00025495905652809	0.552688011328934
AT2G29050.1	-3.13604464937563	4.52091346229492	6.32125428989422e-05	0.00269234409172266	0.241479732937732
AT2G29120.1	7.93189320506445	5.96853354380321	5.55563515430339e-16	2.11069690782294e-13	0.239457662085853
AT2G29550.1.DE	-3.44235743477075	7.25667930943934	6.84089078518084e-05	0.00288136499679147	0.287017419557757
AT2G29720.1	3.23654074505353	4.11445844724335	0.00031407301063917	0.0105970353643014	0.311905570814281
AT2G30370.1	-5.98661343882034	2.77565779106461	2.11376388713605e-07	1.74578516521898e-05	0.377925133091354
AT2G31270.1	-4.34739290481748	4.21633635755324	2.46003163151375e-06	0.000157342629199445	0.296866338175967
AT2G31430.1	-5.65386003436077	0.271431282148275	0.00093002409593427	0.0260956244111778	0.750112527086256
AT2G31880.1.DE	3.4552528691072	7.05337806618565	2.68512589045793e-05	0.00126567373238558	0.260448306709812
AT2G32280.1	-4.20470889636473	1.9031885108565	0.000692435406593242	0.0203930278816205	0.519715027618293
AT2G32765.1	-4.38525710767111	4.02202271884107	7.13655208231725e-07	5.19409744657849e-05	0.271958834209214
AT2G32860.2	2.37419940616181	5.77008775661812	0.00144368306564514	0.0378264876068897	0.234020153356319
AT2G32885.1	-9.129643632351	3.14054236145042	1.94456915795024e-11	3.80814801282709e-09	0.358199150306263
AT2G33000.1	-4.52930721512882	1.05711855031541	0.00157825187082765	0.0407343376878289	0.642914898974574
AT2G33050.1	3.32494749955356	4.38803900459631	4.21517068074548e-05	0.00188403252356332	0.254265586619408
AT2G33100.1.DE	-5.10095623384471	2.92529918242609	1.45972211665668e-05	0.00073747024808538	0.434129416554376
AT2G33190.1.DE	-8.97856002927988	-0.126366678067215	0.000210159088949647	0.00760415629273808	0.812576818588221
AT2G33400.1	-4.14857852741965	3.2443294649488	2.49717216416161e-05	0.00118887925890762	0.339274431843796
AT2G33420.1	-7.20368890612265	3.75310089332566	1.97108795565674e-11	3.82069253118933e-09	0.292816638840801
AT2G33793.1	-5.38571873716463	2.62567354593483	8.64890176776582e-06	0.000474839705145895	0.439236230551133
AT2G34220.1	-4.84332897588313	1.11968646090032	0.00103879078537999	0.0287651162668779	0.663749542204634
AT2G34700.1	-9.80615112613358	0.664124479828074	2.18468171209113e-05	0.0010533049188549	0.727869352603385
AT2G34810.1	-2.44658411328973	5.98818510018989	0.0014601587979314	0.0381425087963078	0.247444573651717
AT2G36120.1	4.69027352201689	3.20689416783787	0.000480291519833936	0.0151807283041023	0.586325255167401
AT2G37390.1	-4.67806113657126	1.6900908551844	0.000386987751992525	0.0126527010961274	0.551464086374276
AT2G37600.1	-2.52212690151073	5.40056057214946	0.000572342153050169	0.0174895266643701	0.223483930908881
AT2G37710.1	2.58463505015232	7.48536371651791	0.000910521378247574	0.0255861894988031	0.251721229055437
AT2G38160.1	-5.54364550782885	2.51453986129643	2.55691105634209e-06	0.000161903608087581	0.411044459867075
AT2G38540.1	-3.32936942612536	10.5675112628285	7.56244302883124e-05	0.0031365975496873	0.275016892232486
AT2G38790.1	5.45620579718082	3.84268131979242	6.27151454003259e-09	7.00786412955641e-07	0.273120833399703
AT2G38905.1	-5.63930504150541	1.66962902875156	0.000521791062530102	0.0161695644760552	0.736130131424174
AT2G39030.1.DE	4.09017637354462	2.75059932027614	0.000145957121659918	0.00556747285753376	0.402606316199117
AT2G39400.1	5.53812830357025	4.26949390101782	3.37652789322115e-09	3.9110075524164e-07	0.270885077091898
AT2G39510.1	-9.62417594325092	5.30466696648801	1.14819839277043e-19	1.45407844460448e-16	0.230101556246057
AT2G39855.1	-9.44292896010323	0.314085675033826	6.60375844643496e-05	0.0028001115055464	0.76969642695858
AT2G40000.1.DE	2.71044183112475	6.71637878829891	0.000624002131235555	0.0188990058002856	0.257320766511367
AT2G40250.1	-9.84308204554461	0.70012045297102	2.32317352105485e-05	0.00111724061280906	0.739544428012298
AT2G40990.1	-6.78816444611647	1.35516992793888	3.68564047187218e-05	0.00168704641936588	0.647725660155453
AT2G41180.1	3.75798779548635	4.52851575628291	1.89897845367247e-06	0.000124041050149907	0.231012310254352
AT2G41445.1	-10.5101832146571	1.3488632059631	2.28655063530946e-06	0.000148183183863854	0.662804429792205
AT2G41470.1	-5.07348696915747	0.837293260049029	0.000826545431457411	0.0237534901905673	0.667120529996196
AT2G41540.1	-4.3222485209799	6.49122943286035	2.20036509609631e-07	1.80944308941323e-05	0.246791229578376
AT2G41650.1	-3.69882655351918	5.54859789065711	1.63291124202914e-06	0.000109995680686473	0.2237908124824
AT2G41860.1	-5.34692225397314	1.81003913428261	8.99421375329469e-05	0.00366639666217996	0.54534426164186
AT2G42140.1	-5.93426691572829	1.20559851573996	0.000150090928930862	0.00569087282628873	0.65084595276812
AT2G42610.1	2.54265160368388	3.60826876133839	0.00176509590411761	0.0450063916706283	0.271009260352432
AT2G42740.1	-3.11557883697316	3.88090085838593	0.00013552413585553	0.00529715326072354	0.261015612022103
AT2G42835.1	-11.1155860803402	1.94396862253569	5.42571689387784e-08	5.05229990765213e-06	0.543180563026117
AT2G43000.1	4.17298156763421	1.6490216605826	0.00139103530426505	0.0368023769356809	0.573314965799005
AT2G43060.1	4.57079107423073	3.59578919781609	4.88557332356886e-07	3.68960771169331e-05	0.278239923230534
AT2G43230.2	-5.88193827616835	3.84786881992816	1.05369343848208e-09	1.38999726093094e-07	0.273615952883581
AT2G43360.1	-2.47114687964985	5.94132455750096	0.000845495066379986	0.0241156520735048	0.229528209066931
AT2G43386.1	-9.26395646556112	0.143650661044241	0.000110002074316849	0.00442711738076879	0.791639414383207
AT2G44740.1.DE	-2.8385185315657	3.69626172166892	0.0018106756453521	0.0459220221082891	0.330417415973425
AT2G45650.1	-8.63449711012574	3.55777212519875	2.80688819852415e-13	6.83585233579036e-11	0.294707615895645
AT2G46000.1	-2.37463765324924	4.44678512497643	0.00128892117783106	0.0346803777536526	0.228467305580191
AT2G46360.1	-6.60427769729328	0.675910493672846	0.000217796993319856	0.00783574182784846	0.743503613709881
AT2G46430.1	3.7700393851368	5.88003641564737	1.82918295262151e-05	0.000889375485158386	0.28758181074243
AT2G46450.1	2.5091629942855	6.65458246302509	0.000906241619521773	0.025525564087646	0.23868405367358
AT2G47010.1	-2.78657613740421	4.28612968611677	0.000460886638446819	0.0146896016508989	0.255679331052921
AT2G47130.1	3.01937269615628	3.98068813991021	0.000330898074367954	0.0110083009118978	0.278765304482266
AT2G47230.2	-3.46680060853741	3.58924690839893	4.95638834086782e-05	0.00216440351547414	0.275012794887969
AT2G47340.1	-8.240821390177	1.42363574343808	1.53091273637115e-05	0.000765187554719056	0.711689453051441
AT2G47750.1	-3.63635932420418	3.30200411699729	0.000449525833027971	0.0143757453269349	0.394837423653121
AT2G47880.1	2.67223903022404	5.24914969533735	0.000631146198239091	0.0190608158692365	0.250547368666946
AT2G48150.1	-4.30243916377395	1.79794329459891	0.00064811726236208	0.0193275282823078	0.524906144722133
AT3G01020.1	-10.5883598991211	1.42577977809767	1.71383083729636e-06	0.000113435298206556	0.655272566899045
AT3G01250.1	-10.2582976174391	4.7714944063284	1.60928319944841e-19	1.70277483159107e-16	0.236117843725078
AT3G01420.1	-7.28475284008117	0.498299827442898	0.000205380471069181	0.00747396059086237	0.792659160388352
AT3G01620.1	-4.4115397698977	2.19729374786523	0.000197751427407607	0.00726593059000947	0.469045873376114
AT3G02310.1	-8.31406079850154	6.44570377990792	3.71002178295551e-16	1.43827701610251e-13	0.253388008591239
AT3G02440.1	-10.7222215586642	1.55712546281332	1.09476848803113e-06	7.81812864610499e-05	0.645133416473645
AT3G02550.1	-4.10228672979476	3.67935311097931	1.3578746234643e-05	0.000702838865049806	0.315214782067705
AT3G02640.1	-6.25662308926925	5.23384549064805	1.13067095208704e-10	1.85157115567632e-08	0.274685578221029
AT3G02820.1	-4.39638896529985	2.26427504603169	0.000506994735092137	0.0158142397172582	0.531582092039697
AT3G02930.1	-3.10750070864624	4.19663951515603	7.68177798155579e-05	0.00317224031603552	0.242732720046738
AT3G02970.1	-6.98882444515819	2.67984153685691	3.17044229885724e-08	3.10441865510784e-06	0.398920458619977
AT3G03080.1	-6.68651325327954	1.92082972316487	3.1870475188445e-06	0.000194666092179968	0.515510933661654
AT3G03800.1	-9.2292267988968	2.36994752348774	9.37044085039179e-09	1.01714796796596e-06	0.466854815962244
AT3G04140.1	3.08167906352652	5.17080243433338	3.66788363783828e-05	0.00168297385469507	0.221269213755792
AT3G04290.1	-5.04624037335245	7.90390364056989	6.68468838056996e-07	4.90279306862189e-05	0.339390016345821
AT3G05020.1	-4.50255998569232	6.49088539743262	4.28368631123002e-08	4.06864525840627e-06	0.235826218616099
AT3G05470.1	-4.60137020885315	3.88840563787721	2.56656296923926e-06	0.00016197485104209	0.323078166090278
AT3G05720.1	-4.92769461011961	0.501032181371035	0.00167265424736868	0.0428795412726253	0.711817043280472
AT3G05820.1	-5.03889486962141	3.51911234720445	8.79596575042052e-08	7.80785819602748e-06	0.284526283075301
AT3G05980.1	-7.49065921428863	2.40069274832349	7.96122187191227e-08	7.13355522070026e-06	0.449782491894552
AT3G06030.1	-4.59462063221967	3.90767594798089	1.50132126455201e-07	1.2731740509567e-05	0.259986350935035
AT3G07195.1	5.27238402376433	2.2527181714124	1.53472551246557e-05	0.000765187554719056	0.449973211435648
AT3G07850.1	-8.97185600054206	8.59676644689591	4.34413109358485e-18	2.66197142753993e-15	0.250249691840661
AT3G08770.2.DE	-8.83504819731801	9.06791383886061	2.69682791977532e-17	1.34813008326453e-14	0.258136724333574
AT3G08990.1	-2.7892032709817	3.17479834380977	0.00183243273209942	0.0462726938559045	0.319281369437578
AT3G10430.1	-9.23610507238456	0.117580911968114	0.000121887249586455	0.00485402556214737	0.797817697860176
AT3G10460.1	-11.6873928962418	2.50943316151929	4.53592956680419e-10	6.60077800136327e-08	0.441349217692389
AT3G10570.1	-4.8393249930786	6.77008239997072	1.2881803063072e-08	1.36705436305092e-06	0.244544677891524
AT3G11010.1	3.26088857394814	6.67398274577239	0.000129664242172942	0.00510667851799117	0.283241045986639
AT3G11160.1	-7.38362773389136	0.563124851976461	0.000108738808251507	0.00438556773151939	0.736648467340524
AT3G11280.1	2.57198360344793	4.9258855816804	0.000327815296718154	0.010944076232791	0.212303484091555
AT3G11680.1	-6.34428304458387	-0.41694278670287	0.00138948401230696	0.0368023769356809	0.83305384567871
AT3G11740.1	-7.18736715822618	0.406812880227475	0.000206403585042995	0.00749683078676238	0.773793859524495
AT3G12000.1	-11.2616685277605	5.23629637252736	4.13349075318958e-21	1.30866317245982e-17	0.238430738025691
AT3G12060.1	-5.45998922772739	0.486107553407933	0.00162920574091752	0.0419772784131656	0.814444172541916
AT3G12110.1	-3.09355000549506	5.08620179198695	0.000378675780291699	0.0124022846938295	0.298310772070264
AT3G12145.1	-6.75677328584688	8.78661530617718	1.16036479079881e-11	2.44914328511269e-09	0.280243965477254
AT3G12420.1	-6.54649722588488	-0.197892503152618	0.000852963665456707	0.0242922005832318	0.817090539174501
AT3G13450.1.DE	-2.77026305403292	5.03061011768354	0.000201747170210466	0.00735583348429563	0.226282431180328
AT3G13650.1	-4.34504292363957	2.36091195258099	0.000172273979224634	0.00641669903794343	0.452173006111573
AT3G14040.1	-9.35173377522902	8.41378396044555	1.54358195410052e-18	1.17287531200374e-15	0.255982571217648
AT3G14395.1	-5.16808763611277	3.41364292944416	2.95284677892422e-07	2.36676276001876e-05	0.319814788630379
AT3G14520.1	-7.52268421486623	0.727237374368187	6.73510494382805e-05	0.00284311230028795	0.721232808570425
AT3G14890.1	-3.88661649990353	4.45050244004593	5.52619237790828e-06	0.000315241893125362	0.267672454249679
AT3G15536.1	8.64067555575814	3.54602420803818	1.73572938862562e-13	4.33840992978057e-11	0.288552640823625
AT3G15720.1.DE	-5.23438305959814	1.56533323058226	0.000639654686898437	0.0191654265494049	0.685159993980757
AT3G16030.1	2.93079070495156	3.85163588852487	0.000863396213368566	0.024479215625596	0.306599868685281
AT3G16220.1	2.46994168751537	5.11647589594982	0.000642078529537243	0.0192077539324244	0.218793132076591
AT3G16360.2	5.88816766175353	3.67956354784735	1.47059798367901e-09	1.82584832012853e-07	0.277570242544785
AT3G16530.1	6.57042572561486	4.54536830530955	8.56111492138287e-13	2.00773998822949e-10	0.235376527168566
AT3G16660.1.DE	8.40832712780431	4.4427520817691	2.40601374594514e-16	9.9357906778204e-14	0.237629582226815
AT3G16670.1	10.6438925080479	4.6263092642182	3.27737616997988e-08	3.17637947576214e-06	0.676966068680708
AT3G17060.1.DE	-7.05849821404679	4.05470396541293	9.56980741905428e-12	2.04256249137478e-09	0.279234073991021
AT3G17220.1	-4.55553326269671	2.04990917938245	0.000291067199517455	0.00998034751269599	0.514035383634012
AT3G17680.2	-5.92564037316176	3.81810344975992	4.94927689081282e-10	7.06890705397596e-08	0.26625250558589
AT3G17760.1	-8.31898921559108	4.96877277029255	5.02774649630127e-17	2.38767681109347e-14	0.229525096199832
AT3G17840.1	-2.69407746972149	5.98782558308163	0.00152004577061541	0.0393389502160904	0.294899327964485
AT3G18010.1	-4.72944266449135	1.78168375186593	0.000418623619602811	0.0135241059149235	0.562431321955049
AT3G18220.1	-7.69418828659122	2.22373540249452	1.23155761360009e-07	1.06339401945215e-05	0.470786060386231
AT3G18730.1	-4.34133702233516	2.94900724564505	2.60494146367002e-05	0.00123093204089243	0.364724781684155
AT3G19050.1	-5.55585470570001	5.1859445977948	1.00888405867212e-09	1.34963109707997e-07	0.258388014416167
AT3G19590.1	-2.6667035092837	4.2392515552604	0.000478901166610882	0.0151620109349005	0.238501651259195
AT3G19820.1	-2.66007208892061	8.472068654478	0.000832972938968363	0.0238300511274744	0.260947766599462
AT3G20220.1	-8.4409067231766	2.96231534616794	1.58503108766069e-10	2.40874004329619e-08	0.364811434297911
AT3G20520.1	-9.43170556011855	3.94740885307222	1.83884651297991e-15	6.46865340010487e-13	0.272764657749113
AT3G20940.1	-5.7154524025534	1.77517932791814	4.93879341100376e-05	0.00216440351547414	0.555951615763714
AT3G21090.1	-4.08608444079964	2.44556309239966	0.000267080239995207	0.00932620632159735	0.437049044115859
AT3G21420.1	-3.35764146982605	2.78767142345634	0.00070772154882372	0.0207787921815385	0.367406653235073
AT3G21933.1	-9.01564024149544	-0.0912259383203347	0.000201494554501856	0.00735583348429563	0.814395744261017
AT3G21940.1	-8.97236637640587	-0.132643806523413	0.000211229307630205	0.00762834967251591	0.810788599451704
AT3G21980.1	-9.95045481361257	0.803869869334204	1.517424528747e-05	0.000762566040954445	0.719595164207959
AT3G21985.1	-8.93827544401165	-0.164102946912642	0.000236155496636122	0.0084007674421344	0.817648470992409
AT3G22060.1.DE	3.41089358883639	4.06464802003679	5.01514847260467e-05	0.00218504037581648	0.269515754372324
AT3G23060.1	-9.02177359087129	-0.0856045526008803	0.00019725003204278	0.00726155350520282	0.811708855438928
AT3G23550.1	7.53168866337687	3.36350123385443	1.24116017065948e-10	1.99158201584356e-08	0.32814620859759
AT3G23570.1	2.51935600838771	5.42914455259305	0.00056215637317549	0.0172237459110348	0.222506861864154
AT3G23860.1	-8.65952183262754	-0.425019223941092	0.000416138204535052	0.0134667143668618	0.834298615816266
AT3G24190.1	2.79466193793847	7.27437985802809	0.000521678964764483	0.0161695644760552	0.264062402813971
AT3G25170.1	-7.25076139110387	2.19371004551396	3.80355947007408e-07	2.93709006884257e-05	0.482588075088858
AT3G25520.1	-2.3906861998593	8.74853267320438	0.00198638069450178	0.0494538501608858	0.251621524873352
AT3G25610.1	3.8967191606644	4.53581094976679	2.48644536992793e-06	0.000158498376668292	0.250618692754925
AT3G25760.1.DE	2.80150676007718	5.21131182432319	0.000171130453680111	0.00639920098052636	0.22606334097133
AT3G25980.1	-5.66971787793169	4.11010479400028	9.09627685872509e-09	9.93062501197366e-07	0.296022559274889
AT3G26050.1.DE	-5.09748401755843	2.76726825537044	1.44646904075113e-05	0.000732723357282893	0.430426321089777
AT3G26500.1	5.89479027874485	2.24730775658176	6.27448074981765e-06	0.000355791153204585	0.479173898462506
AT3G26830.1.DE	4.41739272506623	2.27483003117723	0.000191338657177643	0.00707134072324222	0.465511041389206
AT3G26934.1	-6.07908165392362	2.40196130050496	1.85445502619835e-06	0.000122316762769666	0.447723303186737
AT3G27060.1.DE	-3.40399158704588	5.74981425643199	4.11222718262392e-05	0.00184671081704785	0.265326609690471
AT3G27280.2	-2.61979788563613	4.53849556125212	0.000425468514847025	0.0137219013718745	0.227274182245927
AT3G27415.1	-9.95878993196044	0.811037519088384	1.57008829485597e-05	0.000778730998670599	0.724275976437453
AT3G27503.1	-10.357080724293	1.19956405186767	4.18113582566318e-06	0.000245897387443646	0.68261440279223
AT3G27810.1	-9.80688601554749	5.03148232012232	5.38746719561558e-19	4.8733488975197e-16	0.239924486697691
AT3G28230.2	-8.65950089993954	-0.424576746768292	0.000429591903171008	0.0138079996491311	0.83890993760226
AT3G28490.1	-5.89010424384522	0.473910304931481	0.000530214756180162	0.0163505836175298	0.72750492174907
AT3G28500.1	-5.4836989903245	6.47279079546549	1.0221959283164e-09	1.35787649330758e-07	0.255592113523914
AT3G28780.1	-10.8409301013839	7.69034330315869	1.19467714713828e-21	7.5646956956796e-18	0.254132208778178
AT3G28810.1	-6.92731332844612	4.10793453819123	2.14629369968777e-12	4.85368989515107e-10	0.258248242733904
AT3G28900.1	-2.7842884235046	5.87492169817193	0.000209116895858523	0.00758088655291698	0.23022829003559
AT3G42950.1	-2.30837472481002	5.17966056416654	0.00132945032463764	0.0354694359084503	0.218900773971178
AT3G43960.1	-6.27103445481421	4.15179255401142	3.24898289275746e-06	0.000197813073816733	0.51315474660613
AT3G44042.1	-5.76552539117219	0.376616074028779	0.000726956502853226	0.0212680418504111	0.74343048605323
AT3G44590.2	-2.43930844506998	4.67755188424725	0.000969011960367464	0.0270696341163829	0.228401324599849
AT3G44770.1	-5.92824453510755	0.877878442430084	0.000271599369111166	0.00945668908701526	0.68569773991807
AT3G44860.1.DE	4.37861634679351	6.29688721234898	7.57474032208747e-08	6.88467785446763e-06	0.234162349348979
AT3G45480.1	-8.93611402017914	-0.166073837207028	0.000238581634893185	0.00845540435901295	0.818978954205513
AT3G45780.1	3.24286065496313	8.75655173651944	7.09238182453804e-05	0.00296103044261373	0.261220849109056
AT3G45860.1	8.84668144197159	7.66194363855069	2.12087045266515e-14	6.49807340626245e-12	0.313271681056101
AT3G46900.1.DE	4.19545466943969	3.25566939166775	2.55216624139768e-05	0.00120900124492744	0.347042915284636
AT3G47090.1	3.77023161221523	3.4094853486939	0.00014133847015063	0.00547931750812524	0.357138223335622
AT3G47340.1	-6.24434201077049	6.76678006400233	1.90018664948531e-06	0.000124041050149907	0.497522223972628
AT3G48290.2	-4.00733906159464	3.84581452470673	9.64038554617951e-06	0.00051440663998659	0.294252906049189
AT3G49270.3	-10.3797674855478	1.22149465552477	3.46153410848062e-06	0.000208746990237136	0.672701465385815
AT3G49540.1	-8.37528890917675	6.65934290375357	1.12728192179239e-16	4.75863275252628e-14	0.246973945957377
AT3G50410.1	-3.97691067504198	2.51827711231098	0.000222609243343574	0.00799373381201234	0.407513040054824
AT3G50740.1.DE	6.63888474930216	6.19097078175637	1.91599729983112e-11	3.80814801282709e-09	0.27650620221193
AT3G50840.1	4.6694866985282	3.85890425142076	1.30050279246929e-07	1.11280860566427e-05	0.263657040911877
AT3G50870.1	-5.24509647115409	1.82159464842843	0.00012371886481203	0.00491666015893165	0.552969237135897
AT3G51280.1	-6.13636911101544	4.23730053755282	1.33596672575005e-09	1.72639618519374e-07	0.297580892617961
AT3G51410.1	-9.49363819550677	0.362493774083301	5.70274860984555e-05	0.00245175493499591	0.763589710539565
AT3G51920.1	2.9157928011426	6.3932051775835	0.000144178377179733	0.00552179930021413	0.237667964315075
AT3G52160.1	-9.02421606733966	5.44679880897734	1.79269825246279e-18	1.30977292322243e-15	0.232822614542137
AT3G52820.1	-5.45256401999082	2.75010990524085	8.74268789696135e-06	0.000477230170375511	0.45582209525611
AT3G53650.1	-3.93670735486033	3.11461839102182	6.8913974753243e-05	0.00289621651418718	0.348190307319428
AT3G54700.1	-8.91298637570255	2.9098170930862	9.84281839403631e-11	1.64012437029047e-08	0.371578447637303
AT3G54800.1	-7.30631487497012	4.84454246994606	5.25862975241371e-15	1.7222919099457e-12	0.226377892468075
AT3G54820.1.DE	-3.16671394199494	5.36684195317844	3.21604432123554e-05	0.00149369139183839	0.228601226166529
AT3G55090.1	-4.48745061637155	3.02238935898288	8.43648810100285e-06	0.000465870720833285	0.341789946715883
AT3G55240.1	3.83854963216783	6.22941816436502	1.38753820144581e-06	9.6548262544559e-05	0.234923939747865
AT3G55990.1	-3.34095221705302	4.00582239572002	0.000350860845381035	0.0115912219458403	0.333988691109209
AT3G56200.1	2.51039384277206	5.52909406626216	0.00085971742493599	0.0244113485860748	0.236521747705601
AT3G56230.1	-6.27530508666821	1.74955298091631	2.41616395315129e-05	0.00115610706433405	0.575861572082775
AT3G56480.1	-2.76008791554288	5.4770701326259	0.000492071306879159	0.0154247302730635	0.255446583095021
AT3G56710.1	4.35721512189127	5.09717951549915	1.28709302998202e-07	1.10631761074835e-05	0.239206324714057
AT3G57130.1	-5.14511126344285	0.676988761940682	0.00121466044376899	0.0329624139854797	0.715364321195662
AT3G57860.1	-5.38245369620338	2.47222183618263	2.8011295511925e-05	0.00131708556817952	0.500959216300612
AT3G58290.1	-7.32922155013272	0.51107183662521	0.000142294234057334	0.00549865136034253	0.754986415974209
AT3G58340.1	-7.75443522047288	0.921083870162781	3.97641596064545e-05	0.00179420421825228	0.708611319377481
AT3G58360.1	-9.25362395066774	0.133840170059664	0.00011233251617298	0.00450183223042599	0.792180575505225
AT3G58440.1	-9.08328043541684	-0.0274469685623522	0.000173961236389789	0.00645423368449303	0.809698513493103
AT3G58480.1	-8.68189545237022	2.66328433166686	2.59398496623445e-09	3.07970865116185e-07	0.42421544998752
AT3G59160.1	-6.275753168583	-0.447289093226319	0.00149932116483549	0.0389938804557537	0.837970675360931
AT3G59210.1	2.49512435506023	4.86558508791787	0.000672839654212673	0.0199431406591264	0.224129305413894
AT3G59530.1	-5.05676331611073	6.19739224469038	2.06198365068844e-09	2.47907857142264e-07	0.235219113643356
AT3G59550.1	-3.95420932429764	1.98174778510375	0.00180186760620114	0.0457597286729903	0.555076894460009
AT3G59650.2	-2.73092276181714	3.60710742287684	0.00101090150354014	0.0281157905728383	0.278561934632988
AT3G59830.1	-6.20897246793405	1.74999049703438	7.73603480844834e-05	0.00318771620870466	0.657950814945157
AT3G59845.1	-7.76349568476186	2.27471686847072	2.3542861048386e-07	1.9111973866459e-05	0.499650427972226
AT3G60010.1	-5.88250598106366	-0.00458482294807691	0.0015005541489343	0.0389938804557537	0.83400516163758
AT3G60330.1	-4.70738158515272	3.11538142478701	2.55630732240084e-06	0.000161903608087581	0.330313590836383
AT3G60570.1	-6.47998346730378	0.507283981277162	0.000362747063258322	0.0119513140167366	0.76488555009905
AT3G60690.1	2.87688412326803	4.06828337181292	0.000313975251655947	0.0105970353643014	0.255194559487759
AT3G60780.1	-7.90264521718502	2.4623090457212	6.61631804849104e-08	6.10114454607455e-06	0.473393538537774
AT3G60840.1	-4.14563428470198	3.40458003917149	1.24337302861105e-05	0.000652461714129709	0.316103338323932
AT3G60900.1	-5.92641822337828	3.33471126695201	2.99922933366005e-07	2.39383867320194e-05	0.390788842043278
AT3G61230.1	-5.90129673412238	3.43927601344127	1.37107023510902e-08	1.43894199923376e-06	0.313991893676499
AT3G61490.1	-4.83229196927564	5.08740357535861	2.99679764467818e-09	3.51402271964856e-07	0.222679868165097
AT3G63095.1	-9.96946390362083	5.83177345191435	1.0566201580275e-16	4.56171739133874e-14	0.293773813606984
AT4G01380.1	6.17786474086243	0.240170116419528	0.000572672435525281	0.0174895266643701	0.760182886254793
AT4G01410.1	-2.35848317183405	4.55362504012433	0.00140076125530489	0.0369567511191275	0.229047440341224
AT4G01525.1	-4.15517373536634	4.54650837939588	6.61289550078591e-07	4.88788182618402e-05	0.249636050981812
AT4G01730.1	-6.07939842568378	3.48971044240402	2.51206214431709e-08	2.52482182505013e-06	0.343548860737932
AT4G02060.1	-4.32886910597746	4.54381070816243	1.70312487825046e-06	0.000113120839815545	0.286995917211393
AT4G02140.1	-6.77794886525016	2.99767441536463	2.52656553643188e-08	2.52603362789789e-06	0.38735154164302
AT4G02410.1.DE	3.92763708160519	5.52068139326712	1.52784661054038e-05	0.000765187554719056	0.301309111705746
AT4G04570.1	4.39862788427641	6.15287383379451	7.81256956896648e-08	7.03353419583352e-06	0.236144761721616
AT4G04655.1	5.21506385212729	2.17281387559555	0.000129844479058209	0.00510667851799117	0.558952232890845
AT4G05190.1	-5.59019713484298	4.1553730728041	3.43276044831651e-07	2.70575591187636e-05	0.36881736892413
AT4G05330.1	-3.02838011870588	4.0810511353296	0.000129319776087522	0.00510667851799117	0.247774692593401
AT4G05520.1	-3.3586010922886	3.91037566310357	4.73432646159387e-05	0.00208661868827	0.260705384473375
AT4G07960.1	-6.34675991560868	4.55434213691488	4.33614155312569e-11	7.99702378089084e-09	0.265118913813342
AT4G08550.1	-9.33098959179942	0.207452617981495	9.03427811354956e-05	0.0036748425491432	0.782087919669496
AT4G08850.1.DE	2.63943455769758	7.21362985064574	0.00111694546752659	0.0305727609526443	0.270064250236525
AT4G09644.1	-10.0074846011755	0.859555704079431	1.69757196191502e-05	0.000835416502293723	0.738115779858513
AT4G10120.1.DE	3.03801852846823	8.63905819561081	0.000167178946884332	0.00627614876485132	0.260028211594529
AT4G10950.1	-10.1182684714171	0.966736936807876	8.90866177438649e-06	0.000484454877155487	0.70334151418809
AT4G11000.1	4.23362037680148	1.95345256475107	0.000503163359125815	0.0157205446874243	0.495515795870421
AT4G11030.1	-6.13577427010787	3.29554805159074	1.8898247951368e-08	1.94049253018479e-06	0.33590955295785
AT4G11310.1	-10.420576955847	1.26124003826312	3.14553712031156e-06	0.000192750397217543	0.671555071419734
AT4G11320.1.DE	-6.15772128183246	6.86005294789598	3.54792455594282e-10	5.22452518330929e-08	0.286503188609452
AT4G11330.1	2.53312473390706	4.80699698974038	0.000617375631956265	0.0187943389497455	0.227017517390129
AT4G11720.1	-8.80333147916074	-0.291295903256882	0.000307485766483548	0.010467741254698	0.822918969769808
AT4G11810.1	-4.65392450470729	2.42707733704526	5.85350889901206e-05	0.00250671533517591	0.439245482884995
AT4G12030.2	3.45427677453982	5.44175176450542	8.34564794446849e-06	0.000462198041845841	0.230797906680473
AT4G12310.1	5.09804188085962	4.31690662746438	2.78583700425202e-08	2.7419564628379e-06	0.272542858839281
AT4G12530.1	-6.04613201141065	0.096187790893754	0.00109280525342037	0.030041864824853	0.813420019409866
AT4G12620.1	-3.99285694283123	2.65551186835967	0.000517088358674644	0.0161026401006287	0.465541396417969
AT4G12890.1	-8.78784477014061	1.93328172697934	3.61638596218183e-07	2.81544539908221e-05	0.557764868325875
AT4G12920.1	-10.756266695736	1.59049944816476	6.64316215367835e-07	4.89122125082457e-05	0.620984704587608
AT4G13266.1	-8.97019442491974	-0.134323491051757	0.00021406262646004	0.00771600313517062	0.812484703536157
AT4G13370.1	-4.2495644265699	3.37070475033106	5.49175192940267e-06	0.000314220842322088	0.303288005911405
AT4G13770.1.DE	3.50141212344493	8.07401988550072	1.25010412077093e-05	0.00065418671840674	0.24654099570002
AT4G13790.1	-6.24180082537869	1.47275449105336	7.06203083861406e-05	0.00295485325573376	0.63679875857248
AT4G14020.1	3.97457337312727	4.63016045639384	3.6431233271094e-07	2.82468451925593e-05	0.222496373333662
AT4G14090.1.DE	3.16862243524469	3.44722367678476	0.00069134364443451	0.0203924904808664	0.33665161785423
AT4G14400.1.DE	5.95838932972217	9.7028075010127	2.24406971077530e-09	2.68102819030739e-07	0.301542796327082
AT4G14695.1	-7.23377327400324	4.58760740937044	2.92953907896099e-14	8.8070301714407e-12	0.234711860238106
AT4G14700.1	-5.14906034537831	1.23125581477449	0.000519423527512838	0.0161488859715775	0.642711148234727
AT4G14815.1	-12.4945981883098	5.62499765116687	5.36306270155917e-23	1.01876739078818e-18	0.23608035792721
AT4G15000.1	-2.79530375774422	7.87733187897139	0.000410433648681649	0.0133047740449771	0.255053603879907
AT4G15200.1	-4.29034202654667	2.79154815105261	9.7073060856418e-05	0.00393176943289662	0.415346654447423
AT4G15210.1.DE	-3.98534019209333	7.88855648765355	4.44094273942345e-06	0.00025877346097573	0.275989821810656
AT4G15250.1	-10.1218818406069	0.970398698166571	9.60195824654303e-06	0.000513799433384032	0.709927323073846
AT4G15480.1	-4.75196123616018	3.44416099235864	1.16088310855913e-06	8.19781989969861e-05	0.316288513869341
AT4G16260.1.DE	7.75212438693014	3.22040032711201	5.26377506404449e-10	7.44438432065689e-08	0.363605202238172
AT4G16270.1	-8.80447452076066	5.36131654568086	3.07057774790717e-18	2.0113343068705e-15	0.229843258195379
AT4G16550.1	-9.9812851609273	0.833496905348121	1.26009613189062e-05	0.000655802359490251	0.709848486932799
AT4G17240.1	-3.82071580165021	3.18074187558483	0.000110585215278501	0.00444117706010654	0.35172124797149
AT4G17280.1	-5.37178365259377	2.3729749898406	0.000292685738676634	0.0100177626881105	0.660762090964421
AT4G17360.1	2.7144692291127	3.4915218114037	0.00139779938338121	0.0369298985906947	0.29023122438609
AT4G17690.1	-9.44906518444033	2.58819717059365	1.09616091805426e-09	1.43604639995578e-07	0.426681565666388
AT4G18250.1	5.73011553755363	4.10169397298682	4.20145254563519e-09	4.77908937466384e-07	0.286877009731884
AT4G18395.1	-8.48188616520604	2.46465934552795	1.61929301052711e-08	1.68087923650126e-06	0.457288725832547
AT4G18960.1	-7.98515461480808	5.54045079267051	6.00668465813018e-16	2.23731336795766e-13	0.238752921275187
AT4G19038.1	-5.89762605138052	0.865530075815628	0.000235952893822628	0.0084007674421344	0.669851652189554
AT4G19170.1	4.81242931119285	9.34683473788854	1.97498312577419e-08	2.0062448907597e-06	0.249636660606395
AT4G19370.1.DE	4.10244176481193	2.71566300956024	0.000124771965517429	0.00493785053535225	0.397553324126652
AT4G19530.1	2.90942472135694	5.44721061363694	0.000256180583051937	0.00899520583300296	0.254657378349935
AT4G19840.1	2.60022904122162	7.02660838860316	0.000624793411380255	0.0188990058002856	0.239512101163301
AT4G20160.1.DE	-6.94479681366583	1.91138800390836	7.7054478204101e-06	0.000429245415825543	0.588464471907457
AT4G20460.1	-4.3402152131857	4.46777927189446	9.24644264426003e-08	8.16955462652854e-06	0.231684018640876
AT4G20680.1	-9.63374315005306	0.497972141967845	3.91185188230873e-05	0.00177206511223799	0.75220625112672
AT4G21650.1	-3.09799610770302	8.35631926055559	0.000260998486995457	0.00913062110306759	0.285084587423271
AT4G21960.1.DE	2.90304961222394	11.232007133618	0.000689198969826479	0.0203608454600681	0.294329698056826
AT4G22010.1	-3.60319459007913	5.92641515424728	0.000247766391747127	0.00871587106968226	0.362238215819137
AT4G22050.1	-9.05178434827068	-0.0569350935481408	0.000192825470648586	0.00711245172901077	0.815795501830185
AT4G22690.1.DE	4.21252879491387	7.27376677674469	3.30252310826915e-06	0.000200430443976616	0.293311889873703
AT4G22960.1	-5.19110861628043	3.81637946482184	1.82489900768531e-07	1.52042901535045e-05	0.315178620413524
AT4G23180.1	2.73468209527845	6.15485900503026	0.00176890492227231	0.0450430534899259	0.310898741019792
AT4G23270.1	4.7549082602484	5.19035646241756	4.91163371556491e-07	3.68960771169331e-05	0.300833234210281
AT4G23320.1	6.66608603323173	3.16048061605467	1.51351815546305e-08	1.57971378468e-06	0.363578016841872
AT4G23800.1	-6.14240392044312	6.37910824241402	7.81960813108212e-11	1.33820969421654e-08	0.265187465263484
AT4G23810.1.DE	2.76817459034267	3.91290235785359	0.000639532923868052	0.0191654265494049	0.265048996654866
AT4G24380.1	-3.30940811905686	6.07577687538833	1.67505631499134e-05	0.000826477136612353	0.230532180036869
AT4G24890.1	-8.0794973039872	2.10675252520004	2.63604915660329e-07	2.13082509697175e-05	0.518677517381079
AT4G25040.1	-13.4756171560505	4.2880320160536	1.98371805813724e-19	1.98330043328289e-16	0.253616436091886
AT4G25150.1	-4.22874476583758	3.42149482170264	5.18219883179177e-06	0.000297404981899446	0.301304131783672
AT4G25630.1	-3.37415218195861	5.05679603164414	9.72284172175974e-06	0.000517353225060359	0.224875301477577
AT4G25950.1	-6.68803440470345	2.75093584518434	4.38044950078435e-08	4.13985167745769e-06	0.389540291443029
AT4G26580.1	-3.54628998422413	2.22635468542441	0.0014256054535218	0.0374561565630708	0.448384638750019
AT4G26760.1.DE	-3.69879958393754	5.44002481889902	1.3330504850329e-06	9.30978934326654e-05	0.219919481963122
AT4G27980.1	-7.75241252039291	2.68646187193265	6.41245134730812e-09	7.0820305693875e-07	0.405119785798218
AT4G28088.1	-9.65860531178399	0.522079909174418	3.8596547325893e-05	0.00175401916986283	0.754676639516031
AT4G28090.1	-8.58090329489561	3.10115088500988	4.72844553707942e-11	8.59204131205167e-09	0.352740217893087
AT4G28130.1	-8.528651257659	-0.545670379524714	0.000532223373970385	0.0163859241684626	0.838697727361676
AT4G28190.2	-4.37055324266841	3.78560628111183	5.70475721872075e-05	0.00245175493499591	0.405124985002016
AT4G28240.1	2.91338466640315	6.59894334643435	0.000130810423489541	0.00513403885249446	0.234459143345712
AT4G28350.1	3.97505413970612	2.62630960399181	0.000329664862597743	0.0109865153156258	0.430545326722764
AT4G28397.1	-10.9237372601141	4.05680132188551	5.26009227302302e-17	2.43709055654501e-14	0.270810141870963
AT4G28950.1	-5.52289155148767	1.98784150807299	4.09115515776838e-05	0.00184160150182389	0.524553405129181
AT4G29030.1	-9.12004424012702	6.95841581201231	3.29452560046482e-15	1.1175501483291e-12	0.304537227429986
AT4G29240.1	-3.716212543597	3.34148168111028	7.55381037404976e-05	0.0031365975496873	0.32228966958901
AT4G29410.1	-2.35718001946788	6.51424222098442	0.00183522515536422	0.0462726938559045	0.24155960664259
AT4G29700.1.DE	-4.7856905379548	5.77192722598563	7.55265351427574e-08	6.88467785446763e-06	0.26767216549046
AT4G30140.1	-7.38446388735737	3.41288003924808	5.06837308629351e-11	8.99802010721789e-09	0.309579544654552
AT4G30250.1	-4.66063258770163	3.28546364374236	1.8717157325452e-06	0.000123028069395947	0.319359311626894
AT4G30500.1	-4.11562402010082	4.08786118684066	7.93044069485507e-07	5.728009560436e-05	0.247458019971647
AT4G30670.1	-5.24697400895535	0.551416538213594	0.000907020202103656	0.025525564087646	0.696415084183108
AT4G30770.1	-9.9538508026003	0.806953325780475	1.38414058074864e-05	0.000709164036310068	0.712955267483675
AT4G30850.1	-4.48734016572179	4.6483211922381	2.42954503706434e-08	2.45487433638692e-06	0.224389950780959
AT4G31370.1	-3.82717185722362	2.77478014790199	0.000672960263344915	0.0199431406591264	0.451374494383281
AT4G31615.1	-5.47686885799729	0.73814256767312	0.000665772040851098	0.0197918711862402	0.703032395203774
AT4G32170.1	-9.70254837302435	0.564006265663522	2.90203863838494e-05	0.00135781098460001	0.736490977254389
AT4G32280.1.DE	5.97268456090879	3.41675268804918	3.52717569148052e-08	3.40112839773421e-06	0.339946259862168
AT4G32940.1	3.99816539708844	10.0385490378216	2.93132126088767e-05	0.00136814198210865	0.332745869689503
AT4G33010.1.DE	2.75079952046127	11.6739511297096	0.000677960997247974	0.0200600422176363	0.267716258112671
AT4G33050.2	4.15398325149745	6.40753430027199	1.96170180191138e-06	0.000127618107633933	0.273950400579725
AT4G33355.1	-9.07428766498231	6.36530500417507	1.96930549546765e-18	1.38551582192235e-15	0.241864464786446
AT4G33390.1	-7.09419619041299	2.78375669330724	9.57534008058617e-09	1.0334838646069e-06	0.378510329758804
AT4G33790.1	-2.55899678843747	5.9226616123159	0.000620739850963464	0.0188665187342431	0.232406025651029
AT4G34950.1.DE	3.63775005637748	5.73486490211747	1.36488355376522e-05	0.000704546956177286	0.263532524223539
AT4G35090.1.DE	2.82117107692437	10.5220194255695	0.000403367010247977	0.0131655665406711	0.258583993688457
AT4G35100.1	-2.75060918683691	9.47893473100811	0.000441817689539361	0.0141769743758272	0.250843598017422
AT4G35670.1	-9.28496972295038	2.42523881544212	7.49062435810735e-09	8.22496533564203e-07	0.465005998500386
AT4G36180.1	-4.80905207099784	5.40686354578884	1.76131189920909e-08	1.81836308898782e-06	0.245289326837289
AT4G36490.1	-6.78145098346776	4.22984722785832	5.1715575821084e-12	1.14231288174106e-09	0.262069481495181
AT4G36880.1	-7.09954547005273	3.43471082131269	9.29516668534179e-11	1.56257510048454e-08	0.30580018180629
AT4G37400.1	3.54854104743692	2.20978786370903	0.00146176807768541	0.0381425087963078	0.452480636621391
AT4G37780.1	-9.36341494006547	0.23827643926598	8.2397797990268e-05	0.00338062326268495	0.778816348179807
AT4G37840.1	-10.7226145942845	1.55761556560832	1.20948810634728e-06	8.50942076598996e-05	0.651035536829656
AT4G38070.1	-6.55949829907946	3.63655066332188	6.9237954531272e-10	9.46218837608663e-08	0.307112797169887
AT4G38590.2	-5.82326813001145	0.81155504563703	0.000333290113942117	0.011058896548355	0.692836481611655
AT4G38660.1.DE	-4.73615724173624	5.5876157527197	8.9160022980108e-07	6.39125960954766e-05	0.313874955167838
AT4G38860.1	2.42382900114785	5.58247233075429	0.00103681675811916	0.0287523666236956	0.229262067816155
AT4G39010.1	-3.93497640836191	4.14780164860693	8.92604795769743e-06	0.000484454877155487	0.2844837475854
AT4G39110.1	-4.69320212863968	4.74750246794926	2.25900032649187e-07	1.84965388801895e-05	0.27842995226388
AT4G39130.1	-10.1191067955324	0.966843847622167	9.76860834943827e-06	0.000518336548061255	0.710489426586528
AT4G40100.1	-6.18179136336039	0.275447917684564	0.000734960585818703	0.0214130541230247	0.800624116827224
AT5G01370.1	-3.53155399470798	3.24684592972513	0.000224508804908282	0.0080467344491278	0.341477133089706
AT5G01420.1	-6.87216752426503	0.884704762025196	0.000143790197299362	0.00552148713470765	0.741164068638652
AT5G01890.1	-3.02826694400626	4.72747594513135	0.000798512220243154	0.0230175085519559	0.321495643486491
AT5G02390.1	-5.20828547140696	1.33751915179736	0.000727744114696107	0.0212680418504111	0.701224905942523
AT5G02540.1	-2.62666766323926	4.61593541700922	0.00115609319010302	0.0315987715671899	0.267739227012994
AT5G03480.1	-7.15330201947635	1.20472931109957	4.60504659228978e-05	0.0020391017498167	0.694521679005883
AT5G03620.1	-6.5015359695879	3.68331911989201	7.05243102265959e-11	1.21789072460401e-08	0.273294388657887
AT5G04140.2	2.91354859674028	10.8619296817449	0.000409960199748372	0.0133047740449771	0.273876585286994
AT5G04500.1	-8.24282428525306	2.24725014895673	4.94436183179486e-08	4.62675356437316e-06	0.471901646539304
AT5G05070.1	-5.75721267907265	1.02050000214049	0.000237098261663939	0.00841853939919288	0.656932362481161
AT5G07420.1	-8.78062874166758	4.9722367964421	9.74924800021582e-18	5.68921303500081e-15	0.232746163345925
AT5G07660.1	-5.06818937497954	3.25738504117887	3.56073594349929e-07	2.78352839435031e-05	0.314982463382252
AT5G09660.4	2.54176185813635	10.2694596157456	0.000903240765225377	0.0254947423123644	0.244300285554466
AT5G09730.1	-7.87897680380511	5.32841786325939	5.07388303703492e-14	1.4828228026387e-11	0.272666984052443
AT5G10030.1	2.64288454347541	3.85518872486217	0.00102072022763403	0.0283473705323625	0.263712783513448
AT5G10080.1	-4.08006362252011	2.76673101411604	7.60687969581037e-05	0.00314815439437067	0.370082938348675
AT5G10180.1.DE	2.60040805927394	6.4244213517604	0.000733646677387401	0.0214076071945485	0.245501021761476
AT5G10200.1.DE	-2.42793924240671	4.57705778331603	0.00108831321210749	0.0300052217375819	0.23071154348089
AT5G10760.1	6.08466989151989	7.77921737404211	1.35678298757203e-09	1.74016194175695e-07	0.301738310834102
AT5G11360.1	-4.82398924605445	1.08349964675213	0.0013225580716768	0.0353707242873322	0.683096975264258
AT5G12870.1	-4.45736274466469	1.29553639243744	0.00135813317408974	0.0361331901610767	0.617420273288058
AT5G13380.1	-10.5508573486196	5.75550363922874	3.6224119425719e-20	6.88113372610958e-17	0.248694734791883
AT5G13600.1	-8.03496070356129	1.22284319761356	1.38502767672687e-05	0.000709164036310068	0.673540158430004
AT5G13990.1	-6.26429228157612	3.56798951596561	5.37222812758264e-10	7.50373864055587e-08	0.285583699456053
AT5G14565.1	5.8457566757708	2.48597044297378	1.6263243335277e-06	0.000109995680686473	0.429458001154116
AT5G15110.1	-9.34569469178965	5.20202409466045	2.92879389033225e-19	2.78176843703758e-16	0.227636332427608
AT5G15480.1	-5.98851661248168	0.0688267186521932	0.000887809770381816	0.0251338813683651	0.776793985556622
AT5G15520.1	-2.67121724649134	4.02457134019963	0.000757387161753706	0.0219319001900509	0.255992847113197
AT5G15600.1	-3.42811149476432	3.30280374480506	0.00111429305247841	0.0305441714644731	0.414327948594396
AT5G15800.2	-6.99801598657919	5.73305910655352	1.49221730182652e-13	3.93696664798564e-11	0.244405575047548
AT5G16490.1	-3.71398488619014	2.75959627196023	0.000893390387340935	0.0252542318421554	0.450928428939149
AT5G17030.1	-5.18742195360452	2.70192299208229	3.04598858111466e-06	0.000189090193094294	0.381569152430424
AT5G17340.1.DE	-12.7797429632797	3.59458707942237	9.86985129225338e-16	3.60553259899318e-13	0.296970086833194
AT5G17500.1	-7.81500695262232	2.74813477902816	3.5695122336977e-09	4.10948208432252e-07	0.396151366637834
AT5G18470.1.DE	2.68299076889193	3.37427241965307	0.00185195201764983	0.0465956033473856	0.300064072319908
AT5G18910.1	-6.54424868543388	3.21615696375195	1.76684646241896e-09	2.17080007013653e-07	0.318456194278783
AT5G19340.1	-6.71287231905305	3.48810264577873	2.41321530945136e-10	3.60956204868803e-08	0.30001871611917
AT5G19360.1	-7.2572805956615	1.81194689203324	2.61766589569099e-06	0.000164652918392537	0.551194663869003
AT5G20230.1.DE	-2.51132364150483	5.59108025469852	0.00109149092736618	0.030041864824853	0.246229916942215
AT5G20250.4	-4.12425092278298	5.13288817537538	1.15754346938631e-05	0.000610797104012843	0.31607037971507
AT5G20630.1	-3.51083859758	6.87465469401938	0.00129905626369985	0.034903639017316	0.446834379978489
AT5G20635.1	-5.05414026520778	3.55523781888936	7.0800037875706e-08	6.49718608447783e-06	0.281285413351522
AT5G20810.2	-4.8899374216472	3.35045991668952	2.44980737247012e-06	0.000157218043403522	0.349757308566409
AT5G20960.1	3.89461612312091	3.5747504658796	6.37409785144444e-05	0.00270877769096283	0.341498460542112
AT5G21150.1	-10.9648517185336	5.49866093410696	4.03693134315678e-20	6.97141343587329e-17	0.253305153186945
AT5G22380.1	4.4320929360945	1.30691970335951	0.00163082919924806	0.0419772784131656	0.63998354051959
AT5G22500.1	-5.78533047528427	5.46177022088339	4.91403848735737e-07	3.68960771169331e-05	0.400965490402853
AT5G22940.1	-4.37785519541045	4.59858777680093	4.12319798788169e-05	0.00184727049475945	0.394618018579743
AT5G23010.1.DE	5.47549487357775	7.37712696079151	6.34513612313552e-10	8.73421781123785e-08	0.249777153495352
AT5G23190.1	-6.35859747286565	2.03918059696384	8.63816112503628e-06	0.000474839705145895	0.534862613490264
AT5G23270.1	-5.4261747636349	3.09691621679244	3.54489296639134e-07	2.78259449543677e-05	0.345741997015462
AT5G23910.1	-5.21352023463965	3.88802280159071	2.72307146058197e-08	2.70824426519451e-06	0.279761353278985
AT5G24105.1	-2.92383061573969	4.30759683698721	0.00186526870689966	0.0468066636146181	0.34994748444743
AT5G24160.1	3.53935104713402	3.49017235693982	0.000167073152218331	0.00627614876485132	0.329603670875216
AT5G24210.1	5.9105944531337	6.46001202811951	1.92558521188394e-11	3.80814801282709e-09	0.236125236577875
AT5G24420.1	-5.37051674537276	6.61064050068529	1.6660885069818e-06	0.0001118339833167	0.397934540590307
AT5G24580.1	-3.96198825148606	4.32752669194148	0.000275105779719636	0.00953633100648579	0.424487527672663
AT5G24770.1	-5.53178841162546	8.8235175899126	1.51154568818288e-06	0.00010365820177878	0.413289694670883
AT5G24790.1	-11.9394306567911	2.75924113446272	3.28015455299518e-11	6.23098158886964e-09	0.400221637475636
AT5G24860.1	-5.40260625743728	2.12945888808505	3.57641984698266e-05	0.00164897260711851	0.509972941545316
AT5G25120.1	3.70786530582988	4.76947674988149	1.34149805158103e-05	0.000696259480541894	0.270309016204505
AT5G25475.4	-2.64221656744413	4.29995616383471	0.000744080554552032	0.0216264777761144	0.251220841604461
AT5G25880.1	-5.45829093608841	4.30329401995037	5.29054476357486e-10	7.44438432065689e-08	0.240383427977818
AT5G27850.1.DE	-2.40542099205401	8.24441977210635	0.00186180859406183	0.0467816349904742	0.251300995320691
AT5G27870.1	-7.68726465337944	4.43045281493681	6.44696493889958e-14	1.85555372695964e-11	0.258301133676766
AT5G28237.1	-4.44034729958872	3.28159466190586	7.15075097938816e-06	0.000401880667468809	0.33233935786215
AT5G28970.1	-7.34117583296454	0.552468572048867	0.000114310115122682	0.00457144199341151	0.740377854701391
AT5G29560.1	-7.58808107550769	0.760117206139602	5.85903142144717e-05	0.00250671533517591	0.714856366806904
AT5G32540.1	5.85449344075974	0.515045778803746	0.00130265351426005	0.0349508561537908	0.858423571260782
AT5G35390.1	-6.62664098368951	0.697058392275064	0.00027859791357972	0.00963979228845238	0.774436356887979
AT5G35490.1	3.9429856882745	4.30574586166818	6.14448121086488e-05	0.00262293404677729	0.349944816449375
AT5G37810.1	-9.73399581982266	2.8909977451173	1.32011928535955e-10	2.07247817724711e-08	0.401464719440648
AT5G38250.1	8.84584073655081	2.02420331694462	3.16830566871271e-07	2.50771393678611e-05	0.56193142815954
AT5G38300.1	-4.14790307947709	1.90507589598828	0.0011884343603493	0.0323895252642687	0.556840095637106
AT5G39020.1	3.85374337898549	3.80705381132701	0.000156661365014636	0.00591638029784897	0.374894153220606
AT5G39080.1	4.43404133773729	4.41442174779171	1.85261528051497e-07	1.53678078029093e-05	0.250764639516964
AT5G39220.1	-7.20082788718071	3.92991539763812	1.18034680765447e-10	1.91639897078669e-08	0.318950639510352
AT5G39610.1	2.79997376075664	3.97383962697435	0.00048573659840856	0.0152513263196182	0.259726806254759
AT5G39670.1.DE	4.27586009180621	3.05033548236846	1.41038263151264e-05	0.00072020506634984	0.333018232623098
AT5G39740.1	-2.4438023464796	8.56842688852509	0.00173185058641906	0.044218056101635	0.25503532927918
AT5G39870.1	-12.6031923891254	3.41886758893925	2.96720325843443e-14	8.8070301714407e-12	0.327523569117298
AT5G40260.1	-9.52056733274001	4.7277405687829	1.46415630370783e-18	1.15887971438475e-15	0.235000039229482
AT5G40460.1	-4.56101603022512	1.37959754721653	0.00124720402382204	0.033755348649297	0.627842701303013
AT5G40645.1	-6.64088868145571	-0.14128226245752	0.000796007571193925	0.0229801821009116	0.821273536621806
AT5G41130.2	-3.2937343720845	4.90229556374603	1.56784374559246e-05	0.000778730998670599	0.226406109035904
AT5G41740.2	3.20151602249019	4.94615086892718	1.43798289008574e-05	0.000730372272194351	0.213774137983473
AT5G41761.1	4.82165125199422	2.43985473912487	4.54334415419763e-05	0.00201915473820701	0.442965556855498
AT5G42170.1	-10.0399292457063	4.57628365385489	2.00946851160801e-17	1.06032955129183e-14	0.262097306580775
AT5G42230.1	-5.65571992711772	2.50495649382393	6.45355359291164e-06	0.000363773602525073	0.455524933148216
AT5G43080.1	-3.58305587818074	2.27919373520046	0.00144874649804669	0.037906871180296	0.456302315010476
AT5G43440.1	3.44055771107919	5.75050441860326	3.62689372260089e-05	0.00166819547589653	0.266285463060649
AT5G44040.1	-3.14868507659047	4.11736155315944	0.000134918781082938	0.00528436528959071	0.266231334786179
AT5G44130.1	2.90278873797276	4.74668265719521	0.000321995702340806	0.0108067674234381	0.260913567313836
AT5G44568.1.DE	4.72943350710016	2.77461578537503	1.66454648997493e-05	0.000823430341759471	0.391830408185641
AT5G44580.1	5.64396330545955	6.48715281980676	5.80445338157107e-10	8.04827711214044e-08	0.259027090573757
AT5G44630.1.DE	-10.2296045232507	5.69950126836304	5.21117804957411e-20	8.24929485247581e-17	0.243785316515837
AT5G44870.1	2.72341104460982	5.49461091963753	0.000498362020650729	0.0155961860696561	0.250063778288905
AT5G45276.1	-5.69624054976884	0.992528328723786	0.000378413641992527	0.0124022846938295	0.696883318848848
AT5G45380.1	5.08491070718663	6.66191303449316	2.34030857871825e-07	1.90800436743913e-05	0.317120802939796
AT5G45700.1	-5.9883937938782	3.25709043557536	1.38190925070591e-05	0.000709164036310068	0.545872330309999
AT5G46270.1	3.46706509771426	5.42976699813152	4.68486822206447e-06	0.000272152161303782	0.220293161541045
AT5G46380.1	-9.54917967168241	0.41650613444102	5.05325895958557e-05	0.00219660657199742	0.762740231937088
AT5G46490.2	3.35724593785342	5.635023049784	9.09917039672916e-06	0.000492443991043496	0.222173346417079
AT5G46770.1	-8.29777361361308	1.45069238666938	5.92784190745752e-06	0.000337141571479231	0.648715683199498
AT5G46970.1.DE	-10.2646663431572	1.10963023698401	7.37935181261856e-06	0.000412288726566183	0.710204896540822
AT5G47150.1	-7.98938340237665	1.17882842928794	1.74699968986607e-05	0.000857519537692402	0.684214548500551
AT5G47220.1.DE	3.76314659676083	4.3588559707054	1.68212152729107e-06	0.000112117826429548	0.229288110746042
AT5G47600.1	-8.73851686447015	3.66097761837749	1.14350471985702e-13	3.14811821136289e-11	0.290020492292137
AT5G47635.1	-5.08104654932628	2.92321293591336	1.67577097912435e-06	0.000112087836336078	0.355977861354309
AT5G48210.1	-10.5696884474526	5.09266802443984	1.21587822155345e-20	3.29954609951847e-17	0.232036856354003
AT5G48310.1	-5.49475797013126	3.57221463348478	1.02024657188596e-07	8.91898268695481e-06	0.326852212992002
AT5G48650.1	-8.00320689163337	3.67450444680096	8.36594984281001e-13	1.98649479017524e-10	0.287063508808866
AT5G49130.1	-6.68902997403505	2.1394923363849	1.48326520491921e-05	0.000747376812537011	0.602807184709713
AT5G49160.1	-2.70753416216704	4.94050034321765	0.00048396745400468	0.0152461787002867	0.24599688605646
AT5G49330.1	-4.68953639335842	4.22710123264474	3.23874468037933e-08	3.15503558710183e-06	0.243150827341622
AT5G50060.1	-8.80561117416867	-0.288468633621488	0.000319324978531748	0.0107551370428884	0.828086566800373
AT5G50370.1	-2.46218175701838	4.60911869348018	0.000703048408998536	0.0206735411413873	0.2202594577863
AT5G50800.1	2.41384497291575	6.11168487399537	0.00150741361459286	0.0391186188836146	0.242997548300344
AT5G51210.1	-6.72568494267078	0.743246781611438	0.000171943020461673	0.00641669903794343	0.732083331494008
AT5G51600.1	-5.59201534581421	4.41128728081988	1.38916639038261e-10	2.14541502046407e-08	0.233451041514729
AT5G52160.1	-9.80715255914822	5.98957592100905	6.27476566296409e-19	5.41797493334845e-16	0.25266931728801
AT5G52360.1	-8.58957156205516	3.8210352641554	1.22959812672754e-13	3.33677800218806e-11	0.289692517471902
AT5G52390.1	-3.57012312192356	5.23650382232861	4.88032717983235e-06	0.000281665368916343	0.231717561110454
AT5G52740.1	7.44900398542746	2.94621900994233	4.20161999627535e-08	4.0107524346355e-06	0.445363331338043
AT5G53390.1	-13.1002352664115	3.91381515208765	2.60126808041692e-17	1.33550509339459e-14	0.276776332350812
AT5G53660.1	-4.2446251905588	2.11274650823121	0.000311410651162327	0.0105446644019244	0.46668237386854
AT5G53820.1	-9.27805535085419	6.7683690253457	1.1456024994339e-17	6.40054855271952e-15	0.262731292009019
AT5G54330.1	-8.53718169035267	-0.538101776761276	0.000524184667829301	0.016217283306328	0.836405250830246
AT5G54940.1	2.62492997247198	8.09738987663022	0.000778881959070096	0.0225200025791409	0.25221944246505
AT5G55330.1	-7.15318053165438	1.18069023695414	2.86996173767553e-05	0.001346118349849	0.653062058768785
AT5G55340.1	-5.24181919561836	1.15104627831139	0.000540988412793839	0.0166288283000514	0.659177750717432
AT5G56220.1	-2.86336090556246	4.52568733960905	0.000173116614816141	0.00643546617426108	0.234451859692914
AT5G56490.1	-6.21192419856672	2.52377337636842	1.25159883998543e-06	8.7731998392484e-05	0.447051670559397
AT5G56670.1	-2.48698263946437	6.78922366318072	0.00152847446244074	0.039503266514999	0.256962759634842
AT5G56970.1	-7.46480179750746	2.95216480995077	1.94990229382699e-09	2.35925757793233e-07	0.369541434127014
AT5G57220.1	4.12435539338471	2.36455951255461	0.000363018961236947	0.0119513140167366	0.459708715324307
AT5G57630.1	3.54785449398592	4.71095243932144	1.23136980709089e-05	0.000647952932285276	0.24942243581941
AT5G58460.1	-9.15727894458474	2.32129065625422	1.1796163737052e-08	1.26598828445785e-06	0.46947992027253
AT5G58770.1.DE	3.1752381016227	5.39126815533692	2.54124183209248e-05	0.00120683574606072	0.224000844529983
AT5G58880.1	-10.7768558351415	1.61071897826157	5.55083670315149e-07	4.13504682404179e-05	0.613678466478062
AT5G59080.1	3.55437116020131	3.87274798549058	1.91619012180418e-05	0.000928570090657965	0.259489839701983
AT5G59120.1	-9.13269481151796	5.33057166246039	3.63309225292585e-17	1.76959539580973e-14	0.255927436876547
AT5G59220.1	-3.95797200068947	5.00376859524189	3.70888642545402e-06	0.000221553479679008	0.266796479270063
AT5G59540.1	6.19340938615202	5.79186148331021	1.27341132958445e-12	2.91442429117907e-10	0.224537955629764
AT5G59780.3	4.66461206114601	5.55278644132445	1.20717462032572e-08	1.28828590380379e-06	0.229490419293105
AT5G59845.1	-7.28913906700877	4.5724287369334	8.10154491862713e-14	2.29696936230211e-11	0.245215183211896
AT5G60010.1	-11.4777268151137	2.30166351380515	5.24889345759086e-09	5.92284711946279e-07	0.493691788533161
AT5G60150.1	-6.89086880500963	3.19257808522346	4.12421227487807e-09	4.71949014298697e-07	0.354031169307407
AT5G61160.1.DE	7.40016052440909	0.622714453734876	0.000124237421319634	0.0049269604496613	0.761654302342824
AT5G62750.1	-8.4076190543815	4.08504660863217	5.04261545354021e-15	1.68051795009561e-12	0.256650112336947
AT5G62960.1	-3.12749009151205	4.34842734367343	5.10116396675712e-05	0.00220732826224415	0.23430852499954
AT5G64000.1	3.56531306721153	4.04567609469173	3.16368115646092e-05	0.0014729727266699	0.275441119446772
AT5G64310.1	-3.86326599457089	4.86913701087365	7.4452211228206e-07	5.39806948279008e-05	0.224766711147477
AT5G64690.1	-4.64611063798359	2.01297563448712	0.000167525121756965	0.00627674006488226	0.490066372398345
AT5G64770.1.DE	5.16445374179835	5.93555801563537	7.21090838860385e-10	9.78417255356563e-08	0.229465808925954
AT5G64840.1	2.38116046770698	9.17421870825641	0.00169895525872345	0.0434365465608487	0.242783554860963
AT5G65350.1.DE	-4.22461413155641	1.72955768276891	0.000956406981356809	0.0267963230351828	0.543846367393548
AT5G65360.1	-3.78114701825489	6.64812501885122	1.83062652504174e-05	0.000889375485158386	0.28985342453033
AT5G65510.1	-5.90366586156759	0.486882988644274	0.000525770675048693	0.016239902021504	0.729727528308343
AT5G66170.2.DE	-2.92831226783156	3.97528144127652	0.000308178064279037	0.0104725411610815	0.262362408094006
AT5G66230.1	-6.35863255800371	4.26701448638447	5.69952412195697e-11	1.00248296500643e-08	0.268047718870241
AT5G66310.1	-2.78751529331539	5.29489843286883	0.000428078881021644	0.013782688854046	0.254303697029541
AT5G66400.1	2.34014924844992	4.8422044024362	0.00196301977343599	0.0490006880633248	0.240406591097709
AT5G66640.2	6.10424353849469	3.70017176256001	1.39973566655755e-09	1.75733283166915e-07	0.291244880609202
AT5G66710.1	-5.06112916544116	0.346972846572718	0.00198319326251335	0.04943929030801	0.747600381683113
AT5G66740.1	-3.4354667705565	3.03345042612639	0.00142298762399632	0.0374391591488007	0.431903286511781
AT5G66830.1	-5.99812685299342	0.103431614343814	0.00119748234463893	0.0325893619179959	0.827077169989689
AT5G66900.1	2.20888227347043	4.97018790959839	0.00199867310482894	0.0496947569362965	0.217658504476205
AT5G67200.1	-2.62084323444721	4.50428967992017	0.000639095588772886	0.0191654265494049	0.242183316414389
AT5G67260.1.DE	-2.70761232348778	5.98214126284745	0.000333583266066931	0.011058896548355	0.233960146238045
AT5G67265.1	-7.3146365415978	0.497097758386088	0.000147871860907447	0.00562920615189951	0.756296288689481
