baseMean	baseMeanA	baseMeanB	foldChange	log2FoldChange	pvalue	padj	dispersion
AT1G01150.1	46.1665742691156	90.3532060642839	1.97994247394734	0.0219133615750022	-5.51204537474897	0.000149927509949732	0.018670228802648	0.0778091922145801
AT1G02190.1	3222.89797793881	6432.77907605365	13.016879823976	0.00202352353004504	-8.94891465953321	0.000176559743665798	0.0214006103522384	1.20534971228085
AT1G02810.1	149.674356343117	288.087247842849	11.2614648433844	0.0390904662657178	-4.6770393967764	0.000153471090495837	0.0188534395495607	0.0271871678075263
AT1G02980.1	72.4022070699752	142.368122922535	2.43629121741544	0.0171126173991988	-5.86879575080954	3.18367661077732e-05	0.00513758748693012	0.00662602405019691
AT1G04670.1	316.359574479577	632.719148959154	0	0	-Inf	1.34871926616773e-10	2.82940552514818e-07	0.271627753534909
AT1G04760.1	192.034923954441	373.791060545715	10.2787873631673	0.0274987511690645	-5.18449008834135	3.04486954564997e-05	0.00500239049692567	0.0157024187871334
AT1G07795.1	93.3983049844395	186.262987475373	0.533622493505559	0.00286488744080791	-8.44730582692886	3.39653724836552e-07	0.000117253625110664	0.0797016968174847
AT1G08730.1	513.076475164326	979.624302190889	46.5286481377624	0.0474964208561415	-4.39603738807104	0.000151295121934042	0.018670228802648	0.0460511059378918
AT1G09380.1.DE	310.097960445626	619.662298397747	0.533622493505559	0.000861150492591433	-10.1814469979749	9.7783798632199e-10	1.02567682934513e-06	0.246054804714184
AT1G09450.1	251.798882089292	497.356135513349	6.24162866523521	0.0125496163001847	-6.31621293478458	1.5182267660688e-06	0.000409951290734934	0.00775344606140805
AT1G10640.1	2107.50343880929	4106.90761789641	108.099259722174	0.0263213273293796	-5.24762394677947	1.42998233931488e-05	0.00265941246972471	0.0587293617221962
AT1G11040.1	32.8206595250986	65.6413190501971	0	0	-Inf	1.70437203455045e-05	0.00309877560841732	0.0369928048261082
AT1G11510.1	35.6960445559143	71.3920891118286	0	0	-Inf	1.11900407506028e-05	0.00214911824894676	-0.0043376917125339
AT1G13100.1	194.884493260776	9.9174965845857	379.851489936967	38.3011465340308	5.25931567435359	2.52950414516172e-05	0.00428476006502177	0.019969420439017
AT1G14040.1	401.383300503274	764.382250257931	38.3843507486173	0.0502161722563089	-4.31570412686232	0.000183479831542362	0.0220434447833626	0.0108685672916926
AT1G14440.1	824.425064441236	1550.92754392887	97.922584953599	0.0631380784595117	-3.98534583534995	0.000424285144209731	0.0460931412067253	0.0122978274441169
AT1G16630.1.DE	514.927358186695	1012.80797160824	17.0467447651515	0.0168311715972012	-5.89272058538005	2.75664160903054e-06	0.000659466052293693	0.000948817875882321
AT1G17560.1	383.298895821971	734.701478324185	31.8963133197565	0.0434139773238381	-4.52569659020798	0.000110985444692394	0.0146931798429659	0.226276660405382
AT1G18140.1	160.443937698874	319.820630410736	1.06724498701112	0.00333701107911797	-8.2272278082821	7.33074593432325e-08	3.07575543262867e-05	0.0276913371725293
AT1G18960.1	437.933782631569	874.877594026164	0.989971236973668	0.00113155399536276	-9.78747885605951	9.64205190892261e-09	5.94686102123845e-06	0.543068164694944
AT1G18990.1	343.138120242539	681.782733043678	4.49350744140023	0.00659082024758811	-7.24532626047765	9.96683375460224e-08	3.88307843079303e-05	0.00383021872027312
AT1G20150.1	1232.09527230928	2461.75425340114	2.43629121741544	0.00098965654839409	-9.98078444213239	4.41613853019039e-11	1.72052757136217e-07	0.129653892175539
AT1G22350.1.DE	445.018527390562	41.9670171475814	848.070037633542	20.2080132274166	4.33685558346048	0.000162088309640117	0.0197342516986843	0.0562679360119435
AT1G23205.1	691.439831342456	1302.69495006433	80.1847126205819	0.0615529465410319	-4.02202826956562	0.000447912418436678	0.0477166698265823	0.17080473173599
AT1G23250.1	262.757914776314	524.448584565617	1.06724498701112	0.0020349849697756	-8.94076614575301	6.65517891640908e-09	4.56663078827501e-06	0.109787466505314
AT1G23640.1	167.795817155783	335.591634311566	0	0	-Inf	3.81145153429427e-09	3.14987594676586e-06	0.140833556279966
AT1G24147.1	1509.82506116786	128.44760870975	2891.20251362597	22.5088076194486	4.49241772844213	8.40430582586305e-05	0.0116939912491294	0.132162153888362
AT1G24320.1	48.5015058673101	94.4894467671673	2.51356496745289	0.026601541795949	-5.23234632461562	0.000208777439725795	0.0245332734974769	0.00489850925039204
AT1G25510.1	1609.97013047645	3197.64185875949	22.298402193413	0.00697338950962557	-7.16392421678888	4.70996614459166e-08	2.14083661158839e-05	0.00702502829142249
AT1G27040.1	102.089234344718	203.265771202501	0.912697486936217	0.00449016812588163	-7.79901481968795	7.23672343525502e-07	0.000229488280844506	0.0745537529473077
AT1G28335.1	258.137743425666	516.275486851333	0	0	-Inf	3.80636461952438e-10	5.19035879518344e-07	0.111931178711529
AT1G31310.1	269.92728639377	539.398224044073	0.456348743468108	0.000846033084882425	-10.2069982972178	1.79615700760677e-09	1.749456925409e-06	0.0283718150348235
AT1G35180.1	543.949125536517	1030.57907434887	57.3191767241655	0.0556184170150946	-4.1682935058052	0.000293908250821337	0.0328502697393422	-0.00084500254834876
AT1G42560.1	48.3682684696812	94.9111419654899	1.82539497387243	0.0192326731727257	-5.70029689121509	0.000126457843504329	0.0163448261045027	-0.0178350181432646
AT1G48953.1	23.3386910745708	46.6773821491416	0	0	-Inf	9.20392093188272e-05	0.0127415904393048	0.360515983788103
AT1G49290.1.DE	140.612945875538	277.34328055322	3.88261119785722	0.0139992978741455	-6.15850171823948	5.1807308265486e-06	0.00111251095355617	0.103390441237342
AT1G49830.1	37.5483093156444	74.5629961377833	0.533622493505559	0.00715666645851369	-7.12649654126025	4.32960471041935e-05	0.00652359003660533	0.320417886293387
AT1G51055.1	22.9350587348838	45.8701174697676	0	0	-Inf	0.000101438558224508	0.0136952097024692	0.273602407907381
AT1G51420.1	118.786325837037	228.515656797993	9.05699487608131	0.0396340233443508	-4.65711676361643	0.000184456238396437	0.0220635549717001	0.0915539091229979
AT1G52700.1	85.0562017458681	163.948048576538	6.16435491519776	0.0375994406076749	-4.73314499166268	0.000254876593061497	0.0290502755538379	0.0125786712000707
AT1G54240.1	60.6680017361061	120.879654728744	0.456348743468108	0.00377523202305766	-8.04921897049508	3.12334632973822e-06	0.000734309492281214	0.115258277688166
AT1G54540.1	46.0872166565409	90.8053870826774	1.36904623040432	0.015076707168902	-6.0515348188492	7.94386829756326e-05	0.011110009036469	0.0852782541689557
AT1G61130.1	36.1889463118638	71.8442701302221	0.533622493505559	0.00742748854624504	-7.07290980934569	4.60296439175064e-05	0.00689736510394634	-0.000438269416985971
AT1G61630.1	89.4973927062034	178.994785412407	0	0	-Inf	8.51948253737815e-08	3.46781086208025e-05	0.0751997841721532
AT1G61940.1	25.3097140685996	50.6194281371992	0	0	-Inf	6.3364860444413e-05	0.00919194933000017	0.115919707774984
AT1G65970.1	758.970193309749	1495.17834192586	22.7620446936378	0.0152236318941854	-6.03754360684244	1.41513452637564e-06	0.000389833826296125	0.000743495546963698
AT1G69940.1.DE	7364.43481217153	14714.3991307819	14.4704935611744	0.000983424021093916	-9.9898987847226	6.96169979566958e-12	7.32139468644172e-08	0.000766605377597717
AT1G70260.1	847.730487457429	12.308804802637	1683.15217011222	136.743753524439	7.09533112176775	6.06855284143141e-08	2.66938021115351e-05	0.0108736513057794
AT1G71770.1	1306.47754624885	2605.94802008885	7.00707240885312	0.00268887650668267	-8.53878078727493	1.09135624501894e-09	1.10235064867247e-06	0.173773679184316
AT1G72260.1	3301.82254712	6591.92728065315	11.7178135868525	0.00177760055412679	-9.13585311309481	1.29838710251353e-10	2.82940552514818e-07	0.156339440079934
AT1G72960.1	297.903439841351	587.051686050013	8.7551936326881	0.0149138378114499	-6.06720463241574	2.15667122476974e-06	0.000553282822393913	0.12039890018449
AT1G76310.1	350.717227424019	690.629338748121	10.8051160999163	0.015645318687883	-5.99812514386794	2.66763764781517e-06	0.000649569767242995	0.021713720920107
AT1G76360.1	900.722731793872	60.3511898527596	1741.09427373498	28.8493777501782	4.85046829672473	3.30352544446374e-05	0.00526864011236345	0.313910542381327
AT1G76470.1	967.506825606926	1923.04942886337	11.9642223504781	0.00622148457075779	-7.32852540731045	2.32935862039082e-08	1.11449593500524e-05	0.356459424592209
AT1G76540.1	850.047072985893	1655.11826659153	44.9758793802568	0.0271738160880055	-5.20163900865905	1.67278470022615e-05	0.00306175733856158	0.0274861959892686
AT1G78160.1	380.711593916586	760.889565339666	0.533622493505559	0.000701313985384129	-10.4776518814784	3.14251696675719e-10	4.76126237318901e-07	0.0279905734985144
AT1G78980.1	79.124117084974	157.714611676443	0.533622493505559	0.00338346896228173	-8.20728113038906	8.88230179842366e-07	0.000260471112523237	0.0529701406456896
AT1G79800.1	121.382520841528	238.80515673516	3.95988494789467	0.0165820747006994	-5.91423166586296	1.07346244190488e-05	0.00207627430607304	0.185422432630331
AT1G80660.1	4646.31041893837	9267.03613321551	25.5847046612405	0.00276082927631393	-8.50068260710571	6.50203690053037e-10	8.06016137960293e-07	0.0299323571618249
AT2G01810.1	29.8509970854701	59.7019941709402	0	0	-Inf	3.17491178480543e-05	0.00513758748693012	0.298528041740463
AT2G02660.1	27.0414875059335	53.626626268399	0.456348743468108	0.00850974180594734	-6.87666892489306	0.000206364850187496	0.0244694878013626	0.00782319421986318
AT2G02720.1	369.840305290324	729.626350710836	10.0542598698116	0.0137800120020559	-6.18127904517962	0.000259543801024455	0.0292490848823923	0.779997525984202
AT2G03250.1	46.7771330759163	91.6515974279228	1.90266872390988	0.0207597988175404	-5.59006372711665	0.000159011929258247	0.0194465171961028	0.149313512343993
AT2G04115.1	842.577403838366	1685.15480767673	0	0	-Inf	1.2599111566748e-12	3.43602970648351e-08	0.250749859300845
AT2G11570.1	38.6532840341075	77.306568068215	0	0	-Inf	7.88205646094048e-06	0.00155767712900557	0.0343835488207647
AT2G12505.1	32.7222752086629	0	65.4445504173259	Inf	Inf	0.000428720585445399	0.0460931412067253	0.906569928870061
AT2G13570.1	546.921228631585	1078.15746497167	15.6849922915038	0.0145479605726386	-6.10303926880366	1.21829674123034e-06	0.000342529780689009	0.155443839036458
AT2G13620.1	137.333160080065	274.66632016013	0	0	-Inf	1.08521842601293e-08	6.26534221907412e-06	0.254639600856731
AT2G16570.1	191.628197412485	373.047587455083	10.2088073698865	0.0273659653974191	-5.1914734379433	2.5722408254633e-05	0.00433025628345895	0.0204118815586123
AT2G19910.1	643.511075012929	1258.60749164026	28.4146583855997	0.0225762666870581	-5.46904925447745	6.84950238245184e-06	0.00138398209768815	0.206985562061079
AT2G21450.1	156.804609742455	313.60921948491	0	0	-Inf	4.84929800156153e-09	3.88970750289959e-06	0.00863660181797424
AT2G32510.1	83.7130786541576	160.194557406106	7.23159990220888	0.0451426067108896	-4.46936646197841	0.000408417379349215	0.0447323645365935	0.0496314938733161
AT2G33190.1.DE	31.3184704337988	62.6369408675975	0	0	-Inf	2.16582168649119e-05	0.00381072832477341	0.0472964836107422
AT2G34370.1	22.6451766369452	45.2903532738904	0	0	-Inf	0.00011444011850738	0.0150048601535254	-0.0194610981692127
AT2G36660.1	334.219163600406	657.850444837494	10.5878823633171	0.0160946647469891	-5.95727366408642	2.44186223023119e-06	0.000610958410485	-0.00286779487207867
AT2G42110.1	168.229012636001	333.263584067726	3.19444120427676	0.00958532932187269	-6.70495628543733	4.54289265891585e-06	0.00100726641133295	0.53284134717284
AT2G42470.1	31.8344430409341	63.6688860818683	0	0	-Inf	1.89811221900058e-05	0.00342816665142938	0.311127557665716
AT2G42885.1	219.36788920121	438.735778402421	0	0	-Inf	8.07811789599697e-10	9.1985609559411e-07	0.377186447017837
AT2G43386.1	38.199693041414	76.3993860828279	0	0	-Inf	7.87535389350958e-06	0.00155767712900557	-0.00898016190140013
AT2G46860.1	1397.75452070922	2790.32736398345	5.18167743498069	0.00185701416323544	-9.07279946607609	2.03282314306757e-10	3.46494704735868e-07	0.0884875249891182
AT2G47030.1	3808.15172010344	7580.36267443244	35.9407657744452	0.00474129897447634	-7.72050191598191	7.1458446365065e-09	4.68336206342568e-06	0.212432251812882
AT3G01328.1	24.5495880936319	49.0991761872638	0	0	-Inf	9.26028643503922e-05	0.0127548753361813	0.659239019707394
AT3G02970.1	231.473257620185	459.520252785982	3.42626245438911	0.00745617289687745	-7.06734897046179	3.20912885465234e-07	0.000112204310415485	0.219613445413653
AT3G05600.1	1688.75760369942	3363.05200759442	14.4631998044178	0.00430061734750371	-7.86124051316044	6.02577580209907e-09	4.32460414933805e-06	0.00175380906095512
AT3G07850.1	14097.9167140022	28140.3104712271	55.5229567773194	0.00197307548664364	-8.9853381323902	1.19911623093966e-10	2.82940552514818e-07	0.0745802552018052
AT3G08770.2.DE	19513.6975589668	38943.9576140548	83.4375038789115	0.00214250191790469	-8.86648778886557	1.60526251601343e-10	3.12705138119416e-07	0.257184319964883
AT3G11000.2	985.752170681548	1939.97980928001	31.5245320830825	0.0162499279282614	-5.94342287026566	1.70505605447654e-06	0.000455885183506708	0.102767009339597
AT3G12143.1	173.400896999433	342.238306564184	4.56348743468108	0.0133342391753135	-6.22872067979523	3.74256782086198e-06	0.000864977200089389	0.00863598929669733
AT3G12170.1	198.753902962886	388.759906049841	8.74789987593151	0.0225020629437285	-5.47379891889878	2.37786555751041e-05	0.00413051907544101	0.488315221710015
AT3G13227.1	217.220050818075	430.480216688255	3.95988494789467	0.00919876174184873	-6.76434461361479	5.7143684000274e-07	0.000183343829418291	0.0642051695554074
AT3G15720.1.DE	105.532343723324	205.967577518461	5.09710992818664	0.0247471470490533	-5.33659397470064	4.94069891925508e-05	0.00736299130742756	0.0994710151311201
AT3G16660.1.DE	778.152532699377	4.55511595260582	1551.74994944615	340.660910850897	8.41219260460878	2.42026955419839e-09	2.20018637606995e-06	-0.00123153742239768
AT3G17060.1.DE	602.987347912385	1197.45132344219	8.52337238257575	0.00711792806581437	-7.1343269316988	9.19986191309982e-08	3.68968579550086e-05	0.0246764122911327
AT3G17360.1	518.870708694244	1007.22144405589	30.5199733325956	0.0303011552352354	-5.04448339210375	2.99617234074439e-05	0.0049522189137443	0.0956998955506868
AT3G20190.1	277.222675404731	549.116419631163	5.32893117829899	0.00970455624306115	-6.68712203983979	1.29510379929198e-06	0.000360408885860111	0.489207535405114
AT3G21320.1	431.825364849547	845.761267440287	17.8894622588069	0.0211519053277879	-5.56306856505157	6.83878274826989e-06	0.00138398209768815	0.00116979550549331
AT3G21900.1	40.1041044981007	80.2082089962014	0	0	-Inf	5.69201836342739e-06	0.00119409788313378	0.275684889557423
AT3G21940.1	31.2061301663504	62.4122603327009	0	0	-Inf	2.29559649950944e-05	0.00401317357273215	-0.0310886470492445
AT3G21985.1	30.4460041913827	60.8920083827655	0	0	-Inf	2.46989464656424e-05	0.00426322574690505	0.108900433003393
AT3G22650.1	109.358048098097	216.434352478853	2.28174371734054	0.0105424286450252	-6.56764893280711	3.85985989381373e-06	0.000877217491867401	0.0884132069244814
AT3G23890.1	2194.20066095566	4327.58590273949	60.8154191718354	0.0140529663740095	-6.15298149553039	9.2658154235285e-07	0.000268826934287733	0.319522584040501
AT3G24640.1	49.7322264937466	97.1054355201152	2.35901746737799	0.024293361692295	-5.36329404721859	0.000182069125103076	0.0219707485832349	0.0333645947099564
AT3G25770.1	3154.52914118327	271.6670482602	6037.39123410634	22.2234947991329	4.47401380328484	0.000109859335150591	0.0146150428693996	0.00833961990317862
AT3G25930.1	46.2361099364706	91.4822486359675	0.989971236973668	0.0108214571868804	-6.52996140828686	3.47388812199484e-05	0.00538294754903655	0.233983961658538
AT3G26010.1	27.8147725283993	55.6295450567987	0	0	-Inf	4.29933084179143e-05	0.00651396392874088	0.00903777895560023
AT3G26050.1.DE	245.76847051072	477.515502446977	14.0214385744628	0.0293633159606578	-5.08984129073986	2.50702890292562e-05	0.00428476006502177	0.0528674413521033
AT3G26110.1	390.084826934089	773.696203952831	6.47344991534756	0.00836691440681054	-6.90108860821001	0.000188471464858179	0.0224453877275645	0.859650561173832
AT3G26220.1	1100.45162362582	90.109319503717	2110.79392774793	23.4248126539326	4.54996560448695	7.02595891293636e-05	0.0100320393441676	0.35392526625258
AT3G28770.1	2033.9714330405	4044.10628264359	23.8365834374055	0.00589415355865073	-7.40649963760058	2.08284004602263e-08	1.03278570427508e-05	0.349097785706625
AT3G29070.1	114.70718946879	229.41437893758	0	0	-Inf	2.20066871813456e-08	1.07172566573153e-05	0.353423006382612
AT3G43083.1	117.097087712541	234.194175425082	0	0	-Inf	1.9596529437691e-08	9.89697316342054e-06	0.412764105735201
AT3G43960.1	644.320883061722	1273.12590884553	15.5158572779157	0.0121872135113372	-6.35848788440015	7.57301117639234e-07	0.00023231257868806	0.060921197910335
AT3G44770.1	64.8158251329491	127.728981541988	1.90266872390988	0.0148961394739096	-6.06891770361717	2.8764783276735e-05	0.00478337298489705	0.0608448835322192
AT3G44860.1.DE	2833.33817462189	262.382361280363	5404.29398796342	20.5970171226135	4.36436351511102	0.000133161534008141	0.0170110498551979	0.0651855928005177
AT3G46750.1	392.474614180254	783.959257123534	0.989971236973668	0.00126278403881092	-9.6291763539903	8.71316555188028e-10	9.50501803723516e-07	0.0097655445994972
AT3G47340.1	3966.11201081149	7833.86992677046	98.3540948525122	0.0125549818636137	-6.31559624521895	0.000141275482687013	0.017755138082213	0.741323296229985
AT3G50870.1	126.465480671843	246.766606428487	6.16435491519776	0.024980506902518	-5.32305343747541	3.68147155320718e-05	0.00564741653600409	0.111171819394754
AT3G52620.1	181.128781215128	361.801213686787	0.456348743468108	0.00126132452353565	-9.63084477326181	1.17179552741482e-08	6.39144152473141e-06	0.0840680100024885
AT3G52630.1	260.361109354391	503.752747693669	16.9694710151141	0.033686111078908	-4.89170230482997	0.000388164261580719	0.0428583633272444	0.597356669841375
AT3G52820.1	243.040771424479	475.810049242548	10.2714936064107	0.0215873826598706	-5.53366785389582	1.43346154682287e-05	0.00265941246972471	0.402227663143075
AT3G52980.1	40.8475775887329	81.6951551774657	0	0	-Inf	5.28237531137153e-06	0.0011254760897791	0.146400119539562
AT3G54180.1	395.442806927747	779.392327761997	11.4932860934968	0.014746470659391	-6.08348648082316	6.65484859520302e-06	0.00137493205218467	0.517162253516586
AT3G54490.1	127.598412036666	253.294155349422	1.90266872390988	0.00751169611981426	-7.05664558366515	1.00919429694813e-06	0.000289713124909151	0.0570513105167219
AT3G57620.1	631.871649281874	1262.67605357674	1.06724498701112	0.000845224698756242	-10.2083774539087	9.10404074603286e-11	2.48285399225808e-07	0.0101947478687305
AT3G58290.1	49.7809415516914	99.1055343599148	0.456348743468108	0.00460467466741885	-7.76268505500817	8.43647872546851e-06	0.00165524926475523	0.265619376491564
AT3G58960.1	25.3749156316416	50.7498312632831	0	0	-Inf	6.49372394487193e-05	0.00937020314415594	-0.0200855543192868
AT3G60460.1	22.2248914129226	44.4497828258453	0	0	-Inf	0.000122712916892111	0.0159363174737221	0.0572209604628651
AT3G60900.1	365.417179956762	719.650168820178	11.184191093347	0.015541149822396	-6.00776294331985	2.986157547173e-06	0.000708160770665236	0.249547706950452
AT3G62230.1	1587.89547856482	3154.55250616649	21.2384509631585	0.00673263511120573	-7.21461300749391	4.01035670181518e-08	1.85373640630345e-05	0.022017169363206
AT3G62570.1	314.060005998176	599.502707387666	28.6173046086857	0.0477350715118297	-4.38880656915494	0.000220067127934378	0.0254308081060439	0.215530042587008
AT4G00670.1	113.517840808686	10.2392744768953	216.796407140477	21.1730242830851	4.40415544862529	0.000427288534653301	0.0460931412067253	0.00356930849927492
AT4G02140.1	288.473923185614	571.766168936247	5.18167743498069	0.00906258137766535	-6.7858622398745	2.99019436483237e-07	0.000105907247685336	0.214200837621958
AT4G04500.1	308.575775097165	10.9522617474566	606.199288446874	55.349233101341	5.7904914225797	4.22459809298396e-06	0.000952175530511227	0.456608758722629
AT4G04570.1	2541.26694759891	234.041746324728	4848.4921488731	20.7163560561795	4.37269835457177	0.000130660796614472	0.0168084021003297	0.0609027391909307
AT4G04930.1	718.637022892688	1429.50882338966	7.76522239571444	0.00543209126705597	-7.52427656549496	2.40898182841992e-08	1.13271986939083e-05	0.0609039080979385
AT4G04980.1	112.03368092895	223.533739364395	0.533622493505559	0.00238721230639671	-8.71045740665245	3.17863347754735e-05	0.00513758748693012	0.796485467599082
AT4G05190.1	646.560607064793	1268.09201323212	25.0292008974651	0.0197376851492586	-5.66290339043199	5.58791010414982e-06	0.0011813448400029	0.11797136470081
AT4G08630.1	171.245326485276	342.490652970552	0	0	-Inf	3.13032291443701e-09	2.75387633943632e-06	-0.000119060577372134
AT4G10595.1	22.8379613774709	45.6759227549418	0	0	-Inf	0.000102311408196632	0.0137450084942786	0.38298973033954
AT4G10603.1	74.9609263824444	149.009155277953	0.912697486936217	0.00612511013322454	-7.35104849977489	7.56520180214475e-05	0.0106349579148501	0.725407463518649
AT4G11030.1	355.24375702389	700.97417042823	9.51334361954942	0.0135716036637094	-6.20326498552611	1.51082616694635e-06	0.000409951290734934	-0.001026942210621
AT4G11320.1.DE	4229.24711978028	8345.40136111298	113.092878447582	0.0135515205984652	-6.20540144618223	7.58133598681333e-07	0.00023231257868806	0.294436148636519
AT4G12410.1	108.373668883443	214.844669042975	1.90266872390988	0.00885602017674124	-6.81912577563529	2.09864169693445e-06	0.000545087203417109	0.419280146539354
AT4G12470.1	68.7424828243814	0	137.484965648763	Inf	Inf	3.61655410630125e-07	0.00012328832948381	0.158923714885258
AT4G12870.1	944.572719980363	1886.1755262498	2.969913710921	0.00157456910536102	-9.31082720818348	8.09494950654834e-10	9.1985609559411e-07	0.482578099551105
AT4G13240.1	136.184644675446	272.369289350891	0	0	-Inf	1.10272963668069e-08	6.26534221907412e-06	0.136836284684992
AT4G13370.1	374.176939736065	711.732237460861	36.6216420112691	0.0514542409121703	-4.28056619932584	0.000227335786932825	0.0261599222836793	-0.00173043029755649
AT4G13790.1	99.0312372930366	195.703457118695	2.35901746737799	0.012054040854001	-6.37433933022605	6.85089407406501e-06	0.00138398209768815	0.00740709139828544
AT4G14400.1.DE	30222.3903689545	962.15401859736	59482.6267193117	61.8223543939735	5.95005669259419	1.07112538029129e-06	0.000304288868451084	0.361996125065296
AT4G14811.1	27.9983193534746	55.4630162134436	0.533622493505559	0.00962123104614378	-6.69956278458155	0.000151110434204022	0.018670228802648	0.549426227040392
AT4G15210.1.DE	8615.38106983227	16234.842603262	995.91953640254	0.0613445760294857	-4.02692040059387	0.000393798091707708	0.0433050869235993	0.117646268378857
AT4G15500.1	125.369767107322	6.10585372261206	244.633680492031	40.0654341891731	5.32428620615468	3.25886593831548e-05	0.00522798775704351	0.0112822688701078
AT4G15650.1	41.7866553684909	83.5733107369819	0	0	-Inf	5.18008364365148e-06	0.00111251095355617	0.009310509575563
AT4G15710.1	22.9605365624044	45.3874506313033	0.533622493505559	0.0117570492742663	-6.41033016459521	0.000433087296486351	0.0463182617638265	-0.0305524010301741
AT4G16160.2	150.913771344079	300.914845201222	0.912697486936217	0.00303307564080428	-8.36500280738827	9.41533847319124e-08	3.72137841798364e-05	-0.000244480578944304
AT4G16260.1.DE	327.195332119924	3.00437818259958	651.386286057248	216.812347336921	7.76030310944853	3.37252367142032e-05	0.00528594629695259	0.815329591481673
AT4G17690.1	216.945625884291	433.434903025113	0.456348743468108	0.00105286570205369	-9.89146285906535	5.19428740901617e-09	4.0473887491054e-06	0.00833879337344878
AT4G18960.1	1691.74351668105	3370.23103853125	13.2559948308449	0.00393325996921028	-7.99005874015714	3.30166089699329e-09	2.81384049946253e-06	0.0159336523931015
AT4G19170.1	23455.2022563986	1630.3848872177	45280.0196255796	27.7725952813824	4.79559009468119	3.45103338087103e-05	0.00537809042074942	0.0426165760643717
AT4G19370.1.DE	236.332489000548	26.0712500178674	446.59372798323	17.1297397584376	4.09843132850055	0.000429292236231602	0.0460931412067253	0.333899842503017
AT4G19620.1	124.548471503198	249.096943006397	0	0	-Inf	1.56748172704358e-08	8.06572861508163e-06	0.0165146056355937
AT4G20160.1.DE	134.970101763254	267.805713552485	2.13448997402224	0.00797029288773526	-6.97115154414529	8.12509622876492e-07	0.000246208471500974	-0.00594721052388005
AT4G20460.1	803.017661834266	1531.09201714517	74.9433065233621	0.0489476175723907	-4.35261754853908	0.000139646384044445	0.0176316490076857	0.00982875122985066
AT4G20680.1	49.3433295550962	98.6866591101923	0	0	-Inf	1.94138627815201e-06	0.00051403385026953	0.155624181223048
AT4G21820.1	318.613879629115	622.996380703925	14.2313785543054	0.0228434369686471	-5.45207645831292	1.21089077425442e-05	0.00230932959408857	-0.000379443311718925
AT4G22690.1.DE	5620.58692577462	577.429368715328	10663.7444828339	18.4676170984492	4.20692582032884	0.000208121909104588	0.0245332734974769	0.452751331219343
AT4G23200.1	103.928251319042	3.81164286197364	204.044859776111	53.5319984492088	5.7423296070386	2.12151982065975e-05	0.00377458953059276	0.0294879555305536
AT4G23290.2	1125.34762454748	86.125507901188	2164.56974119378	25.1327370246361	4.65149588814532	6.02308782535942e-05	0.00886161437397935	0.0132649578402561
AT4G27250.1	44.4560344134572	87.5430225965101	1.36904623040432	0.0156385533626629	-5.99874912681235	9.53632654692873e-05	0.013003734879392	0.0619854251741402
AT4G28000.1	800.098861323457	1594.33516897511	5.86255367180455	0.00367711494162999	-8.08721001072414	5.96427541320314e-09	4.32460414933805e-06	0.24267127653513
AT4G28580.1	110.669351916207	220.34873259544	0.989971236973668	0.00449274758839323	-7.79818627403657	4.52132228011996e-07	0.000148560844847508	-0.00773371760203878
AT4G29250.1	515.520854608566	1029.97446423012	1.06724498701112	0.00103618587069424	-9.91450146824319	2.47819919721206e-10	3.9756146180216e-07	0.0051326347102558
AT4G29305.1	154.389598768568	308.779197537136	0	0	-Inf	1.02156562493058e-08	6.05655167893623e-06	0.50063328042429
AT4G29700.1.DE	1985.1577009616	3835.8441125259	134.471289397302	0.0350565052834623	-4.83417400604219	4.14796862181697e-05	0.00631974303096047	0.00841548661729876
AT4G29880.1	226.60657449735	436.755419202822	16.4577297918783	0.0376817987099448	-4.7299883573086	7.22318069908463e-05	0.0102599262513248	0.00038572979085297
AT4G30030.1	96.3176436736769	192.635287347354	0	0	-Inf	6.3533245385494e-08	2.75028360024316e-05	0.0215109043428249
AT4G31910.1	242.674799453729	462.82666922069	22.5229296867688	0.0486638544937202	-4.36100559414406	0.000255649242186898	0.0290502755538379	-0.000402385132745409
AT4G32280.1.DE	377.092286011918	11.8871096043144	742.297462419522	62.4455807280608	5.96452757084696	2.63210068432216e-06	0.00064669053930481	0.383575057620824
AT4G35190.1	645.168108961152	1221.39542505731	68.9407928649959	0.0564442861424351	-4.14702864546727	0.000272722368904556	0.0306077549167286	0.229317309995078
AT4G35280.1	24.921324638948	49.842649277896	0	0	-Inf	6.5353064878818e-05	0.00938057255460592	0.480826084643633
AT4G35720.1	37.8342080837098	74.2993699370153	1.36904623040432	0.0184260812920067	-5.76210690674511	0.000212782919308583	0.0247992127153148	0.00174935046188627
AT4G35730.1	407.650810899912	789.801484645378	25.5001371544464	0.0322867678146946	-4.95291316787238	3.6859788186005e-05	0.00564741653600409	0.0275776750761761
AT4G36070.2	22.0154537880614	44.0309075761228	0	0	-Inf	0.000133483597426385	0.0170110498551979	-0.0423200577725538
AT4G36350.1	417.671356076755	834.886363410042	0.456348743468108	0.000546599828992511	-10.8372273710453	1.94880496883826e-10	3.46494704735868e-07	0.105683347732986
AT4G36600.1	165.805601246001	324.295035082999	7.31616740900293	0.0225602202239404	-5.47007503895132	1.34692116799403e-05	0.00255091903427314	0.114711387468684
AT4G38070.1	450.297093172249	891.614465218454	8.97972112604386	0.0100713048927977	-6.63360557093793	3.94808662314808e-07	0.000132550548895636	0.0816488347189501
AT4G38660.1.DE	1747.42782320485	3373.26857060657	121.587075803131	0.0360442915404355	-4.79408539683895	5.27473950984534e-05	0.00781808129959251	0.147856405762625
AT5G01420.1	65.0614926564943	129.210287826052	0.912697486936217	0.00706365957612388	-7.14536846880939	5.96689144138661e-06	0.00124220659075951	0.432386175000054
AT5G02140.1	62.1189789346583	121.268044158396	2.969913710921	0.0244904890775827	-5.35163460481698	0.000100744552604752	0.0136691812867502	0.0679840066549253
AT5G02390.1	90.0541529269859	175.382977162459	4.72532869151258	0.0269429152587338	-5.21395022903495	6.04378217057846e-05	0.00886161437397935	-0.00122203030597663
AT5G03480.1	81.8917568686263	162.716268750242	1.06724498701112	0.00655893227646012	-7.25232330592078	2.05167658077476e-06	0.000538012727989319	0.00297274878391374
AT5G05070.1	71.8695815785043	141.302871939593	2.43629121741544	0.0172416256228462	-5.85796038475299	3.33846327959072e-05	0.00528594629695259	0.0279541481555332
AT5G06150.1	1108.03286034339	2174.43883001087	41.6268906759051	0.0191437395715091	-5.70698351385379	3.42635370935921e-06	0.000798662550099525	0.0511824849139346
AT5G07030.1	4315.8571051816	8441.42112051948	190.29308984373	0.022542778890768	-5.47119081957001	7.35600734100561e-06	0.00147509582502871	0.446371826782611
AT5G07410.1	10741.7212431658	21445.9635393132	37.4789470184377	0.00174759912044679	-9.16040999986447	6.71948649868866e-11	2.29067294740296e-07	0.00622435465048796
AT5G07490.1	79.8184095922497	159.636819184499	0	0	-Inf	5.15375923137346e-06	0.00111251095355617	0.699677570103336
AT5G07530.1	38778.5858623734	77521.2236652156	35.9480595312018	0.000463718938267121	-11.0744617320129	1.12885273170848e-07	4.3360664365005e-05	0.829981125138697
AT5G07571.1	36.8614737608409	72.1993537912027	1.52359373047923	0.0211025951130448	-5.56643576304594	0.000241328762583341	0.0276534370301381	0.0133949118648676
AT5G08760.1	995.107649430246	90.3560260128841	1899.85927284761	21.026370422452	4.39412792805477	0.000219333153355468	0.0254308081060439	0.486701577918634
AT5G09730.1	1460.7781619795	2909.83851037214	11.7178135868525	0.0040269635394144	-7.95609187464417	5.80450825264736e-09	4.32460414933805e-06	0.0183292429228905
AT5G13060.1	221.300615176585	425.93356058145	16.6676697717208	0.0391320884622651	-4.67550408148465	0.000112295530022339	0.0147948004578223	-0.000648520192867138
AT5G13670.1	145.466778513947	290.933557027894	0	0	-Inf	7.21256991287322e-09	4.68336206342568e-06	-0.00418252818866347
AT5G13790.1	185.167022095297	367.518677979748	2.8153662108461	0.00766047109856344	-7.02835116788229	4.99096615101797e-07	0.000162040034369717	0.0882354258261858
AT5G14870.1	187.668709840515	362.320539857054	13.016879823976	0.0359264198190683	-4.79881101637806	0.000209601522620714	0.0245332734974769	0.514992788358281
AT5G15480.1	36.0925228426881	71.1950744484026	0.989971236973668	0.0139050523458773	-6.1682470140225	0.000116737963103455	0.0152329077978824	0.373527122411051
AT5G16960.1	3576.15170523177	7142.86004683726	9.44336362626857	0.00132207037018035	-9.56298531507194	3.43586511897393e-11	1.56171522541095e-07	0.0202982241779475
AT5G17160.1	661.842362321428	1292.48387507344	31.2008495694195	0.0241402234651838	-5.37241715864367	1.03487268343095e-05	0.00201593198732349	0.0315500267151492
AT5G17340.1.DE	437.929047337578	875.858094675155	0	0	-Inf	3.25141810727095e-11	1.56171522541095e-07	0.0407840463038115
AT5G19340.1	406.126436680161	804.712178457963	7.54069490235868	0.00937067327203698	-6.73763157708352	2.59523192455278e-07	9.43695533952046e-05	0.128010756843345
AT5G22500.1	1601.63625768235	3148.8824473852	54.3900679794989	0.0172728162731714	-5.85535286127446	2.52835172350934e-06	0.000626847347304971	0.0410720057327122
AT5G23010.1.DE	5934.52616124749	266.102546682124	11602.9497758129	43.603302262542	5.44636549542589	4.90977384702257e-06	0.00107983348674193	0.0793141083323726
AT5G23190.1	147.454899703485	291.638084452655	3.27171495431421	0.011218407775701	-6.47798826045059	2.40572366134066e-06	0.000607489774926689	0.0714149001235794
AT5G23910.1	536.47034055018	1045.69242272208	27.2482583782814	0.026057622476933	-5.26215073277634	1.48280609824164e-05	0.00273237080481391	0.00276483236422468
AT5G24130.1	30.154712119144	60.3094242382881	0	0	-Inf	2.51627729537125e-05	0.00428476006502177	0.302456322635188
AT5G24790.1	244.616898436934	489.233796873867	0	0	-Inf	5.67205157383765e-10	7.36610431055716e-07	0.0855428293692463
AT5G25090.1	596.190717349051	1187.96520100674	4.41623369136278	0.00371747731972305	-8.07146034421974	6.6979037669038e-09	4.56663078827501e-06	0.380245641589412
AT5G25550.1	189.113526583319	378.227053166637	0	0	-Inf	1.9862144085752e-09	1.86786342588493e-06	0.0170321003638543
AT5G37060.1	140.8563308184	281.7126616368	0	0	-Inf	9.81258235390621e-09	5.94686102123845e-06	0.417649087183238
AT5G39400.1	439.474382158731	873.697106889201	5.25165742826154	0.00601084447556439	-7.37821659237409	6.66700406704125e-08	2.84097710806795e-05	0.0598500897323503
AT5G39670.1.DE	294.922799390765	29.3003087353636	560.545290046166	19.1310369835668	4.2578431708977	0.000257437673412294	0.0291321171340252	0.00633249376352182
AT5G39880.1	1670.16435471338	3322.43924716795	17.8894622588069	0.00538443623131886	-7.53698898703449	1.52124888501395e-08	7.97836530617318e-06	0.000797185771412337
AT5G40645.1	30.9321648666845	61.4079809899008	0.456348743468108	0.00743142399589981	-7.07214560081868	9.51704218134902e-05	0.013003734879392	0.248006533697001
AT5G41730.1	53.8011817710507	105.699694818192	1.90266872390988	0.0180007021513408	-5.79580300708087	7.41032081892536e-05	0.0104712056670328	-0.010852370606178
AT5G42330.1	130.046196089573	250.19267980941	9.89971236973668	0.0395683533877891	-4.65950916006429	0.000148907969046055	0.0186285235404771	0.0598387571362248
AT5G42880.1	363.277902189537	701.287488474739	25.2683159043341	0.0360313228449166	-4.79460457029514	6.14066709025302e-05	0.00895552261419147	0.0325103070615664
AT5G43110.1	57.9528317632079	115.905663526416	0	0	-Inf	8.4549310488396e-07	0.000250633564743428	0.0692283805434735
AT5G44568.1.DE	240.642144030834	17.8320743807717	463.452213680896	25.9898093617553	4.69987414640202	0.000137450836200294	0.0174351590923462	0.494689588394622
AT5G44630.1.DE	1887.76485515786	3772.48252285476	3.04718746095845	0.000807740643594169	-10.2738202453166	9.05031995278962e-12	7.32139468644172e-08	0.252293321145527
AT5G45116.1	79.65073758186	159.30147516372	0	0	-Inf	1.83706796383779e-07	6.86308459038138e-05	0.262041087864717
AT5G45850.1	234.792189294419	452.390380080368	17.1939985084698	0.0380069941041082	-4.71759125988077	0.000106169643739796	0.0141934241376064	0.0029611582126385
AT5G46380.1	46.5497989716579	93.0995979433158	0	0	-Inf	2.720037046767e-06	0.000656467702118846	0.0429375558969784
AT5G46970.1.DE	76.3951561599277	152.790312319855	0	0	-Inf	2.92579451417417e-07	0.000104989826303366	0.526554110909124
AT5G47000.1	1237.40519028876	2457.75634205561	17.0540385219081	0.00693886461814375	-7.17108466563046	4.92377261838132e-08	2.20132994833599e-05	0.0626530097227797
AT5G47150.1	80.3474370654704	160.161251637435	0.533622493505559	0.00333178273802172	-8.22948995748745	7.3530102299694e-07	0.000230495741369799	0.0934740611159815
AT5G47530.1	197.42758701008	392.117081559352	2.73809246080865	0.00698284412890135	-7.16196951542996	3.98545944904742e-07	0.000132550548895636	0.00888338253927615
AT5G48650.1	462.995011365931	922.64103402751	3.34898870435166	0.00362978512860268	-8.10590013673706	1.14680277903763e-08	6.3827766101866e-06	0.0686448297571545
AT5G51600.1	772.044582069343	1513.4846232993	30.6045408393896	0.0202212433269879	-5.62798448400099	4.34680605884895e-06	0.000971689301942036	0.0126004805255861
AT5G51950.1	3032.4495695136	6030.46737946972	34.4317595574792	0.00570963366366918	-7.45238610099382	1.31578040118863e-08	7.03607119631693e-06	0.000986571466296957
AT5G52330.1	108.729075658221	214.944586348988	2.51356496745289	0.0116940138393242	-6.4180859859813	3.8452867052403e-06	0.000877217491867401	0.242639850385283
AT5G53370.1	5065.14342874684	664.939085543167	9465.34777195051	14.2349095996043	3.83136142599938	0.000455859210036552	0.0483742894012328	0.251666259005879
AT5G53390.1	546.624660492568	1093.24932098514	0	0	-Inf	1.07383318956317e-11	7.32139468644172e-08	-0.00148203556262539
AT5G54010.1	475.126909996113	949.263848755253	0.989971236973668	0.00104288311228937	-9.9052068169007	3.53328804258171e-10	5.07157007880465e-07	0.00243162814614981
AT5G55320.1	48.196224124777	96.3924482495539	0	0	-Inf	2.17077082708084e-06	0.000553282822393913	0.224993764013692
AT5G55820.1	579.355937921539	1125.91015879314	32.8017170499361	0.0291335119358867	-5.10117656632281	2.65734922703256e-05	0.00444608761470135	0.358178061186169
AT5G56580.1	281.527368667644	548.668811280908	14.3859260543803	0.0262196898358324	-5.25320557038413	1.91636367791921e-05	0.00343835988317189	0.217644652927531
AT5G56970.1	279.933535240941	556.819883020923	3.04718746095845	0.00547248321023758	-7.51358866148595	7.85296226838591e-08	3.24493919671849e-05	0.124372600646429
AT5G59310.1	4257.03357483541	8216.88180472058	297.185344950243	0.0361676548370832	-4.78915613517608	3.35488045359057e-05	0.00528594629695259	0.0127510325952841
AT5G60010.1	177.767502316276	355.535004632551	0	0	-Inf	8.18302418296059e-09	5.18994036087677e-06	0.502632862726246
AT5G60150.1	330.637128066843	656.099872455462	5.17438367822409	0.00788657930820638	-6.98638459724702	2.34852384019279e-07	8.65526245536997e-05	0.00651011425085934
AT5G60250.1	175.603493377151	334.532023225825	16.6749635284774	0.0498456421830237	-4.32638880903806	0.000321206882776795	0.0357549147228113	0.314740867817888
AT5G61160.1.DE	52.5244022237658	0.54927837580638	104.499526071725	190.248753044961	7.57174318762052	2.13144172672076e-05	0.00377458953059276	0.606389577646227
AT5G61720.1	5181.31886806224	10343.9755363653	18.6621997591814	0.00180416124279998	-9.11445600272485	9.08096716118561e-11	2.48285399225808e-07	0.00623118641853991
AT5G62240.1	298.872956779327	594.017849860871	3.72806369778232	0.00627601291553022	-7.31593596340257	1.32391282284874e-07	5.01468757010149e-05	-0.00253738858044569
AT5G63090.2	80.530618793161	160.527615092816	0.533622493505559	0.00332417879127539	-8.23278630497575	8.37249128369238e-07	0.000250633564743428	0.165062068628647
AT5G64770.1.DE	2183.19860712216	120.691099911119	4245.7061143332	35.1782866960355	5.13661331518092	1.37305773922606e-05	0.00258248487339125	0.087947706195587
AT5G65350.1.DE	118.487789853417	225.250472363226	11.7251073436091	0.0520536415333322	-4.26385709563888	0.000421259560203054	0.0459543629034307	0.173901078308948
AT5G66710.1	44.2575055943184	86.1559937212588	2.35901746737799	0.0273807702225586	-5.19069315951797	0.000326681916153482	0.0362165415338933	-0.0203924931377041
