logFC	logCPM	pvalue	padj	dispersion
AT1G02813.1	-10.127950877504	4.96483575563405	4.22202500533364e-17	7.66973062468909e-14	0.27674345004686
AT1G04670.1	-12.3382894710157	3.12624716652742	1.22719071558001e-11	7.26950430626952e-09	0.407762645777781
AT1G04760.1	-5.19046291095085	2.40805347837472	3.67315310085099e-05	0.00513280763308146	0.480849300060882
AT1G05577.1	-6.86607261133552	1.81745313559647	3.54153796368926e-05	0.00499471940271102	0.680300489796881
AT1G06160.1	7.32822474553749	2.81741798575995	4.92963515536086e-08	1.41397503524661e-05	0.440750649470055
AT1G06420.1	-7.46086981007278	3.71429861518428	5.98163746015794e-11	3.13449306061238e-08	0.319450913687051
AT1G06520.1	-5.5887377255421	4.18035161313208	3.65024211261337e-09	1.44152822212466e-06	0.276407756936562
AT1G06660.1	-5.81810839891454	2.62405005418028	3.72991081193148e-06	0.00071074363436588	0.451274735141102
AT1G07795.1	-8.23595506291735	1.38529520239185	1.04462351728583e-05	0.00176800908214419	0.681617958005763
AT1G07900.1	6.98701186172996	1.05744697366247	0.000246587227898524	0.0254517248977533	0.839334590264507
AT1G08065.1	-11.8536986236379	2.64509401559945	1.6536449824387e-09	7.21010614074471e-07	0.490417735139754
AT1G08930.1.DE	4.84813386676505	6.29457975233478	1.46689039240563e-07	3.95755408937239e-05	0.285778639030579
AT1G09380.1.DE	-9.97209604582109	3.08914006955645	9.39076264359686e-11	4.82809228821455e-08	0.410593236600403
AT1G09580.1	-3.04588067549168	3.83987282109165	0.000444007791648445	0.0410127739478931	0.295212137971092
AT1G09600.1	-5.26329356545878	2.43218895237335	6.25391482481754e-05	0.00807644194604043	0.524408582120658
AT1G10540.1	-5.11930315011672	2.66254064610595	1.83945137140352e-05	0.00298352442972467	0.443721415084388
AT1G11000.1	-3.31913614170927	4.18507433026763	8.14061428448604e-05	0.00994724657569328	0.273326933386579
AT1G11765.1	-7.79822390868166	2.93896250508448	8.73574821485734e-09	3.12345141814911e-06	0.419692227836642
AT1G14040.1	-4.33624328713214	3.46336055109026	1.0152778121515e-05	0.00172908156895727	0.332288069518354
AT1G15125.1.DE	8.44524756177596	7.59744096405757	1.89994370490801e-10	9.41301200273424e-08	0.422893391641559
AT1G16630.1.DE	-5.89764430877548	3.82138565912009	1.8074374150939e-08	5.65849621262621e-06	0.324688421299744
AT1G17920.1	-3.58191484942269	4.12319411031633	2.44735787392351e-05	0.0037465199273338	0.27038064400739
AT1G18120.1	-5.46089846816198	2.21658695086824	0.000182959128682085	0.0196277688876305	0.62594173516993
AT1G18140.1	-8.15153460478321	2.14933806556449	7.6668248930849e-07	0.000172786950422991	0.573226762911481
AT1G20080.1	-6.29887474562666	2.6552573420568	2.25560739729249e-06	0.000455281821991282	0.488682696753717
AT1G20132.1	-9.83725409252848	2.95576099405594	2.57056734698565e-10	1.25081052925022e-07	0.422867645447597
AT1G20680.1	-7.81143176648981	0.916609637684441	6.81465114351213e-05	0.00863685716323545	0.762107693809774
AT1G21810.1	-4.51265613109588	2.76541681038867	7.9342731773922e-05	0.00980909858069551	0.434772144827545
AT1G22350.1.DE	4.32062772419169	3.58994029818466	1.48437710133633e-05	0.00245138131117053	0.343509754182788
AT1G23205.1	-4.04421832936436	4.24713711058276	0.000125854523693377	0.0145313979496645	0.396996336510056
AT1G23380.2	-4.63986599036153	3.27099871583301	6.93302212674173e-06	0.00124288105218148	0.354019653848942
AT1G23510.1	-9.32120880799796	2.44768588302955	2.92295476233297e-08	8.75248289217706e-06	0.513724598181493
AT1G23800.1	-3.62414845384947	5.00686678317955	7.54403800046289e-06	0.00134357837565107	0.246769498260869
AT1G24070.1	-3.95596389920331	6.33721256428742	8.69574904884161e-05	0.0104383465124178	0.368780864496598
AT1G26770.2.DE	-3.32481322601991	4.59097580300438	0.000157864577904744	0.0175577627890872	0.298115345453255
AT1G27730.1	4.20686130338611	3.99448577256754	8.05617154107436e-06	0.00142169415408436	0.312790755003694
AT1G28375.1	-11.5748725810963	4.6792205836349	1.03358595749788e-18	4.02345482226568e-15	0.266214750640432
AT1G29660.1	4.56470823744399	6.41429735133123	1.11631148856257e-05	0.00186615777618659	0.369931627953278
AT1G30260.1	3.29734028020946	3.82191407978808	0.00015573202338432	0.0174631354123429	0.292072269028183
AT1G30350.1	-11.6330506418628	4.73803181505573	6.56734307340921e-18	1.78953531407327e-14	0.283145986432378
AT1G30740.1	-7.03470681717985	0.230669552429212	0.000526716049434369	0.0470573299378266	0.859288816273885
AT1G30795.1	-11.8324793115098	2.62387827154661	1.66698479528393e-09	7.21010614074471e-07	0.488811366390622
AT1G33430.2	-7.55409815915535	7.02617135789421	3.23484031723502e-13	2.26015804626506e-10	0.281407664208295
AT1G35310.1	-7.33101392623235	6.42578769096851	2.37561286967402e-09	9.80804167965868e-07	0.397389649457539
AT1G35490.1	-7.36823945054371	4.94271649602348	8.46650241143695e-14	7.23532988443551e-11	0.252868545960339
AT1G44760.1	-3.29722868233557	5.85439344964839	5.20854267677057e-05	0.00692329655606445	0.258420137316643
AT1G48470.1	-6.17211687485808	3.89696915184362	1.89793815523821e-09	8.08076824876342e-07	0.302791210103167
AT1G49290.1.DE	-6.12787958687195	1.95991799926102	2.3195784383455e-05	0.00363253981991244	0.562475330742004
AT1G49490.1	-4.69226817675562	4.6364563443358	2.44295026552633e-05	0.0037465199273338	0.414194797849442
AT1G51800.1.DE	3.74630605541585	3.48987249356953	9.07615844905217e-05	0.0107998358767783	0.335130518885922
AT1G51805.1	3.52966898654318	7.81173911989325	4.32935563151338e-05	0.00595811169712667	0.284027230723837
AT1G51915.1	-9.4108122183983	0.254609947798978	0.000157784731809912	0.0175577627890872	0.863361526833121
AT1G52030.2	-7.63396789993871	8.2371922983454	2.29041863018317e-09	9.60178726982481e-07	0.421613318558906
AT1G52343.1	-11.2701953969091	2.06756484399367	1.00821303203218e-07	2.77502999089342e-05	0.585545525232102
AT1G52800.1	6.08933858296131	2.47939288697894	3.03322567309463e-05	0.00444367561108363	0.585231906605447
AT1G55450.2	3.51503151133934	5.48345942193505	4.13290728445416e-05	0.00571662896416707	0.279560326372595
AT1G56360.1	-8.89185932809082	3.75361477150284	5.17765612480276e-13	3.52714879361876e-10	0.314490977552667
AT1G60240.1	-10.7284035752701	1.53382179266944	1.38691437967179e-06	0.000292961472338577	0.659730946994152
AT1G61110.1	-10.3246549536074	5.92821512646295	6.59906155946146e-19	3.31149315163103e-15	0.264320331019499
AT1G62180.1.DE	3.07236890584717	8.54093039037495	0.000239393091678992	0.0248031268257066	0.277866890521471
AT1G62360.1	-7.73884694049055	4.42215178036758	1.31634224324188e-13	1.02482885103137e-10	0.27003075693968
AT1G62500.1	-11.9913812251912	5.92818245085305	1.32210774453156e-20	2.45140668482909e-16	0.270021201264416
AT1G63930.1	-6.53077954214457	2.68309578554701	4.5075540713043e-07	0.000108695876892895	0.443375532177083
AT1G65060.1	-3.63413272997887	5.77171067939082	5.64330213455419e-05	0.00739012798029318	0.30597921182196
AT1G65845.1	5.48565517522999	2.26281956854822	2.78664868263077e-05	0.00412681467135901	0.507427570233341
AT1G66120.1	-12.5998631569838	3.38626809445056	2.55175943347092e-11	1.41903862862549e-08	0.440661800694513
AT1G66360.1	-6.09064889792201	1.25984884455167	0.000178386942992702	0.0193659992414667	0.681821540145753
AT1G68640.1	-5.66439407362687	2.16534585527768	0.000151174090984084	0.0170927087353747	0.633212393656491
AT1G69720.1.DE	3.20390929405116	4.17171692214363	0.000136022974289217	0.0155083264703217	0.274403115715534
AT1G69940.1.DE	-10.0044976460509	7.65464791709305	7.29162865051421e-19	3.31149315163103e-15	0.269897375042703
AT1G71030.1	3.1783820847277	6.06722936648427	0.000259308041149537	0.0264639880647331	0.296857766382079
AT1G71160.1	-9.93191699495551	4.41342485689376	1.5892760735678e-16	2.40589909603606e-13	0.27325052364118
AT1G75040.1	4.39016365873	6.59206336874739	4.92362310366346e-07	0.00011565845340666	0.268133178591988
AT1G75160.1	-11.6067406526565	2.40033283378688	8.82622331819449e-09	3.12345141814911e-06	0.522614034518728
AT1G75790.1	-9.65736914463014	5.27770645876834	5.33031809540829e-18	1.61384264201978e-14	0.25470714007922
AT1G76540.1	-5.21560747633386	4.54042831635907	3.76085391235227e-08	1.10355102054889e-05	0.288332417623227
AT1G78160.1	-10.2755936518774	3.38900077445225	2.76160006449827e-12	1.79168667041699e-09	0.365294359110378
AT1G79250.1	-9.57658687648384	2.69894515361611	3.39377711664728e-09	1.35995636252238e-06	0.46808204075756
AT1G80180.1	2.7458749177462	5.45223536101092	0.000502812938061715	0.0453680455272969	0.253961049059628
AT2G04115.1	-13.7511203855821	4.53371848846334	2.05511144583645e-18	6.99996647344966e-15	0.282529189750719
AT2G06950.1	-4.46605907301814	6.62628723517425	1.98179129105815e-07	5.04690008318165e-05	0.25784116820962
AT2G13820.1	-4.65180814029219	2.45745871267226	0.00019589877271883	0.0205309448377515	0.504826143466966
AT2G16380.1	5.56249187302412	3.54206742408128	1.26781465729487e-07	3.45466815966279e-05	0.334996061057503
AT2G17170.1	-9.38837009103456	0.233087180466196	0.000159348692408096	0.0175601048976584	0.861168001631026
AT2G19770.1	-10.7332010980022	4.69635815431861	1.97370328566704e-17	4.41330717074161e-14	0.277984316110253
AT2G19910.1	-5.48612931989251	4.13766862206593	2.21801952116147e-08	6.79087796990212e-06	0.297496430541148
AT2G22960.1	-5.5698681620705	1.39956739523629	0.000274708786735039	0.0278272852406806	0.650609556122236
AT2G23170.1	-3.55548497572805	4.41492608081068	6.37213927313118e-05	0.00815185084758458	0.297414264824874
AT2G23660.1	-10.8739276552821	1.67695300245419	8.42097685532221e-07	0.000185050966395706	0.64835121538827
AT2G23945.1	-5.96565690342518	1.16635584667223	0.000269774353531354	0.0274294080573727	0.703742631571395
AT2G25890.1	-11.878390876633	2.66958166236639	1.35317235163963e-09	6.14543223497138e-07	0.486572275287447
AT2G26490.1	-9.01789421256699	3.48082145132541	5.31782314440551e-12	3.3698921595792e-09	0.343656099903885
AT2G27180.1	-4.10268889423413	3.69006814554117	2.51342153323428e-05	0.00380490129772783	0.335307430262576
AT2G27650.1	-9.7326626559731	0.563425971540572	5.56489146294714e-05	0.00732549408086215	0.804858105640289
AT2G28790.1	-6.92298541343301	6.54814119318966	1.53778326541216e-12	1.02202576095649e-09	0.265299883912992
AT2G29090.1	3.0048355951053	4.18974195536068	0.000428140118650997	0.039681598956194	0.287334616250915
AT2G29550.1.DE	-3.51208710538926	7.24587584602769	8.23936103848236e-05	0.0100229620061431	0.303125617573889
AT2G31100.1	-7.29191739546449	0.413987099704263	0.000300495632638105	0.0298839616560428	0.826421488605162
AT2G31270.1	-4.41904113991163	4.20868847147846	3.59273917708361e-06	0.000689426407298248	0.314361685030914
AT2G31432.1	-10.4602008959409	1.27072919476	4.20785926116468e-06	0.000785342171284084	0.697298152099208
AT2G31470.1	-7.2706502525208	0.455247779067447	0.000304492728191082	0.0301713540017411	0.837372649593904
AT2G31880.1.DE	3.42514948130833	7.0156456649592	6.53255805404817e-05	0.00831802216891395	0.283073648376661
AT2G33100.1.DE	-5.14185470338321	2.91068144072175	3.16916895413509e-05	0.00457183708050483	0.478724425534257
AT2G33190.1.DE	-9.00261333966263	-0.133628678661186	0.000379077440681156	0.0359912236275987	0.898837800141344
AT2G33850.1	-6.06587371364726	5.21092687473481	3.76638573566175e-08	1.10355102054889e-05	0.359953749698048
AT2G33880.1	-8.66916496517274	4.26034443694582	9.05371188365945e-14	7.47589682175262e-11	0.294829317524283
AT2G34190.1	-5.13361156330399	3.9428884505973	6.40859891300248e-08	1.81904074771255e-05	0.288739060446938
AT2G35120.1	-3.04016795798602	5.25556739807263	0.000182775566073876	0.0196277688876305	0.262340976772581
AT2G36190.1	-9.77716089482527	5.15766925625709	2.38976536141646e-17	4.65133688094551e-14	0.266496099252649
AT2G38810.1	-4.88878843578438	3.64058216467945	9.51440899724684e-06	0.0016408742453543	0.397174122331048
AT2G39030.1.DE	4.02516821896116	2.68309420581686	0.000489047745544008	0.0444202067277623	0.462917475048016
AT2G39250.1	5.3539624621371	2.81405391927328	6.20758249764644e-06	0.00113523768777428	0.42481510084628
AT2G41090.1	3.42802136355575	9.11882214591122	4.67462843423137e-05	0.00633726120419755	0.273148672959623
AT2G41100.1	3.24946906505809	6.46696113099735	5.29267478225862e-05	0.0070009754923187	0.253190093172798
AT2G42005.1	-6.43198407884839	3.46765106055193	4.69946542513585e-09	1.82936761956467e-06	0.334952453021201
AT2G42410.1	-10.8520138294401	1.65526269028676	7.79081159014887e-07	0.000174009692639317	0.641248076936749
AT2G43470.1	-9.04591415141641	-0.0927264560981781	0.000348733075628065	0.0336972609141458	0.893973491213598
AT2G46300.1	-5.98953814290812	1.425847352171	0.000136996305106039	0.0155542179909769	0.653966230456003
AT2G46770.1	-6.2037959870347	1.582213749537	0.00015990672978401	0.0175601048976584	0.731266901571123
AT2G46880.1	-10.5574494813697	1.36609752796499	2.93133506918087e-06	0.000570542495000782	0.685417601855402
AT2G47030.1	-7.73470292568974	6.69950816024777	2.21429570466359e-14	2.15490513058494e-11	0.263314318330773
AT2G47050.1	-7.22152689161605	6.37986156376337	1.02041095090709e-13	8.17799352978453e-11	0.253323512748768
AT3G01240.1	-8.54258782019585	6.36309764731818	4.25758820897387e-16	5.4675268029736e-13	0.262673629108733
AT3G01420.1	-7.30348192113847	0.485510770923233	0.000360506452985195	0.0344682117101529	0.865479216642942
AT3G01530.1	-10.6596417860143	1.46604032872759	1.75531840763118e-06	0.000362353570375319	0.665791556477915
AT3G02790.1	-3.33236872592781	5.15993003939322	2.71518034974056e-05	0.00404294805191697	0.244402605394632
AT3G03760.1	-10.590657431867	3.70113035757242	8.49684598707976e-14	7.23532988443551e-11	0.332737892142274
AT3G04290.1	-5.12239768725691	7.8939676064851	8.18196205425824e-07	0.000181260393509336	0.352350704295916
AT3G04720.1	6.02744141509553	4.37142251165708	1.49834030355736e-09	6.69315982485811e-07	0.292772768567484
AT3G05610.1	-7.09686948376437	5.16079737281125	1.53459915839927e-11	8.89708350366421e-09	0.296676870476105
AT3G05960.1	-9.88990552573586	4.37162098641413	2.447630347896e-16	3.51028838683253e-13	0.275167285817016
AT3G06260.1	-6.13505946969986	3.15117668896853	1.84461930582757e-07	4.82672736863066e-05	0.392093775558186
AT3G06840.1	-4.79792346271236	3.05951169606886	2.99190723192306e-05	0.0044068367655498	0.431896603515087
AT3G08040.1	-7.53972974607277	3.13389527522415	7.65022279465296e-09	2.81703947204728e-06	0.404900914866949
AT3G08770.2.DE	-8.89051170897131	9.06402016230554	7.33236358898288e-16	8.68693806244324e-13	0.285877016259574
AT3G09080.1	-6.66667384247717	0.711421924939669	0.000345350131124485	0.0334891306868722	0.808587683938361
AT3G09940.1	5.55530866088675	1.75187606388935	0.000111693836492998	0.0130968495998093	0.592970203358065
AT3G12160.1	-6.43441225644912	1.30376293180752	9.65343342995981e-05	0.0114368003275206	0.676069748299141
AT3G12170.1	-5.46871540877346	2.46193849021263	0.000158597292209738	0.0175601048976584	0.629386297942437
AT3G12850.1	-9.24712267107004	0.098350858123058	0.000232158182225722	0.0241453370514072	0.88080766276885
AT3G13227.1	-6.74797650130141	2.58553035054988	4.74114766528579e-07	0.000113325905904713	0.461158129970592
AT3G13450.1.DE	-2.80731907308305	5.01706203811361	0.000355784852669072	0.0342571782698923	0.250591280329361
AT3G14520.1	-7.54879337228599	0.720620050610916	0.000120692096006929	0.0139946337195439	0.783470872067791
AT3G15720.1.DE	-5.3105213678195	1.5578926625196	0.000552141876358647	0.0486903365336465	0.697576800956387
AT3G16660.1.DE	8.36503298677125	4.39260931760428	8.60646682091102e-15	9.0199082462694e-12	0.265790197047178
AT3G17060.1.DE	-7.12027099346489	4.04683795483806	3.42328916003249e-11	1.8656241264345e-08	0.30091286594964
AT3G18590.1	-8.36332908153351	2.28057533929918	2.8798619424685e-07	7.13394164275673e-05	0.544046787770829
AT3G18850.1	-4.27454234687107	6.53141242384377	6.19897158857211e-07	0.00014437245881795	0.26167389983863
AT3G20190.1	-6.66466248893895	2.92663137155405	1.53192235101252e-07	4.0924855041902e-05	0.422604872527835
AT3G21090.1	-4.14159674520324	2.43356971605608	0.000520610524458058	0.0466648558584133	0.490989204754956
AT3G22060.1.DE	3.37045428320362	4.01772820124732	0.000129997843922571	0.0149464609664394	0.295660319088583
AT3G24340.1	-4.88490348151726	2.21000069376985	0.000160674751934723	0.0175601048976584	0.527545681786059
AT3G25010.1	4.89848670812798	5.45310153621937	7.00459413074349e-08	1.96771325225391e-05	0.275168953985518
AT3G25130.1	-4.42617776103423	3.70713834961517	4.20332907054787e-06	0.000785342171284084	0.317070688698484
AT3G25760.1.DE	2.74659530707572	5.15705878510633	0.000420769532499883	0.0391315665224891	0.247080139700913
AT3G25980.1	-5.73851099560843	4.1048399832962	1.82739794748837e-08	5.65849621262621e-06	0.315192022101027
AT3G26050.1.DE	-5.11107940284385	2.7615262044471	5.15140203428704e-05	0.00688090951138664	0.496062441936597
AT3G26165.1	3.65440686486632	4.97996101120222	2.60483827346978e-05	0.00392150486816453	0.282516075569074
AT3G26830.1.DE	4.3954499081317	2.24692668103386	0.000465088966146286	0.0426707381768355	0.526846705458668
AT3G27060.1.DE	-3.47352101484868	5.73898827207809	7.10412181543263e-05	0.00892074725109326	0.291968110270834
AT3G28900.1	-2.8202953530357	5.86583967723485	0.00040827858817388	0.0383627008591381	0.258366926187921
AT3G44860.1.DE	4.34276431175042	6.25532685308145	2.79413292599474e-07	6.98507597251658e-05	0.252691130385843
AT3G45280.1	-4.79981430320218	2.06840964885353	0.000288986791562782	0.0290575685730416	0.555017793797947
AT3G46900.1.DE	4.17660772813989	3.23151131713124	8.33254879841066e-05	0.0100912720981285	0.39079673416373
AT3G47440.1	-6.41459117427101	2.44791421008902	2.4977065046572e-06	0.000496788354346016	0.496012121460743
AT3G49270.3	-10.402706086827	1.21447097405886	5.28116963943618e-06	0.000972341834493219	0.705368562438173
AT3G50480.1	3.51713389956097	6.35871111204571	3.07789845425736e-05	0.00448500828770368	0.271878846977813
AT3G50570.1	-5.90449966428741	3.43901454886602	2.01802986576737e-06	0.000413453351972143	0.450631846290639
AT3G50740.1.DE	6.62295450238796	6.16859066162343	1.30524376394402e-10	6.58640505994643e-08	0.300704582446911
AT3G51470.1	-4.23309499374096	3.25674793845884	7.91211741788125e-05	0.00980909858069551	0.398537814647987
AT3G51920.1	2.86555061670863	6.34413663709192	0.000310128803861065	0.0306184774507614	0.255490245308887
AT3G52080.1	-10.1690650600876	0.985808584636423	1.7468400443533e-05	0.00285027810590319	0.766646959754339
AT3G52160.1	-9.07480442480242	5.43810948658942	1.30339579894772e-16	2.21976450784541e-13	0.263311223380533
AT3G53075.1	-10.7683321212291	1.57312654967713	1.30813618529475e-06	0.000278479710258567	0.661292484066147
AT3G54820.1.DE	-3.22288887667828	5.35520747108103	5.77716491108202e-05	0.00749628412676543	0.25153040367284
AT3G55090.1	-4.52955815343128	3.01210735385675	2.48514046245152e-05	0.00378310572409729	0.38716308719116
AT3G56130.1	-2.96215373416359	6.16749792855855	0.000299998701352421	0.0298839616560428	0.269092849634717
AT3G57370.1	-9.58278951059916	0.419064729664495	8.92649387831341e-05	0.0106683347232527	0.829045918996062
AT3G58650.1	-5.41943135103619	3.28093410341448	7.54467054693333e-07	0.000172760275406207	0.370330344724024
AT3G59530.1	-5.09550757799055	6.19131052772363	6.68117226916983e-09	2.49390771455628e-06	0.253988466309419
AT3G60780.1	-7.9206776940289	2.45643778222959	3.8493523773275e-07	9.36526811873188e-05	0.541667626193781
AT3G63095.1	-10.0051337330975	5.81918446694719	1.75789576548554e-15	1.91603606854861e-12	0.320878848979314
AT4G02060.1	-4.39519468452548	4.53126149446379	2.74941488595475e-06	0.000538984217463173	0.305645495034134
AT4G02410.1.DE	3.91407567680199	5.49604659597104	4.4709486073239e-05	0.00612205420105372	0.335077432705598
AT4G02700.1	-4.49690112296225	2.45208888069542	0.000186037494617906	0.0198797478072287	0.478187151683602
AT4G03100.1	-4.86382739139025	3.65955374028021	8.74740580831942e-06	0.00151820420936876	0.390728122826543
AT4G03210.1	-5.30514257716971	8.50093160897829	1.71401473478808e-06	0.000356528148917867	0.393079252024483
AT4G03620.1	-6.71988668560374	2.08836515738259	2.03905868088831e-05	0.00328771065062281	0.647465450831381
AT4G04760.1	-4.43506182534996	2.94865121163061	3.96605869374602e-05	0.00551383333397374	0.393572859240468
AT4G05520.1	-3.39169221659585	3.90188087748701	0.000102249657128436	0.0120614757882804	0.290689047006258
AT4G08550.1	-9.3540468472375	0.199688264849745	0.000161107792007582	0.0175601048976584	0.855524528718745
AT4G10120.1.DE	2.99922223894788	8.59461738746156	0.000389994278916421	0.0368991462020609	0.28554547959836
AT4G10240.1	-9.37041837267471	0.215357552438582	0.000153065795836892	0.0172350821105763	0.852606026365361
AT4G11290.1	-5.378122034071	2.56685249187644	0.000499665862677869	0.0452338707379045	0.715520059614712
AT4G11320.1.DE	-6.221187978298	6.84989219919507	7.75472121833236e-10	3.58149827929387e-07	0.302014249730759
AT4G11521.1	6.1006778962653	1.81627556633574	3.23713227922371e-05	0.00461825222390403	0.583506563752458
AT4G12030.2	3.39537812606594	5.38244465426226	3.20035679087918e-05	0.00458981695761404	0.256850375844705
AT4G13210.2	-5.75790979279504	3.38764589242775	1.85990815701941e-07	4.82672736863066e-05	0.36089529546786
AT4G13770.1.DE	3.455286350185	8.0236446131452	3.55600412538419e-05	0.00499471940271102	0.268499075129712
AT4G13790.1	-6.30112236158786	1.46411487526529	8.04589018571437e-05	0.00987578656173563	0.650066346996509
AT4G14400.1.DE	5.93588121705166	9.66885107911276	1.21947041678797e-08	4.05235968134823e-06	0.329441439238629
AT4G14815.1	-12.5429693374614	5.61954726723313	1.79926359486887e-20	2.45140668482909e-16	0.271871823575181
AT4G15200.1	-4.34226515320509	2.7773302224664	0.000221858749603144	0.0231625634786823	0.469348053068266
AT4G15210.1.DE	-4.04685063295216	7.87667189452	6.48756897942738e-06	0.00117853178080278	0.292546214954328
AT4G16260.1.DE	7.68588633135096	3.14770807491656	5.1161316873163e-09	1.96351369503777e-06	0.409061274112857
AT4G16270.1	-8.83883785048765	5.35527543064126	1.48175039311362e-16	2.37507155658547e-13	0.25732781096641
AT4G17000.1	-5.51761081242211	3.07699336653984	7.67265624469961e-07	0.000172786950422991	0.377931174728625
AT4G17370.1	3.65506199533334	4.1577848633733	2.06941003837068e-05	0.00331702083150369	0.275099717751862
AT4G17690.1	-9.49921098597132	2.5807634337235	8.26418889736553e-09	3.00254511019084e-06	0.48424264959161
AT4G18780.1	-3.19720652889773	4.6924863486938	0.000111988181465579	0.0130968495998093	0.267443556363715
AT4G18960.1	-8.01084669105562	5.53458336158345	4.16520811868928e-14	3.78325853420547e-11	0.274992855911804
AT4G19038.1	-5.93937126072156	0.858124086997041	0.000357342987877134	0.0342860530868452	0.7161341911119
AT4G19370.1.DE	4.07708587409778	2.68283138953285	0.000411016613469352	0.0384872567024961	0.461087686321388
AT4G20160.1.DE	-6.95592145812778	1.90432664821652	2.22363237351474e-05	0.00352277665964552	0.659164087014944
AT4G20420.1	-7.55280475597735	5.97099373204089	1.45274901407521e-13	1.0996099412371e-10	0.270643638147648
AT4G21680.1	-5.89895516424485	1.15919504392605	0.000365875178503431	0.0348592053812587	0.733668492679681
AT4G22690.1.DE	4.19200299732095	7.24302429254916	8.43490570866365e-06	0.00147335093368831	0.316584859989365
AT4G23310.1	7.57776602379379	3.90763589286476	5.75867158714982e-11	3.0768243544754e-08	0.331340003168349
AT4G24380.1	-3.35798720332596	6.06497180695721	2.66396543911048e-05	0.00398848320056711	0.247788139589595
AT4G26660.1	-5.93961343773165	4.17552639445169	9.77324363208661e-09	3.36822043397674e-06	0.319013428882859
AT4G26760.1.DE	-3.74373193086476	5.42863288829453	4.42499147843457e-06	0.000820248930584106	0.248348811287456
AT4G27570.1	-7.47734731270661	4.40061892061082	8.64404716593696e-12	5.35321911874128e-09	0.304038272835986
AT4G28240.1	2.87472097013145	6.557664121915	0.000286185487052848	0.0288824753211224	0.254065925162589
AT4G28430.1	-5.02275672793355	1.44681604434987	0.00054105909626117	0.0481807820719628	0.626445762872286
AT4G29110.1	4.28758760580593	4.52953753901905	1.23434070225859e-06	0.000266940871395589	0.274625963786971
AT4G29700.1.DE	-4.8539965149309	5.76265553614637	1.91032799856551e-07	4.91080449367089e-05	0.291121321222667
AT4G30030.1	-10.6174428569015	1.42464854732637	2.09924324388024e-06	0.000426882680242482	0.671471418030401
AT4G32170.1	-9.72631826435352	0.557295913371965	5.66823277140913e-05	0.00739012798029318	0.805576319243602
AT4G32280.1.DE	5.91016345890659	3.35171221396528	2.27299081081847e-07	5.73488209296226e-05	0.382025113158705
AT4G34420.1	-4.90667469964111	2.1171157854223	0.000182594661495181	0.0196277688876305	0.541815597793755
AT4G34510.1	-7.58991494382512	4.33043353204414	1.21075846164469e-11	7.26950430626952e-09	0.313095319389377
AT4G34950.1.DE	3.61927159411657	5.70768069167987	4.91125380233047e-05	0.0065924509783105	0.298949541676895
AT4G35620.1	-6.10888242143794	3.07641088272342	2.15968898897599e-05	0.00344148334857349	0.587707324074782
AT4G36500.1	5.08656961554726	5.05537695577841	9.88871645631543e-09	3.36822043397674e-06	0.257212221393559
AT4G38660.1.DE	-4.81109818722862	5.57643854622253	1.63838385963397e-06	0.000343417859932046	0.337537942513248
AT4G39860.1	-2.95893677656523	5.63597801510273	0.00032467410714961	0.0319387896957391	0.271072854805754
AT5G04885.1	-3.14236996627604	6.24857635853295	8.45534693400808e-05	0.0101946791418047	0.252673226621068
AT5G05810.1	-4.92679567117581	2.25956822743809	0.000118348823413647	0.0137815687572584	0.515841478339348
AT5G07530.1	-11.0865389163187	10.043452077951	5.84940279467886e-19	3.31149315163103e-15	0.308974248873671
AT5G08020.1	-5.58583153223063	3.51734042063718	1.2545870484886e-05	0.00208452698074793	0.494105778054819
AT5G08030.1	-5.49533785053267	2.73053581041841	1.00615101704468e-05	0.00172431503543714	0.463397737427159
AT5G08640.1	-4.59442887435947	7.39998352117859	7.00269627295945e-07	0.000161708873510061	0.295876675217515
AT5G09980.1	-4.82111454710821	2.36704454869547	0.000186950051455976	0.0198992263754839	0.527054644027687
AT5G13350.1	-7.93601584469192	2.37362922979855	4.81448323967821e-07	0.000114078133737384	0.542266548947482
AT5G13490.1	-2.96637465797951	5.7343881080444	0.000340055465121326	0.0332120837601828	0.273901961685669
AT5G15720.1	-6.21044127218267	2.62454353898188	1.30464148813308e-06	0.000278479710258567	0.451605597680617
AT5G15960.1	-6.57104471587467	7.22144204866583	2.2095771157431e-11	1.25434930889341e-08	0.276423329559007
AT5G17090.1	-9.41926197391381	2.54414641900007	1.29519376138341e-08	4.25213672336586e-06	0.495211944974871
AT5G17160.1	-5.3860730411949	4.18318138048938	4.64367492669147e-08	1.34612231997251e-05	0.305639884607264
AT5G17340.1.DE	-12.8013561838334	3.58693327889715	3.84933976477729e-14	3.61691928449711e-11	0.341649914960261
AT5G18090.1	-6.37470249172966	1.53579682727555	7.21040267026373e-05	0.0090126725854136	0.653577284532354
AT5G19240.1	3.49508047527814	6.11365258451624	1.71404929777511e-05	0.00281362224789602	0.252828699181874
AT5G20330.1	-8.77284208451264	2.68781513840054	1.81758989475068e-08	5.65849621262621e-06	0.483611857376713
AT5G22420.1	-9.30346600895624	0.15176371577222	0.000194596657252687	0.0205309448377515	0.86887639804197
AT5G23010.1.DE	5.42634931031883	7.32063853610287	3.30725103579177e-09	1.34506393245209e-06	0.26851056069482
AT5G24130.1	-8.95078098410192	-0.18192575396635	0.000473291593322149	0.0432775927061585	0.919716821691503
AT5G24280.1	-3.19376068419949	4.38457558468416	0.000393142906441841	0.0370683427599783	0.315159545290674
AT5G26730.1	-12.0647529960396	5.97667415901311	2.41705334434193e-19	2.19540955266577e-15	0.292414087796815
AT5G26920.1	6.00574354891183	4.48977735887787	2.93700873927364e-10	1.40404475678013e-07	0.268168049459262
AT5G27350.1	2.70953209310094	5.2455227684625	0.000546370757419845	0.0484135510205602	0.251298803670349
AT5G28640.1	-7.07077652132979	5.36717873529997	3.06383138585588e-13	2.19700898508386e-10	0.253133633257278
AT5G28680.1	-6.78523708250327	3.07379451626043	9.74808457749298e-08	2.710464863797e-05	0.42337952422343
AT5G35670.1	-2.87540030614734	4.58307917230159	0.000250316493953638	0.0257391477122366	0.247992292032645
AT5G39080.1	4.39259274877997	4.36486622837945	1.00505879283172e-06	0.000219094776366972	0.280000242039577
AT5G39310.1	-11.7242628242985	2.51648718016411	9.76064004520495e-09	3.36822043397674e-06	0.536902049511481
AT5G39670.1.DE	4.22955330543601	3.00002387078054	6.29574799335639e-05	0.00809211495617774	0.384049605914893
AT5G40040.1	-11.5138363461595	2.30833059203643	1.45511474570394e-08	4.72028829829602e-06	0.53164480555087
AT5G40940.1	-7.37283008872438	1.39116475164812	3.17104190324567e-05	0.00457183708050483	0.699272941648944
AT5G41080.1	-6.11616809977456	3.54440016827334	1.05410172239358e-08	3.54607627574107e-06	0.328172374912534
AT5G42330.1	-4.66846945454474	1.85335573406004	0.000482604712843411	0.0439815913721408	0.566730442116101
AT5G42610.1	9.84417143175223	0.671289079973318	4.89394591243668e-05	0.0065924509783105	0.811091647452255
AT5G42700.1	-8.6181051404387	1.75857325847708	2.37809688503855e-06	0.000476476191326584	0.637122743987415
AT5G43780.1	2.99385445006627	6.62642492594558	0.000509784131413376	0.0458452402537395	0.295821652256322
AT5G44040.1	-3.20692692278641	4.10756862233452	0.000192780015752216	0.0204399324872846	0.287563381429474
AT5G44330.1	-6.55598411623838	1.09254742909946	0.000134122011383778	0.0153558432277167	0.71586556510424
AT5G44540.1	-9.81358575691016	5.77211195263798	2.10550821019637e-17	4.41330717074161e-14	0.27456447886146
AT5G44568.1.DE	4.66689173292589	2.70846736718748	6.94959486592922e-05	0.00876710696767154	0.451612336348688
AT5G44630.1.DE	-10.2660340415187	5.69563996742079	7.58808651749091e-18	1.87970699559191e-14	0.278721906672079
AT5G45700.1	-6.07840618820729	3.25211832642994	2.39758369074063e-05	0.00373324331365665	0.589394314800419
AT5G45880.1	-8.36867268999828	6.32276390679284	3.76343806608589e-16	5.12749619313873e-13	0.253849992166196
AT5G46970.1.DE	-10.2910938126317	1.10592012691501	1.11126025040447e-05	0.00186615777618659	0.74671847890183
AT5G47220.1.DE	3.71883343078051	4.31139436415136	8.08699746350601e-06	0.00142169415408436	0.257600606222689
AT5G47530.1	-7.08145992514016	2.4458547544759	2.72462642739991e-06	0.000537995257392901	0.57652135122536
AT5G48480.1	-4.10929775009254	7.0128776886536	3.89743674876491e-06	0.000737508708104826	0.286197221663779
AT5G49130.1	-6.76087943921239	2.12749638712071	2.42990040659437e-05	0.0037465199273338	0.665349146921151
AT5G50030.1	-8.09099559566782	4.93331706126405	1.70004916626008e-14	1.71572739746004e-11	0.268092132354172
AT5G50080.1	-9.80260067946545	0.63037298278485	4.58984919306987e-05	0.00625344003309805	0.796675310683057
AT5G51030.1	-3.69065296778596	3.113031580745	0.000342350136128084	0.0333167816405506	0.386419423891402
AT5G51210.1	-6.78886100429007	0.734602163101691	0.000294006408909759	0.0294536052808163	0.795517650890015
AT5G51750.1	-4.55740113630645	8.15991612683846	1.84268979672856e-07	4.82672736863066e-05	0.265335772809804
AT5G53390.1	-13.1230147523363	3.90736279736387	4.4143120725685e-16	5.4675268029736e-13	0.304980656762303
AT5G53510.1	-7.48474640095634	2.89243230516534	2.65309692713832e-08	8.03269312973245e-06	0.429941776775281
AT5G58050.1	-7.66748009543695	4.2440831355638	7.0528585591883e-10	3.31350591171245e-07	0.3852239606199
AT5G58120.1	4.22057544952549	4.68155402282337	3.76852965219495e-07	9.2512310353748e-05	0.244932637749965
AT5G58770.1.DE	3.12560749943032	5.33886778853176	7.9555608878627e-05	0.00980909858069551	0.247893925564944
AT5G59220.1	-4.0189844220598	4.99012091688238	6.69473353308734e-06	0.00120811121882846	0.288074916875572
AT5G59810.1	-10.9412767802579	4.01804584819683	1.82919895774957e-13	1.34713087566806e-10	0.360543331627029
AT5G60615.1	-7.94234617822292	2.83848942881374	1.49732483331977e-08	4.80007110389769e-06	0.44300248618389
AT5G60670.1	-3.00644897495448	5.68486206432089	0.000195773708446935	0.0205309448377515	0.259969621582065
AT5G60900.1	4.44849574009391	5.8940581343419	3.06259181222012e-06	0.000591862158093518	0.315766500147382
AT5G61160.1.DE	7.34105200940692	0.554985332420028	0.000252106829485601	0.0258257857017035	0.834055340443424
AT5G62360.1	-4.08446695094117	3.84378619248554	3.47184389454892e-05	0.00492730595221685	0.34571277696813
AT5G64770.1.DE	5.1133572888216	5.87895771451302	5.33236215925338e-09	2.01807689552077e-06	0.251736003372012
AT5G65690.1	-8.86095575107811	4.80858996136587	1.72543155281504e-15	1.91603606854861e-12	0.270580318554986
AT5G66170.2.DE	-2.95698982533611	3.96493019211846	0.000554764336627793	0.048763785189583	0.290380252032653
AT5G66310.1	-2.83874788945029	5.27800642826476	0.000547226456542719	0.0484135510205602	0.272302818291848
AT5G66490.1	3.10269019460793	3.774140824416	0.00041537980737183	0.0387626177091609	0.301500304348643
AT5G66870.1	-5.95121950088175	1.88916229325716	0.000327506788286077	0.0321015556618968	0.736262932948622
AT5G66940.1	-10.0261495348557	0.847673321070106	2.25828425224796e-05	0.0035569935022835	0.766849428773472
AT5G67260.1.DE	-2.76228251121553	5.96925226795687	0.000450107915031329	0.0414357789752996	0.2529448101188
