logFC	logCPM	pvalue	padj	dispersion
AT1G01100.1	-2.76876081773271	7.72803002005841	0.000861295218009109	0.048963722408693	0.281088755374965
AT1G02813.1	-10.1260723585326	4.95941439531838	5.89844173151269e-18	8.53776754322111e-15	0.261124727031999
AT1G04670.1	-12.3343593997094	3.12188558088179	4.59292318125452e-12	1.92055634448147e-09	0.388640562067623
AT1G04760.1	-5.19013655086763	2.40816968153913	2.92844434611771e-05	0.00291558398205804	0.468854584569356
AT1G05577.1	-6.84302339501978	1.81554080775809	3.31299763039672e-05	0.00325667102726642	0.674385411376771
AT1G06160.1	7.32952270655083	2.82452495315501	2.08520606905313e-08	4.21906694638416e-06	0.417053515116976
AT1G06420.1	-7.46084949168852	3.71203034784433	1.84017667532273e-11	7.06665397949954e-09	0.30236040952915
AT1G06520.1	-5.59898735836433	4.18769495544992	2.37823743676645e-09	6.58107262465211e-07	0.270356446117944
AT1G06660.1	-5.82150129344188	2.62508815575415	1.71302128484247e-06	0.000239850580640027	0.430543850654034
AT1G07410.1	-3.90952563650254	2.65454389798033	0.000489140630744279	0.0300789517931866	0.44679095457561
AT1G07795.1	-8.22338114472394	1.38372492736926	2.03949730509087e-05	0.00216539625368203	0.732127945403791
AT1G07900.1	6.99724954987846	1.08008093008531	0.000299695246129818	0.0208094665919734	0.867956858116628
AT1G08065.1	-11.8493862230809	2.64036883801091	7.4700679965977e-10	2.30433228675375e-07	0.467120316684628
AT1G08930.1.DE	4.86429746276584	6.31189958771754	2.69415856272099e-07	4.60872560679281e-05	0.299592930382673
AT1G09380.1.DE	-9.97505542632009	3.09698617838552	3.70664730622214e-11	1.36760749727808e-08	0.392226270991637
AT1G09580.1	-3.04366377435559	3.83785217633343	0.0003505037464676	0.0235551035617172	0.28548679679913
AT1G09600.1	-5.28334177243326	2.43860085341253	4.59442503579628e-05	0.00426318091251178	0.507083261255149
AT1G10540.1	-5.1140730009945	2.66393339641689	1.12827433849068e-05	0.0013113325813403	0.422482971264845
AT1G11000.1	-3.32900825431091	4.1886473123824	6.27543251182846e-05	0.00546688951736464	0.266190329898476
AT1G11765.1	-7.8075859829378	2.94150983106943	3.82552104367175e-09	1.01387083772917e-06	0.399444397461567
AT1G12000.1.DE	-2.73098071608828	6.25678537817511	0.000708444151632015	0.0416587300039363	0.265842876489387
AT1G14040.1	-4.32906506899693	3.46417346727182	6.6485731876819e-06	0.000812377932939028	0.31901422966877
AT1G15125.1.DE	8.45916375712221	7.62491685120493	4.61359356572967e-10	1.52305245835676e-07	0.441777306263854
AT1G16630.1.DE	-5.9102924191923	3.82240132798544	1.16545120716945e-08	2.5500343448032e-06	0.316145217402956
AT1G17920.1	-3.57844552839078	4.12263551492483	1.87664553486149e-05	0.00204120456817854	0.262678235414145
AT1G18120.1	-5.48066164271538	2.21570229705377	0.000121885765141414	0.00971832390960166	0.608370875941893
AT1G18140.1	-8.14309820868445	2.15346424513395	6.03920311100113e-07	9.549553356278e-05	0.562317905015681
AT1G20080.1	-6.30980483256527	2.65407784181261	1.17749064198859e-06	0.000170437241617687	0.462349151921485
AT1G20132.1	-9.83705902938249	2.96057119069045	1.03274704576663e-10	3.59874095559087e-08	0.403218078892652
AT1G20680.1	-7.81572196521431	0.912800837382067	8.53379174155402e-05	0.00720091296864672	0.783454953112576
AT1G21810.1	-4.5018171521003	2.76251680948753	4.76615457731514e-05	0.00439631032751661	0.408989113504136
AT1G22350.1.DE	4.31599544834695	3.59708675217984	1.12895720984816e-05	0.0013113325813403	0.332899550364156
AT1G23205.1	-4.06359826330481	4.24273406514391	9.188125831573e-05	0.00766268780601031	0.385275272661324
AT1G23380.2	-4.63261551029377	3.27151596084661	5.47093974863164e-06	0.0006772807450658	0.346110434773669
AT1G23510.1	-9.31984488225433	2.45250192921057	1.65194684540664e-08	3.45385375444631e-06	0.49448891823361
AT1G23800.1	-3.62757614655034	5.00744174488045	4.2797976187649e-06	0.000551595560221226	0.235049825692401
AT1G24070.1	-3.97664394376589	6.33487502946618	8.82572904964035e-05	0.00741400640745904	0.372469842599563
AT1G26770.2.DE	-3.33990513357434	4.58989301912095	9.43804299212284e-05	0.00782359713580509	0.28185315099531
AT1G27730.1	4.22491829199925	4.01118838259544	7.0508615104943e-06	0.000850487570788277	0.310716507576692
AT1G28375.1	-11.5739782838057	4.6815011909086	1.83282750566426e-19	1.14961050580281e-15	0.25379823897689
AT1G29660.1	4.55377405550116	6.39532229451292	1.26272622418332e-05	0.00145771284419985	0.37305097392825
AT1G30260.1	3.29892327737101	3.82740261380398	0.000131072333700655	0.0102766170968551	0.286163078347046
AT1G30350.1	-11.6392915406176	4.74783606535995	1.82369320518097e-18	4.1562795527703e-15	0.273149368140399
AT1G30740.1	-7.02057432141776	0.227884940441215	0.000575822918606969	0.034617443640343	0.872027563547156
AT1G30795.1	-11.8406926468948	2.63155784934413	7.79575791464121e-10	2.36601252709361e-07	0.467652274167942
AT1G33430.2	-7.53886333197716	7.02542524579324	1.36202595692803e-12	6.40731060787868e-10	0.296073400381801
AT1G33720.1.DE	3.24042809064811	3.53835150453166	0.000494229313014657	0.0302928761661134	0.332042409446798
AT1G35310.1	-7.31094610528777	6.43405594431678	5.33675665417477e-09	1.33895666615476e-06	0.414388575127773
AT1G35490.1	-7.37136075307124	4.94272625396233	1.38781514677106e-14	8.70483920559701e-12	0.237406796063
AT1G44760.1	-3.28692949014145	5.85238042730216	5.28043789242619e-05	0.00477701922220114	0.257430455424856
AT1G48470.1	-6.15965492580676	3.89251298290969	1.54227588002904e-09	4.46477003607793e-07	0.298941968337449
AT1G49290.1.DE	-6.13596433175613	1.96560065480562	2.1639427493986e-05	0.00223730278656228	0.558695605304016
AT1G49490.1	-4.72189072586151	4.65656014511016	1.68325647879972e-05	0.00187947479794034	0.402635109747377
AT1G49830.1	-6.90111869364559	0.113551527785673	0.000786665645073918	0.0452681573191312	0.891610157164903
AT1G51800.1.DE	3.75577900568373	3.50063893805133	6.18077806206891e-05	0.0054347523735491	0.321565043571171
AT1G51805.1	3.53242579687608	7.82260174703518	6.63359243976236e-05	0.00567383222450038	0.298380310288711
AT1G51915.1	-9.40636488944269	0.250031047570986	0.000173673891008079	0.0128662267996025	0.873963117511519
AT1G52030.2	-7.66712711871846	8.24671449050899	2.56515032258513e-09	6.89549051715491e-07	0.426570075086566
AT1G52343.1	-11.2661272940493	2.06311593633454	8.57324098075304e-08	1.59725421321614e-05	0.57760926476046
AT1G52800.1	6.09684084523906	2.50025305555599	2.05987101774504e-05	0.00216539625368203	0.564489580780689
AT1G55450.2	3.52227006316354	5.49811807590423	3.32295709855531e-05	0.00325667102726642	0.274009498249049
AT1G56360.1	-8.89427423931935	3.75757349207186	2.25937458891575e-13	1.14904463890885e-10	0.304403187750777
AT1G60240.1	-10.7267040327563	1.53173049415054	2.74040430520777e-06	0.00036832991293639	0.703230658949315
AT1G61110.1	-10.3337491401715	5.93261494508575	1.12855565411201e-18	3.53933862390429e-15	0.268142504685255
AT1G62180.1.DE	3.08226179115648	8.54657522255183	0.000265690495729612	0.0188211362471826	0.283354924990212
AT1G62360.1	-7.74784792441143	4.42749246578766	2.73303932012784e-14	1.55841214808623e-11	0.255366851193914
AT1G62500.1	-11.9975077473375	5.93500342582161	2.84413095696334e-20	2.67590061085895e-16	0.27535617156202
AT1G63930.1	-6.52910914869064	2.68474453948014	2.22402484534284e-07	3.83940142337764e-05	0.420326261957733
AT1G64450.1.DE	-3.08192188222482	3.5692371573757	0.000580549428424341	0.0347904413842702	0.312896228207023
AT1G65060.1	-3.65082966148725	5.77137857006159	4.22989397590101e-05	0.00399969421831805	0.29832946226377
AT1G65845.1	5.47928866315804	2.25861400355757	2.30829701968156e-05	0.00234829603117892	0.496457706555729
AT1G66120.1	-12.6174221889764	3.40327340030431	1.57342003328559e-11	6.16813432631977e-09	0.43133049818936
AT1G66360.1	-6.10397309322482	1.26264203514877	0.000266058470624997	0.0188211362471826	0.721307673793771
AT1G68640.1	-5.6381057140428	2.164321906853	0.000138078759699212	0.0106922963837863	0.62517370995868
AT1G69720.1.DE	3.20430265058499	4.17940973217344	0.000123183740399797	0.0097803731776497	0.271074754711701
AT1G69940.1.DE	-9.99897209962666	7.65618686839966	4.13591940521872e-18	6.53030935036236e-15	0.282147682508965
AT1G71030.1	3.16663112667622	6.07141812788233	0.000354814611320452	0.02367569695467	0.3081538028102
AT1G71160.1	-9.92915531786873	4.41422499443297	2.43717456140913e-17	2.69766551306092e-14	0.257971981663177
AT1G75040.1	4.38595029899649	6.58635491626635	8.10986118211302e-07	0.000125084637593296	0.278089911953709
AT1G75160.1	-11.6048659745588	2.39802958651284	6.36693918777605e-09	1.49758368370477e-06	0.510998108443431
AT1G75790.1	-9.66320307317692	5.28352498665256	3.00189994927739e-18	5.64867513455527e-15	0.2508561895628
AT1G76540.1	-5.23218826926477	4.54391070298541	1.44026512338826e-08	3.04510885694347e-06	0.273171665194428
AT1G78160.1	-10.2706352583446	3.38881399000895	1.48623656506591e-12	6.82110084020617e-10	0.355320462192324
AT1G79250.1	-9.57472380271573	2.70241961958715	1.33967370234799e-09	4.00137143763208e-07	0.443006868502731
AT1G80180.1	2.75387607778867	5.46178436827006	0.000404588370404882	0.025983410805149	0.247233010445412
AT2G04115.1	-13.747445613155	4.52959274586716	3.9240789512004e-19	1.47678787249476e-15	0.269100935972626
AT2G06950.1	-4.46842370958997	6.62617271052832	3.59254782654601e-07	5.98238694266517e-05	0.269215278150052
AT2G13820.1	-4.65483903942245	2.45213682548371	0.000129938442546421	0.0102303417296904	0.484685800831904
AT2G16380.1	5.57186817881877	3.55411172684602	6.27612157256094e-08	1.19290686495838e-05	0.320364493015302
AT2G17170.1	-9.38450113593175	0.229052128028445	0.000178012033591774	0.0130845798285016	0.873668133506292
AT2G19610.2	-8.82937324132465	-0.297069294238222	0.000540652697979	0.0328176187673253	0.912128361419968
AT2G19770.1	-10.7238173476417	4.69358357897758	4.16451677761324e-18	6.53030935036236e-15	0.265439363176512
AT2G19910.1	-5.47966124330003	4.14531918927908	1.92910412244309e-08	3.9890057441771e-06	0.295421129203853
AT2G21050.1.DE	-2.74198332214661	4.56876477468418	0.000692225346607313	0.0408326155081812	0.265634230388325
AT2G22960.1	-5.57821093761351	1.39863761910207	0.000447525432756926	0.0281641674521307	0.697609269481301
AT2G23170.1	-3.54999109432581	4.42528833332203	4.92506412604991e-05	0.00452072837365274	0.288271436111556
AT2G23660.1	-10.8698929144674	1.6725693921557	9.68931502907074e-07	0.000145304184951292	0.655759732360779
AT2G23945.1	-5.97957900862648	1.1784327464709	0.000386862709967278	0.0251889121572812	0.74331592865744
AT2G25450.1	2.83781991634275	6.46081262541382	0.00084315480888124	0.0481502045113398	0.291967412689655
AT2G25890.1	-11.8741281680968	2.66490406020292	5.68329975947091e-10	1.78237752623274e-07	0.461738060043089
AT2G26010.1.Hnull	-5.33587727646065	5.07350862830032	0.000543717219790081	0.0328975142276205	0.731004866349317
AT2G26490.1	-9.02108081171923	3.4820359315842	1.94075450037703e-12	8.69504224609395e-10	0.32883102005946
AT2G27180.1	-4.08800356286205	3.6926189354658	1.81492253096706e-05	0.00198554635262832	0.322535861380042
AT2G27650.1	-9.73230091732576	0.562647649636871	6.34046951741508e-05	0.0054980928529585	0.817522963867364
AT2G28056.1	4.73848744261531	1.72446534733671	0.000657016661779426	0.0390002603302948	0.610422799678143
AT2G28790.1	-6.93181816968769	6.55647679913135	5.11937018147621e-12	2.09415627619213e-09	0.278572868900285
AT2G29090.1	3.01252681682347	4.20305301366895	0.000370752603220797	0.0244787780168622	0.283302057025424
AT2G29550.1.DE	-3.5240607744501	7.24363606814639	9.20320690948786e-05	0.00766268780601031	0.30884781541694
AT2G31100.1	-7.30457149164336	0.417986311255591	0.00032247843875988	0.0222273874803833	0.836957803599029
AT2G31270.1	-4.42977133503363	4.20500867165824	2.26586270100874e-06	0.000308961872788997	0.304116379300846
AT2G31432.1	-10.4616174841285	1.27165841043899	7.44642313239272e-06	0.000886831291659707	0.739161641492177
AT2G31470.1	-7.25483018010414	0.450550435894974	0.000331750955358276	0.0224552436222183	0.846859021725086
AT2G31880.1.DE	3.42365355195878	7.02490145462662	0.00010457360882794	0.00851844847322663	0.299049127670848
AT2G33100.1.DE	-5.15958741959818	2.92776336208538	2.08378866760231e-05	0.00217836951990403	0.460039756658788
AT2G33190.1.DE	-9.00160160541039	-0.134980227526051	0.000400449285655778	0.0258056650965232	0.904523702755247
AT2G33850.1	-6.0977640200417	5.22388783516653	2.41619415583491e-08	4.83675802450485e-06	0.352563896247519
AT2G33880.1	-8.68434643759834	4.26673009004109	1.71771497501198e-14	1.04265298983227e-11	0.284780196042315
AT2G34190.1	-5.14012231859131	3.94421642861645	4.44540523488688e-08	8.71345732342358e-06	0.283733905929327
AT2G35120.1	-3.04285137970438	5.25138501141628	0.00014157689602219	0.0108708171480169	0.254320192339792
AT2G36190.1	-9.7839986380093	5.15756414059548	6.73199412367432e-18	9.04828095894141e-15	0.256993950392773
AT2G38810.1	-4.90269765793598	3.63618392609468	5.06917675547395e-06	0.00063169999342883	0.376613652050436
AT2G39030.1.DE	4.01178313504813	2.67279823714155	0.000352940309051701	0.0236344405531169	0.439094260748831
AT2G39250.1	5.35586077960548	2.8207729684894	3.30719718428654e-06	0.000438250207159998	0.401775759690607
AT2G41090.1	3.42293785694622	9.11991058337828	5.89608516329689e-05	0.00521815868582294	0.279686573141279
AT2G41100.1	3.25475245240144	6.47290861933899	7.72419492030576e-05	0.00654712503672944	0.265179242025543
AT2G42005.1	-6.43601440448419	3.46909349389796	2.03417754021516e-09	5.71300280212367e-07	0.319487291352608
AT2G42410.1	-10.8515795002582	1.65439306029126	9.44326855339294e-07	0.000143301600297738	0.651942570285642
AT2G43470.1	-9.04470382775884	-0.0942620436215016	0.000368079235608844	0.0243878414663789	0.901957490275232
AT2G46300.1	-6.00439403333949	1.43568363099583	0.000234804255437543	0.016928397220568	0.704335926037735
AT2G46770.1	-6.22722791417137	1.5850215266554	0.000197203899935825	0.0143273582436001	0.751966140080942
AT2G46880.1	-10.5561105566577	1.36436348413084	5.77453791312398e-06	0.000710192679158522	0.733321584212691
AT2G47030.1	-7.73939471207244	6.70695660778178	1.24856648515395e-13	6.91008104445348e-11	0.279680724112895
AT2G47050.1	-7.2205818122498	6.3834599337228	3.17313970930802e-13	1.53099922846279e-10	0.263910852524385
AT3G01240.1	-8.53739389130126	6.35972497721415	1.28911388680613e-15	1.054663304697e-12	0.271409010647002
AT3G01420.1	-7.30679101548979	0.498963980510149	0.000376227411000441	0.0246671470132241	0.8742583452251
AT3G01530.1	-10.6644187344756	1.47023314785792	4.00717671351607e-06	0.000520020994608496	0.721353972855851
AT3G02790.1	-3.32577329391636	5.15895164940783	2.05384284049411e-05	0.00216539625368203	0.236572679946039
AT3G03670.1	-6.55674121319232	0.623575112579672	0.000767506329583738	0.044574588283263	0.897188698160752
AT3G03760.1	-10.5858505264342	3.70018276679547	2.01327460085086e-14	1.18386838013158e-11	0.314726566040902
AT3G04290.1	-5.14669666236473	7.8982621773564	9.72967386079759e-07	0.000145304184951292	0.359581744030167
AT3G04720.1	6.01064330906986	4.36061899390215	5.53652151883289e-10	1.76577500711658e-07	0.277137140489044
AT3G05610.1	-7.11107559881229	5.17574819740079	9.73259008575358e-12	3.89655633284309e-09	0.291730467722053
AT3G05960.1	-9.88654752523657	4.37186292221326	4.00729365660218e-17	4.18918026312685e-14	0.260092392101779
AT3G06260.1	-6.13039216776677	3.15873558070815	1.21942043279972e-07	2.22775090135848e-05	0.381356196117608
AT3G06840.1	-4.81138649535188	3.05760106562575	1.75725708263343e-05	0.00193370213590136	0.408130403595836
AT3G08040.1	-7.55226279158596	3.13647633796037	1.87901664784415e-09	5.35719034280051e-07	0.385138239186235
AT3G08770.2.DE	-8.88942266050658	9.05980358539339	1.01676836770125e-15	8.69660471592474e-13	0.288768835038678
AT3G09080.1	-6.64998190963094	0.711683126034008	0.00038422502873165	0.0251040359918176	0.821757954363263
AT3G09940.1	5.55102461373199	1.74722279667988	0.00011385605167896	0.00915568087368802	0.592895824238
AT3G12160.1	-6.43821961339046	1.30030174016356	0.000148967217500829	0.0112124645268524	0.7143429430771
AT3G12170.1	-5.48321755387655	2.454910785532	0.00011293748807027	0.00915568087368802	0.601890615831538
AT3G12710.1	-3.70592036438423	4.81772641610093	0.000415967731335295	0.0264434621639738	0.406147965287873
AT3G12850.1	-9.24365755106816	0.0947134353127643	0.000246292935035507	0.0176889090021494	0.886898080172252
AT3G13227.1	-6.74359986066498	2.58431783300822	2.98150232725535e-07	5.05431795423098e-05	0.444787977177285
AT3G13450.1.DE	-2.80926939285664	5.02429047597456	0.000291242073616243	0.0202974151823587	0.243705811322599
AT3G14520.1	-7.5379502460711	0.720287400300001	0.000139226861849622	0.0107370158173128	0.79775566128767
AT3G15720.1.DE	-5.32696202912612	1.55532111544771	0.000727043288823508	0.042355336117003	0.7273994905453
AT3G16660.1.DE	8.3645416814572	4.39529140949833	1.82731254460557e-15	1.37538160607372e-12	0.252426409318788
AT3G17060.1.DE	-7.13375238679307	4.05055238985724	2.40464263960852e-11	9.0496321099027e-09	0.29624065662799
AT3G18590.1	-8.37180503107635	2.27986233108221	2.19087921811527e-07	3.83940142337764e-05	0.53251178414555
AT3G18850.1	-4.28161704018648	6.53265256788963	1.00290298198742e-06	0.000147434573531697	0.272333691793951
AT3G20190.1	-6.67756424767808	2.9368006370515	7.86563564546219e-08	1.48007665940662e-05	0.404144957827999
AT3G21090.1	-4.1548440597748	2.43974096718505	0.000412435736270055	0.0263078076250631	0.47502760845867
AT3G22060.1.DE	3.36240882864961	4.02102901554347	0.000125766349539536	0.00994346806422454	0.293552025312225
AT3G24340.1	-4.89574553319394	2.21124303583095	0.000133118494238154	0.0103937373696239	0.514972099623588
AT3G24660.1	-2.90423021259567	3.87832416838571	0.000528695262491001	0.032195659399007	0.279638986243514
AT3G25010.1	4.8959118720082	5.46175221377473	5.10975956886368e-08	9.91240678425855e-06	0.269590450824709
AT3G25130.1	-4.43599448336851	3.70988521600389	2.07423562538055e-06	0.000286991851196955	0.300081459979823
AT3G25760.1.DE	2.74035824225414	5.15346849878027	0.000326969173712415	0.0222919526874874	0.237577516985539
AT3G25980.1	-5.746136641042	4.10054130645938	1.21377333475105e-08	2.62523825747247e-06	0.307023877435853
AT3G26050.1.DE	-5.08873887842459	2.7612436202081	3.61624281243421e-05	0.00348958158982433	0.469834188303787
AT3G26165.1	3.65369708040996	4.99132848599029	2.05107670917216e-05	0.00216539625368203	0.275687738965009
AT3G26830.1.DE	4.40871091138832	2.26238555952336	0.00039297202655252	0.025410840631061	0.516786053566786
AT3G27060.1.DE	-3.48493864466041	5.73645581756666	4.98605946695213e-05	0.00455449907716691	0.28165066820973
AT3G28900.1	-2.80894102793091	5.86483803670391	0.000439618062741034	0.0277593727738189	0.259356914495398
AT3G44860.1.DE	4.34583552856398	6.26242166890897	5.11866891357897e-07	8.2323070894714e-05	0.264344829957273
AT3G45280.1	-4.80576768439235	2.06561134170334	0.000260161470260914	0.0185434029768925	0.546120413032169
AT3G46900.1.DE	4.19382648512661	3.24915148539277	6.25423051176802e-05	0.00546688951736464	0.383174511784726
AT3G47440.1	-6.40400534965434	2.448008979537	1.72077527695189e-06	0.000239850580640027	0.480127364287116
AT3G49270.3	-10.4044206670676	1.21568617712561	9.12003292961565e-06	0.00107257287272861	0.747252066646666
AT3G50480.1	3.50408622389656	6.35637898092866	4.59916950225802e-05	0.00426318091251178	0.282263038598959
AT3G50570.1	-5.93167849559005	3.44525546093177	1.0292056689498e-06	0.000150128395911849	0.432490294708775
AT3G50740.1.DE	6.64099348468311	6.18869090324234	2.70267117059593e-10	9.08145775305421e-08	0.312408036314756
AT3G51470.1	-4.24301345023238	3.25281140670731	5.63336602046534e-05	0.00502384115673442	0.385161140894309
AT3G51920.1	2.86702745868289	6.34360745053164	0.000388210673832242	0.0251895181017286	0.264007497692332
AT3G52080.1	-10.1804971428844	0.996346767186875	2.30873553578201e-05	0.00234829603117892	0.792734775383617
AT3G52160.1	-9.08506394143098	5.44489594832565	2.41852269614393e-17	2.69766551306092e-14	0.25458217740383
AT3G53075.1	-10.7646328252218	1.56908607744838	2.14479588081912e-06	0.000294588497002726	0.691721873129814
AT3G54820.1.DE	-3.22896490397064	5.35568157589865	4.06244538369753e-05	0.0038607593325776	0.242266524207205
AT3G55090.1	-4.53341651981372	3.0181732932074	1.38285342028028e-05	0.00156753932586832	0.365089654681805
AT3G56130.1	-2.9699199427069	6.16593491198031	0.000324998478863804	0.0222919526874874	0.273342146924915
AT3G57370.1	-9.5825111263172	0.418368002659621	9.82311301670167e-05	0.00810708410681032	0.838649919490642
AT3G58650.1	-5.4310484411336	3.28329643040822	4.66501210406014e-07	7.56737351397411e-05	0.356999127154571
AT3G59530.1	-5.0870994814054	6.19005556865613	1.28744721783824e-08	2.75294253387071e-06	0.263146293818387
AT3G60780.1	-7.90564112062194	2.45640051395628	2.22102536055897e-07	3.83940142337764e-05	0.518968481112566
AT3G63095.1	-10.0183795650285	5.8351505030965	2.17902414449123e-15	1.5186184195145e-12	0.323695502049322
AT4G02060.1	-4.41763392797896	4.53891247335697	1.35023244955905e-06	0.000193949038193531	0.290678672919773
AT4G02410.1.DE	3.91774879069675	5.51427297366089	3.96968192183904e-05	0.00379175150879417	0.331082220476853
AT4G02700.1	-4.48936740279922	2.45292288173225	0.000142117288537607	0.0108708171480169	0.461478053494595
AT4G03100.1	-4.88055188746026	3.65754962269151	4.60129991022097e-06	0.000585017975747486	0.370452358782059
AT4G03210.1	-5.31610956263221	8.49174569943189	1.5746170155902e-06	0.000224466427139097	0.391580852892958
AT4G03620.1	-6.73539628173244	2.08576370782175	1.68800149254354e-05	0.00187947479794034	0.634134096102491
AT4G04760.1	-4.43212063636225	2.94772234627875	2.6098534497178e-05	0.00262618247932299	0.375798219751211
AT4G05520.1	-3.38140336291889	3.9025890176248	9.97363385813018e-05	0.00818099563357222	0.287399978716517
AT4G08550.1	-9.3554282834111	0.200542889815028	0.0001795642918754	0.0131473201564957	0.869444480474128
AT4G10120.1.DE	2.99298987070083	8.5990573163102	0.000478767759919771	0.0296347794026655	0.293186039997635
AT4G10240.1	-9.37154544773321	0.215976039570597	0.000173314001757393	0.0128662267996025	0.866646759297537
AT4G11290.1	-5.41157070018414	2.57366932441077	0.000375186132539721	0.0246671470132241	0.687448552127056
AT4G11320.1.DE	-6.24170946333139	6.858132729514	1.48524588439645e-09	4.366854969795e-07	0.313568960792138
AT4G11521.1	6.09553760856429	1.81609825632641	3.05937117341973e-05	0.00302990459843364	0.579453830367348
AT4G12030.2	3.38930236152025	5.37656803881705	2.23406562773875e-05	0.00229718103372459	0.24657318841774
AT4G13210.2	-5.76349678878094	3.38506118465897	1.00018736887849e-07	1.84514958041045e-05	0.349506389678488
AT4G13770.1.DE	3.44981024820775	8.02432330263194	5.37465892312092e-05	0.00481595033125554	0.280277074256767
AT4G13790.1	-6.31495318622683	1.46726967437147	0.000145216679258413	0.0110183155387321	0.701262032992197
AT4G14400.1.DE	5.93440450588688	9.68178348715796	1.99119547997826e-08	4.07264405942946e-06	0.33896611562068
AT4G14815.1	-12.5456382476417	5.61908609504857	3.02132019508807e-21	5.68521821109722e-17	0.260049974843584
AT4G15200.1	-4.36154838751898	2.78988122972868	0.000136153447637651	0.0105867744801557	0.442375748885726
AT4G15210.1.DE	-4.06306904038082	7.88199166163957	8.70089206865711e-06	0.00102971500664101	0.302492050851739
AT4G16260.1.DE	7.67159997549368	3.13554560051837	2.54304678281084e-09	6.89549051715491e-07	0.391699121860735
AT4G16270.1	-8.83209260039848	5.35607572164285	5.45155761693216e-17	5.39905050935855e-14	0.249846169965602
AT4G17000.1	-5.51764572058422	3.07634499794965	3.98764948490077e-07	6.52483481368503e-05	0.359162395155204
AT4G17370.1	3.65915215570384	4.16729979714039	1.88776270656365e-05	0.00204149602582806	0.272563089529477
AT4G17690.1	-9.5073357819171	2.58393814177162	4.53656939759348e-09	1.16937844321256e-06	0.466457935861733
AT4G18220.1	2.81519669913801	4.10534491904242	0.000794773832647469	0.0455953024662421	0.282719618018594
AT4G18780.1	-3.21194216521365	4.69734970889825	7.06920091690404e-05	0.00601905672639744	0.255128480321999
AT4G18960.1	-7.99783549714522	5.53499132268141	1.33638326400189e-14	8.67128409611157e-12	0.264487893694056
AT4G19038.1	-5.93662571958107	0.858354136244871	0.000437857994007279	0.0277413261725083	0.737301194577202
AT4G19370.1.DE	4.08161224496572	2.69538858453746	0.000282512804308097	0.0197622432664144	0.438847796943715
AT4G20160.1.DE	-6.93753401030793	1.90682962469271	2.14066276796666e-05	0.00222546139805684	0.656485919783112
AT4G20420.1	-7.53816833477022	5.96630550487119	2.54347023518948e-13	1.25948630040948e-10	0.274472531574669
AT4G21680.1	-5.87547476466197	1.15305050222048	0.000516876125711687	0.0315781105763533	0.770950602043271
AT4G22690.1.DE	4.19331232996962	7.25744730868271	1.36166078054072e-05	0.00155287096408695	0.331525532982003
AT4G23310.1	7.58849915755494	3.92498066032519	7.58185448499356e-11	2.69184444988913e-08	0.330348662791465
AT4G24380.1	-3.36015805088477	6.06663421719697	3.50229715576148e-05	0.00339704771030741	0.255289600187685
AT4G26280.1	-8.70613661159121	-0.412026207499563	0.000683803036507618	0.0404626469747291	0.921689372413306
AT4G26660.1	-5.94828437571732	4.17091798652383	6.20153938645218e-09	1.47714388145406e-06	0.310203634851082
AT4G26760.1.DE	-3.74884949425898	5.43426775893853	3.01277821670203e-06	0.000402067004990653	0.240846010126866
AT4G27570.1	-7.48022724132255	4.39439130223765	2.19875850769156e-12	9.62186949749582e-10	0.286765852637894
AT4G28050.1	-2.69812439606403	4.50114467527044	0.000653622674965705	0.0389215755532584	0.255751552601369
AT4G28240.1	2.87652873651276	6.56300390185917	0.000407144957049449	0.0260586620979574	0.267371725890001
AT4G28430.1	-5.02866030905343	1.44741957220347	0.000719486104228789	0.0420452485194817	0.676731774166228
AT4G29110.1	4.29690361521947	4.54391614236618	7.28039677904798e-07	0.000114162688492788	0.264691138090883
AT4G29700.1.DE	-4.87047446239812	5.76508316551908	1.25604962635881e-07	2.27260440569171e-05	0.284353776956992
AT4G30030.1	-10.6219136797732	1.42854116908568	4.54119253895828e-06	0.000581303537452912	0.724935926606087
AT4G32170.1	-9.72604864257619	0.556604814614742	6.43934325928088e-05	0.00555821661054534	0.817958125319492
AT4G32280.1.DE	5.90930072238681	3.34404229339791	1.52809589412848e-07	2.73849337522054e-05	0.370490327587091
AT4G34420.1	-4.9068956290412	2.11241592447193	0.000165899884562731	0.0123878497135592	0.533852712916244
AT4G34510.1	-7.60380429760226	4.33090963299292	3.61084122736966e-12	1.54420907671397e-09	0.297384082902012
AT4G34950.1.DE	3.62526832298886	5.72374717457775	4.50276087123144e-05	0.0042364225656981	0.296990950122217
AT4G35620.1	-6.1294520052298	3.07275923434376	1.29240868941922e-05	0.00148288136029277	0.557530106556536
AT4G36500.1	5.09936977276519	5.06496645545803	5.51780331650108e-09	1.36616453956054e-06	0.250065014860005
AT4G38660.1.DE	-4.83664242551789	5.58220251975998	8.59671300125552e-07	0.000131515730524085	0.32293813485812
AT4G39860.1	-2.94633340090577	5.63965760062396	0.000282408324544513	0.0197622432664144	0.263760491065764
AT5G04885.1	-3.14816515908581	6.25330330315214	0.000113683538569041	0.00915568087368802	0.262704748888747
AT5G05810.1	-4.91978080091366	2.26459131905934	9.99962265888085e-05	0.00818099563357222	0.505526057613483
AT5G07530.1	-11.0911412930837	10.0563287766966	1.63720093294689e-18	4.1562795527703e-15	0.317368313730495
AT5G08020.1	-5.60144814773595	3.50990392062693	6.98925660360315e-06	0.000848495751677422	0.471190916105554
AT5G08030.1	-5.50376203855699	2.7283320862256	5.06173189078448e-06	0.00063169999342883	0.433828705223255
AT5G08640.1	-4.60616031191263	7.39903427644521	9.93052134541234e-07	0.000147135921383168	0.305125979131568
AT5G09980.1	-4.82832847701405	2.36222598476115	0.000144419937934442	0.0110022266077425	0.517352355695249
AT5G13350.1	-7.9490830547333	2.37480974554123	3.76560474139955e-07	6.21556003674696e-05	0.531688825106829
AT5G13490.1	-2.95573428470133	5.74009109094903	0.00033102521431582	0.0224552436222183	0.271565398925279
AT5G15720.1	-6.20669232414178	2.62445564234057	7.72253138246295e-07	0.00012009493638331	0.432436592940103
AT5G15960.1	-6.57961451553075	7.22214423604718	4.38497399591117e-11	1.58677030155886e-08	0.285067389935998
AT5G17090.1	-9.41318541807074	2.54408648419173	7.05748846370387e-09	1.63951556075945e-06	0.476079447154346
AT5G17160.1	-5.39868022786865	4.18252879263662	2.92739716911433e-08	5.79840342433941e-06	0.296609743585904
AT5G17340.1.DE	-12.8061862280182	3.59128949974548	1.20279733984553e-14	8.08322769424047e-12	0.326739299108116
AT5G18090.1	-6.37980306208957	1.53082804181669	0.000117683701481177	0.00942320940753746	0.693443647046597
AT5G19240.1	3.48868920534325	6.11059629319698	2.36837145843491e-05	0.00239600245878332	0.260622361259208
AT5G20330.1	-8.78737252673457	2.69470329158259	7.24226306269637e-09	1.66192273232631e-06	0.456453616772087
AT5G22420.1	-9.30198806323382	0.149960059951072	0.000206013149529869	0.0149098055180905	0.876432288019868
AT5G23010.1.DE	5.41769139731339	7.31884362304405	7.37787979138304e-09	1.67264534981271e-06	0.280226095511864
AT5G24100.1	-8.62939359226602	-0.485250343245571	0.000844426183171714	0.0481502045113398	0.936546687254004
AT5G24130.1	-8.94626490715486	-0.186462918792133	0.000480509931512662	0.0296450996107336	0.919365990224681
AT5G24280.1	-3.18551649432835	4.39575343372157	0.00034256355062926	0.0231040083591068	0.307316329179351
AT5G26730.1	-12.0654380066817	5.97078781005061	2.82216367406878e-19	1.32761634637381e-15	0.293310498638066
AT5G26920.1	6.01902472074739	4.50116863511401	1.25497126866293e-10	4.29359897498735e-08	0.258004703520928
AT5G27350.1	2.70312618838226	5.24048360604582	0.000465946794106796	0.0291286406136465	0.244090249215793
AT5G28640.1	-7.06599312577955	5.37112344940023	1.49211924444708e-13	8.02205937793163e-11	0.246672469060322
AT5G28680.1	-6.79375019426679	3.087544570767	5.17047623741998e-08	9.92784197546242e-06	0.406663224815738
AT5G35670.1	-2.87540445117386	4.58767956828218	0.000177581533941191	0.0130845798285016	0.236756588621383
AT5G39080.1	4.38386913126717	4.367241489561	5.81935305679378e-07	9.27989546353293e-05	0.267364346136748
AT5G39310.1	-11.7378841481162	2.52950647295068	5.06004935247596e-09	1.28668849548027e-06	0.515263855172547
AT5G39670.1.DE	4.22865717736294	3.00113452765556	3.9012076637383e-05	0.0037453583983961	0.363807924586501
AT5G40040.1	-11.5139857812783	2.30802574305867	1.01251559483867e-08	2.26815547000944e-06	0.518569323572722
AT5G40940.1	-7.35410353386485	1.39007179111682	5.90672158197527e-05	0.00521815868582294	0.751636825827558
AT5G41080.1	-6.12348690265808	3.54850555069106	3.96906790434738e-09	1.03730487161257e-06	0.310173986874837
AT5G42330.1	-4.66268683914175	1.85227994548581	0.000474805651968366	0.0294865278979826	0.5648008618586
AT5G42610.1	9.85895416819873	0.684886214426298	5.35184374887429e-05	0.00481595033125554	0.822682657410409
AT5G42700.1	-8.60585035808253	1.754820781273	2.31758335701074e-06	0.000313740762797634	0.63486912540373
AT5G43780.1	3.00234030631424	6.64246813412277	0.00071729654910279	0.0420452485194817	0.313191537843348
AT5G44040.1	-3.20792323246136	4.10349816484229	0.000158594208083259	0.0118895108107676	0.280243205835667
AT5G44330.1	-6.54132979909476	1.08691692152296	0.000193483868025591	0.0141115734288277	0.750416102711259
AT5G44540.1	-9.81211909359141	5.76744452952326	9.56023096931543e-18	1.19929910766406e-14	0.26830757125169
AT5G44568.1.DE	4.65617942287613	2.69957784746738	4.54080247709562e-05	0.0042509592145029	0.428524929594281
AT5G44630.1.DE	-10.2553983735562	5.69150520388964	1.9879107176985e-18	4.1562795527703e-15	0.268464477190997
AT5G45700.1	-6.09806411254852	3.24650638696562	1.73610724661285e-05	0.00192166647408906	0.569313092341848
AT5G45880.1	-8.36612976633096	6.32460921313626	1.43256731764836e-15	1.12319246734121e-12	0.264324344573181
AT5G46970.1.DE	-10.284659095131	1.09929625397412	1.66106295439205e-05	0.00187163003669432	0.779633732825651
AT5G47220.1.DE	3.71975425183787	4.31383021237306	4.98141162687226e-06	0.00062909545357621	0.247128302849906
AT5G47530.1	-7.10119985900929	2.44888178275269	1.66321784511645e-06	0.000235314061590648	0.552525237725314
AT5G48480.1	-4.0915599016967	7.01126709246171	7.20653504854562e-06	0.000863728471391611	0.300351058890958
AT5G49130.1	-6.79106000557433	2.13901533021753	1.96249366919051e-05	0.00211018533560902	0.65206452380413
AT5G49160.1	-2.75557182728531	4.93578572916051	0.000631482446264523	0.0377225561630461	0.2639972109688
AT5G49740.1	2.86495553770519	8.8159810652969	0.000772009922511303	0.0446981868058314	0.292908064471501
AT5G50030.1	-8.10042227033131	4.93488250469793	2.15744299296307e-15	1.5186184195145e-12	0.250372599280385
AT5G50080.1	-9.80928242251341	0.63627990489447	5.20403577071777e-05	0.00473064449746842	0.810765247513514
AT5G51030.1	-3.67591034335436	3.11143181196026	0.000256132087587704	0.0183256178408282	0.37027404054
AT5G51210.1	-6.80401405169704	0.736896030516126	0.000326895840504282	0.0222919526874874	0.808138286062278
AT5G51750.1	-4.55536060713971	8.16168998837924	3.41078428398808e-07	5.73042213141104e-05	0.27694325734445
AT5G53390.1	-13.1251370498448	3.90902362957732	2.91954878369323e-16	2.61605473632169e-13	0.300680360806013
AT5G53510.1	-7.4965906466725	2.90117748537127	1.04562914079745e-08	2.31477688733949e-06	0.405947726974819
AT5G58050.1	-7.69331128972365	4.2632147249068	4.70377893594393e-10	1.5260518661665e-07	0.37853127070908
AT5G58120.1	4.21940531334302	4.68362775141433	2.10403428167326e-07	3.73505783757036e-05	0.234807554489751
AT5G58770.1.DE	3.11849201664782	5.33769967798616	6.53982968289985e-05	0.00561917694717473	0.241120940072648
AT5G59220.1	-4.03975587460664	4.99897397926286	3.76396591747186e-06	0.000495290536147328	0.276102291109931
AT5G59810.1	-10.9614477606661	4.03366553538332	1.60277405396765e-13	8.37761093708593e-11	0.359411082209851
AT5G60615.1	-7.93363469131578	2.83845525143926	6.11594231105303e-09	1.47543187778314e-06	0.41888728412386
AT5G60670.1	-2.99788521356691	5.6817804030579	0.000148432406913461	0.0112124645268524	0.249405716059134
AT5G60900.1	4.44847211733166	5.90855219269331	4.00290865020283e-06	0.000520020994608496	0.323303791522532
AT5G61160.1.DE	7.32286417773886	0.545359827123877	0.000274325449142238	0.0193332658296236	0.841775406309164
AT5G62360.1	-4.07947681699286	3.8557047086477	3.36179588163396e-05	0.00327766389143555	0.34258535970525
AT5G64770.1.DE	5.10794803179075	5.87682875954298	5.88073658576751e-09	1.43711454979724e-06	0.252784252312853
AT5G65690.1	-8.87412352470398	4.81532948930903	1.25119097256411e-16	1.17718302653695e-13	0.25431157983931
AT5G66170.2.DE	-2.94823129684467	3.96916304999953	0.000557392815936387	0.0336168609534455	0.289010614253306
AT5G66310.1	-2.85466919566289	5.28730114583607	0.000472535159858444	0.0294426957054846	0.26883005449844
AT5G66490.1	3.10572790449865	3.78170340197097	0.000357782916610657	0.0237894033281369	0.294985615715803
AT5G66870.1	-5.92170794837695	1.88730826632713	0.000314317544868556	0.0217445339771751	0.730982908240988
AT5G66940.1	-10.0245724162041	0.845728358267828	2.77286975751445e-05	0.00277537713974199	0.784968540801589
AT5G67260.1.DE	-2.7663978727823	5.96901760904528	0.00046490741665776	0.0291286406136465	0.254812922893096
AT5G67340.1	3.15700921348955	3.56334377057133	0.000784472045185912	0.0452681573191312	0.341283228189525
