logFC	AveExpr	t	pvalue	padj	dispersion
AT1G01100.1	-2.72801791808006	7.12791577778434	-10.9287966165122	0.000304528784442582	0.0341400135388209	0.249617411120847
AT1G02813.1	-9.92059617818371	0.924221269538549	-20.4749615198491	2.27331560847117e-05	0.0285787364663052	0.484523312464658
AT1G04670.1	-10.2985894972377	-1.0855440930978	-16.0697594029886	6.22441294352797e-05	0.0285787364663052	0.640867684386261
AT1G04760.1	-5.14209250146812	0.781760372100464	-13.2265510163485	0.000139205512672767	0.0285787364663052	0.388770473505323
AT1G05620.1	-2.30320302600077	3.70480288344819	-9.74868821456252	0.000484754491057323	0.0397863708639187	0.236257737995996
AT1G06160.1	7.2158086967039	0.167492623611169	14.5246252154568	9.4594090827638e-05	0.0285787364663052	0.49679827118878
AT1G06420.1	-7.37325499195325	0.990382173004209	-17.5990422772431	4.26801536998934e-05	0.0285787364663052	0.418957740756577
AT1G06460.1	3.00001716562949	6.14365765881071	13.9436866620804	0.000111967433633404	0.0285787364663052	0.215152365248423
AT1G06520.1	-5.54308153274451	2.33166121540243	-13.2049615849801	0.000140145505779706	0.0285787364663052	0.419772635995355
AT1G06550.1	-2.41951791584186	5.66316155612437	-9.93154250929207	0.000449563260694399	0.0386722199760296	0.243619549891482
AT1G06660.1	-5.76316764730797	0.699659378266215	-14.0521853951327	0.000108441206731655	0.0285787364663052	0.410126075429107
AT1G06690.1	2.04956104160534	5.63134036554491	8.7559544002395	0.000747818479047256	0.0486331879130279	0.234076258043244
AT1G07410.1	-3.9403594342094	1.52402484534564	-10.3605372809951	0.000378576941177755	0.0365784861428572	0.380323850717416
AT1G07795.1	-7.72032265943128	-1.55265153304716	-9.7837656995649	0.000477748058263551	0.0397863708639187	0.789095211036648
AT1G07900.1	6.63593040935381	-1.69478408576325	11.1102431921886	0.000284721104992018	0.0339043836627844	0.597280392027727
AT1G08065.1	-9.80825646436327	-1.33118290288796	-15.1667760850567	7.90945856373641e-05	0.0285787364663052	0.646693562913942
AT1G08695.1	-6.30243261290437	-3.0857218693202	-9.31102846542065	0.000583764680854149	0.0439154396557512	0.676878245653568
AT1G08930.1.DE	4.70952097336564	4.73714601693646	11.0250956842641	0.000293812257771993	0.0341400135388209	0.427163727938204
AT1G09380.1.DE	-9.42475643515089	-0.701946494604096	-15.0872569250701	8.0834325833133e-05	0.0285787364663052	0.624683233138956
AT1G09580.1	-3.03645474274277	3.13453178112868	-12.0515742676326	0.000204071823773608	0.0301516867802403	0.251955028887628
AT1G10120.1	-2.04941025823978	4.41694154715313	-10.2679882234713	0.000392652336760795	0.0366417243986127	0.199592190177535
AT1G10540.1	-5.09589958017845	1.06358926570471	-12.8221103254544	0.000158192299086349	0.0288461556474926	0.39743064525518
AT1G10750.1	-3.4445979178406	0.85232856691226	-9.05064466237605	0.000654543175717245	0.0458748563289323	0.380591443630524
AT1G11000.1	-3.32110983774063	3.35929935779587	-9.79391065942166	0.000475744935820497	0.0397863708639187	0.339099462230212
AT1G11080.2	-3.64874294090391	1.82532931284161	-10.882578307727	0.000309842890264415	0.0341400135388209	0.335282948372004
AT1G11765.1	-7.70668016854046	0.033666481450029	-13.3510248258909	0.000133935056441023	0.0285787364663052	0.577235101353067
AT1G12000.1.DE	-2.72030535749834	5.66932430776911	-9.33273123011147	0.000578300213916177	0.0438944360139329	0.291480091992947
AT1G12890.1	-6.11440652953497	-1.94421954434202	-9.24661939854647	0.000600359694426643	0.0444543513951946	0.661258592572344
AT1G14040.1	-4.3435026113146	2.21481729795681	-12.5799861557824	0.000171095106247279	0.0288461556474926	0.345270857815541
AT1G15125.1.DE	8.17685553294552	3.97566880646721	18.784093709509	3.25494309795749e-05	0.0285787364663052	0.435307428689315
AT1G16630.1.DE	-5.96820698508239	1.75906007025361	-12.5801916131642	0.000171083618525735	0.0288461556474926	0.474413043028464
AT1G17380.1	-2.35368875476989	3.57877936157192	-10.4799260755696	0.000361324375318238	0.0361975290553187	0.224590205865738
AT1G17920.1	-3.57690179278317	3.20967318808566	-13.5865910736332	0.000124617550976719	0.0285787364663052	0.263267053037659
AT1G18140.1	-8.04578573219697	-0.974131358539291	-10.3887070197865	0.000374416430150012	0.0365784861428572	0.774474216750253
AT1G18840.1	-2.34016084621888	5.17985710372967	-12.0461741086312	0.000204447461398271	0.0301516867802403	0.194265899290143
AT1G19570.1	-2.04068374940052	8.7861889930583	-8.9815386945292	0.000675071162079362	0.0462658494476405	0.22720870207279
AT1G20080.1	-6.36728181805773	0.368808201617945	-11.8350805583082	0.000219822648819347	0.0306453094398455	0.538000716318566
AT1G20132.1	-9.31314124888215	-0.752355891441828	-13.9457549914504	0.000111898901174166	0.0285787364663052	0.667811907967096
AT1G20430.1	-2.14891890822441	4.3471162133654	-9.11155815893852	0.000637081064080107	0.045563837047556	0.235845381299169
AT1G20680.1	-7.23107610977191	-1.80657445113702	-12.2345563275687	0.000191831503593782	0.0297000945535623	0.591037052441189
AT1G21250.1.DE	2.60790983034756	7.32762385192341	10.3223754263901	0.000384304354544432	0.0366176688048824	0.252646287566737
AT1G21810.1	-4.49724108075354	1.4199642460747	-10.2300607261096	0.000398606148959712	0.0366946586250108	0.439610399308331
AT1G22350.1.DE	4.39373783529701	2.28324862750224	11.4439160241881	0.000252269144868339	0.0318579108640467	0.383936567343757
AT1G23070.1	-4.756312673243	-0.415805210741744	-10.1707716981401	0.000408137451381478	0.0373199242036708	0.467645210649333
AT1G23380.2	-4.64109531194386	1.88516073663283	-12.659639708598	0.000166711821711847	0.0288461556474926	0.366605639557956
AT1G23510.1	-8.79942399936802	-1.00855921449368	-13.1246039047188	0.000143713758578851	0.0285787364663052	0.670452538091781
AT1G23750.1	-2.55206363654221	2.95108307923362	-9.14117967651233	0.000628796305410024	0.045563837047556	0.279183182789806
AT1G23800.1	-3.62834454074417	4.07071757058494	-15.3518884750908	7.52203155914644e-05	0.0285787364663052	0.236345160182172
AT1G26680.1	-5.91936930276359	-2.477987488177	-10.0212251823757	0.000433453157476374	0.0383479385976419	0.590683194423572
AT1G28375.1	-11.0552303037171	0.117320586384755	-15.6809747111689	6.8894132945771e-05	0.0285787364663052	0.705009127770798
AT1G29660.1	4.39269947837162	4.7834879770986	14.5962373605789	9.26902317342096e-05	0.0285787364663052	0.300947385949978
AT1G30260.1	3.29173318680371	3.02618933368713	12.8161200358778	0.000158496747063458	0.0288461556474926	0.256843192603436
AT1G30330.2	-1.7409245889873	6.81858319145945	-8.91792555620484	0.000694670353137284	0.0465622875387684	0.195216317742864
AT1G30350.1	-11.0565883714355	0.107988386416361	-18.4583365656285	3.50067599707152e-05	0.0285787364663052	0.599002425387786
AT1G30795.1	-9.80679888477126	-1.33083803657813	-16.1766526369256	6.05563542170753e-05	0.0285787364663052	0.606231654031179
AT1G32930.1	-2.71301464326467	3.09555047316915	-10.7582687610067	0.00032471274480118	0.0346984218944602	0.252179481990446
AT1G33430.2	-7.62352657845627	4.18763869146295	-16.4673060142838	5.62446956360528e-05	0.0285787364663052	0.462949226293821
AT1G34095.1	-3.14993373315936	2.4122059076497	-10.6026223493154	0.0003445907117202	0.0357428299091059	0.297090062192279
AT1G35310.1	-7.75671486573504	3.35899732170265	-11.5447859370922	0.000243367220856655	0.0313405191718112	0.671880354300336
AT1G35490.1	-7.34599181647832	2.24658100739528	-19.8512522574915	2.58604701652919e-05	0.0285787364663052	0.37005180938679
AT1G44760.1	-3.28865852453035	5.04174084212083	-10.2445727133523	0.00039631504607614	0.0366946586250108	0.321014708621675
AT1G47880.1	6.2332992791368	-3.08498542442887	8.89138693941795	0.000703053071085607	0.0466119054355516	0.701049152579659
AT1G48280.1	-2.49205068227541	3.27842087647117	-9.22576986859394	0.000605855383133458	0.0445049730080862	0.270118452743848
AT1G48470.1	-6.13698701533578	1.7601368508469	-12.5737949087627	0.000171441723406375	0.0288461556474926	0.488077550164183
AT1G48610.1	-2.15007689162543	4.19795943250616	-10.5457822891256	0.000352221439485656	0.0359463745488563	0.203880265368508
AT1G49290.1.DE	-5.9931615456509	-0.0978244192046798	-12.0424495915988	0.00020470703711492	0.0301516867802403	0.497669639392298
AT1G49620.1	-3.28093056516049	1.28013676202304	-9.51526523740889	0.000534741103043603	0.0423661152208879	0.344807053014312
AT1G49830.1	-6.35754222700083	-2.2348363120603	-9.65203745180898	0.000504723640690502	0.0409321859677842	0.658673597024771
AT1G49910.1	-4.96955717114011	-0.185737899465799	-9.02140147615578	0.000663135005836234	0.0460921132160926	0.550863098629964
AT1G51800.1.DE	3.69450226421081	2.48568140527618	10.8435334889116	0.000314421391182906	0.0341400135388209	0.340710181601666
AT1G51805.1	3.53194580263972	6.87886323375855	17.5277067757932	4.3406555916673e-05	0.0285787364663052	0.201506440506955
AT1G51915.1	-7.37298415164764	-2.5513376112384	-10.9560690692368	0.000301445649974832	0.0341400135388209	0.672958896576327
AT1G52343.1	-9.23082591270876	-1.62035595769215	-14.2731223715255	0.00010167456864362	0.0285787364663052	0.646727861811375
AT1G52800.1	6.04869781472858	0.131709186337329	12.9725775867092	0.000150776175440497	0.0287307692627839	0.466268000657453
AT1G54930.1	-6.22474675243507	-2.29201404488096	-8.71755272540299	0.000761143484029449	0.0492646052169084	0.71404750260886
AT1G55020.1.DE	-2.35248003085217	4.93738638989155	-9.01191054933483	0.00066595322510097	0.0460921132160926	0.261041209627386
AT1G55450.2	3.46281530337807	4.52624011833651	14.2607805871159	0.000102038573165654	0.0285787364663052	0.242820880822373
AT1G56360.1	-8.65377127491939	0.414779329740036	-17.8486331550673	4.0253945187421e-05	0.0285787364663052	0.484842239724253
AT1G60240.1	-8.72319406837214	-1.87357293056402	-13.8824146190142	0.000114021328113764	0.0285787364663052	0.628362882666271
AT1G61110.1	-10.2277354618699	1.78816366390294	-19.4032119188051	2.84396326267818e-05	0.0285787364663052	0.5271155881134
AT1G61190.1	2.24083278449246	6.52011624008197	11.336160332833	0.000262226104960358	0.0324790869730218	0.197671232472102
AT1G62180.1.DE	3.11048932079227	7.81923501412305	9.66366363846445	0.000502268720639656	0.040854687667791	0.321874750318454
AT1G62360.1	-7.68269426192891	1.54549119238953	-16.2072875771489	6.00830991941995e-05	0.0285787364663052	0.474027145218361
AT1G62500.1	-11.5510620751859	1.12496678749588	-21.7310213852095	1.77357138799165e-05	0.0285787364663052	0.531547131192266
AT1G62950.1	-2.3195885785133	2.72919138219539	-9.37213911708672	0.000568537544747739	0.043639660723468	0.247498308500817
AT1G63360.1	2.25178198567421	5.34816823399135	10.1218206549869	0.000416218819330609	0.0375547900925158	0.222468077871424
AT1G63930.1	-6.43451522695988	0.441279625696068	-14.7383857758989	8.90492084147408e-05	0.0285787364663052	0.436582087400777
AT1G64450.1.DE	-3.0664530975375	2.8316861094431	-11.5129688056808	0.00024613274258753	0.0313405191718112	0.266347729182106
AT1G65450.1	-2.28497673654942	4.4098847741168	-8.91537834056829	0.000695469596252294	0.0465622875387684	0.256296104244048
AT1G65845.1	5.40677645325411	0.49124367533119	12.3257647064712	0.000186068433624165	0.0297000945535623	0.438656471384326
AT1G66120.1	-10.2680814749307	-1.10625111408487	-13.9594673154479	0.000111445860550871	0.0285787364663052	0.735563989864271
AT1G66360.1	-5.98724880491665	-0.822854848539361	-10.0255657261165	0.000432691609588695	0.0383479385976419	0.597198100185
AT1G66534.1	-6.13841560130871	-3.16958313671788	-8.80715498010936	0.000730494669253846	0.0479644560060194	0.696980536299418
AT1G68120.1	-5.33756876101768	-0.99184490051194	-9.45594204245039	0.000548441126632704	0.0426984921703273	0.5644671611835
AT1G68200.1	-3.541541914864	0.561289258198177	-9.07863868883545	0.00064644606851428	0.0458724190649625	0.390096140649286
AT1G69720.1.DE	3.21533926932846	3.39285073418861	12.7989127914289	0.000159375307604941	0.0288461556474926	0.251219718559352
AT1G69940.1.DE	-9.98694631851443	3.65901908646962	-25.176492170878	9.59330834071681e-06	0.0285787364663052	0.396677434280001
AT1G71160.1	-9.6765280195504	0.562980580220001	-17.056597653049	4.86075643966991e-05	0.0285787364663052	0.567318771092699
AT1G72100.1	-5.84407125537567	-3.31200707273484	-8.78796783384001	0.00073692837687981	0.0481548233611461	0.665008266515472
AT1G72300.1	2.344779111043	4.04688527288471	9.08658268491642	0.000644170752195892	0.0458303102521824	0.258048508702319
AT1G73010.1.DE	-2.63923550877757	3.06213550853484	-9.74925486302374	0.000484640307900231	0.0397863708639187	0.270711510352188
AT1G73500.1	2.25679757140583	4.2114695997282	10.5799966509547	0.000347603579063931	0.0357428299091059	0.213307966520214
AT1G75040.1	4.36582309248299	5.29508670597111	19.4675370984633	2.80504043001148e-05	0.0285787364663052	0.224261706573433
AT1G75160.1	-9.59746291023332	-1.43605919558587	-15.3902710897906	7.44465418359272e-05	0.0285787364663052	0.623605838665178
AT1G75380.1	2.34982329124578	8.64444472590668	9.9312249835519	0.000449621595062439	0.0386722199760296	0.236609612121119
AT1G75790.1	-9.50023063145606	1.50590192097849	-20.2778225321211	2.36684215797445e-05	0.0285787364663052	0.468503490274028
AT1G76130.1	2.43035909188424	3.43621287742201	9.18415266742566	0.000617011158907171	0.044954377190004	0.264625293142637
AT1G76540.1	-5.28870961433202	2.7920514948167	-10.5853573292631	0.000346886823340064	0.0357428299091059	0.499625043333347
AT1G76790.1	-3.555848178484	1.04771911822906	-8.69312379153549	0.00076977185082541	0.0493541486191567	0.409041475050238
AT1G77690.1	-2.14764242978543	3.19606100202703	-8.94744960360457	0.000685488326811885	0.0462658494476405	0.240028446644754
AT1G78160.1	-9.75683878013625	-0.533494443132152	-13.0394479485184	0.000147618162704782	0.0285787364663052	0.748255510406396
AT1G78940.2	-2.7674937434794	2.92121062264755	-10.2323096161876	0.000398250037188385	0.0366946586250108	0.270466184789912
AT1G79250.1	-9.05863391828915	-0.878347897488775	-13.1383249134533	0.000143096618312162	0.0285787364663052	0.689481648380711
AT1G79510.1	2.15558119513324	4.21908162791106	9.49441589910804	0.000539507577586264	0.0423661152208879	0.227036735912922
AT1G80180.1	2.70662581019302	4.85706252372477	10.5860301808436	0.000346796987454027	0.0357428299091059	0.255679018853633
AT2G01420.2.DE	2.27454271464607	5.32593529875924	9.3075496667483	0.000584646484715759	0.0439154396557512	0.244376102850355
AT2G03240.1	-2.30869504815401	5.30258042284663	-10.2741988568904	0.000391687849916934	0.0366417243986127	0.224708036150738
AT2G04115.1	-11.7139350059919	-0.377111138392675	-18.405987616734	3.54227520836308e-05	0.0285787364663052	0.636419802615864
AT2G05410.1	-6.27742571452299	-3.09860444448022	-9.2192883103572	0.000607576423318583	0.0445049730080862	0.68090133459334
AT2G06950.1	-4.47260071487876	5.31775579304852	-20.5160797233366	2.25438757400009e-05	0.0285787364663052	0.218004646852257
AT2G13820.1	-4.63634226433584	0.992661038983305	-12.8000061037326	0.000159319307366369	0.0288461556474926	0.362214066677972
AT2G16380.1	5.48414076002164	1.70793206479189	14.1094612969139	0.000106634980113247	0.0285787364663052	0.388685339901754
AT2G17170.1	-7.36035854555136	-2.55716459104543	-11.0359741224262	0.000292631059270002	0.0341400135388209	0.666942352700371
AT2G17695.1	1.9723162352764	5.24789363923326	9.72022366853726	0.000490533069597468	0.0401397465869712	0.202908523767869
AT2G17770.2	-4.62391051572864	-0.378477051697494	-9.9038813370651	0.000454680143298591	0.0388388063471577	0.466878626506129
AT2G19610.2	-6.84691313207446	-2.81157590261748	-10.5840002570477	0.000347068100194852	0.0357428299091059	0.646911655875593
AT2G19770.1	-10.61342952846	0.294312198847271	-11.6680657248272	0.000233006746908284	0.0306724678575065	0.909613450829033
AT2G19910.1	-5.51646791071462	2.2942548532671	-15.7366300132477	6.78901539215196e-05	0.0285787364663052	0.350549508126621
AT2G20530.1	-2.38851670971053	5.16282729955403	-10.703911525367	0.0003314903931315	0.0350107818699234	0.223144287399053
AT2G22620.1	-3.65346063753416	1.10175227527474	-9.264524775749	0.000595688852040467	0.0443495233039636	0.394349491848468
AT2G22960.1	-5.50510448823444	-0.44414194843864	-11.1414731497819	0.000281473720809414	0.0339043836627844	0.494109209278325
AT2G23170.1	-3.57822374897978	3.41769277244028	-13.777935711073	0.000117631897936399	0.0285787364663052	0.259706811239078
AT2G23660.1	-8.83648295827737	-1.81787706148266	-13.6111648877852	0.000123692292261043	0.0285787364663052	0.649208427869926
AT2G23945.1	-5.66212527077172	-0.855715385337333	-8.96701787412711	0.000679484597413307	0.0462658494476405	0.631439052564942
AT2G25890.1	-9.8337762098572	-1.3183848992313	-15.2218803676062	7.79160618520313e-05	0.0285787364663052	0.646029003800645
AT2G26490.1	-8.73970033905255	0.0953243197669487	-17.0989655801641	4.81093963644267e-05	0.0285787364663052	0.511124506221075
AT2G27180.1	-4.19815023169329	2.48008296951931	-9.3565219545111	0.000572382039046905	0.043688622358513	0.448687049750278
AT2G27650.1	-7.74217348169008	-2.36394350828818	-12.2490251519896	0.000190902748448916	0.0297000945535623	0.632064461099792
AT2G28056.1	4.58526732311667	0.250603311094006	9.43857954393848	0.000552532147897196	0.0427725809603713	0.485800570072152
AT2G28790.1	-6.87162499759645	4.04995995029823	-18.2451041955432	3.67400184231669e-05	0.0285787364663052	0.376628432698949
AT2G29090.1	2.95452472212739	3.45749752717367	10.922191158495	0.000305281358918783	0.0341400135388209	0.270506593343173
AT2G29320.1	2.28621860674379	5.63278607432238	8.94046794522238	0.000687646116418746	0.0462658494476405	0.255715765746411
AT2G29550.1.DE	-3.68960169852706	6.26601539257041	-10.9879490421908	0.000297890197004642	0.0341400135388209	0.335786203991297
AT2G31100.1	-6.71737789035117	-2.04592290829256	-9.61343672819829	0.00051298082282889	0.0412336709181841	0.698748853326059
AT2G31270.1	-4.501051983119	2.79974510273842	-12.6880919821623	0.000165179737383854	0.0288461556474926	0.354746165888998
AT2G31432.1	-8.47564802134172	-1.99652720950322	-13.8213139949413	0.00011611595780949	0.0285787364663052	0.613230263377552
AT2G31880.1.DE	3.49375161672512	6.11274045592792	14.8448394044963	8.64375678451024e-05	0.0285787364663052	0.235351257196282
AT2G32280.1	-4.27107628368888	0.647094628639883	-9.23021022276556	0.000604679796844395	0.0445049730080862	0.462727953167807
AT2G33190.1.DE	-7.01113912467761	-2.7300096108162	-10.7865198034448	0.000321257565313453	0.0344643598315995	0.649990845280652
AT2G33880.1	-8.69643707399024	0.819298159679295	-12.1436629227772	0.000197795088300175	0.0299428797838415	0.716129649619871
AT2G34190.1	-5.13355916997398	2.31556746295593	-14.8956630266908	8.52240660612504e-05	0.0285787364663052	0.344634485942346
AT2G34480.1	-2.06355348737219	7.90158063356194	-9.20341722630182	0.000611816074007405	0.0446953785539619	0.224216009839791
AT2G35080.2	-6.21885162733869	-3.12501505067892	-9.47464517322453	0.000544075778760311	0.0426020715386198	0.656367759809439
AT2G35120.1	-3.04720990280089	4.51537327006648	-14.7187737215675	8.95409243157526e-05	0.0285787364663052	0.207028789248644
AT2G36160.1.DE	-2.34552059064099	6.7316394625746	-9.39579897621475	0.000562773414899991	0.0434419625569684	0.249635033335496
AT2G36170.1	-2.44332332422282	5.83927074963285	-8.830189407739	0.000722861718894771	0.0475779202371101	0.276701122863959
AT2G36190.1	-9.77028702313343	1.21806051122126	-17.4192824482394	4.45401204884248e-05	0.0285787364663052	0.560889178539093
AT2G38810.1	-5.05520187807469	1.91376723433344	-10.7946814304409	0.000320267811496864	0.0344643598315995	0.468304869453496
AT2G39030.1.DE	3.9605329923795	1.51361554844011	8.94390175822341	0.000686583802918132	0.0462658494476405	0.442819375641958
AT2G39250.1	5.31528492408045	1.10051689083547	13.9034005542293	0.000113312667297474	0.0285787364663052	0.382301071119151
AT2G40000.1.DE	2.6494214172556	6.0784531651858	13.0114679430172	0.000148929523219764	0.0285787364663052	0.203622022423493
AT2G41090.1	3.43890594366337	8.26701876921163	13.0326024335226	0.000147937676791007	0.0285787364663052	0.263869473591689
AT2G41100.1	3.23994530532389	5.69257338273765	14.3794203297024	9.86048533860316e-05	0.0285787364663052	0.225318213880388
AT2G41840.1	-2.21243750957096	7.94961804551502	-10.0028756176295	0.000436690856619437	0.0383955289722679	0.221180148003806
AT2G42005.1	-6.38979337941163	1.24304401457054	-15.9729118018126	6.38237060850386e-05	0.0285787364663052	0.400039357801157
AT2G42260.1	-4.70133270095815	0.0614878538418647	-9.54352854559184	0.000528362012380181	0.0422209280801981	0.492619965298862
AT2G42410.1	-8.85753113145621	-1.80595522300455	-14.3235710858229	0.00010020320783679	0.0285787364663052	0.618388464607347
AT2G42690.1.DE	2.04326300589204	7.00929000987104	10.3778541949212	0.000376012636979726	0.0365784861428572	0.196886848428839
AT2G43470.1	-7.05247888862333	-2.70943608040779	-10.843076093438	0.000314475518303205	0.0341400135388209	0.650413114124629
AT2G45403.1	-3.17447804926729	2.00661534791923	-9.76347796232058	0.000481785065350546	0.0397863708639187	0.325138036007077
AT2G46300.1	-5.7745321075578	-0.599521132941616	-9.34855500437744	0.00057435557356373	0.0437168017431231	0.617692478126715
AT2G46455.1	-4.58615199412552	-0.482201451831061	-9.92975644591164	0.000449891509134331	0.0386722199760296	0.461859464439711
AT2G46780.1	-2.79171078209738	3.24428600567773	-11.7544016520356	0.000226073364481703	0.0306481249192136	0.237503436137383
AT2G46880.1	-8.55627103819922	-1.95696916499097	-13.6385269988148	0.000122671997081488	0.0285787364663052	0.627360347561196
AT2G47030.1	-7.68842670961617	3.81403660611679	-22.3686492294794	1.57197742319597e-05	0.0285787364663052	0.34371439378126
AT2G47050.1	-7.20876921510804	3.76253660106261	-23.8948487088958	1.19336194053444e-05	0.0285787364663052	0.301687167093228
AT2G47880.1	2.59796166741085	4.59417944725779	11.2395998754419	0.000271562709300384	0.0333324876834512	0.231143607975521
AT3G01240.1	-8.49336231983294	3.08348192511263	-22.1394154435064	1.64102042897763e-05	0.0285787364663052	0.383630829888243
AT3G01420.1	-6.64642366056457	-2.11077284764665	-10.8549923300472	0.000313069113084044	0.0341400135388209	0.612291879946051
AT3G01530.1	-8.66990352387931	-1.89908105983549	-14.31829709386	0.000100355791117902	0.0285787364663052	0.605512196530492
AT3G02790.1	-3.32914663300302	4.3458378049815	-12.5102062436963	0.000175052323980341	0.0290853705862214	0.266114448327384
AT3G03670.1	-6.25441690795531	-1.91260455865542	-10.1049608165144	0.000419047709249687	0.0376344807343318	0.618945191527492
AT3G03760.1	-10.0684361999211	-0.379350232137143	-13.2191067299265	0.000139528752442191	0.0285787364663052	0.76165783404467
AT3G04720.1	5.96896376043451	2.26327961947558	11.147680015495	0.000280833754799316	0.0339043836627844	0.535444482810577
AT3G05610.1	-6.89490877694644	2.48851857756626	-12.366755904376	0.000183547951965692	0.0297000945535623	0.557535770113055
AT3G05960.1	-9.63383366517979	0.540851628533995	-16.7692885418405	5.21593598297405e-05	0.0285787364663052	0.574492688890334
AT3G06260.1	-6.12683461406031	1.01241760961461	-14.6266222464108	9.18967302610015e-05	0.0285787364663052	0.418882398878098
AT3G06840.1	-4.91167699479302	1.45463581124069	-10.3517040142683	0.000379893265016279	0.0365784861428572	0.47448004579951
AT3G08040.1	-7.577139199428	0.263634160648958	-11.857710374246	0.000218107736076267	0.0306453094398455	0.639005251459416
AT3G08770.2.DE	-8.86647475760722	5.58046557618042	-30.5760796486481	4.25557032304734e-06	0.0285787364663052	0.289980758144684
AT3G08990.1	-2.83095238713152	2.55011807486504	-10.0899177558078	0.000421591750152685	0.0376344807343318	0.280572394705795
AT3G09680.1	-3.31153023267145	0.85302240190059	-9.50431644488287	0.000537237681461094	0.0423661152208879	0.348423818995882
AT3G09800.1	-2.32496768990308	3.42592966282689	-10.3816436810274	0.000375454339128001	0.0365784861428572	0.22394986394611
AT3G09940.1	5.44364846090151	-0.0495790849175204	12.1906358127939	0.000194685076971839	0.0298032228225036	0.446543440760365
AT3G10130.1	2.39166281876583	4.8618021544424	9.77341717330371	0.000479802068138276	0.0397863708639187	0.244711013185716
AT3G11120.1	-2.29478420188547	5.33932782673062	-11.7925927357716	0.000223087532154319	0.0306453094398455	0.194595391641439
AT3G12160.1	-6.23713522980455	-0.908974247731485	-12.3380274317559	0.000185309971305431	0.0297000945535623	0.505521264586533
AT3G12170.1	-5.79725927816807	0.238229949334762	-9.06647214629102	0.000649949969347096	0.0458748563289323	0.639417315205634
AT3G12850.1	-7.22610504168899	-2.62407434798503	-10.858984114526	0.000312599717496254	0.0341400135388209	0.665449453234092
AT3G13227.1	-6.62378818259336	0.241140530438985	-14.1289466230698	0.000106028974134847	0.0285787364663052	0.46880976758579
AT3G13450.1.DE	-2.77933394816854	4.39882474358556	-11.9322433765125	0.000212574870724393	0.0306194050028729	0.23292635428803
AT3G13560.1	-2.3040879264825	4.86446843352175	-10.3009005969165	0.000387574225520334	0.0366176688048824	0.223678299271446
AT3G14520.1	-7.0415692052314	-1.88880711176	-9.05380920005807	0.000653621632786111	0.0458748563289323	0.777746587059316
AT3G14600.1.DE	-2.23458560932745	6.3476067773849	-9.11460984315361	0.000636221378338825	0.045563837047556	0.245165250930181
AT3G15020.1	-2.0725373256274	5.10466088613567	-10.7108699767932	0.000330613109988921	0.0350107818699234	0.193498504800999
AT3G16660.1.DE	8.26694575733884	1.25131072965277	18.3423789927372	3.59364719792119e-05	0.0285787364663052	0.450701937879061
AT3G16980.1	-3.25228659130835	0.944876783025868	-8.84772810822481	0.000717115464180963	0.0473139934224384	0.367584373245494
AT3G17060.1.DE	-7.1661711812894	1.40452707152975	-13.0962302280764	0.000145000387872322	0.0285787364663052	0.547193433261902
AT3G17290.1	-6.03664542502109	-3.21813218579166	-8.89509891556471	0.000701873133630235	0.0466119054355516	0.678648487478663
AT3G18590.1	-8.1838071745751	-0.909962898566517	-12.1616225290118	0.00019659882855403	0.0299280529568087	0.672920669512021
AT3G18710.1	-2.25625012550182	3.7174079104719	-10.2870138662258	0.000389706923315201	0.0366176688048824	0.219329939168207
AT3G18845.1	-6.30407063902143	-2.27993293304511	-10.7270430001762	0.000328585117560834	0.0349750619859968	0.587680187253644
AT3G18850.1	-4.30521653108303	5.29808126194975	-16.2472673138333	5.94723321589524e-05	0.0285787364663052	0.264980962516538
AT3G19800.1.DE	1.88039930865331	5.87445008386388	9.84221255244272	0.000466348122372773	0.0395872896776813	0.191054531553133
AT3G20190.1	-6.51215302793045	0.55879088961057	-11.698339504903	0.000230546111288782	0.0306724678575065	0.556673280443015
AT3G21190.1	-1.91534211735053	5.72918752739135	-9.46624654858006	0.000546030732983307	0.0426326402380004	0.202333850858536
AT3G21420.1	-3.39782277856918	1.93121684793188	-11.343328993363	0.00026154883835338	0.0324790869730218	0.299543703665586
AT3G22060.1.DE	3.44234313549963	3.14634813146503	9.22431361636588	0.00060624153791862	0.0445049730080862	0.373181493893723
AT3G24340.1	-4.900115154847	0.664397341969792	-10.5059651956127	0.000357690928241945	0.0359657568400914	0.466412658295621
AT3G24495.1	-2.71292740035038	2.6941887954073	-9.49733649629573	0.000538836749448942	0.0423661152208879	0.28565139304146
AT3G24660.1	-2.89463499776246	3.23875459859437	-11.5269456982841	0.000244913139471513	0.0313405191718112	0.251118993142593
AT3G25010.1	4.96161358760439	3.88714755982976	16.1816626402816	6.04786446365401e-05	0.0285787364663052	0.306619517283302
AT3G25130.1	-4.43344476908522	2.39449597286135	-11.8254816910352	0.000220555077500793	0.0306453094398455	0.374906061750211
AT3G25760.1.DE	2.72732094578321	4.56495040495362	10.9623023108329	0.000300746388602316	0.0341400135388209	0.248790889764833
AT3G25980.1	-5.79200686389875	2.09222762622433	-15.7465115390066	6.77137916408536e-05	0.0285787364663052	0.367827937607072
AT3G26165.1	3.71503500698902	3.94679802331023	13.6226032257879	0.000123264504091451	0.0285787364663052	0.272711092396522
AT3G26450.1.DE	1.90670231862179	5.77171392627548	9.04366395196123	0.000656581671557987	0.0458748563289323	0.21083294655241
AT3G26830.1.DE	4.2690645073034	0.917713669781517	9.28209571309281	0.000591148573362802	0.0442533172405577	0.459924637631316
AT3G27060.1.DE	-3.58391043249741	4.77531713334949	-11.1563881272147	0.000279938912014404	0.0339043836627844	0.321242896144396
AT3G29035.1	4.15655337379051	0.906875457093846	9.01240543105878	0.000665805912816873	0.0460921132160926	0.46120354943932
AT3G43830.1	-5.98959384555798	-3.23931678905962	-9.06510553338603	0.000650345002041452	0.0458748563289323	0.660730735400576
AT3G44860.1.DE	4.33318542197536	5.00545588085418	19.548032546452	2.75725582058264e-05	0.0285787364663052	0.221668621211798
AT3G45280.1	-4.79521681426562	0.555965450275107	-11.7689784262086	0.00022492795654773	0.0306453094398455	0.407445458782307
AT3G45460.1	-5.81828341322381	-3.32488964789486	-8.73601899764578	0.000754699815003831	0.0489638458548557	0.666010847136635
AT3G47440.1	-6.37537454944571	0.216319589472838	-11.6000611299082	0.000238653143994275	0.0309669500985714	0.549598357978323
AT3G49270.3	-8.41895738561415	-2.02482154027773	-13.7372145437796	0.000119077255484462	0.0285787364663052	0.612857676407649
AT3G50740.1.DE	6.44259417276787	3.72726268263311	13.0825689981821	0.000145624933239395	0.0285787364663052	0.492456349640741
AT3G51030.1	-3.09399764806496	1.72948590489677	-9.30606438200305	0.000585023472238897	0.0439154396557512	0.332471120020234
AT3G51470.1	-4.29849601388892	1.93565180351995	-11.621395792856	0.000236863767934984	0.0308818220691884	0.369877774624226
AT3G51670.1.DE	-1.84801742647409	5.83617612664155	-9.74998423655166	0.000484493383302018	0.0397863708639187	0.189540555311471
AT3G51920.1	2.87721292319883	5.71212716679068	14.2525771378427	0.000102281412805163	0.0285787364663052	0.201873169699212
AT3G52080.1	-8.08417336546322	-2.19379186021252	-12.470725777038	0.000177341258180087	0.0292871026918133	0.648252035206194
AT3G52160.1	-8.99099451649984	1.90048448192114	-17.7477056576662	4.12139712462802e-05	0.0285787364663052	0.506600384856851
AT3G53075.1	-8.73686641581796	-1.86759708888574	-13.5162405953199	0.00012731401256269	0.0285787364663052	0.646397669100619
AT3G54820.1.DE	-3.24337420452355	4.57471451855423	-13.0930368356062	0.000145146082743255	0.0285787364663052	0.247717488711502
AT3G55090.1	-4.48839972926488	1.67774317946496	-12.639435960021	0.000167810388866764	0.0288461556474926	0.355110761545202
AT3G56130.1	-3.02735597556224	5.46291359680179	-11.8675574937375	0.00021736665884446	0.0306453094398455	0.255095117690373
AT3G57370.1	-7.59350685340235	-2.43828528363002	-11.9745572555485	0.000209510669750938	0.0306194050028729	0.63413675272911
AT3G57960.1	-6.07744654068831	-3.20014232849204	-8.69583889753811	0.000768806960109943	0.0493541486191567	0.698891344733733
AT3G58650.1	-5.44551371399202	1.48347160515079	-11.9196029503745	0.00021350093399926	0.0306194050028729	0.456853616405144
AT3G59530.1	-5.09864909871737	4.58840671812383	-16.64616839762	5.37792048840096e-05	0.0285787364663052	0.306295657771092
AT3G62410.1	2.4644898686064	8.3340310290923	11.4337336548832	0.000253189873691667	0.0318579108640467	0.215545502719827
AT3G63095.1	-9.66632226895235	1.72981672287906	-16.4624024939424	5.63142315774758e-05	0.0285787364663052	0.58717567332649
AT3G63170.1	-1.82419211140324	5.05749877085618	-9.12143729481686	0.000634303179612827	0.045563837047556	0.199989546871064
AT4G00955.1	2.46342514809181	2.90352509600533	9.68637355473728	0.000497515613365986	0.0405892303850592	0.254318619261491
AT4G01900.1	-1.99615172606775	5.00495395482812	-10.3004188027702	0.000387647977769008	0.0366176688048824	0.193793258729528
AT4G02410.1.DE	3.9506900716729	4.23244252873496	16.0778294884703	6.21146972943607e-05	0.0285787364663052	0.245722849250641
AT4G02700.1	-4.49138137935167	1.12996846315394	-11.1006200083938	0.000285731038130537	0.0339043836627844	0.404606353154641
AT4G03100.1	-5.05089245262383	1.95132874180983	-9.50230635993158	0.000537697582363445	0.0423661152208879	0.531543844336776
AT4G03210.1	-5.5646540630514	6.50423973569137	-17.4214973414025	4.4516600665859e-05	0.0285787364663052	0.319413076499854
AT4G03350.1	-6.30243261290437	-3.0857218693202	-9.31102846542065	0.000583764680854149	0.0439154396557512	0.676878245653568
AT4G03620.1	-7.03523630702076	-0.675234627424411	-8.70370803914113	0.000766018807139247	0.0493541486191567	0.808303343285741
AT4G04760.1	-4.41433280113611	1.66081907822469	-13.0158481828259	0.000148723285583093	0.0285787364663052	0.339150606178761
AT4G05120.1	-2.67995454069476	3.4266081121434	-10.514050518027	0.000356571875263101	0.0359657568400914	0.254892682520386
AT4G05520.1	-3.42081055555958	3.04996821378687	-9.94460716567444	0.000447171130089984	0.0386722199760296	0.34398649424455
AT4G08550.1	-7.37331799172286	-2.54783630142842	-11.6926542008391	0.000231005759285586	0.0306724678575065	0.630594034944924
AT4G08850.1.DE	2.6002849322918	6.57419455646872	13.3040722356424	0.000135893719989634	0.0285787364663052	0.195450301699767
AT4G08950.1	-2.54860458183924	4.52780933837721	-9.08816883237696	0.000643717626923309	0.0458303102521824	0.280431033890978
AT4G10120.1.DE	3.08783391165946	7.88408960016086	10.2911190742399	0.000389074953499516	0.0366176688048824	0.300048409641739
AT4G10240.1	-7.38889602566541	-2.54012106050223	-11.7055037077892	0.000229968499893681	0.0306724678575065	0.631232641509363
AT4G11320.1.DE	-6.26343229618815	4.61339995074333	-10.89110426507	0.000308854054390621	0.0341400135388209	0.575096165067142
AT4G11375.1	-5.98687226184803	-3.24082470350156	-9.0476079620024	0.00065542899169298	0.0458748563289323	0.661707744963237
AT4G11521.1	5.98281366083424	-0.21911911562395	11.8226932132183	0.00022076841191859	0.0306453094398455	0.506044904738389
AT4G12030.2	3.36617249140833	4.52060535842398	13.8319845173276	0.000115746754952758	0.0285787364663052	0.243361499370641
AT4G13210.2	-5.76661324528536	1.42542137931866	-15.0659872754027	8.13076533885076e-05	0.0285787364663052	0.382757076577393
AT4G13770.1.DE	3.46467879132865	7.15996827384004	13.3942532911168	0.000132162445187958	0.0285787364663052	0.258669051273389
AT4G13790.1	-6.19725047966506	-0.717991307799999	-10.3252001331731	0.000383876779447173	0.0366176688048824	0.600206330117935
AT4G14400.1.DE	6.09286709439615	7.53299828625803	21.4413720117857	1.87566570397771e-05	0.0285787364663052	0.284164049345679
AT4G14610.1	3.15633153959127	2.23899865843213	10.9219947976302	0.000305303765767596	0.0341400135388209	0.288988559148199
AT4G14690.1	-2.69008200581493	2.85674693939882	-11.2229178263394	0.000273216946918863	0.0333851506125206	0.239695420339039
AT4G14815.1	-12.0029398106244	0.583940597572952	-19.6729565271542	2.68507196306671e-05	0.0285787364663052	0.610123841531239
AT4G15210.1.DE	-4.15020467083948	6.70062398569603	-9.13371142192437	0.000630872544620489	0.045563837047556	0.454383161359512
AT4G16260.1.DE	7.4401816770395	0.288565069378917	12.5658334126744	0.000171888721212879	0.0288461556474926	0.59209615730979
AT4G16270.1	-8.80186593730724	1.9437766904402	-18.5700181729959	3.4139267433396e-05	0.0285787364663052	0.473982623781528
AT4G16960.1	2.85266643448806	2.23457620703881	9.59712038899182	0.000516520973249701	0.0413961176472974	0.297241914122506
AT4G17000.1	-5.48004481386962	1.28913649110712	-14.9079587371026	8.49336495911029e-05	0.0285787364663052	0.367591895745661
AT4G17370.1	3.63748407865512	3.1933365737805	13.9344502349114	0.000112274108015755	0.0285787364663052	0.261042525347843
AT4G17690.1	-8.94164018346243	-0.937477287143909	-13.4968669206689	0.000128069190741041	0.0285787364663052	0.662497469673451
AT4G18220.1	2.82061690837402	3.45783976719692	11.6795052012366	0.000232073167810479	0.0306724678575065	0.241501404363891
AT4G18960.1	-8.07673536836533	2.46893475906108	-15.4842735239108	7.25926006025636e-05	0.0285787364663052	0.52160893153258
AT4G19038.1	-5.71301133794438	-1.05915232562622	-10.9405299863322	0.000303197598636266	0.0341400135388209	0.52218780489442
AT4G19370.1.DE	4.05016284016915	1.49413420705562	11.6948840237771	0.000230825347129962	0.0306724678575065	0.346319196661951
AT4G20420.1	-7.54311859213712	3.14301886699319	-15.1692723453774	7.90407239147236e-05	0.0285787364663052	0.497263047323149
AT4G21480.1	-3.31246950308212	1.61949742099327	-10.0838307788199	0.000422626558945486	0.0376344807343318	0.32849316650966
AT4G22690.1.DE	4.26217882577087	5.93548889397982	18.5527061479878	3.42719855626772e-05	0.0285787364663052	0.229733538157351
AT4G23310.1	7.41732454854949	1.03882614984104	17.0059865410607	4.92110367138121e-05	0.0285787364663052	0.436159615359007
AT4G23810.1.DE	2.69023847609132	3.27488061834632	9.12690624291404	0.000632771778712508	0.045563837047556	0.294759078760119
AT4G24170.1	-4.90787248164012	-0.789156451455074	-9.99427705684337	0.000438218265271214	0.0383955289722679	0.491068283751405
AT4G24380.1	-3.3606187485514	5.24809779748837	-16.0583557214314	6.24275957698053e-05	0.0285787364663052	0.209275395740943
AT4G25160.1	-4.1908352734617	-0.358310515745565	-9.11368171352795	0.000636482689619657	0.045563837047556	0.459839986208978
AT4G26280.1	-6.72148545856495	-2.87463847512742	-10.291022577047	0.000389089794133706	0.0366176688048824	0.653140677541269
AT4G26580.1	-3.57416572342124	1.30009724184425	-10.5261567743816	0.000354904345225735	0.0359657568400914	0.339550873127788
AT4G26660.1	-6.01687630955742	2.03857748117337	-15.413782608449	7.39774122834338e-05	0.0285787364663052	0.39035689437188
AT4G26760.1.DE	-3.72267181887314	4.4420164960835	-13.9507104661388	0.000111734915836435	0.0285787364663052	0.266844604646395
AT4G27090.1	-2.29700418182665	8.11666137124785	-8.96994272983278	0.000678592778875307	0.0462658494476405	0.256077909414865
AT4G27570.1	-7.4810356039916	1.53849465148501	-18.6206637389597	3.37546359076575e-05	0.0285787364663052	0.401759878641659
AT4G28240.1	2.87222388744144	5.93136285611453	14.7081289832106	8.98092135432802e-05	0.0285787364663052	0.195281391040295
AT4G28280.2	-3.68635634418604	0.689621992770586	-9.78773507804117	0.000476963071999934	0.0397863708639187	0.376630171821508
AT4G28430.1	-4.95865129482567	-0.114031409898386	-10.9988607437688	0.000296685127897642	0.0341400135388209	0.450833173575265
AT4G29110.1	4.21937451869265	3.25410241388309	13.6036993632645	0.000123972487039296	0.0285787364663052	0.310163758108817
AT4G29700.1.DE	-4.95575584693445	4.18375370853028	-10.860687335661	0.000312399698714577	0.0341400135388209	0.456302229662965
AT4G30030.1	-8.6293412415128	-1.91936277292941	-14.2427065568775	0.000102574549034956	0.0285787364663052	0.605877907197762
AT4G31500.1	2.68865848867115	7.09065010027355	13.2441151138395	0.000138446510856592	0.0285787364663052	0.20300778614206
AT4G32170.1	-7.73646755519408	-2.36676128637193	-12.2484191965643	0.00019094153345074	0.0297000945535623	0.631629880643225
AT4G32280.1.DE	5.91533883320389	1.2709913506675	15.5075175841549	7.21429934794557e-05	0.0285787364663052	0.381449758228744
AT4G32840.1	-2.39157229471656	3.01889851527602	-9.82821348695124	0.000469047878670331	0.0396928125648691	0.243337438476668
AT4G34420.1	-4.85338614940087	0.570654779525731	-12.445184129957	0.000178841739312841	0.0293569792441905	0.389981064058202
AT4G34510.1	-7.78023485040451	1.33635436580796	-12.4129188363198	0.000180759648861581	0.0294941297714325	0.626785283380712
AT4G34950.1.DE	3.58567607296883	4.66825423305328	15.8109292529634	6.65778424808736e-05	0.0285787364663052	0.226784651022126
AT4G36220.1	2.18529281245676	5.89614362698607	11.4274374546024	0.000253761271401244	0.0318579108640467	0.191232095659086
AT4G36500.1	5.05745708233339	3.43714859044063	12.6331275834336	0.000168155230194287	0.0288461556474926	0.400332938057673
AT4G38480.1	-2.71766524632841	2.01364687422272	-9.36355280555497	0.000570647306595083	0.0436785630826107	0.290238684264817
AT4G38810.2	2.55803667434912	5.95032727838783	13.2328860738674	0.000138931163985625	0.0285787364663052	0.193309052920874
AT4G39860.1	-3.04847031290544	4.92874742058504	-8.96148572292156	0.000681175345246929	0.0462658494476405	0.340174654868679
AT5G01220.1.DE	1.99314401111846	5.73339061163649	10.2543823698988	0.000394775502955797	0.0366946586250108	0.194369971707825
AT5G01750.2	1.76663013304722	6.78795441840369	8.76091812619952	0.000746117079743623	0.0486331879130279	0.201648971899887
AT5G02450.1	-2.70253809798859	6.37680385780889	-11.0187588074883	0.000294503032034428	0.0341400135388209	0.245267016476662
AT5G03230.1	1.8569420674095	4.22778349971612	8.78827433766513	0.000736825056712813	0.0481548233611461	0.211297690088138
AT5G04490.1	2.10951924418079	5.17619800336923	10.4121014926905	0.000371003886994457	0.0365784861428572	0.20260263940586
AT5G04840.1	-2.90298386762318	1.89671775725591	-9.25227029182531	0.000598880745065894	0.0444543513951946	0.313759085722783
AT5G04885.1	-3.13398810605646	5.51241060360411	-12.2662426538118	0.000189804764919682	0.0297000945535623	0.255496992396653
AT5G05200.1	1.67627959642842	7.00866370636793	8.69748139300044	0.000768223972720183	0.0493541486191567	0.192731610530084
AT5G05810.1	-4.93187357210935	0.714567822028417	-11.5250697294475	0.00024507640058395	0.0313405191718112	0.427925703521603
AT5G05870.1	2.7253592753474	2.62025367463249	10.3941563329448	0.00037361810250183	0.0365784861428572	0.262201104933281
AT5G07090.1	-2.34814742668682	7.53994631402947	-10.5613256430498	0.00035011427810676	0.0358656540004929	0.222334535081028
AT5G07530.1	-10.966025311023	5.41452932226972	-27.422969924065	6.71068401137152e-06	0.0285787364663052	0.399884671185807
AT5G07700.1	6.55211987441248	-2.92912626229492	9.01021846427387	0.000666457213370783	0.0460921132160926	0.727187681452129
AT5G08020.1	-5.97191731977144	1.18446731219468	-9.44389572185142	0.000551275558081701	0.0427725809603713	0.632357397377179
AT5G08030.1	-5.53339887406048	0.863970776660478	-12.6052469610982	0.000169689800608546	0.0288461556474926	0.438975840071792
AT5G08640.1	-4.73089741900068	5.95789331704182	-14.0770853711847	0.000107651371004892	0.0285787364663052	0.336070805444191
AT5G09980.1	-4.85213403599283	0.787468895463403	-12.0592361891994	0.000203540315046242	0.0301516867802403	0.402358321859433
AT5G10200.1.DE	-2.47620984109508	4.07072000933243	-11.7789382176987	0.000224149449724142	0.0306453094398455	0.210223518905499
AT5G10480.3	-2.50119679265977	6.36867002483693	-9.6306186353017	0.000509285049695977	0.0410577169206085	0.259712993253773
AT5G11670.1.DE	2.41483493824887	7.76441290281129	10.6094928882753	0.000343682188631004	0.0357428299091059	0.227610778731709
AT5G13350.1	-7.96465530101222	-0.737873601712605	-10.3882423908075	0.000374484595628172	0.0365784861428572	0.766699023894559
AT5G13490.1	-3.05396881701802	5.01830154841579	-10.3571533031501	0.000379080553815884	0.0365784861428572	0.294865657350958
AT5G13770.1	2.04676061081359	6.01062626349443	9.85197567837156	0.000464476580611246	0.039551632328362	0.20775128539009
AT5G15720.1	-6.1299477170048	0.527172182842368	-14.0683720277342	0.000107926951441214	0.0285787364663052	0.435725448894889
AT5G15960.1	-6.61127228847538	4.88170625510613	-20.9056346490155	2.08438451909433e-05	0.0285787364663052	0.316243558230686
AT5G17090.1	-8.90441455278692	-0.958567197179612	-11.8853150789115	0.000216038078656056	0.0306453094398455	0.749194656907863
AT5G17160.1	-5.47160054438107	2.34500913521133	-12.6661665237007	0.000166358825785119	0.0288461556474926	0.431985520965849
AT5G17340.1.DE	-10.8092081429406	-0.829429196521793	-18.1927290914375	3.71818627657397e-05	0.0285787364663052	0.594149898490379
AT5G18090.1	-6.24556505224927	-0.713600442576746	-12.5612176142081	0.000172148532943805	0.0288461556474926	0.497210162586853
AT5G18470.1.DE	2.63074028578951	2.78881961608648	9.91203199490428	0.00045316499179522	0.0388311096271319	0.265408776640548
AT5G18620.2	-2.28123352824016	5.38438267880083	-11.7756066031684	0.000224409495256448	0.0306453094398455	0.193725351492836
AT5G19240.1	3.4773174574835	5.22947565885766	13.6256355003656	0.000123151404673974	0.0285787364663052	0.255204056896296
AT5G19540.1	1.72185971768383	6.6245877656475	8.95392423113683	0.000683494667415048	0.0462658494476405	0.192302243489636
AT5G20060.2	-2.03770209942564	4.87901804347788	-9.77275665807748	0.000479933537603237	0.0397863708639187	0.208508425075889
AT5G20230.1.DE	-2.66063939912287	4.99988358417771	-9.00173677533303	0.000668990556684745	0.0461501865293737	0.295569562355308
AT5G20330.1	-8.57148565566325	-0.714455832319924	-10.4559857226734	0.000364705112890629	0.0364023795646767	0.819768301431048
AT5G22420.1	-7.30602743328673	-2.5827089086943	-11.2897596496298	0.000266662483492771	0.0328791222293869	0.647137552970519
AT5G23010.1.DE	5.4419937789232	5.55420263223652	16.6508758022328	5.37161386805009e-05	0.0285787364663052	0.326829281748259
AT5G24100.1	-6.60558419429167	-2.93200303734851	-10.0925821376615	0.000421139775906466	0.0376344807343318	0.654498928439952
AT5G24120.1	2.5469099704984	6.29225996798346	12.287819477209	0.000188439747310727	0.0297000945535623	0.207271109021605
AT5G24130.1	-6.91484480130918	-2.78096726070374	-10.1266579375906	0.000415411517627825	0.0375547900925158	0.68283582243269
AT5G24280.1	-3.25897746300066	3.49298994268473	-11.6522267296402	0.000234307022320566	0.030695346400063	0.279687096605379
AT5G26730.1	-11.8732702307922	0.908599371411177	-20.145470635845	2.43230882715602e-05	0.0285787364663052	0.589376661653463
AT5G26920.1	5.9453466248968	2.43384785806426	13.4402292552446	0.00013030881097462	0.0285787364663052	0.442354554523452
AT5G27350.1	2.67939262275551	4.65735620919473	11.0102126184095	0.000295437809974023	0.0341400135388209	0.243355211712756
AT5G28640.1	-7.07194476875188	2.8118653490554	-20.0083282206166	2.50252266103452e-05	0.0285787364663052	0.353450057934623
AT5G28680.1	-6.56168132399114	0.599843849768556	-13.1689460085792	0.000141731092483297	0.0285787364663052	0.498269285918279
AT5G32540.1	5.74777914298008	-1.85297812091844	8.86202448029227	0.000712472935821633	0.047121784049038	0.648585338007385
AT5G35670.1	-2.86809362430371	3.95457674027965	-12.8526889064653	0.000156649372017186	0.0288461556474926	0.223151252253602
AT5G39080.1	4.46894262992579	3.04605195220859	11.0963940050826	0.000286175941958986	0.0339043836627844	0.402738279469783
AT5G39310.1	-9.56998102682989	-1.45079347329831	-14.4985448851372	9.52994233380087e-05	0.0285787364663052	0.660064930835944
AT5G39330.1	-5.63050616619197	-2.59652535300045	-8.6824055716639	0.000773595418991675	0.0494828675401506	0.648496101652729
AT5G39610.1	2.74955146230973	3.33266564112736	9.52341393946783	0.000532892259484365	0.0423661152208879	0.288714895707177
AT5G39670.1.DE	4.21415850193239	1.8098514405332	13.0122201338295	0.0001488940822707	0.0285787364663052	0.32386160536712
AT5G40040.1	-9.52189363957807	-1.47345835038967	-15.6041043659693	7.03111455398557e-05	0.0285787364663052	0.610217249017137
AT5G40450.1	2.71611829446739	7.46294806422377	13.4140241173341	0.000131361376413348	0.0285787364663052	0.202483480774238
AT5G40645.1	-6.11276124347012	-2.36691196473099	-10.1257451361093	0.000415563708987959	0.0375547900925158	0.603685078115532
AT5G41080.1	-6.07959301212674	1.46248307944399	-14.5770845528647	9.31947540195171e-05	0.0285787364663052	0.417065085276737
AT5G42330.1	-4.62054241386129	0.461245469218125	-10.819032374531	0.000317337014867118	0.0343139536433099	0.42707538473944
AT5G42610.1	7.73361516300531	-2.33216863037235	11.9456783432951	0.000211596017238811	0.0306194050028729	0.647398577188884
AT5G42700.1	-8.08535923080672	-1.37693882034447	-9.76338767997509	0.000481803123935286	0.0397863708639187	0.828130511235353
AT5G43080.1	-3.60357822900601	1.29817555033955	-10.424370167364	0.000369229556193225	0.0365784861428572	0.345687861343209
AT5G43780.1	2.90023838217253	5.85837754175986	12.207441679775	0.000193587039325312	0.0298025606473188	0.237579540271535
AT5G44040.1	-3.20079449626313	3.30883057808001	-13.5238141964959	0.000127020290360118	0.0285787364663052	0.236678384496917
AT5G44330.1	-6.26964271022813	-1.1621311740453	-8.98463075486714	0.000674135915809775	0.0462658494476405	0.697818628420734
AT5G44540.1	-9.69865642030636	1.86443830220066	-22.3752028696503	1.57005687688361e-05	0.0285787364663052	0.433455574763149
AT5G44568.1.DE	4.59910158608647	1.27135187447508	10.8983039102802	0.000308022067194197	0.0341400135388209	0.422001590701486
AT5G44630.1.DE	-10.1377823755703	1.57691424347402	-16.1601839352452	6.0812668597665e-05	0.0285787364663052	0.62733087792769
AT5G45880.1	-8.34415775149262	3.14644384803748	-23.4300228121773	1.29539473914597e-05	0.0285787364663052	0.356131012691797
AT5G46970.1.DE	-8.20711947035839	-2.13495102132138	-11.9653834636766	0.000210170354060016	0.0306194050028729	0.685905261229011
AT5G47220.1.DE	3.7134871186785	3.34531328841639	14.8993973032104	8.51357355340079e-05	0.0285787364663052	0.249237404916932
AT5G48100.1	-6.13160097191378	-3.16896355527246	-9.26976605949734	0.00059433005051573	0.0443495233039636	0.661462320899852
AT5G48480.1	-4.18755912905417	5.80771988588727	-8.9554408053974	0.000683028715126325	0.0462658494476405	0.46759944262379
AT5G49740.1	2.91381942968624	8.15193160933697	12.5745923842152	0.000171397028182155	0.0288461556474926	0.231722774039494
AT5G50030.1	-8.12921093446604	1.8269999465663	-16.4556427870561	5.64102639020992e-05	0.0285787364663052	0.494007498805237
AT5G50080.1	-7.79995010882532	-2.33422753729672	-12.5540316176699	0.000172553978881474	0.0288461556474926	0.62131037632937
AT5G50800.1	2.33346471803096	5.59318613477561	10.2214100016703	0.000399979647770702	0.0366971226333463	0.228291861656038
AT5G51210.1	-6.59639944642754	-1.6952259525998	-8.9009446726303	0.000700019849006648	0.0466119054355516	0.741089815636193
AT5G51750.1	-4.55677061701327	6.82084087382764	-21.5009943465562	1.85406830648779e-05	0.0285787364663052	0.211933017774274
AT5G51910.1	-3.06550128365513	1.91486738925851	-9.93015827518569	0.000449817633980171	0.0386722199760296	0.308706185611912
AT5G52950.1	-3.65914280658304	1.38868520008417	-8.89885808760591	0.000700680670371012	0.0466119054355516	0.41119239913258
AT5G53390.1	-11.1366924472079	-0.665711549531015	-18.6426820845907	3.35890866036393e-05	0.0285787364663052	0.597376085515777
AT5G53510.1	-7.29344882121724	0.164041176945948	-12.7204097409667	0.000163460503511824	0.0288461556474926	0.573365871834171
AT5G55400.1.DE	-2.2161328264231	4.29733605611239	-9.63646149911482	0.000508035729726227	0.0410577169206085	0.229973712511244
AT5G58120.1	4.21945138780515	3.49505624712817	16.3803564532853	5.74936160632223e-05	0.0285787364663052	0.257592159232829
AT5G58770.1.DE	3.13194835265499	4.60544159919977	11.1058202822844	0.000285184733462815	0.0339043836627844	0.282009637563735
AT5G59240.1	-4.16490601005287	0.417445739317833	-10.6871787631501	0.000333611723837852	0.0350987871152805	0.389710521584392
AT5G59640.1	-5.27807736414837	-0.682922229505757	-9.37583499249523	0.000567632373610619	0.043639660723468	0.562944779678092
AT5G59810.1	-10.1796276648425	-0.353326468050689	-10.9197000192066	0.000305565774364768	0.0341400135388209	0.932225944571518
AT5G60615.1	-7.81830614028244	-0.110445843632614	-12.3007427632325	0.00018762797145017	0.0297000945535623	0.635596263637973
AT5G60670.1	-2.97495184939693	4.98602190693297	-9.99655271220608	0.000437813389962987	0.0383955289722679	0.297597775457576
AT5G60900.1	4.53987828552757	4.44212945939355	16.0355478548565	6.27965440001107e-05	0.0285787364663052	0.283113388243397
AT5G62360.1	-4.09394804535492	2.57986954246912	-13.7707179803795	0.000117886499573997	0.0285787364663052	0.29729372507577
AT5G64770.1.DE	5.10764092695568	4.27315191171344	18.3254184211992	3.60750015746535e-05	0.0285787364663052	0.278718925241405
AT5G64840.1	2.34824817502892	8.69681513297655	10.1504937211981	0.000411461534749609	0.0374980446835856	0.231343246892994
AT5G65350.1.DE	-4.22064968998755	0.490115395715289	-10.5090245760036	0.000357266985697039	0.0359657568400914	0.401621450160561
AT5G65690.1	-8.82685798758952	1.32810396952513	-14.2226054505391	0.000103174722864547	0.0285787364663052	0.620621729139996
AT5G66170.2.DE	-2.99890679778402	3.27801550513398	-9.949651128008	0.000446251772880179	0.0386722199760296	0.301408236248825
AT5G66490.1	3.09169564454461	3.04772874721049	12.0734111450903	0.00020256148571391	0.0301516867802403	0.256074742041885
AT5G66940.1	-8.02438753515775	-2.22325098278598	-12.6218052973399	0.000168776345793607	0.0288461556474926	0.63575592762859
AT5G67260.1.DE	-2.7817770394357	5.37237252007021	-13.0257988753526	0.000148256077895584	0.0285787364663052	0.213559035116024
AT5G67340.1	3.16060065660328	2.72736051228711	11.4152412037919	0.000254872640036779	0.0318579108640467	0.276875503563902
