logFC	logCPM	pvalue	padj	dispersion
AT1G01100.1	-2.76626192838502	7.7499477673658	0.000811730069445859	0.0470502799512137	0.277986674929866
AT1G01280.1	-9.57415923710677	4.78763137399768	1.77227293169588e-17	3.02575324156806e-14	0.254629005145554
AT1G01470.1	3.00030992992288	5.65608353863906	0.00012200700681014	0.00970886266056961	0.243814652492478
AT1G02520.1	-5.79268052592549	3.6769725493679	6.55138764730429e-09	1.7802836602396e-06	0.295383643807613
AT1G03710.1	-7.54403487433306	3.53968012423637	4.62844828848589e-11	1.93160575239478e-08	0.316655885991283
AT1G04150.1	-6.92764403161988	0.895754930360994	0.000244595207476743	0.0177763619383228	0.801427642435798
AT1G04660.1	-12.6437277110713	3.45391455772158	3.77518252301709e-12	1.96938688284058e-09	0.404967159007377
AT1G05010.1	3.12886231116493	7.18162354923426	0.000220133211055678	0.0162759909591561	0.283150314316258
AT1G05490.1	-6.28875084830308	4.07465248192104	1.60113630635021e-10	6.26444579859521e-08	0.274199510353431
AT1G05577.1	-6.86337288898776	1.83690620654839	2.9619522529538e-05	0.00307323001715317	0.666053806975063
AT1G06170.1	-7.43341718276633	3.42973479587549	2.72707163141564e-10	9.85548216567471e-08	0.337555046122948
AT1G06260.1	-9.56181005964045	6.09123959299671	9.43604429298323e-18	1.77208911822225e-14	0.264876160324515
AT1G08150.1	-6.83218940073793	1.74690958997894	3.12082972686599e-05	0.00318528164513822	0.656256859739164
AT1G08930.1.DE	4.84802816240211	6.31797059804387	2.30409698247573e-07	4.04401320849479e-05	0.294719814730171
AT1G09380.1.DE	-9.97779635807137	3.11898053586937	3.60804270199184e-11	1.53997822598652e-08	0.391627025136156
AT1G09600.1	-5.26313089409819	2.46117870685742	4.28363403857123e-05	0.00408358615453643	0.503117976513342
AT1G11920.1	-9.70436490975113	0.559455148318468	6.07891074830406e-05	0.00541051866602608	0.808034756585921
AT1G12000.1.DE	-2.72362230570014	6.27969244938055	0.000739591774416154	0.0433883776854142	0.266409234617769
AT1G13260.1	4.43310940510016	5.98765980740734	1.72969017980663e-07	3.14962187684047e-05	0.251913583331106
AT1G13290.1	-8.85784456902852	-0.246946236956202	0.000479547184569464	0.0300435400228284	0.899185771227305
AT1G15125.1.DE	8.43113180942994	7.61912682143771	3.27960992098889e-10	1.14057545029947e-07	0.432648058779111
AT1G15460.1	-10.8057640085009	5.29016925741401	1.97961730311485e-18	7.78377080549232e-15	0.272734811833895
AT1G16410.1	6.75572010439843	7.54438013015109	2.82842262470434e-11	1.25067225813444e-08	0.290072709264605
AT1G16630.1.DE	-5.89182127019673	3.84451700941542	9.53111063797584e-09	2.45197613398885e-06	0.312285342556945
AT1G18120.1	-5.45172545713335	2.23817728956068	0.000146066586897122	0.0114265370220456	0.607238288550451
AT1G19640.1	-2.95224509488817	4.82544401045751	0.000166870869435522	0.0127173614528483	0.245954174836295
AT1G19850.1	-5.05214244271571	6.15630410606021	4.36646731589423e-08	9.11136179916597e-06	0.280624624826938
AT1G21120.1	6.13682440901641	0.702519254193757	0.00070344967624977	0.0416744003784564	0.816872654703737
AT1G22110.1	-6.71012193391611	2.36087173927569	1.38787338186835e-06	0.000197456531147634	0.490815867519825
AT1G22350.1.DE	4.31237417131936	3.61572294678569	8.07008108292935e-06	0.00100186059648774	0.323795272002017
AT1G23130.1	4.86116257795207	9.24330281375265	1.32793783623093e-07	2.49386725644169e-05	0.286134528350925
AT1G23420.1	-9.18465797232609	2.29537388643486	7.27690379040672e-08	1.46946508799826e-05	0.529843697753071
AT1G23510.1	-9.3241684236827	2.47437190950821	1.30564032703932e-08	3.14358017202544e-06	0.486864502221935
AT1G23580.1	-9.69856703222339	3.69288541244893	1.16802376598171e-13	9.13978596880691e-11	0.317158319327739
AT1G23660.1	-13.0497314079109	3.85831840962436	7.01259402253101e-16	9.40689398165231e-13	0.306342684352429
AT1G24070.1	-3.94617079747298	6.35840350593526	0.000109418626468876	0.0089732829916397	0.377516584858643
AT1G24400.1	-2.88831581334633	5.22069107602939	0.00024965192882207	0.0178268563622755	0.25045373418879
AT1G26770.2.DE	-3.31761492528355	4.61367596884807	0.000115179429528324	0.00935466562457953	0.28548466956758
AT1G28305.1	-10.1958967544947	3.33470462067294	3.40670739349638e-12	1.8279418528532e-09	0.363821919043876
AT1G28430.1	-9.82762397857639	5.83910772462726	4.26504303923404e-18	1.14425011824022e-14	0.264277472435917
AT1G29010.1	-9.23296922629056	0.107486965233274	0.000216372651527298	0.0160611794295757	0.869286281743432
AT1G30080.1	-7.16904695458478	1.67822364199688	1.37498861173651e-05	0.00160386870362805	0.628765593207824
AT1G31740.1	-6.61010445509839	0.590527904396501	0.000479928754358281	0.0300435400228284	0.818667254879495
AT1G32300.1	-9.40201133241115	0.269928022266391	0.000146634474031576	0.0114265370220456	0.852430285456183
AT1G32780.1	-5.96389383733949	4.2503756887958	2.87269501932115e-10	1.0179096691104e-07	0.265274491042074
AT1G33720.1.DE	3.2432954740848	3.56305550165185	0.000420796261566616	0.0272501854904174	0.324533344665961
AT1G35310.1	-7.33950156685943	6.45589400513468	3.72929411982549e-09	1.06115369045944e-06	0.407548490880244
AT1G36150.1	-9.14097242004776	2.29501890128941	1.08881675025449e-07	2.15241879681887e-05	0.545738880854627
AT1G44970.1	-9.29964055879504	6.76515727964579	9.98357309615497e-17	1.44224232881377e-13	0.279048165804585
AT1G48630.1	-3.01488932728783	6.40011356109697	0.00024644833250211	0.0177763619383228	0.269905593592907
AT1G49270.1	-8.17369629189197	1.29283717160941	8.42568825720751e-05	0.00709571414665278	0.846066003727429
AT1G49290.1.DE	-6.12883440332873	1.98767640475248	2.00685876649701e-05	0.00221205729751337	0.554258821674752
AT1G51800.1.DE	3.74704819625498	3.51436118072636	5.23102997009561e-05	0.00481562464894096	0.314057964229957
AT1G51805.1	3.52391509639183	7.83680266817923	5.89551346510156e-05	0.00532296840743304	0.293223280064812
AT1G54000.1	-4.36536049752958	2.5082173979302	0.000340905125109234	0.0230294901063	0.496793968206258
AT1G56010.2	4.43163661905816	3.24268593362209	9.54378373212922e-05	0.00793063090661003	0.435207633729703
AT1G57550.1	-9.99513701745665	0.841803068447804	2.93643377866265e-05	0.00307323001715317	0.785757197675961
AT1G61070.1	-12.0724620637986	5.20084550433503	3.60672936089942e-20	6.77343773976911e-16	0.260925132265724
AT1G61130.1	-6.85433823134057	0.0838138439484268	0.000737684161241418	0.0433883776854142	0.868221670644427
AT1G61680.1	-7.43918704734432	5.37095923450655	1.41141764570389e-14	1.26221063744377e-11	0.242905068730347
AT1G61860.1	-5.01645449502222	3.0129573257345	3.79706139802065e-06	0.000505736262800197	0.374002502656184
AT1G62180.1.DE	3.07935542958237	8.5655760024582	0.000243719396012811	0.0177763619383228	0.27960722585637
AT1G62305.1	-2.8816831406178	4.15655045896801	0.000337190617554924	0.0228883207601524	0.258823778204647
AT1G62870.1	-2.82672596104334	3.86046009096896	0.00068269268596147	0.0405726855770772	0.277618574346816
AT1G63480.1	-3.18205674627636	3.61731446961501	0.000538005355203708	0.0330187600350511	0.326386384287968
AT1G63710.1	-5.60971501121254	5.91040953308267	6.63577509141492e-09	1.7802836602396e-06	0.291423440250742
AT1G64360.1	5.45993472742715	6.42879220627581	8.84370598099545e-08	1.76685955662867e-05	0.329080161840319
AT1G64450.1.DE	-3.08647921866527	3.59072669998809	0.000488099344813642	0.030404014147683	0.306063734609323
AT1G65190.1	3.52791324365952	6.16115943559259	1.99221397381731e-05	0.00221205729751337	0.260816931403945
AT1G65560.1	-2.93935600403704	3.92686266094116	0.000488925041139524	0.030404014147683	0.282319713152796
AT1G65970.1	-6.04571162173972	4.40247526315594	4.91733138693166e-11	2.00755398796906e-08	0.248001085803838
AT1G66140.1	4.83541031921168	3.45230763913346	1.26661971011469e-06	0.000181581054625602	0.325113666210338
AT1G66920.2	6.05580307242729	4.15746748873592	2.7288875006128e-10	9.85548216567471e-08	0.269248351635994
AT1G67780.1	-5.6610642926768	1.86151108587937	6.70317692521187e-05	0.00588250760072331	0.570823684537172
AT1G69500.1	-6.71137870483467	5.6913282044468	1.4978194479741e-12	9.07388684933989e-10	0.252109052214573
AT1G69720.1.DE	3.19978527160978	4.19733919781153	0.000115563494403751	0.00935466562457953	0.268158521493665
AT1G69940.1.DE	-10.0024028225174	7.6779590648439	2.66398902161204e-18	8.3382856376457e-15	0.278900882538875
AT1G71690.1	-8.87574861253835	-0.230684338948349	0.000477544575002498	0.0300435400228284	0.904340400432727
AT1G73600.2	4.67357655446909	6.82736271513036	8.52032259066597e-07	0.000129041659881215	0.307624580548029
AT1G74130.1	-10.3315369625259	3.46876266366278	5.16651126659897e-13	3.34576143402513e-10	0.34297754138508
AT1G74830.1	-9.8121648768915	0.663936794737613	4.32115284155775e-05	0.00409854799820477	0.792824124642134
AT1G75910.1	-10.8186091582041	8.51133336853416	3.07234085574178e-19	1.92328537569436e-15	0.292424461478741
AT1G76250.1	-7.31645272371613	2.73252693844425	1.17287587949972e-07	2.27078443474276e-05	0.457224604221122
AT1G76360.1	4.82507299113089	4.6285625250623	4.02223813813431e-07	6.74443144947878e-05	0.301691503410526
AT1G76960.1	6.70394698263498	6.71539236270458	1.54825506107486e-11	7.45544360179127e-09	0.278680374424075
AT1G76965.1	-11.5064547102705	2.32485452063395	9.89218352858166e-09	2.51047576576708e-06	0.517210463407446
AT2G01830.2	-3.13998446454689	4.13562003985938	0.000243547855525226	0.0177763619383228	0.285717032016157
AT2G02930.1	6.31364473533695	0.976897751194822	0.000654314413932501	0.0395113334201041	0.868518919343768
AT2G06200.1	-5.91239367444331	2.13566460033067	2.08758273150428e-05	0.00226617362414164	0.540649796814551
AT2G16535.1	-11.3863041630151	2.20631177339433	3.20191331721195e-08	6.83317410195915e-06	0.549083113038751
AT2G16780.1	-3.78026144996487	4.32083870703069	4.62418404393608e-06	0.000607287946469368	0.251828893118215
AT2G18690.1	5.48364083907513	3.22125530611133	2.52800341067661e-07	4.39591704189878e-05	0.345374927374384
AT2G19090.1	-4.26898026582273	3.33263092539247	1.23474926700015e-05	0.00145840196441904	0.330339553304955
AT2G19670.1	-4.51754979310142	3.01513170543104	1.65505773060482e-05	0.00188375661701567	0.368272553337809
AT2G19800.1	-5.08552916127122	3.621115678486	2.09461268219358e-07	3.74636439729481e-05	0.307152558252875
AT2G20970.2	-9.88064117721645	0.730223016642029	3.66042380688074e-05	0.00365652973900108	0.787170217035928
AT2G21050.1.DE	-2.72312467851677	4.59306452753654	0.000796997296762255	0.0463393474711924	0.26828647192578
AT2G22055.1	-6.7791704566723	3.03999929966537	3.05681956150715e-08	6.59851395001199e-06	0.396148314306134
AT2G23530.1	-8.24766624690101	1.36915581375141	1.95448986632033e-05	0.00218484045770808	0.723412870537065
AT2G23800.1	-10.2744949973042	6.38929233403736	8.08169637890813e-18	1.68638064439883e-14	0.289835544924508
AT2G24490.1	-3.89158857803951	4.00193710486102	1.58780276906814e-05	0.00181822780506705	0.29551545091885
AT2G25735.1	10.6935646172869	1.52384007583776	3.25133653041004e-06	0.000442464493051453	0.710852499845374
AT2G26010.1.Hnull	-5.32146457801604	5.09476122979132	0.000562370005589084	0.0344016570194234	0.731903433056386
AT2G26490.1	-9.0138506543816	3.50383181313827	1.26588583397305e-12	7.92444532067132e-10	0.322882569867858
AT2G27670.1	-9.89460745550195	0.74401027094938	3.54770152054014e-05	0.00356287885324833	0.787232630890664
AT2G29460.1	4.21795940854727	2.96899036206769	0.000121267409304398	0.00969107211377276	0.414000706449446
AT2G29550.1.DE	-3.50357543977421	7.26696082954474	0.000103873026213185	0.00859354815983972	0.310406422356854
AT2G29780.1	-9.32871218028895	0.200009311675329	0.00017794268934464	0.0134748536527917	0.862806785565524
AT2G30240.1	-10.8230718400152	1.65047840331817	1.00529640143122e-06	0.000147495831397486	0.652477734862407
AT2G31220.1	-6.12639472134837	3.90937771887182	4.25108362991972e-10	1.40062018543671e-07	0.276257037695317
AT2G31780.1	-9.08409438240199	-0.0331736464375224	0.000290965919054004	0.0202382961475341	0.877492461228115
AT2G31865.2	3.40938028678668	3.84045214214295	6.96714925619531e-05	0.00600197536841046	0.279530272659134
AT2G31880.1.DE	3.41736278007362	7.04126508904145	9.05493299362091e-05	0.00755785073867558	0.293019822961346
AT2G32530.1	-3.81850895782495	3.11555076921255	0.000165511825276537	0.0126869880762995	0.370641639024572
AT2G33100.1.DE	-5.15534048757166	2.95026746478124	2.01417357760802e-05	0.00221205729751337	0.458432274339599
AT2G33160.1	-9.71675665995173	0.572295795125628	6.03134586798812e-05	0.00539374644765795	0.809691489948662
AT2G33190.1.DE	-8.99883784639162	-0.113180835088522	0.00036499787039055	0.0245686738563962	0.890675712177478
AT2G33400.1	-4.1994057946769	3.25504827553744	3.75084776852065e-05	0.0036923253487878	0.362018354607822
AT2G34430.1	4.42151865204675	7.64355715785303	0.000318153419606334	0.0218861583157764	0.516846894572106
AT2G34820.1	-8.75856373988008	-0.337888131625543	0.000600395230018695	0.0364900401933692	0.913434309428404
AT2G38790.1	5.43024895207283	3.83241560350661	2.74752617882027e-08	5.9998304230517e-06	0.295433475030144
AT2G38910.1	-10.3617372361151	1.19829623392159	9.3097408485956e-06	0.00114272505318056	0.742469426414622
AT2G39030.1.DE	4.02969817918408	2.71135747521623	0.000336249820856176	0.0228883207601524	0.438945607090789
AT2G41860.1	-5.404558798177	1.82617585557827	0.000124196552348432	0.00984139769242002	0.589535646403463
AT2G42835.1	-11.1409833009707	1.96364441301018	1.66685604598019e-07	3.06897613171648e-05	0.594737881322984
AT2G43550.1	-3.20072946296599	5.88482524137671	0.000397668183024654	0.0262042402708877	0.318513080540539
AT2G45750.1	-3.97662159663604	2.92163373756396	0.000157532508524953	0.0121747346094593	0.392883337339711
AT2G46430.1	3.74079743497658	5.87717569792181	5.43618452258517e-05	0.0049559002589393	0.319040658674429
AT2G47030.1	-7.73810968012965	6.72896173131171	9.60520705456057e-14	8.19935402202943e-11	0.277076214023574
AT3G01085.1	-6.9538251680429	3.11014649146772	4.27859118752744e-07	7.11079137183764e-05	0.483873246537625
AT3G01330.1	-4.91473325433689	2.2503161442388	0.000180425330188344	0.0136079827346872	0.538204026743475
AT3G02480.1	-7.60771581261033	5.32928374362682	1.43796899656776e-13	1.0802023102217e-10	0.271310088660282
AT3G02810.1	-7.62059241615431	4.23826618370703	1.99539410815923e-13	1.38790745745297e-10	0.263483983117271
AT3G05980.1	-7.54089063151611	2.41666006815257	2.20288334576102e-07	3.90284426730113e-05	0.486290035226235
AT3G08770.2.DE	-8.88073560698806	9.08138261129807	8.21597589557362e-16	1.02864018212582e-12	0.286535890479845
AT3G09530.1	-7.51529274144971	3.9585790756284	4.44420306158438e-12	2.25573333774472e-09	0.291707119376998
AT3G10470.1	-5.6541631693418	1.33141115796581	0.000389099016025902	0.0258207756924609	0.695683355706626
AT3G11000.2	-5.95987117888942	4.78038520384108	2.20867684931968e-11	1.03697378075559e-08	0.236863856535721
AT3G11050.1	-3.8464076552542	2.8073505850169	0.000252691070384265	0.017975523870517	0.393808772240674
AT3G11980.1	-9.92741861514234	6.60912496249359	3.12290502337254e-15	3.4498915493492e-12	0.330014844177679
AT3G12470.1	-6.8106747686518	0.828200650565979	0.000162916404537469	0.0125392216279249	0.743338629247348
AT3G13227.1	-6.74257095458846	2.60599543684514	2.75841419942068e-07	4.70936533319276e-05	0.442202245194332
AT3G13450.1.DE	-2.81119879248341	5.0460426223445	0.000287538684840436	0.0201491660496395	0.243526593875016
AT3G13960.1	-8.45844131024584	3.64361499976003	1.93697970974068e-12	1.10231754390697e-09	0.313274475765444
AT3G14210.1	3.36054626784127	10.0198305485215	8.12522097946778e-05	0.00687349774749571	0.281642230488799
AT3G15550.1	-4.90782322290231	4.13891985326773	6.35569254839903e-08	1.29739028324928e-05	0.2717546106136
AT3G15720.1.DE	-5.30081668823312	1.57775318717815	0.00068043293724842	0.040566763687382	0.719826584946533
AT3G16660.1.DE	8.36608137232184	4.41871336758272	1.60766475067446e-15	1.88699650110415e-12	0.251397270894863
AT3G16920.1	-3.26010786526143	4.16990340255822	0.00021561847593678	0.0160611794295757	0.30021825901011
AT3G17060.1.DE	-7.11755178670787	4.07256764992831	2.26928673301143e-11	1.03944402063304e-08	0.295439729474079
AT3G17680.2	-5.96815838812409	3.83270721884943	1.3093524192224e-09	4.09827307216611e-07	0.284251470085867
AT3G19090.1	-8.60537124492526	4.08309641632009	1.77538040455862e-13	1.28237092298504e-10	0.299322184216631
AT3G19310.1	-5.84256684077416	2.90703324570665	6.61462463377999e-07	0.000103518875518657	0.402452977996464
AT3G21985.1	-8.95786228665585	-0.151586156362685	0.000401840245675376	0.026386572775467	0.89721305571161
AT3G22050.1	-10.7587125237949	1.58769227711152	1.83629077451021e-06	0.000253570152538984	0.681195822847014
AT3G22060.1.DE	3.36386045616003	4.04445385261585	0.000111370684330095	0.00909365848573555	0.28923838604763
AT3G22360.1	-6.68998725827243	1.60899265494444	3.03013870332731e-05	0.00312670356310368	0.632626007215781
AT3G22880.1	-3.97183794748655	3.7955972835917	9.46238612449294e-06	0.00114647491237405	0.289251346067166
AT3G23670.1	-5.7100818522005	4.24035136823014	1.05578907650864e-08	2.60891037589899e-06	0.302789632285499
AT3G23770.1	-10.8157458824929	5.31998125078061	1.6130727239734e-19	1.51467528781103e-15	0.256101534417035
AT3G23830.1	-4.19241860714528	4.79562811502958	4.90043499067428e-07	7.93363526938473e-05	0.247495416592972
AT3G24360.1	-4.10516490748052	3.03576172215065	6.27367760592339e-05	0.00553143969198316	0.368588219262799
AT3G24620.1	-8.39686975248059	1.56706440170482	7.60678034022431e-06	0.000958760636170554	0.682147130895134
AT3G25110.1	-2.74028248918981	4.37560924480083	0.000397655223616657	0.0262042402708877	0.243031228074636
AT3G25260.1	-6.59345360576211	1.77728694643103	2.39156956237129e-05	0.00258124576904212	0.6084254206591
AT3G25760.1.DE	2.75032962071296	5.18393076878968	0.000369265387218271	0.0246790176938047	0.243141357549446
AT3G26050.1.DE	-5.10965169552071	2.78225547299425	2.90579945816163e-05	0.00306578167552109	0.465177478903293
AT3G26170.1	3.67656919521303	5.12771897341045	0.000537033231985488	0.0330187600350511	0.416307957184391
AT3G26210.1	4.59195643298521	5.09996269608161	1.1411770726497e-07	2.23242764837098e-05	0.257392477219972
AT3G26830.1.DE	4.39427392306792	2.27068394813388	0.000367156915586233	0.0246257388382481	0.508967211910888
AT3G27060.1.DE	-3.46471658422289	5.75979832009584	6.1574641458603e-05	0.00545458380468191	0.285912207152215
AT3G27415.1	-9.9852796819023	0.831037746082426	3.0515464219864e-05	0.00313158698387457	0.787537187299062
AT3G28750.1	-8.18598777167191	7.71561657088318	7.07808587699256e-15	6.64632263849601e-12	0.274595975274291
AT3G28890.1	3.35726937579931	4.59520541237228	0.000119062153729052	0.00959651178983517	0.292235032931043
AT3G29156.1	-8.95609017852758	-0.154573389262184	0.000403478588841152	0.0264018393673757	0.895167106115422
AT3G29410.1	-10.6727539146485	1.50296789493013	3.28308824696246e-06	0.000443571203438526	0.708669642437224
AT3G44750.1	-3.24710707526296	5.35351702829789	8.12377851378404e-05	0.00687349774749571	0.264833419108278
AT3G44860.1.DE	4.34200839229009	6.28065336299011	4.69724561354662e-07	7.67080631499179e-05	0.262473833348368
AT3G45810.1	-10.4488762762394	1.28341581973286	7.05180215007001e-06	0.000894816516069694	0.733727466026979
AT3G46900.1.DE	4.17664287517418	3.25476777287675	5.87164092498178e-05	0.00532296840743304	0.377718325583868
AT3G46940.1	-4.23961909357951	3.97175896107741	6.89337611645817e-05	0.00598405802940472	0.39679520220132
AT3G47870.1	-12.2896976843177	3.10193092046347	6.86064018282473e-12	3.39060059561706e-09	0.393232847788247
AT3G48490.1	-5.28086958368768	1.84123210313776	0.000167262421664192	0.0127173614528483	0.578944328158106
AT3G49540.1	-8.41394214703995	6.6730748483374	3.62587197315022e-15	3.78299309198673e-12	0.276206664237454
AT3G49900.2	-2.93577799199966	3.86591660076174	0.000438321615012375	0.0279989113263007	0.276977591159704
AT3G50580.1	-11.4815808068116	2.300130783679	1.93156744240344e-08	4.47837488497983e-06	0.539047832113987
AT3G50740.1.DE	6.62184152355375	6.19155341415773	2.28321943012742e-10	8.75078793832509e-08	0.308596452571818
AT3G50750.1	2.85989429312449	5.3583928616594	0.000191077166659576	0.0143537167594673	0.237803914632998
AT3G50890.1	-3.89077643705911	3.83371547861295	1.74195354985712e-05	0.00197071612447691	0.297384431816034
AT3G51240.1	-3.00566984507909	5.33016709237398	0.000435696087680995	0.0279989113263007	0.290316559571893
AT3G51470.1	-4.22222659448232	3.27551315377574	5.96553338148681e-05	0.00536041707676183	0.384687588568872
AT3G51490.2	-6.6369884374666	3.50325492321135	1.92268716940822e-09	5.73143889547403e-07	0.330018734395919
AT3G52630.1	-4.88904062665177	2.86277791382856	4.00492380668969e-05	0.0038769313963728	0.455143633671839
AT3G53075.1	-10.7617631084256	1.59069092399606	1.80456992648145e-06	0.000251035727550531	0.680511668779216
AT3G54180.1	-6.07637514604597	3.46246429684624	3.24215318225804e-08	6.84130750143887e-06	0.347037585689272
AT3G54820.1.DE	-3.21824756644268	5.37848641499921	4.97899984846891e-05	0.0046520207539426	0.24645532957982
AT3G55110.1	-3.45616970284585	6.19275253295104	2.75815915041632e-05	0.00292645360705189	0.260891210339846
AT3G55190.1	-8.82258052458916	1.98264112760017	6.11223190661954e-07	9.72777247511143e-05	0.588323331813248
AT3G56070.1	-2.85793366664315	5.45891753435735	0.000337596637410128	0.0228883207601524	0.256626575667463
AT3G56180.1	-6.91201983493137	1.82520058821181	8.10877586081661e-06	0.00100186059648774	0.580288487836945
AT3G57500.1	-6.38064316664289	0.371195051153347	0.000868034372400588	0.0498522492773182	0.848995505088899
AT3G59510.1	-6.54457724156485	5.04930847021035	1.86819202850821e-12	1.09639519673076e-09	0.243592860423848
AT4G02410.1.DE	3.90029362861806	5.52020018206102	3.99976688834773e-05	0.0038769313963728	0.329410644049718
AT4G04077.1	-10.3361413628836	4.8217461203317	6.12479219107756e-18	1.43779496685546e-14	0.263033253216934
AT4G04655.1	5.1877220642279	2.17239252467545	0.000249057621208144	0.0178268563622755	0.60924784594719
AT4G05230.1	-8.60572532132954	-0.482053847930438	0.000741622430086154	0.0433883776854142	0.910433569907912
AT4G05590.2	3.44240879487698	4.01919532222473	4.16081825254405e-05	0.00400718804014242	0.267831034108158
AT4G08300.1	4.13093977903751	4.59495003746326	1.00463662399152e-06	0.000147495831397486	0.255282242004622
AT4G09644.1	-10.0238067240092	0.869946459644949	3.2004289631111e-05	0.00324886788795819	0.798738990954633
AT4G10010.1	-7.83434214801689	2.30191164477416	5.64948250172855e-07	9.06814370790275e-05	0.538445002466403
AT4G10120.1.DE	2.99306275341246	8.62121577197353	0.000450142215100827	0.0286565111850628	0.290545916966923
AT4G10290.1	-6.83210373331292	2.27594060014591	1.4463825838487e-06	0.000202709439736408	0.501531348377337
AT4G10440.1	-6.46240419449209	3.64276703492055	8.49230337664604e-10	2.70314334599005e-07	0.306474874083435
AT4G11320.1.DE	-6.22311113812544	6.88042167229474	1.46526606386222e-09	4.51109781628401e-07	0.311970686351201
AT4G12030.2	3.40171519909377	5.40960171501259	2.52761013169913e-05	0.00271248675847484	0.251176355904496
AT4G12410.1	-6.72547613950548	1.61448633105692	3.98150505647599e-05	0.0038769313963728	0.652974801292192
AT4G12470.1	10.1132931354851	0.957211254607765	2.08351787062812e-05	0.00226617362414164	0.773431893273649
AT4G12620.1	-4.06012358118275	2.66651234897626	0.000671072788778073	0.0401361368574911	0.493190855676076
AT4G12930.1	-8.64407889809046	-0.444708860856838	0.000734108676303005	0.0433539652231775	0.91605903295151
AT4G13266.1	-8.99079795842855	-0.120854855887985	0.000376068600255838	0.0250445684851229	0.892531096181243
AT4G13770.1.DE	3.45419490894661	8.05027396277055	5.06747806261952e-05	0.0047112494067324	0.279011703216849
AT4G14330.1	-6.54569139462167	4.24366726112594	2.86362657613318e-11	1.25067225813444e-08	0.26869238295851
AT4G14400.1.DE	5.92351761018102	9.69332745889788	1.52163943253575e-08	3.61726437253436e-06	0.332745810190842
AT4G14730.1	-10.8451877516278	1.67228416246084	8.36366228530736e-07	0.000127698843673229	0.644529100002653
AT4G15210.1.DE	-4.04671606472932	7.90487594940218	9.40277383248153e-06	0.00114647491237405	0.302773325170322
AT4G16050.1	-8.87369845871526	-0.230638500829031	0.000469729023005144	0.0297020574142646	0.901776208523116
AT4G16260.1.DE	7.69074713272956	3.17641520053537	2.65429893334691e-09	7.78870843253985e-07	0.394131603990953
AT4G19370.1.DE	4.07094399937171	2.70749942410362	0.000293180339017312	0.0202423778189159	0.439149561350313
AT4G19520.1	5.69161836317207	6.12649263562318	3.59650501901214e-09	1.03911329626228e-06	0.287528444017969
AT4G19620.1	-10.9886290713302	1.81368336796739	3.47003114490082e-07	5.87091755867003e-05	0.613862085381671
AT4G20080.1	-8.6963804519608	-0.396942282430386	0.000633178643733117	0.038358370739703	0.905532332376006
AT4G20160.1.DE	-6.9578348284323	1.92837821848277	1.87399940632123e-05	0.00210740771561154	0.647270764800222
AT4G20320.1	-3.9379916399776	7.48754793658004	0.000130178682174028	0.0102720825681859	0.384808739474619
AT4G20680.1	-9.65304119324865	0.510918410519047	7.42217762793666e-05	0.00636477150012102	0.820664313682508
AT4G21690.1	-9.44892290298872	0.315061745851402	0.000132200089288983	0.0103879400704899	0.849639282850877
AT4G22690.1.DE	4.18060329311155	7.26761282422832	1.19776135177728e-05	0.00142366823964413	0.325886935159834
AT4G22860.1	-6.30988225251659	3.83527544068478	3.42015319605688e-10	1.16782685494451e-07	0.28347997121505
AT4G23290.2	4.62932689783765	4.95084684966165	1.70630776697667e-08	4.00555748297774e-06	0.230566670281415
AT4G23800.1	-6.20333568458294	6.39641603751166	3.86719319294349e-10	1.29689086006212e-07	0.290107905102819
AT4G25110.1	5.14423397080146	2.50289778321187	5.42879677908618e-05	0.0049559002589393	0.495197886648413
AT4G26255.1	-5.60321419530406	3.6092478904629	1.40488506276909e-06	0.000198373996081229	0.409900606435458
AT4G26760.1.DE	-3.74524840955952	5.45646219017477	3.37955859268435e-06	0.000453343645504371	0.242836459620486
AT4G27790.1	-6.97505109153344	3.27309806557588	1.88532838720809e-09	5.71072050189806e-07	0.345031075403549
AT4G27980.1	-7.78139247409227	2.70393898558257	2.3640711045753e-08	5.34906690890652e-06	0.441824078433931
AT4G28270.1	2.95043215073079	4.44152990705565	0.000151176551795274	0.0117318001765093	0.242450283181209
AT4G29360.1	-4.4956146232222	5.06441789401794	1.22687926661759e-07	2.35110128847738e-05	0.250353817948676
AT4G29700.1.DE	-4.84984546624306	5.78761686513116	1.62861909566099e-07	3.02826402143696e-05	0.287450832541758
AT4G32280.1.DE	5.9233554948106	3.37938318117856	1.26140776910719e-07	2.39285231351848e-05	0.366748566103136
AT4G32460.1	-4.84702172813178	6.78306290768527	7.9248974965835e-07	0.000121991454906425	0.323290965011072
AT4G32717.1	-10.3582876427184	1.195515456398	1.14280108790289e-05	0.00137575669428309	0.759262873605784
AT4G33050.2	4.12202024837936	6.40051182012517	7.93173588906007e-06	0.000993053333310321	0.305920691719118
AT4G33230.1	-7.03095153448578	2.2544879164484	1.11933784339813e-06	0.000162954765108658	0.509399919385145
AT4G33400.1	-3.34959619991996	4.82531761790016	1.445100058838e-05	0.00167524562376405	0.230719017221873
AT4G34160.1	-4.37984561485031	4.43268821987948	8.87796030097352e-07	0.000132659524770483	0.276561216431961
AT4G34400.1	-6.38412720512198	4.10928819587726	5.69804912704511e-10	1.84498901044667e-07	0.297369617240205
AT4G34940.1	-6.42556402115263	0.504480275889452	0.000749036251704114	0.0436860273509418	0.859174125106181
AT4G34950.1.DE	3.61026585120363	5.73199725655086	4.18285385549887e-05	0.0040078569084831	0.292522510831824
AT4G35670.1	-9.32888331483005	2.43870015688367	2.26492275961059e-08	5.18722553969352e-06	0.501675778539078
AT4G36350.1	-10.4360631592588	3.54288808466149	1.11690047207911e-13	9.11973515897635e-11	0.326305496695804
AT4G38660.1.DE	-4.80977685879328	5.60511028308709	1.22768476466208e-06	0.000177353229848876	0.329586950829484
AT5G01370.1	-3.59171413468768	3.26166520126438	0.000288713594955776	0.0201562874099237	0.363757820930574
AT5G02570.1	-4.75376614401349	1.97156371648465	0.000497451516518192	0.0308321434990484	0.588521564690844
AT5G07030.1	-5.48940397666089	6.91008385791279	4.36794745522057e-07	7.19561870254757e-05	0.370882933668819
AT5G07180.1	-3.24467263466048	5.08409601947419	4.55717854294922e-05	0.00427919065182932	0.247150176423188
AT5G07475.1	-8.35736341730596	2.30329589705173	1.74419954841006e-07	3.14962187684047e-05	0.52339295216135
AT5G07990.1	-3.35154458063945	5.52350740232508	0.000437797881140058	0.0279989113263007	0.348163908625468
AT5G09570.1	-3.59647276362411	3.10914455515986	0.000292878391369916	0.0202423778189159	0.361996494398108
AT5G10080.1	-4.12732198871594	2.78174325530473	0.000120482110236866	0.00966946166772794	0.398770080059921
AT5G10420.1	-6.45465160671416	0.984039376433534	0.000207406812337457	0.0155183264370416	0.733422827975638
AT5G13200.1	3.29453844868393	3.57795418613675	0.000256712903675548	0.01819271068312	0.311312782648865
AT5G14150.1	-7.9163395618192	1.04549130522302	5.14098592580006e-05	0.0047560451077106	0.75370092983154
AT5G17340.1.DE	-12.8036307689847	3.61318176275603	6.25056384958245e-15	6.17818889974518e-12	0.318739456291615
AT5G19360.1	-7.29282256613693	1.83218787411704	5.98647954641894e-06	0.000770041684121559	0.598760258666
AT5G19473.1	-6.44966916695969	2.10513166535933	7.05164773212125e-06	0.000894816516069694	0.533805505871502
AT5G23010.1.DE	5.42464945688803	7.3476080736389	5.97439878639461e-09	1.6499883707131e-06	0.277370140447019
AT5G23270.1	-5.47477663885453	3.1173986563363	6.9079039246754e-07	0.000107215236120169	0.371238769579168
AT5G24280.1	-3.20301630294737	4.41610763739446	0.000284693401789901	0.0200245021933122	0.302314742550536
AT5G24580.1	-4.04363566572146	4.34257210829066	0.000234227893483019	0.0172501954494553	0.430233418191783
AT5G24790.1	-11.9639819114359	2.77834692439184	1.31289916326224e-10	5.24600984809892e-08	0.432186737579602
AT5G25140.1	4.36724480175876	4.07815833877024	8.90047929770012e-07	0.000132659524770483	0.273700081017858
AT5G25290.1	-6.79773262522571	0.0308034205150853	0.000852962486827035	0.0492881092388053	0.87613089423097
AT5G27450.1	-3.44532828084136	4.30818506002131	3.23623706801645e-05	0.00326755549125532	0.262232103560778
AT5G35110.1	-9.28859663451756	2.39880458427031	2.47873274512798e-08	5.54173820875041e-06	0.501088745190833
AT5G36150.1	-11.2983730202612	2.11902979054554	5.5618708223158e-08	1.14782345102298e-05	0.562709743055508
AT5G37650.1	-6.79558412457533	0.0288606852481252	0.000858911407966314	0.0494796203730288	0.877209935237628
AT5G39670.1.DE	4.23217216269371	3.02627478774047	3.69393483187498e-05	0.00367048127738688	0.361983425154257
AT5G40040.1	-11.511257104198	2.3297560358901	8.21739820671444e-09	2.17355969467742e-06	0.511213266747668
AT5G41761.1	4.76582830387617	2.40781337325794	0.0001073264536294	0.00884031052263216	0.485268531567568
AT5G41880.1	-4.20822653742291	3.61286772674897	6.91448664739523e-05	0.00598405802940472	0.390130744905508
AT5G41890.1	-5.51134690288285	1.4472198902026	0.000438166125011	0.0279989113263007	0.699942841140404
AT5G42530.1	3.36571302354591	10.4145113587079	8.90371472996043e-05	0.00746481083163647	0.285442841692399
AT5G43060.1	-3.33814711320564	5.79073366071298	2.95531832330869e-05	0.00307323001715317	0.247768715128508
AT5G43150.1	2.89553288908423	5.94727367635797	0.000410490014604476	0.0266747490459241	0.270502307260188
AT5G44568.1.DE	4.67200818787344	2.73648091758975	4.3565198656716e-05	0.00411132879785491	0.428569081822107
AT5G44630.1.DE	-10.2586902617677	5.71305902037999	2.07235644448677e-18	7.78377080549232e-15	0.268723102987572
AT5G45670.1	-6.47687910028734	6.53714908845772	2.8548038893309e-06	0.000391337350668863	0.540422820584013
AT5G46770.1	-8.34718060933414	1.46666882493337	1.36741650048903e-05	0.00160386870362805	0.710154524006188
AT5G46910.1	-2.77518146595052	4.10758891957694	0.000663602878140919	0.0399437886265592	0.268150666856287
AT5G46970.1.DE	-10.2816874374084	1.1208186078604	1.51506500809717e-05	0.00174557796638435	0.771543163599081
AT5G47220.1.DE	3.72160213074415	4.3373311685317	4.38213484096328e-06	0.000579552762769651	0.244409196651025
AT5G48543.1	-11.5186181153555	2.33716936236233	1.23886124543548e-08	3.02153431029589e-06	0.526225755796506
AT5G48650.1	-8.05517704520859	3.69332330029215	3.21820868824642e-12	1.77758703427258e-09	0.304786640684406
AT5G52860.1	-4.9716945885803	3.22087811683602	5.63334316198157e-06	0.000729615066082855	0.38320822211564
AT5G53190.1	-9.35367902885971	4.55129547125125	3.96589535739712e-17	6.2066262343265e-14	0.25100120069975
AT5G53510.1	-7.48827940151045	2.92330263980583	1.00962987119283e-08	2.52811319746685e-06	0.404962955173129
AT5G54710.1	4.48939693802122	4.6996736316753	6.19979537129442e-07	9.7842148800764e-05	0.279361669184489
AT5G55460.1	3.34003563151896	3.56327075444036	0.000247051675500653	0.0177763619383228	0.316511831506405
AT5G56530.1	-2.7553101050617	4.51510808622681	0.00032768269243598	0.0224594195764515	0.238925471179426
AT5G58770.1.DE	3.12539640348324	5.36580829859666	6.77659822615084e-05	0.00591927975288897	0.243203416055424
AT5G59310.1	-4.81209194962516	6.88738190111509	2.75500141520696e-07	4.70936533319276e-05	0.295683708739742
AT5G60020.1	-3.69845831051299	5.25280290961767	2.66823756930739e-05	0.00284713076997686	0.289739140188049
AT5G60500.1	-10.345905924099	3.48272271349148	2.75177936300226e-13	1.84565772989937e-10	0.334949872488501
AT5G61160.1.DE	7.33939957637601	0.583293429934987	0.000245728409968996	0.0177763619383228	0.832282894977934
AT5G61600.1	3.66354670104384	3.07256301506982	0.000406958039249607	0.0265370554760681	0.392464294537542
AT5G61630.1	-10.5875541689628	1.41985819940558	5.40251149599031e-06	0.000704577540935402	0.733144749778014
AT5G61680.1	-8.78101487758417	-0.3193966539279	0.000576124780975171	0.0351286473594601	0.909937599800178
AT5G62065.1	-8.41076330822638	1.52921403071492	1.16542257051035e-05	0.00139405324039391	0.707465024918848
AT5G62210.1	-5.78652814408251	5.99025586631117	2.70602327821871e-08	5.9787196664644e-06	0.33088616986115
AT5G62230.1	-5.54098907201286	5.33264653350816	2.6639700190112e-10	9.85548216567471e-08	0.24139177794158
AT5G62240.1	-7.25753618088345	3.06410515088745	9.18469441005891e-09	2.3956744586237e-06	0.401338384434821
AT5G62430.1	3.11976754337773	5.36028296293023	7.49950105112183e-05	0.00640184680636673	0.24532333795046
AT5G63090.2	-8.01807839760022	1.19836181889027	3.75524037070538e-05	0.0036923253487878	0.750548912159586
AT5G64770.1.DE	5.11537487249316	5.90588314940225	5.72526620220416e-09	1.60478357130439e-06	0.252893977876202
AT5G66170.2.DE	-2.9576234825712	3.98990365916851	0.000460970617797708	0.0292467168994627	0.282388730297433
AT5G67200.1	-2.67627948578086	4.51524235920238	0.000667441205479223	0.0400464723287534	0.252574742035429
AT5G67260.1.DE	-2.75705976423214	5.99195212448702	0.000515495241659578	0.0318453968367331	0.257262165787878
AT5G67265.1	-7.36145694095643	0.508834169277496	0.00026070426208206	0.0184061129394778	0.823942391040237
