logFC	AveExpr	t	pvalue	padj	dispersion
AT1G01150.1	-5.22877578817142	-1.29654265992089	-9.2091372967426	0.000321561293116195	0.0254490997189343	0.567781282837526
AT1G02690.2	-3.84965202627962	3.4809561707491	-11.7211670102158	0.000105949425426087	0.0162975510741017	0.328435899166387
AT1G02730.1	-5.48400063506204	4.20299863683006	-12.8723328657266	6.85214933495206e-05	0.0146531125048402	0.426030051604986
AT1G02810.1	-4.79641185439699	0.514295815274565	-8.90938936710691	0.000373844442592091	0.0273975364292007	0.538354724074036
AT1G02920.1	7.23383630824553	2.7582079263868	9.22511855964074	0.000319028892407338	0.0254490997189343	0.784145619536324
AT1G03380.1	2.26177185903694	5.9504537925986	7.41482686820902	0.000854296584935585	0.0430796028348016	0.305033670945745
AT1G03680.1	1.54013216908521	7.75987577884728	7.19623107323165	0.000975733701572383	0.046618198095615	0.214019276675836
AT1G03710.1	-7.45985678551053	0.762438093779329	-16.3884190372778	2.20974058377319e-05	0.0122546171871668	0.455190751990293
AT1G04880.1	-7.34277945059574	0.61448154342809	-15.5653884123938	2.81556331308856e-05	0.0124814952779407	0.471737630700505
AT1G06620.1	-2.26814665072601	2.62749887357005	-7.93008455482638	0.000632675234630854	0.0365678243134837	0.286017965514072
AT1G07340.1	-9.43801531964681	0.454826825143589	-17.5379370416036	1.60566489187702e-05	0.0122546171871668	0.538148546049508
AT1G07370.1	-5.62293497507337	2.07160900791541	-12.6715588232194	7.37310162834357e-05	0.0146531125048402	0.443744534789981
AT1G07450.1	-2.56793192813662	3.1307356767707	-9.51559937268356	0.000276913182994597	0.0236817195776665	0.269865494285981
AT1G08930.1.DE	4.70488187163076	4.74942700988463	11.3372615149899	0.000123635681835942	0.0164728131836835	0.414992797459073
AT1G09000.1	-3.02619423128311	1.14652332187165	-8.25750235850885	0.000527373480273986	0.0329228281815895	0.366478155245673
AT1G09080.1.DE	2.5138934730139	1.66835362031866	7.51882210817631	0.000802900464236993	0.0418813146555438	0.334346715063278
AT1G09380.1.DE	-9.43024195316771	-0.68966550165592	-14.6512943205383	3.74051468970669e-05	0.0127424045265976	0.643645656612624
AT1G09860.1	-5.98788180246532	-3.23081746913331	-8.55518116124224	0.000449385000769139	0.03042102284363	0.699912917051059
AT1G09930.1	-5.04329883870614	0.026169168746723	-10.1591988789932	0.000205126306037254	0.0198901613171764	0.496426824474759
AT1G10060.2	-2.61813943437854	5.81728575955785	-10.8171503347936	0.0001536236552898	0.0175355938910503	0.24203596634478
AT1G10300.1	-4.44907143997051	-0.843368449079607	-7.24638897345134	0.000946138140480832	0.0459281042890704	0.613970828266411
AT1G10670.3	-1.76759316375071	7.80697519603221	-7.96849864136817	0.00061909470240744	0.0360203705527814	0.221822609666307
AT1G11125.1	-4.03076041677301	0.296541889651902	-9.14805889967596	0.000331464673865149	0.0260596189271329	0.440613736856874
AT1G11600.1	-9.76102524561417	0.141485776202573	-9.37373020904051	0.000296589654784102	0.0242980852016969	1.04131706673189
AT1G12000.1.DE	-2.72552664320433	5.68160530071729	-9.38720268807015	0.00029465054468286	0.0242638096215909	0.290344923165247
AT1G12480.1	2.74219778250843	2.67871704846362	7.98829774196919	0.000612231393093012	0.0359087139762773	0.343276862115615
AT1G13130.1	-5.90498322284838	0.979729401015208	-8.78009907272888	0.00039951066251858	0.028235881824273	0.672541753109524
AT1G14420.1	-6.43982793202107	2.34557442164988	-16.8529896497317	1.93725662552032e-05	0.0122546171871668	0.382117835818144
AT1G14880.1	8.79330710932823	2.95145866441664	22.315971485652	5.14002610793616e-06	0.0122546171871668	0.39403649153172
AT1G15125.1.DE	8.17004406127445	3.98794979941539	18.7490626533143	1.17166363236578e-05	0.0122546171871668	0.435757467578264
AT1G16000.1	-2.64978533772241	2.57114350904455	-9.48453002152008	0.00028108497662362	0.0238145318238167	0.279379719575998
AT1G16070.2	-5.25185876047051	0.0404892673352562	-11.4161739325977	0.000119726422250921	0.0164728131836835	0.460036680544467
AT1G16220.1	-2.52655057179353	1.62247074097577	-7.49736886805784	0.000813193787955884	0.041996036794382	0.336991632165489
AT1G16380.1	-8.10973534348024	-2.16955660806683	-12.5613406141437	7.67935395007022e-05	0.0146531125048402	0.645610655151644
AT1G16420.1	8.06329901307919	-2.15116799856649	12.3811865755569	8.21360156069592e-05	0.014741793695878	0.65125413980901
AT1G16630.1.DE	-5.97542740959936	1.77134106320178	-12.5244899279645	7.78514851752125e-05	0.0146531125048402	0.477099462250954
AT1G16705.2	-7.3338573697654	0.986347131542283	-16.4493526424809	2.1714803911445e-05	0.0122546171871668	0.445844741076649
AT1G16730.1	2.33944744299893	3.92543600075568	10.2011988155047	0.000201272176255113	0.0197514612964595	0.229330639007175
AT1G16940.1	-5.26304229849352	-3.59646030067528	-7.11438389463842	0.00102643595571602	0.0479546281029944	0.739774852810499
AT1G18080.1.DE	-1.63512809668399	7.9970914178428	-7.54060551804526	0.000792607585050481	0.0415792075372481	0.216843076165567
AT1G18280.1	-10.9386039573847	0.0682284211878856	-15.2285245459802	3.12028542572117e-05	0.0124814952779407	0.718297030310275
AT1G20430.1	-2.15371309929863	4.35939720631358	-8.90583885881337	0.000374522392900585	0.0273975364292007	0.241831581891613
AT1G20610.1	-5.6037355025327	1.68714937670336	-14.7093075639628	3.67184345663163e-05	0.0127424045265976	0.380965281891422
AT1G21250.1.DE	2.60189143084961	7.33990484487158	10.1265295776778	0.000208185620284481	0.0199688262035857	0.256938115954851
AT1G21640.2	1.76133913143613	6.52623358364376	7.14851264119256	0.0010049208418208	0.0472676646305399	0.246392392353984
AT1G22350.1.DE	4.38961422400735	2.29552962045042	11.2247505808215	0.000129478391831846	0.0164728131836835	0.391065635926681
AT1G22470.1	-7.0401849814445	-2.7047664589124	-10.531934815211	0.000173776833142398	0.0186208372235034	0.668460743915405
AT1G23380.2	-4.64588796717125	1.89744172958101	-12.3095232735544	8.43849284455154e-05	0.0148495783217265	0.377422249743206
AT1G23520.1	-10.9232045472295	-0.762713989872071	-17.5223716263895	1.61240101258409e-05	0.0122546171871668	0.6233861933837
AT1G23600.1	-10.0440824768457	-0.378969561179488	-15.0789095347294	3.26830459887957e-05	0.0124814952779407	0.666101381781783
AT1G23690.1	-9.94992471962049	-1.24935630440117	-15.9099571616029	2.54022164352442e-05	0.0124814952779407	0.625389786946354
AT1G24148.1	3.61085747178621	3.92150885492489	14.3217262507033	4.16137760984275e-05	0.0130490278820828	0.252124458223664
AT1G24580.1	2.82079200161319	1.30727946910829	7.6546407613209	0.000741228222886177	0.0404428942971156	0.368507430925659
AT1G24620.1	-8.51776251550537	-0.384763478581914	-15.0803374848789	3.26685236744724e-05	0.0124814952779407	0.564825722504299
AT1G24657.1	-6.52892521738991	-2.14028386481271	-7.90160121868755	0.000642975394304825	0.0370063538650421	0.826278754988139
AT1G25330.1	-9.30835436995697	0.00728558505683252	-16.2664229554367	2.28881492393606e-05	0.0122546171871668	0.572243473285923
AT1G26310.1	-8.30142465784046	-1.24994537230723	-12.4325755808964	8.05676799137138e-05	0.0146531125048402	0.667715599541276
AT1G26320.1	-10.0082230136484	-1.22080596658624	-15.4585972974747	2.90811449833482e-05	0.0124814952779407	0.647421161251374
AT1G26770.2.DE	-3.44541970377475	3.67746377058186	-8.52100477169634	0.000457601056494458	0.0305975843681993	0.404344299303665
AT1G27770.1.DE	1.44263229356743	5.93426140950395	7.11419423257163	0.00102655704747439	0.0479546281029944	0.202782247209738
AT1G29140.1	-9.03223962078653	2.22542695113051	-16.8929437150517	1.91577047363079e-05	0.0122546171871668	0.534675292426314
AT1G29630.2	-3.54581836742522	2.17487984650654	-9.67995350061506	0.000256041639622579	0.0223165238675514	0.366305309958351
AT1G30440.1.DE	-1.4265629941761	5.87461163736755	-7.07855553082489	0.00104961653640682	0.0485930547219975	0.201533065321571
AT1G30790.1	-5.34161176542613	-3.55681314928632	-7.27004000335199	0.000932555198109813	0.0455932587090211	0.734743104984742
AT1G31190.1	1.4627618124934	5.25215597342962	7.29346870522474	0.000919328811534193	0.0450273057584638	0.200557769096279
AT1G31540.2	2.71371473042304	5.40197785914447	11.6027927378073	0.000111057608201867	0.0163770951857034	0.233884616552745
AT1G31880.1	-2.89661043333426	1.16109744093844	-7.61691733074725	0.000757771752306099	0.0410174031243307	0.380286447594948
AT1G32250.1	-8.11735587190624	-2.16916587812171	-11.770957109511	0.000103885573390025	0.0162975510741017	0.689608822493066
AT1G33720.1.DE	3.33183482411243	2.7115083636979	7.8795270576566	0.000651096015536062	0.0370825686844244	0.422847056648515
AT1G34095.1	-3.15515329058833	2.42448690059787	-10.1655608857977	0.000204536834743694	0.0198901613171764	0.310376704840399
AT1G34750.1	1.70767526873888	4.51487835803971	7.5874082232924	0.000771021145151423	0.0411853609277116	0.225067008190824
AT1G35440.1	-6.2299003600752	-3.10946076234075	-9.04974801978801	0.000348184784392729	0.0267479350338653	0.688405947486385
AT1G44542.1	-6.98545701449713	0.810795236763446	-15.4763657275726	2.89246379622813e-05	0.0124814952779407	0.451362880501841
AT1G44970.1	-9.28002241875305	3.10054825082482	-20.3165244498328	8.01645538775595e-06	0.0122546171871668	0.456772143368716
AT1G47278.2	-1.91370249877878	3.77304258713876	-7.21926976521306	0.000962004604092646	0.0462865037112019	0.265082558349625
AT1G48940.1	-9.67825203881287	-1.3854677824902	-15.2537428366538	3.09613890502515e-05	0.0124814952779407	0.634483755393896
AT1G49290.1.DE	-5.99834100507986	-0.0855434262565036	-11.6598367074449	0.000108559861982057	0.0162975510741017	0.514444683539169
AT1G49760.1	-1.53149485148144	6.4620776710393	-7.33081875589794	0.000898703310009359	0.0444964156086485	0.208911842248083
AT1G49970.1	1.6420987549622	7.83206514093976	7.07387274419047	0.001052692179198	0.0485930547219975	0.232135750012015
AT1G50010.1	-3.70094365823638	7.23811787259119	-7.12356348368296	0.00102059546857801	0.0479223149367928	0.519535435700638
AT1G50830.1	-3.69996775205041	1.14659969633157	-9.85547268227665	0.000235801305282253	0.0214429846980171	0.375422658185047
AT1G51035.1	-6.76050021410125	-2.84570804499699	-9.87861615984172	0.000233278220243315	0.0213874191283456	0.684357009596532
AT1G51770.1	-4.31856418558633	-1.3155525078681	-8.14529572269763	0.000560913041557426	0.0343871206443329	0.530191208841227
AT1G51800.1.DE	3.68903173960737	2.49796239822436	10.6086593284577	0.000168058117509926	0.0182096707457498	0.347737789044801
AT1G52580.1	-3.39158221061579	1.19516089964364	-8.84249008064767	0.00038686988853586	0.0277742037609126	0.383555104917615
AT1G53020.1	-6.52727638720196	-2.96098685596796	-9.60963672318651	0.000264731656338156	0.0229274422747975	0.679242782555213
AT1G53520.1	-4.28003348626556	2.81083629292291	-7.1778926120487	0.000986829230672991	0.0470658885349473	0.596279955356418
AT1G54240.1	-7.10534934633754	-1.85500165722307	-11.2813937151244	0.000126496353126582	0.0164728131836835	0.629829037595926
AT1G54280.1	-7.04395221114327	0.550225805659914	-11.655993353637	0.000108726010611287	0.0162975510741017	0.604320197981699
AT1G54530.1	-4.64240030060708	-0.593114236345966	-7.67357365884847	0.000733088056808837	0.0401593881080359	0.604985435339358
AT1G54580.1	-2.34258203021914	6.73123390020288	-7.58648001583489	0.000771442375061787	0.0411853609277116	0.308783787122563
AT1G55020.1.DE	-2.35802787189421	4.94966738283972	-8.91061808379386	0.000373610168527671	0.0273975364292007	0.264631235422699
AT1G56020.1	-2.19835719321114	2.44282659774938	-7.93561851316763	0.000630697004284133	0.0365308810485678	0.277024051693437
AT1G56340.1	-1.96708476379385	7.82555053734024	-9.03927867336591	0.000350024295556978	0.0267479350338653	0.21761523622342
AT1G56510.1	3.16201143447016	5.23383926570919	12.8596599532665	6.8836931775708e-05	0.0146531125048402	0.245886084543547
AT1G56600.1	8.51791204000797	3.79635146002638	23.7957410407295	3.79116432453318e-06	0.0122546171871668	0.35795951995899
AT1G60390.1	-3.39326646968602	2.45450121878925	-7.64509319455382	0.000745374141873495	0.0405198301121079	0.443848934647821
AT1G60410.1	-8.00498319553839	-2.22262499096442	-12.2347350507015	8.6811435005156e-05	0.0148949859017337	0.654283330400309
AT1G60740.1	-6.84849438804634	1.89102456764838	-17.6364835432145	1.56379683574773e-05	0.0122546171871668	0.38831405201981
AT1G61680.1	-7.40742092085757	2.63777176804297	-19.4503125910276	9.85054644896368e-06	0.0122546171871668	0.380838142636052
AT1G61790.1.DE	-1.64966102560339	6.07365387250049	-7.59382269927795	0.00076811769150839	0.0411853609277116	0.217237232278315
AT1G62180.1.DE	3.1039834391422	7.83151600707122	9.79837896255101	0.000242167090082911	0.0216066270268837	0.316785404096483
AT1G62305.1	-2.88618453110033	3.517298154203	-11.7542703451978	0.000104571823180309	0.0162975510741017	0.245543487289237
AT1G63480.1	-3.14234051689472	2.77487738628768	-10.6328670197035	0.000166300904795193	0.0181880171245741	0.295530877144587
AT1G63580.1	5.42757348270592	-3.47152921952894	7.36880002048381	0.000878293244960949	0.0438840989299994	0.736561376020294
AT1G64400.1	2.94985275655086	4.82890397941861	12.95668577487	6.64656637723484e-05	0.0146531125048402	0.2276703169164
AT1G64450.1.DE	-3.07173064590474	2.84396710239128	-10.9280943718103	0.000146551180506832	0.0170130330017314	0.281085662458082
AT1G64580.1	-2.44329032564477	1.97083201178947	-8.05821535185551	0.000588711975018972	0.0352981349241595	0.303204893262398
AT1G64950.1	1.6688204159672	5.82525388197308	7.42367455599314	0.000849773900736799	0.0429423428769058	0.22479708712715
AT1G65113.1	-9.45849161269112	-1.49691604021805	-14.0320574213609	4.57921116589752e-05	0.0137280725073462	0.674063063502899
AT1G65480.1	2.49715739498362	3.47752347574242	10.0140804111094	0.000219143394880974	0.020686681507778	0.249364623856358
AT1G65860.1	4.21024342229545	2.98028691205811	10.6717313056235	0.000163525736321079	0.0181586969130852	0.394522997414379
AT1G66110.1	-7.27129012707778	-2.593509354138	-10.2873645583286	0.000193633957018775	0.0194928299968787	0.706817580523182
AT1G67020.1	-6.0509376293212	-3.20425842095076	-8.29489330674633	0.000516733960592348	0.0327367884251943	0.729477451433873
AT1G67750.1	-4.66606719336573	4.21413179709637	-7.2083741744654	0.000968468516270567	0.0464337251184136	0.647312012449989
AT1G67860.1	2.57443544045809	5.31176210234748	8.29325935401041	0.000517193497718513	0.0327367884251943	0.310425048893854
AT1G67865.1	2.96921681431601	6.93382204388865	13.8025884791124	4.94648938961226e-05	0.0142047554776855	0.215120288401654
AT1G67870.1	3.85909505781936	7.40334126248389	7.68464498469346	0.000728377467117373	0.0400622291944134	0.502182607720466
AT1G68610.1	-5.26589131283294	0.188884785581985	-11.3376907701539	0.000123614005151611	0.0164728131836835	0.464458893754207
AT1G69620.1	-2.40791407582214	7.39281131315989	-11.1905767977503	0.000131318414754965	0.0164728131836835	0.215173365889971
AT1G69700.1	-2.90712249583601	4.72229510333007	-8.42500094904633	0.000481661655087312	0.0315870471452811	0.345059011081189
AT1G69720.1.DE	3.21019749672846	3.40513172713678	12.1166257973303	9.08169031853138e-05	0.0152164670998611	0.264941539866302
AT1G69940.1.DE	-9.99193863594621	3.6713000794178	-24.3035075057026	3.42983011216233e-06	0.0122546171871668	0.411131546901273
AT1G72100.1	-5.84919047045418	-3.29972607978667	-8.37809222939467	0.000493967870197915	0.0320855653973079	0.69815302938922
AT1G72230.1	-4.0540759913823	3.24685697661917	-8.18415967622641	0.000549014865497466	0.0339629808291074	0.495356414313213
AT1G72370.1	-1.93577669954513	8.06113985933102	-7.57031774477056	0.00077882124509407	0.0412563541503133	0.255706136097435
AT1G72930.1	3.33642161765959	7.18384636632077	15.3594579245982	2.99733638679044e-05	0.0124814952779407	0.217222615149477
AT1G73010.1.DE	-2.64444703791363	3.07441650148302	-9.39422197227761	0.000293646278771598	0.0242638096215909	0.281497184728805
AT1G73850.1	-2.4945038998459	2.83911690980314	-8.97532149092588	0.000361518382931323	0.0271696501508248	0.277929197563325
AT1G74420.2	-4.34551377721648	1.09632029609995	-10.8027717592793	0.000154570006165566	0.0175701014091783	0.402259149230272
AT1G74690.1	-2.16056588228777	6.37636730936572	-10.2628473221236	0.000195771309962454	0.0194928299968787	0.210523046331426
AT1G74810.1	5.48118605834329	1.08247899970848	13.248113703603	5.99121383965096e-05	0.0146531125048402	0.413733319397208
AT1G74830.1	-7.83632670506169	-2.30636610416364	-12.0625390153656	9.27252482625547e-05	0.0152409519052983	0.649641563445274
AT1G74880.1	1.85691569378818	6.18945327447986	8.59936315617661	0.000439023909323943	0.0298678585293429	0.215936419949241
AT1G75090.1	-3.77435376348859	3.13923361857769	-13.911186173351	4.76841333340223e-05	0.0139740799723189	0.271317896005082
AT1G75520.1	-5.74397417210032	0.540774645870802	-11.0962635546326	0.000136562087395411	0.0164847358682929	0.517649400072356
AT1G75910.1	-10.8656870099834	4.05722522348572	-23.6021874181923	3.9409012145762e-06	0.0122546171871668	0.460367796317399
AT1G76370.1	-6.36694253242588	0.600958839386274	-12.7301948367158	7.2161722268165e-05	0.0146531125048402	0.500144939970807
AT1G76405.2	-1.72620738135431	3.34208339334154	-7.11993223026946	0.00102290109110955	0.0479480492552571	0.242447164597377
AT1G76955.1	3.67581576054532	2.77520660658878	12.5654892011232	7.66755249442203e-05	0.0146531125048402	0.292532642518744
AT1G76965.1	-9.49961964454871	-1.47459661257557	-15.0564314998917	3.29126773754682e-05	0.0124814952779407	0.630934338233931
AT1G77390.1	-3.85606425613259	0.412520480054704	-8.8205908289764	0.000391251442586773	0.0279417031549994	0.437166209259485
AT1G77980.1	-8.65724748270034	-1.07001954093965	-11.8414406513007	0.00010104602793782	0.0162155099304216	0.731097485317332
AT1G78160.1	-9.76201488214566	-0.521213450183976	-13.0070870709077	6.52727306402978e-05	0.0146531125048402	0.750515071432089
AT1G78865.1	-7.37421111288134	-0.325816768883044	-13.9707954123811	4.67395211016376e-05	0.0138597921214541	0.527830441661627
AT1G79640.1	-2.67262781279588	4.0185566438042	-10.5070536966391	0.000175681389146541	0.0186208372235034	0.25436510462022
AT1G79820.1	-2.41602627465051	4.23994583873726	-10.6326038133608	0.000166319891603727	0.0181880171245741	0.227228091731825
AT1G80130.1	4.88069486604797	6.3618344400926	11.0534688361969	0.000139024280636533	0.016490093043675	0.441553229884279
AT1G80720.1	-2.87352341470764	1.96029288934511	-8.03062228680997	0.000597862527467457	0.0355553765305859	0.357820765574706
AT2G01420.2.DE	2.26962153758997	5.33821629170741	9.12729298987114	0.000334914755349019	0.0261823631077635	0.248663162244123
AT2G01830.2	-3.22660559196687	3.33770668997338	-8.72358461566525	0.00041139025664833	0.0287036767049184	0.369871530353788
AT2G02020.1	2.78257060799011	1.87979359448121	8.46212167868743	0.000472182843658453	0.0311903635783202	0.328826589080874
AT2G02360.1	1.66800373798338	4.17962052124251	7.15545021898757	0.00100061337003751	0.0472676646305399	0.23310954404479
AT2G03200.1	-5.8951950512655	2.16320958360462	-11.7654771350942	0.000104110340289974	0.0162975510741017	0.501058731709336
AT2G04080.1	2.40587478481986	3.98448233861938	8.30215049187464	0.000514698828703339	0.0327367884251943	0.289789348816852
AT2G04390.1	-1.63753469532631	5.67242634051144	-7.30026689300063	0.000915532974528318	0.0450029821227154	0.224311620291082
AT2G05210.1	-1.8701843005074	4.2013748612463	-7.88033155364417	0.000650797912301895	0.0370825686844244	0.237323047612451
AT2G06983.1	-8.09658138997089	-2.17783049083765	-12.1447077104606	8.98447397982623e-05	0.0152164670998611	0.666675689773666
AT2G11570.1	-7.3177232125256	-2.56546658805666	-11.108645459648	0.00013585949805098	0.0164728131836835	0.658741269501049
AT2G12505.1	6.84158655096859	-2.76715887951404	9.40994935620225	0.000291410994437151	0.0242531029030595	0.727058806799974
AT2G14080.1	2.49780023709853	5.15443974595815	11.8565292116924	0.00010045035228178	0.0162153021337233	0.210668754110208
AT2G14095.1	-4.0458750344723	-0.472008345808452	-7.45890772169648	0.00083204504241397	0.0425370880009324	0.542421918252675
AT2G14750.1	1.60488735891982	6.15178101215284	7.66036179853519	0.000738757134281919	0.0403888444495893	0.209505425608841
AT2G15050.1	2.41392446434851	5.03081460882039	11.2575001089733	0.000127744076138793	0.0164728131836835	0.214428109347686
AT2G16260.1	-7.45658204549948	-2.49614281331692	-11.3390128285163	0.000123547272078493	0.0164728131836835	0.657604163454778
AT2G16380.1	5.47839452212337	1.72021305774006	13.6481647484682	5.21371766239242e-05	0.0142821233601809	0.401401552742706
AT2G16740.1	1.90458373413556	3.62134395685699	8.02610924602978	0.000599375309539977	0.0355553765305859	0.237298506132058
AT2G17620.1	-7.4199144573789	-1.00832681821241	-10.852421924225	0.000151331535707476	0.0174110864595145	0.683710466584054
AT2G18340.1	-7.03341532958963	-0.749073553422597	-11.7019364264908	0.000106759738166896	0.0162975510741017	0.601047132136817
AT2G18390.1.DE	-1.68675913115369	3.63194885841834	-7.34859376447808	0.000889081804765748	0.0441804020324487	0.229534953926453
AT2G18990.1	-2.32118904147675	3.6728592353389	-9.23482403031807	0.000317502631483716	0.0254490997189343	0.251351734895679
AT2G19610.2	-6.85204633668698	-2.7992949096693	-10.1250972807235	0.000208320997137311	0.0199688262035857	0.676738815115597
AT2G20240.1	-2.49210299303275	3.44481854096848	-10.3251912303355	0.000190391040735943	0.0194534006828362	0.241361437036723
AT2G20950.4	2.33152693067859	4.22659618542291	7.01955401499867	0.00108916597638866	0.0497647636978571	0.332147444936932
AT2G21050.1.DE	-2.81083757657497	3.93134887011627	-7.31684148219612	0.000906356525704106	0.0446323328117937	0.384159966211446
AT2G22055.1	-6.8383797206701	0.533983753441992	-12.4718373217987	7.93937055113092e-05	0.0146531125048402	0.548305718253537
AT2G22950.1	-7.03741415072408	1.36560223971915	-15.2186243500152	3.12982689141336e-05	0.0124814952779407	0.462421174796726
AT2G22960.1	-5.50991529856502	-0.431860955490463	-10.751448149227	0.00015800560742882	0.0178121941168001	0.512481223188632
AT2G23200.1	1.75690769169811	5.43798997710487	8.15268136777391	0.000558628360854128	0.0343871206443329	0.215500595747903
AT2G23610.1	1.85514921483068	4.63606925088952	8.54960064030892	0.000450714420037774	0.030435495279828	0.216986651526644
AT2G23900.1	-8.44172844817568	0.751781658601056	-16.9464623805091	1.88743829087785e-05	0.0122546171871668	0.498141043164554
AT2G24540.1	2.12877064953323	2.66486890514157	7.89543971187424	0.000645229835874727	0.0370479161162828	0.26962027793483
AT2G24600.3	3.0172596023701	3.61042901266978	10.4968620843167	0.00017646875457659	0.0186208372235034	0.287443959740898
AT2G24765.1	-1.44734025081988	5.3386381547665	-7.07979697102262	0.00104880295980446	0.0485930547219975	0.204432451487493
AT2G25330.1	-3.7582815764512	-0.221656983130667	-7.42322981597317	0.000850000555460911	0.0429423428769058	0.506286571966854
AT2G27180.1	-4.20421061279381	2.49236396246748	-9.47721970432715	0.000282077494182459	0.0238246319467234	0.443612234807032
AT2G29350.1	3.43008132324997	4.17375245861876	9.68918076779894	0.000254926886347998	0.0223165238675514	0.354011490285073
AT2G29550.1.DE	-3.69406797460434	6.27829638551859	-11.1643181156991	0.000132753657516126	0.0164728131836835	0.330881647792695
AT2G29630.2	2.15440596261445	8.26120325619377	9.71752181894023	0.000251539225846482	0.0222800052607723	0.221703228740412
AT2G29790.1	-10.878388375241	-0.785578750098212	-16.3215480204548	2.25266885284515e-05	0.0122546171871668	0.666504694383631
AT2G31010.1	-2.12534353027336	2.92034648196451	-7.19773332631199	0.000974831390652419	0.046618198095615	0.295279560094839
AT2G31035.1	-6.43100165730489	-2.20989219472964	-10.5130360982595	0.000175221177707271	0.0186208372235034	0.611716881517185
AT2G31220.1	-6.10308309977612	1.82527218685307	-16.1308096015213	2.3807584433116e-05	0.0122546171871668	0.378349459856035
AT2G31880.1.DE	3.48857041998117	6.1250214488761	14.4354970531464	4.00993211517095e-05	0.012869995062821	0.241666110085264
AT2G32060.1	-2.38297565287575	6.54015205992723	-7.22155332879281	0.000960656392398293	0.0462865037112019	0.329981036541636
AT2G32390.3.DE	2.12443743077902	3.33300657077148	7.7250548363326	0.000711488263409153	0.0393714225437426	0.275006129508277
AT2G32480.1	2.00098011915943	6.07727435955941	9.91549038693929	0.000229324847844016	0.0212074955051952	0.201803445021249
AT2G33100.1.DE	-4.85891120112762	1.1180172205505	-7.16330688728679	0.000995761816830258	0.0472676646305399	0.678305603484762
AT2G33190.1.DE	-7.01630180443977	-2.71772861786803	-10.3431459067317	0.000188874623127404	0.0193710097501455	0.67835278238445
AT2G33210.1	-2.19903334090222	4.83258645293539	-10.474832909259	0.000178185182889604	0.018696422978505	0.209934932609611
AT2G33590.1	1.96159024684969	4.46319658115087	9.22057500638359	0.000319746425194556	0.0254490997189343	0.212740555278997
AT2G33770.1.DE	2.20235710135573	7.88207351473869	8.26122099728808	0.000526303680056338	0.0329228281815895	0.26658978159266
AT2G33810.1	-3.07569408712381	4.66023078638376	-10.1540818830468	0.000205601902109297	0.0198901613171764	0.302902234052196
AT2G33870.1	-7.64384157007918	-2.4028436776584	-11.6604697608145	0.000108532524321765	0.0162975510741017	0.655534616261053
AT2G34270.1	-6.29866706889087	-3.07926231687399	-8.80141287651328	0.000395137454601088	0.0280722523410737	0.715642722056475
AT2G34480.1	-2.0690239504284	7.91386162651012	-8.92713663244252	0.000370477672274299	0.0273975364292007	0.231767926897104
AT2G34655.1	2.10480155409205	5.14911597804421	8.87941371296002	0.000379614705114837	0.0273975364292007	0.237042852392379
AT2G35080.2	-6.22396338834312	-3.11273405773075	-9.04229540596568	0.000349493049455656	0.0267479350338653	0.688316750217743
AT2G35160.1	-2.6259363182897	1.67499708260051	-7.64455461536398	0.000745608838249264	0.0405198301121079	0.343504160858778
AT2G35280.1	-5.37191697266518	-3.54390587382769	-7.02079477428539	0.00108831617415156	0.0497647636978571	0.765143711697791
AT2G35830.2	1.75192178188593	5.87660873265958	7.88852384505289	0.000647771562166595	0.0370479161162828	0.222084868639221
AT2G35940.1	2.59994988733915	6.81022470612813	10.7702930727088	0.000156733566609044	0.0177421096707939	0.241400105808379
AT2G36160.1.DE	-2.35119335643617	6.74392045552277	-9.32970690734887	0.000303033626762831	0.0247516777596311	0.252011491870572
AT2G36190.1	-9.77553410419589	1.23034150416944	-17.1167907935957	1.80057211837608e-05	0.0122546171871668	0.571107880097094
AT2G37210.2	-5.80024375673799	-0.764308779867272	-11.2342690342169	0.000128971420079909	0.0164728131836835	0.516299168114262
AT2G37980.1	-3.31400777833754	1.25655654917135	-8.42003984524636	0.000482945670121568	0.0315936240433546	0.393585759598097
AT2G39030.1.DE	3.95493580903506	1.52589654138829	8.88848575861567	0.000377857155518589	0.0273975364292007	0.44495045797891
AT2G39510.1	-9.54373650668484	1.53672648852725	-19.3294376299198	1.01450850166489e-05	0.0122546171871668	0.49374103320586
AT2G40000.1.DE	2.6442673272737	6.09073415813398	12.4427349480706	8.02619094981617e-05	0.0146531125048402	0.21251496060227
AT2G40010.1	-4.02475872394427	1.84573946252534	-11.1460201961298	0.000133764942223897	0.0164728131836835	0.361093794298145
AT2G40270.1	2.31108524670752	6.0909622381097	11.3474044960111	0.000123124697790814	0.0164728131836835	0.203666419710334
AT2G42120.1	-2.10390766276	3.39276682847748	-7.15823599811472	0.000998889909417886	0.0472676646305399	0.293914263697664
AT2G42690.1.DE	2.0381425508839	7.02157100281921	9.79674012438701	0.000242352841546366	0.0216066270268837	0.208042933160016
AT2G42730.1	-2.67436459847241	2.74623295729525	-7.85857316124229	0.00065891824087676	0.0373720343645715	0.340311726263759
AT2G43010.1	4.39472025414638	4.71405817025182	11.7238378549101	0.000105837471065212	0.0162975510741017	0.374853380653486
AT2G44740.1.DE	-3.01560449172326	2.90737206151677	-8.30784548546869	0.00051310849949759	0.0327367884251943	0.36298273685974
AT2G45403.1	-3.18008508659291	2.01889634086741	-9.38280471299793	0.000295281873625167	0.0242638096215909	0.338926918321934
AT2G46300.1	-5.77985573185333	-0.58724013999344	-9.26259641870963	0.000313183351503375	0.0252779734093597	0.623999521362987
AT2G46780.1	-2.79652172685051	3.2565669986259	-11.1556277074325	0.00013323280612721	0.0164728131836835	0.250682597178043
AT2G47000.1	2.97037037775373	3.4182898583848	8.13368135875974	0.000564528499589395	0.0345311703975298	0.365193846025788
AT3G01020.1	-8.62040750225214	-1.91502174489827	-13.2600900842492	5.96598892622906e-05	0.0146531125048402	0.650101729888833
AT3G01140.1	-3.55836081818832	2.67373945696921	-12.2930029890474	8.49138308049313e-05	0.0148495783217265	0.289462291789784
AT3G01270.1	-8.43934800696027	4.62532863351757	-25.8490417265789	2.55966450703384e-06	0.0122546171871668	0.326485913722776
AT3G01290.1	6.2273963003639	2.67462498982178	18.0425913792446	1.40457178975835e-05	0.0122546171871668	0.345149771973865
AT3G01700.1	-7.32047584841617	1.62303784714397	-12.0669544761346	9.25676597258163e-05	0.0152409519052983	0.606654799510037
AT3G03320.1	-2.13693566799453	2.87463720457012	-8.35091799046256	0.000501269106633545	0.0323288947944911	0.255892306742215
AT3G03760.1	-10.0735963692584	-0.367069239188967	-13.2175148166898	6.05624759651333e-05	0.0146531125048402	0.762139971769769
AT3G04290.1	-5.4690368799742	6.09017785974679	-8.56745712835974	0.000446477054536617	0.0302993545393369	0.638350072610315
AT3G05152.1	-5.97593266524724	-3.23869611174533	-8.42815030449517	0.000480848671511388	0.0315870471452811	0.709044386887591
AT3G05230.1	-1.81077789473299	3.86840408059368	-7.49500806022718	0.00081433611173447	0.041996036794382	0.241597858225399
AT3G05330.1	-2.88268323081294	3.18005627981399	-8.11078953538605	0.000571736537535375	0.0348159475011218	0.35541339326292
AT3G05560.1	-2.35251006838775	6.78604827541415	-8.74314098735857	0.000407232119440232	0.0285596386901002	0.269069213431325
AT3G05600.1	-7.86253151929029	2.59420607955369	-19.5129856617068	9.70189550844001e-06	0.0122546171871668	0.402938415248267
AT3G06545.1	-5.64480783757178	-2.57376354446455	-7.15447518873317	0.00100121742401969	0.0472676646305399	0.788989784528319
AT3G07520.1	1.97103436956231	3.55467066323934	8.2018527373562	0.000543698330812445	0.0337694420021224	0.2403157472683
AT3G07830.1	-10.7141136029193	0.713396661342045	-19.0321394091896	1.0915978548491e-05	0.0122546171871668	0.562948461681931
AT3G07880.1	-1.68811354276496	6.38425293160187	-8.26028119208597	0.000526573803322332	0.0329228281815895	0.204365142482354
AT3G08770.2.DE	-8.87169324524777	5.59274656912859	-29.3217459745209	1.40621277239308e-06	0.0122546171871668	0.302563607670458
AT3G08900.1	-2.97635830969169	1.68506195929964	-8.75063364042309	0.000405652365217191	0.0285221705553871	0.340130604479036
AT3G09380.1	-6.0417193132822	-3.20585119284348	-8.53860852693029	0.000453346821270651	0.0305376657557645	0.70757656756683
AT3G09820.1	-2.18973845012019	7.337984163844	-8.91447191315897	0.000372876516483342	0.0273975364292007	0.245638605567632
AT3G09830.1	3.04978805849164	4.05908847341371	10.2056094637078	0.000200872500527096	0.0197514612964595	0.298834486008601
AT3G10116.1	-7.45885260295091	-2.49554831641055	-11.2829876084764	0.000126413642780273	0.0164728131836835	0.661070707668544
AT3G10130.1	2.38658496293161	4.87408314739058	9.58256692519398	0.000268171145121196	0.0230062170127401	0.249054870324665
AT3G10290.1	-4.7107856836472	0.284491889204598	-10.3514443126565	0.00018817866097472	0.0193710097501455	0.455084869450287
AT3G11120.1	-2.29977593128862	5.35160881967879	-11.2075788431914	0.000130399068514453	0.0164728131836835	0.205198282650114
AT3G13229.1	-5.35017721048663	-0.572535096479076	-10.5596701726936	0.000171682960782005	0.0185125804470113	0.506661394057717
AT3G13450.1.DE	-2.78467993508201	4.41110573653374	-11.4796186680422	0.000116690866523488	0.0164728131836835	0.24257599625972
AT3G14000.1	-2.08662668042559	2.99470556766602	-8.10085945684406	0.000574897481050153	0.0349304636537399	0.257580901328031
AT3G14600.1.DE	-2.23973250671954	6.35988777033308	-9.04577395258664	0.000348881677657844	0.0267479350338653	0.247599875749613
AT3G14690.1	1.82738877864812	6.26957575586385	8.07048448920606	0.000584697093321184	0.0352981349241595	0.226428634004833
AT3G15140.1	-2.89867242097523	2.15912342609696	-7.58901314089408	0.00077029346559236	0.0411853609277116	0.381956437175668
AT3G15360.1	1.73276242438851	7.86816379237063	7.92058204512607	0.00063608944977657	0.0366874339944072	0.218767057081968
AT3G15400.1	-8.27681234969135	6.66997631649298	-29.5610608536728	1.35289864679592e-06	0.0122546171871668	0.279990369447888
AT3G15720.1.DE	-5.48924698601322	-0.37196588841109	-8.645226111099	0.000428569853775704	0.0293764175398366	0.634945450294927
AT3G16660.1.DE	8.2619341918579	1.26359172260095	17.5717070816126	1.59116687724845e-05	0.0122546171871668	0.470183924275823
AT3G17010.1	-7.5825446893644	-1.60757235557407	-9.97872671756286	0.000222730731633972	0.0208093051017342	0.759870963899521
AT3G17060.1.DE	-7.17221848347411	1.41680806447793	-13.0961803457524	6.32264510936256e-05	0.0146531125048402	0.54765727823841
AT3G17700.1	1.56350386809637	4.63411281207253	7.06855217170238	0.0010561997740978	0.0486726115492601	0.221191529766953
AT3G17760.1	-8.28264528771922	1.8017561808601	-18.9786646358606	1.10620416558125e-05	0.0122546171871668	0.436418760046424
AT3G18660.2	-4.26043654172199	1.88913410903904	-7.54688294184753	0.000789670750857981	0.0415792075372481	0.564529299652686
AT3G18845.1	-6.3087164015968	-2.26765194009694	-10.2320896596351	0.000198492912122089	0.01961987367972	0.616561876552376
AT3G19030.1	5.57098037356907	0.240899703784331	8.68013451144005	0.000420812286302899	0.0290553778551	0.641808069474817
AT3G19100.1	-2.69741297730459	4.77969408604953	-9.20742853716398	0.000321833488619638	0.0254490997189343	0.292960511875494
AT3G19200.1	-5.43227204995827	-3.5102098682286	-7.50985608984368	0.000807183340875297	0.0419206184205918	0.723352349894543
AT3G19210.1	-3.8084866675112	1.1011548669865	-9.86823165230711	0.000234406301798883	0.0213874191283456	0.385934056039392
AT3G19660.1	4.84888818144965	0.0464913155562463	10.6066313775955	0.000168206335102413	0.0182096707457498	0.457156283538996
AT3G19710.1	6.35492520180408	4.62310714434701	21.0541874825812	6.77149116006041e-06	0.0122546171871668	0.301836639721277
AT3G19800.1.DE	1.87528079394418	5.88673107681205	9.27850610714114	0.000310740763747644	0.0251552485928767	0.202110207428853
AT3G20557.1	-5.95119418384662	-3.25498929694378	-8.06402628515849	0.00058680634058185	0.0352981349241595	0.737992904958599
AT3G20865.1	-7.82229054372386	2.97731796273872	-21.1240045071245	6.66619475261664e-06	0.0122546171871668	0.370303393046789
AT3G21310.1	-4.62155369084144	1.42090942768194	-10.276383188235	0.000194587801820876	0.0194928299968787	0.449725706621418
AT3G21720.1	-7.1391273082466	-0.4601399129869	-9.49021791436783	0.000280315632563404	0.0238145318238167	0.752261683837442
AT3G21880.1	-6.55152306195906	-1.00734371188325	-9.60105593590277	0.00026581616888174	0.0229485155166543	0.682375262231303
AT3G21940.1	-7.02259326781291	-2.71335593300552	-10.5273364541665	0.000174126944099	0.0186208372235034	0.667081678104202
AT3G22000.1	-8.3247648468133	-2.06341062914735	-12.6007273519304	7.5681862129805e-05	0.0146531125048402	0.660657485421902
AT3G22060.1.DE	3.43786695267649	3.1586291244132	9.21567325105626	0.00032052269825543	0.0254490997189343	0.373045664599975
AT3G22235.1	4.3377206540028	6.53861072116574	18.711722794294	1.18274640057728e-05	0.0122546171871668	0.23181834733708
AT3G23060.1	-7.05764722784006	-2.69715508745961	-10.402117259738	0.000183995094739193	0.0191067347648956	0.678481798619701
AT3G23570.1	2.47842799942277	4.90110859133305	7.87306078708216	0.000653498010708909	0.0371418317294786	0.314798534705751
AT3G23860.1	-6.70804136237225	-2.87122496835594	-9.87261185281204	0.000233929678390556	0.0213874191283456	0.679459646786537
AT3G24190.1	2.87173443030497	6.6067337827126	8.48512460995272	0.000466421095962911	0.0310204543112854	0.338443400929732
AT3G24225.1	-7.01191838388417	-2.72155237600934	-10.1066414051869	0.000210074891698585	0.0199688262035857	0.693793130949076
AT3G24280.1	-6.16798354167351	-3.14049188582793	-8.92329741288072	0.000371202905532774	0.0273975364292007	0.691222454691477
AT3G24440.1	-1.59045584390767	4.31055297920499	-7.02854991615029	0.00108302251907585	0.0496570375511062	0.226285060628666
AT3G24630.1	-1.90128948641679	3.00821195939977	-7.57109514525904	0.000778464398303685	0.0412563541503133	0.251124764639547
AT3G25150.2	-1.72791140002989	5.66796536235624	-7.84037015097862	0.000665804911630744	0.0374511830808213	0.220386457113153
AT3G25760.1.DE	2.72278311167282	4.5772313979018	10.6932041307137	0.00016201631000851	0.0181146186612384	0.254627432375698
AT3G25810.1	-9.38303923592004	-1.53326302788978	-14.615756355793	3.78334652928561e-05	0.0127424045265976	0.641981092699391
AT3G25980.1	-5.79828277968735	2.1045086191725	-15.2383577051309	3.11084326132511e-05	0.0124814952779407	0.380505753433982
AT3G26050.1.DE	-5.33897985564119	0.982029487374135	-7.50760312703445	0.000808263820579572	0.0419206184205918	0.711143059282906
AT3G26110.1	-6.70529357026944	0.910050360143901	-13.7127862282598	5.09982578681981e-05	0.0142455087172142	0.488981120149816
AT3G26140.1	-10.4908707751233	0.251049165488952	-13.287704129315	5.90831347737907e-05	0.0146531125048402	0.789517186191606
AT3G26170.1	3.8430065262101	3.71254700945599	11.6155249751	0.000110494166908852	0.0163770951857034	0.330850868509885
AT3G26320.1	5.02463508740345	0.392307075654155	11.1176641402119	0.00013535048393231	0.0164728131836835	0.451950609771496
AT3G26330.1	-5.12187771991274	1.36973567298331	-13.5604870894742	5.37318516308002e-05	0.0143711631798026	0.377706028265637
AT3G26450.1.DE	1.90157857790219	5.78399491922366	8.67584615357556	0.000421756153756079	0.0290553778551	0.219180762803003
AT3G26580.1	1.73435067934666	6.3137837177312	8.53158124796745	0.000455039372693978	0.0305761801144443	0.203285959418114
AT3G26610.1	-5.62672355015554	-3.41096383776081	-7.96807526006445	0.000619242468723818	0.0360203705527814	0.706158434315544
AT3G26830.1.DE	4.26301581055503	0.929994662729693	9.12710985255004	0.000334945373139162	0.0261823631077635	0.467071820042132
AT3G27060.1.DE	-3.58722289232877	4.78759812629767	-11.2548383362668	0.00012788398817577	0.0164728131836835	0.318727180715653
AT3G27190.1	-2.04994442991928	3.05942150487065	-7.54225376385641	0.000791835207089689	0.0415792075372481	0.271794677572759
AT3G27330.1	-1.93665086441495	2.98045975244514	-7.324468058768	0.000902171013100696	0.0445065595088609	0.264408397835338
AT3G27640.1	-4.78592682921364	0.154295871555944	-7.44746677312564	0.000837753111328346	0.0427191451030815	0.642624797801553
AT3G28070.1	1.77369898431565	5.19993782683431	8.14540512155828	0.00056087911853326	0.0343871206443329	0.217754544782707
AT3G28315.1	-8.36574235039168	-2.04163828748584	-13.0002154411855	6.54338460003523e-05	0.0146531125048402	0.643507977866928
AT3G28540.1	3.37051340079707	5.3908898698438	12.4663119789777	7.95576688308969e-05	0.0146531125048402	0.270369729754947
AT3G28980.1	-10.0013031259503	4.71278539097054	-23.8116818486757	3.77914114242986e-06	0.0122546171871668	0.420016661969071
AT3G42450.1	-7.01832753683214	-1.47899923774837	-10.1150136634855	0.000209277071991959	0.0199688262035857	0.693852501867377
AT3G42880.1	-9.39555380797904	-1.52664005705037	-14.8708710630168	3.48845612591248e-05	0.0126891428761358	0.631809244271197
AT3G43120.1	-7.14615065311966	0.51426104598379	-14.9454570937728	3.40752940536923e-05	0.0125622715821457	0.478148684799824
AT3G43920.2.DE	-2.35763871218284	4.79688854367245	-8.1986756340522	0.00054464845426978	0.0337694420021224	0.287563359915189
AT3G44042.1	-5.53621446548305	-1.51322628923746	-7.98161754049933	0.000614536845938982	0.0359087139762773	0.693620614792914
AT3G44070.1	-7.48318821104305	-2.48278299857655	-11.4051779330605	0.000120262145344518	0.0164728131836835	0.656122004844077
AT3G44630.3	1.88868176531143	6.53588772082231	8.79121014369137	0.000397223673835517	0.0281471663530045	0.21483751775252
AT3G44705.1	-7.38835002225103	-2.5638777142967	-8.52202696395626	0.000457352722841084	0.0305975843681993	0.866970974569772
AT3G44860.1.DE	4.32802547715925	5.01773687380236	18.5518110634463	1.23166469149211e-05	0.0122546171871668	0.233293960484916
AT3G45730.1	4.20354532134256	1.1152854936364	8.01800552946115	0.000602103205861417	0.0355553765305859	0.524263210582377
AT3G46600.1	1.65143594958345	5.26655851901677	7.06412744344131	0.00105912740394963	0.0487252187304382	0.23377776842301
AT3G46900.1.DE	4.02781761257384	1.98232228012343	8.27780325249679	0.000521564704546325	0.0327852689049039	0.486580496022173
AT3G47250.1	2.7336828072215	5.93181592824515	13.3281062295172	5.82513379775384e-05	0.0146531125048402	0.205106619060954
AT3G48580.1.DE	-3.22683263299419	0.242870318235277	-7.42851419400744	0.000847312116245767	0.0429423428769058	0.434384662763014
AT3G49250.1	-2.47998169092254	3.5155424118804	-9.86984762830873	0.000234230326746735	0.0213874191283456	0.25126848805745
AT3G49300.1	-6.85174487990836	-1.97403000551405	-8.8063417899713	0.000394134313098146	0.0280722523410737	0.778046667199671
AT3G50280.1	-2.03338180524369	3.67635912565305	-8.40943017932181	0.000485705409339123	0.0316241748739394	0.241797810539368
AT3G50740.1.DE	6.43658052848208	3.73954367558128	13.3570622268089	5.76638619811019e-05	0.0146531125048402	0.481885943120281
AT3G50840.1	4.58294496107628	2.43984537260669	12.8426288832811	6.92636068110794e-05	0.0146531125048402	0.356854114739894
AT3G51000.1	-1.51613868277759	6.94315433740802	-7.38938938511232	0.000867460535350244	0.0435021890898714	0.20517780343694
AT3G51230.1	-5.44497103562179	0.0375940620562391	-8.06181487730349	0.000587530677323014	0.0352981349241595	0.675402638052515
AT3G51300.1	-4.8828289524162	1.83620150312868	-10.1114951891765	0.000209611914720898	0.0199688262035857	0.482898805870259
AT3G51660.1	3.10608041681121	1.78122506807176	7.79832856615212	0.000682042054992921	0.0382069595528991	0.39830078849112
AT3G51670.1.DE	-1.85313892702129	5.84845711958972	-9.23085859067822	0.000318125167246011	0.0254490997189343	0.200754773655907
AT3G51750.1	2.23182836605357	2.30344560265185	7.57095315339345	0.00077852956163167	0.0412563541503133	0.294788294265594
AT3G52430.1	2.55853198718828	4.72234703611122	11.7467746989046	0.000104881859344442	0.0162975510741017	0.217807189868624
AT3G52590.1	-2.14537953235981	7.87768204841859	-8.16033221945791	0.000556273375083459	0.0343341491983074	0.26290345474468
AT3G52930.1.DE	-1.68394864714076	8.17227620873518	-7.466205940873	0.000828428109978348	0.0424818557675175	0.225542753639054
AT3G52980.1	-7.38158402505127	-2.53588730598174	-10.8505277422798	0.000151453579638589	0.0174110864595145	0.68029723533985
AT3G53190.1	-5.69452870023112	3.92604450896078	-8.63572314255954	0.000430711259958932	0.0294492077266657	0.659415384933626
AT3G54820.1.DE	-3.24794883088655	4.58699551150241	-12.7629522115457	7.13025378344608e-05	0.0146531125048402	0.254482566184677
AT3G54970.1	-1.94396125178543	2.74408988385424	-7.07622478630161	0.0010511460219096	0.0485930547219975	0.274717283649414
AT3G55590.1	-5.63832041012578	-2.16803614732485	-8.02997754918559	0.00059807836513779	0.0355553765305859	0.702158925798942
AT3G55880.2	4.2411854499517	3.35219940164211	11.370239550688	0.000121983577691101	0.0164728131836835	0.373007572183919
AT3G56400.1.DE	1.95375158362095	5.98485798464074	7.84396975813611	0.000664436285097635	0.0374511830808213	0.249076888853942
AT3G57510.1	-8.76875660078122	-1.01466265348526	-11.9540070142229	9.67022569214203e-05	0.0157031801849599	0.733541195880858
AT3G57810.2	-2.26593900777291	5.41518982235925	-9.49875360101098	0.000279165831893267	0.0237997595621257	0.238551193446237
AT3G58000.1	-2.23143161759381	1.652596721048	-7.10926717111698	0.00102970876247653	0.0480196320497815	0.313876460665245
AT3G58310.1	-8.85170062398933	-1.80142161598678	-12.9065015467979	6.76796428069255e-05	0.0146531125048402	0.685832686099623
AT3G58750.1	-1.49523298808715	5.81447768044667	-7.26623464420334	0.000934724850790047	0.0456175825660166	0.205778241593118
AT3G58770.1	-3.42656327504228	0.541969554614297	-8.42933200487033	0.000480544048073022	0.0315870471452811	0.406504723394745
AT3G59530.1	-5.10378990106753	4.60068771107201	-16.5443176980433	2.11343205678244e-05	0.0122546171871668	0.308492014854813
AT3G59550.1	-4.14347068831003	0.724610419705697	-7.09754132327292	0.00103725603240965	0.0482067833392976	0.583789582840967
AT3G60520.1	1.73466969873293	3.84757742778023	7.24296016876801	0.000948126867288851	0.0459428935461938	0.23949734063331
AT3G61210.1	3.15871713926657	4.213597469516	11.5275884298659	0.000114457046888602	0.0164728131836835	0.274013698397048
AT3G62250.1	-2.12216219863224	7.80386426998876	-8.51576051237401	0.000458877651373431	0.0306079247117813	0.249204072325494
AT3G63480.1	-3.14703682310386	0.835397362497155	-7.78499738092658	0.000687289358383439	0.0382241260925655	0.40424378700681
AT4G00160.1	-7.32725233862654	-2.56176013300704	-10.9739279108059	0.000143744032826537	0.0168303903842951	0.667696416286046
AT4G00700.1	5.03811773446497	2.25587932452074	14.4985309464469	3.92888514708881e-05	0.0127599899640154	0.347491601257688
AT4G01380.1	5.67048457857054	-1.77076884122516	9.11804102596838	0.000336465751455834	0.0262260633299046	0.621897243324622
AT4G01525.1	-4.15706777582971	3.31463786138506	-12.3816260411889	8.21224486066248e-05	0.014741793695878	0.335744898287249
AT4G02410.1.DE	3.94478260909684	4.24472352168314	15.2263321960605	3.12239530998673e-05	0.0124814952779407	0.259076352617439
AT4G02920.2	2.23031544211385	7.54773593018206	9.78779008630734	0.000243370292420063	0.0216266610668135	0.227867110190068
AT4G03290.1	-6.45452931212622	2.14451240433716	-16.7827455490207	1.97574117769136e-05	0.0122546171871668	0.384593170007445
AT4G04077.1	-10.0238775933806	0.726700369608708	-18.7070989842571	1.18412757090626e-05	0.0122546171871668	0.53583281949896
AT4G04080.1	-7.12241320784309	-1.85194704437295	-8.33430536986834	0.000505796284682376	0.0325439350057073	0.854589901828328
AT4G04330.1	2.72252014697602	2.8824034887452	9.40864547134689	0.000291595533602269	0.0242531029030595	0.289363666137404
AT4G08150.1	-8.0961377783637	1.7156385863669	-13.573023433809	5.35002772607537e-05	0.0143711631798026	0.596487423590316
AT4G08550.1	-7.37844998269887	-2.53555530848024	-11.1689409923602	0.000132499618052612	0.0164728131836835	0.660622165319513
AT4G08850.1.DE	2.59528390569418	6.5864755494169	12.5920426244127	7.592531153047e-05	0.0146531125048402	0.206105076285446
AT4G10120.1.DE	3.08196880404006	7.89637059310903	10.2850728915759	0.000193832547183749	0.0194928299968787	0.29965454173537
AT4G10260.1	-7.32677986295903	0.875181603338183	-16.3735367317192	2.21920840375899e-05	0.0122546171871668	0.44747692468698
AT4G10290.1	-6.69253479141535	-0.130820426997152	-13.7027397723705	5.11733387444373e-05	0.0142455087172142	0.488408515566342
AT4G10595.1	-6.50860686780705	-2.97586210890512	-8.98427138225817	0.000359883009077259	0.0271696501508248	0.724444597773396
AT4G11050.1	-5.13717423778952	-0.665876304388342	-10.2449123444606	0.00019735280299251	0.0195781157034133	0.501436621911866
AT4G11320.1.DE	-6.26838320976197	4.62568094369151	-11.30045912414	0.000125511261160978	0.0164728131836835	0.554701640075092
AT4G11330.1	2.49726153225978	4.26450896252705	7.26199122723374	0.000937151375103608	0.0456543333289313	0.343881100116813
AT4G11900.1	2.12755882321778	4.72497226339156	9.83134608681141	0.000238466535671585	0.0216066270268837	0.216405648263351
AT4G12470.1	8.05691941349242	-2.15548032339081	12.0621691557955	9.2738463263059e-05	0.0152409519052983	0.667949463270571
AT4G12890.1	-8.24008442257104	-1.30198329463545	-13.8823470355863	4.8149390322861e-05	0.0139740799723189	0.593565655825216
AT4G13510.1.DE	2.25597867700584	4.51036034187059	8.00921367498961	0.000605079562230746	0.0355758093474504	0.281672929272769
AT4G13710.1	-4.39306026030244	3.45866356662644	-14.3889247119112	4.07110997053834e-05	0.0129144129193322	0.305308447174363
AT4G13770.1.DE	3.45971207651974	7.17224926678822	13.1732602453428	6.15181558684585e-05	0.0146531125048402	0.262631422448582
AT4G14320.2	-2.33931727061251	6.32567291315434	-8.36671778164776	0.000497008382055491	0.0322063792656909	0.27959796561368
AT4G14368.1	-8.50690375229032	-0.736063567329786	-11.4902699751103	0.000116190367205982	0.0164728131836835	0.740357169215134
AT4G14370.1	4.41552659621905	-0.83429517758945	8.05390663045174	0.000590129756808689	0.0353055480164426	0.548246558946188
AT4G14400.1.DE	6.08660011368224	7.54527927920621	21.1942087501864	6.56230131062436e-06	0.0122546171871668	0.287182229137415
AT4G14970.1	-2.84827945554286	2.06141817884753	-8.06901643822357	0.000585175760511326	0.0352981349241595	0.352989670717529
AT4G15210.1.DE	-4.1548279334109	6.71290497864421	-9.4673909580226	0.000283418574180286	0.0238640188957173	0.438856697883605
AT4G15910.1	-3.6606784505071	3.80289940456226	-7.45774378701846	0.000832623620560019	0.0425370880009324	0.490856022283732
AT4G16155.1	-1.97580028183804	5.46954014224897	-8.24048135037784	0.000532303538324186	0.0331547324863519	0.239767581264831
AT4G16260.1.DE	7.43528618799678	0.300846062327093	12.4634473238187	7.96428372943449e-05	0.0146531125048402	0.596567385797613
AT4G16550.1	-8.0243959811368	-2.21266051911146	-12.3316683189364	8.3682154244391e-05	0.0148242392853327	0.650714548396879
AT4G16880.1	1.85430995480865	4.89102914419866	8.98913107345044	0.000358998735203803	0.0271696501508248	0.206283559518382
AT4G16960.1	2.8469961611144	2.24685719998699	9.07651686906752	0.000343533835690537	0.026659654647085	0.313666156542591
AT4G17085.1	-2.38407172626017	2.15393218531601	-8.01118208608535	0.000604411658352713	0.0355758093474504	0.297593001961729
AT4G17190.1	-2.86934593563001	4.65215029576802	-12.8194393979289	6.98496992785179e-05	0.0146531125048402	0.22382772339433
AT4G18250.1	5.54157543462341	2.11152455164676	11.6361504522091	0.000109588704877499	0.0163371008620931	0.476237863835057
AT4G18590.1	-1.75623031684166	3.80851797904193	-7.59481283753925	0.000767670679388561	0.0411853609277116	0.23124076319051
AT4G18960.1	-8.08196051261139	2.48121575200926	-15.5446004276768	2.83329774770738e-05	0.0124814952779407	0.519920762853553
AT4G19230.2	-2.35316303099405	3.37244660909419	-8.97955152919102	0.00036074433888131	0.0271696501508248	0.262057968412377
AT4G19370.1.DE	4.04464213009564	1.5064152000038	11.083910558703	0.00013726739472776	0.016490093043675	0.364911112253593
AT4G20160.1.DE	-7.23751559876739	-0.874693732657744	-7.78368923421117	0.000687806855689466	0.0382241260925655	0.929831006993032
AT4G20420.1	-7.54736877283194	3.15529985994136	-15.3456260559772	3.01004536168321e-05	0.0124814952779407	0.491825406490485
AT4G20700.1	-5.21374393748511	-2.8010226914655	-7.35674235719729	0.000884712160280538	0.0441240081254358	0.708702804086155
AT4G20790.1	-6.04879429240782	-3.20074391070388	-8.68756732204431	0.000419182313087025	0.0290553778551	0.696258695694855
AT4G21320.1.DE	-2.65034740817852	1.36313494481077	-7.68554959304738	0.000727994178652109	0.0400622291944134	0.344848130389546
AT4G21820.1	-5.51161331390093	1.30633780984182	-11.135227310631	0.000134365784747166	0.0164728131836835	0.494970884755887
AT4G21903.2	4.3932008248972	0.44677179082078	8.41567748990222	0.000484078107478547	0.0315936240433546	0.522025806023164
AT4G22690.1.DE	4.25645113016918	5.947769886928	17.8274815195334	1.48633820980903e-05	0.0122546171871668	0.238757848409795
AT4G22753.1	-2.10696038109911	4.79747415764832	-7.63403423877993	0.000750211058361705	0.0406888824715023	0.27599566824
AT4G22890.1	1.63636710052311	8.51032598827953	7.14883803906559	0.00100471831166446	0.0472676646305399	0.228899730499
AT4G23130.2	4.46924664441847	2.64699431779739	11.3535705468595	0.00012281530526962	0.0164728131836835	0.393642389940026
AT4G23150.1	6.85144390611096	1.6847539530076	14.7054173488635	3.67640057152118e-05	0.0127424045265976	0.465912917911198
AT4G23260.1	7.04569422374168	3.67504101617382	20.90654276292	7.00085648732946e-06	0.0122546171871668	0.337009055186206
AT4G23810.1.DE	2.68468682802953	3.2871616112945	8.94945172776815	0.000366295794586703	0.0273975364292007	0.299983385540764
AT4G23900.1	-2.84953423333249	4.08017180473914	-12.5371557714881	7.74858941363653e-05	0.0146531125048402	0.227287136354553
AT4G24510.1	-1.75133770268846	6.01155062365593	-8.06028615421096	0.000588032029167323	0.0352981349241595	0.217279842077753
AT4G24710.1	-3.67243588995938	1.3150054700771	-10.1772838680829	0.0002034559627136	0.0198901613171764	0.360846365057829
AT4G25300.1	1.90200102666479	3.36080205761343	7.8462012348525	0.000663589532175225	0.0374511830808213	0.242410431460282
AT4G26330.1	-6.26796141986372	-3.0933957126399	-8.73206744502735	0.000409580392132436	0.0286506735327307	0.717809551898632
AT4G26440.1	-7.34715512752199	-1.72243777837124	-10.6317145912233	0.000166384056330846	0.0181880171245741	0.691060229700598
AT4G26760.1.DE	-3.72784067953641	4.45429748903168	-13.6361717073173	5.2351905575972e-05	0.0142821233601809	0.27337883091748
AT4G26850.1.DE	1.89153651575763	9.44213925625766	7.43661799121031	0.000843208992193391	0.0429171352910968	0.254354401152961
AT4G27030.1	2.13830815733843	4.53477552557132	7.48558017244003	0.00081891713784805	0.0420732173966716	0.285656970879976
AT4G27170.1	-6.28417723655752	-3.08823853794412	-8.61667473351537	0.000435042374363195	0.0296709775375058	0.729304218959852
AT4G27310.1.DE	1.62969677124143	6.20683050040198	7.75486802233655	0.000699327496339715	0.0387771411130971	0.210151451520177
AT4G27570.1	-7.48604176343842	1.55077564443319	-17.8033654394681	1.49585884475678e-05	0.0122546171871668	0.420484643136218
AT4G27590.2	-5.05413708516843	0.180782831391234	-9.68374229100443	0.000255583206291199	0.0223165238675514	0.521919825341015
AT4G28490.1	3.03061250947586	5.01419515161929	10.2761608720679	0.000194607170486886	0.0194928299968787	0.294916802802641
AT4G28500.1	-3.61833400874556	1.19274865839729	-7.53276625026205	0.000796293457836263	0.0416162487035078	0.48034598294082
AT4G28530.1	-6.52065278254033	-1.23084308607712	-7.55023615748342	0.000788107307915197	0.0415792075372481	0.863635606427672
AT4G29360.1	-4.53314521888674	3.69983881625729	-13.2236646752912	6.04310890266062e-05	0.0146531125048402	0.342805518001151
AT4G29700.1.DE	-4.95999213986895	4.19603470147846	-11.1465087271016	0.0001337378221052	0.0164728131836835	0.44498167644271
AT4G29710.1	-4.26718464604194	-1.87572629494393	-7.29532249005738	0.000918291871990709	0.0450273057584638	0.58492063261872
AT4G31500.1	2.68349987695538	7.10293109322173	12.5792940689671	7.62843879645216e-05	0.0146531125048402	0.213326746496493
AT4G32280.1.DE	5.91127786372904	1.28327234361568	14.8195013134816	3.54554220074782e-05	0.0127270969445528	0.398885073032212
AT4G32510.1	-7.90317518295267	1.19765958097985	-15.7466192070343	2.66649027999775e-05	0.0124814952779407	0.501896634384997
AT4G32780.1	-3.98210796803233	-0.89922712191011	-7.54767302460382	0.000789302039872829	0.0415792075372481	0.527594128024822
AT4G32830.1	-5.15752071889298	2.25192704766035	-14.545691262283	3.86953684350172e-05	0.0127599899640154	0.354573778990239
AT4G33010.1.DE	2.82232189704124	11.0279004752779	7.34457211878438	0.000891247888829435	0.044207515736647	0.384273154568515
AT4G33070.1	-5.83121017643782	-0.375133300985244	-7.01710667053246	0.00109084449585127	0.0497647636978571	0.830999220936076
AT4G33355.1	-9.05138169674514	2.81896078662664	-21.6016386375537	5.99651142202299e-06	0.0122546171871668	0.41901366135297
AT4G33390.1	-7.00328976524637	0.262231725085053	-14.6809818544291	3.70518146904761e-05	0.0127424045265976	0.477031429824535
AT4G34510.1	-7.78665679164572	1.34863535875613	-12.5492729448843	7.71380730301458e-05	0.0146531125048402	0.620486686825942
AT4G34950.1.DE	3.58045742827911	4.68053522600146	15.0211881282329	3.32766457625073e-05	0.0124814952779407	0.23836046774153
AT4G35090.1.DE	2.84560680575759	9.86713960759791	8.29841033602917	0.000515746479548589	0.0327367884251943	0.342909869544873
AT4G35270.1	2.41912245707335	5.19542712156834	10.8436970238117	0.000151894673119184	0.0174110864595145	0.223090192557131
AT4G35610.1	-7.63339621905265	-1.58014036926691	-10.3996432303694	0.000184196739238575	0.0191067347648956	0.734005585572524
AT4G36040.1	2.57458200016786	7.59720341773957	9.4583422477835	0.000284659991924744	0.0238947976606121	0.272202245670608
AT4G37110.1	-2.35783189357235	3.11636344253211	-8.11147552207562	0.000571518943186641	0.0348159475011218	0.290678543891976
AT4G37420.1	-6.85307985530006	-1.5578109201973	-9.30998309572503	0.000305975146192254	0.0248431784621157	0.736100139477897
AT4G37690.1	-2.66092143316934	2.05618952995251	-7.15086682599735	0.00100345667679467	0.0472676646305399	0.372111731055516
AT4G37730.1	-3.38774389836865	1.1667869441588	-8.88215712795063	0.000379082184924252	0.0273975364292007	0.381410039201851
AT4G37840.1	-8.71986092474483	-1.8665107808283	-13.0088588757423	6.52312656014043e-05	0.0146531125048402	0.670301754214951
AT4G38070.1	-6.68807058240193	1.22286615351706	-14.1390400624247	4.41925103546578e-05	0.0137001803975616	0.473021545513252
AT4G38340.1	4.02826395133254	0.500302142525996	7.32601896505326	0.000901322691847502	0.0445065595088609	0.549857155782459
AT4G38480.1	-2.72244576010398	2.0259278671709	-8.90026793996145	0.000375589102633644	0.0273975364292007	0.305883573221479
AT4G38550.1	4.86869172986942	4.71306297140042	10.9373490471781	0.00014597908958662	0.0170130330017314	0.445143673194336
AT4G38660.1.DE	-4.99884615708583	3.91081034666158	-7.4906481815491	0.00081645076869562	0.0420256479637457	0.667344939440481
AT4G39590.1	-6.7633183027197	-2.02207013100797	-8.30242573732398	0.000514621830708801	0.0327367884251943	0.814619548153843
AT4G39860.1	-3.05305966170413	4.94102841353322	-9.15775550440694	0.000329868270605775	0.0260090644231103	0.333385146637178
AT5G01220.1.DE	1.98803708706744	5.74567160458466	9.69376174632161	0.000254375619297826	0.0223165238675514	0.205084170530787
AT5G01740.1.Hnull	-2.34177723567288	-0.10637102382735	-7.4304937524288	0.0008463076269337	0.0429423428769058	0.315157688532801
AT5G02520.1	-3.3774445437665	1.36229550868262	-9.70644516334387	0.000252856768104533	0.0223165238675514	0.34795895788103
AT5G03480.1	-7.08189419699684	-1.44647601454864	-8.31685840927922	0.000510603642524315	0.0327367884251943	0.851510732597719
AT5G03590.1	-5.3883241644988	-3.5327593204715	-7.39550714139482	0.000864272588545767	0.0434221371788528	0.728594275075304
AT5G03740.1	-1.88981887054977	5.88176931764132	-7.57845912726995	0.000775093813479304	0.0412563541503133	0.249367165384522
AT5G04160.1	-2.79812959060743	4.03913510748861	-8.90789958278787	0.000374128729538985	0.0273975364292007	0.314117774297104
AT5G04440.1	1.55566277049421	5.88009135162714	7.78332000792482	0.000687953004341836	0.0382241260925655	0.19987136195226
AT5G05870.1	2.72045899880721	2.63253466758067	9.82106384441251	0.000239613383973369	0.0216066270268837	0.277002475689532
AT5G06790.1	2.0411295379905	2.31708941770427	7.50804334001938	0.000808052566741381	0.0419206184205918	0.271859051094028
AT5G07580.1	2.61996885905682	5.18841076229247	9.99666882349362	0.000220901405891275	0.0207657186517645	0.262084190775582
AT5G07690.1	4.8277297716298	2.2388323486201	15.0094761704194	3.33986714302874e-05	0.0124814952779407	0.321645453633104
AT5G08030.1	-5.53869770791103	0.876251769608654	-12.2737711127827	8.55345811792608e-05	0.014862859293958	0.451262913167955
AT5G09610.1	-5.96393217923335	-3.24536273690544	-8.35098262931274	0.000501251586601864	0.0323288947944911	0.714159332375975
AT5G09910.1	-4.35911112901192	-0.608184013027441	-8.99593740809919	0.00035776462355396	0.0271696501508248	0.484564412941262
AT5G10080.1	-4.11400369016262	1.61802636848511	-11.4088987613219	0.000120080545114227	0.0164728131836835	0.360596037902429
AT5G10180.1.DE	2.57620902827694	5.85533378856872	7.98117360657556	0.000614690422892177	0.0359087139762773	0.322785739951132
AT5G10200.1.DE	-2.48103998954871	4.0830010022806	-11.1554998767449	0.000133239869621753	0.0164728131836835	0.222405093179262
AT5G10380.1	3.6049672207044	5.90559935206678	8.67977265504605	0.0004208918330416	0.0290553778551	0.415329682466813
AT5G10410.1	2.40111179141127	2.0258224921358	7.67572761199172	0.000732168753845555	0.0401593881080359	0.312818785760458
AT5G10770.1	1.90972325131294	5.86261715451427	7.70064822685415	0.000721632242514064	0.0398519214737372	0.247995129118253
AT5G11670.1.DE	2.41152973940436	7.77669389575947	10.3039806920925	0.000192201332309127	0.0194928299968787	0.234038650834723
AT5G12110.1	-1.742935522292	3.5256498440226	-7.03089046596876	0.00108143089753389	0.0496570375511062	0.247896839060178
AT5G12180.1	-6.30084346902317	0.997354323284676	-11.7511210979705	0.00010470194835638	0.0162975510741017	0.53619083800535
AT5G13960.1	-3.06462772302324	3.0612471009536	-11.3849040119953	0.000121257466403103	0.0164728131836835	0.269183448520454
AT5G14780.1.DE	2.33656748868557	7.31586342141482	7.22183922354837	0.00096048775954604	0.0462865037112019	0.323541886818346
AT5G14870.1	-4.70703257955613	0.860900040642629	-8.28235957301358	0.000520271530079441	0.0327795094967604	0.56832023991002
AT5G14930.2	2.03015724441854	3.57914020029721	8.65099632351734	0.000427275813655462	0.0293614898547473	0.234673229359681
AT5G14980.1	-7.07026568037053	-0.509246175453652	-13.0305039912322	6.47272633161848e-05	0.0146531125048402	0.542593416580652
AT5G15630.1	-3.26313631630954	2.60073541217088	-9.0041758726903	0.000356277638618037	0.027149749327203	0.362402552154345
AT5G16100.1	-6.93631925258063	-1.17147222565004	-12.1469286325071	8.9768389830863e-05	0.0152164670998611	0.571034823899267
AT5G16130.1	-2.49290161949248	6.97297739137479	-10.4928192854802	0.000176782260213606	0.0186208372235034	0.237581678638277
AT5G16570.1	4.59508613947114	4.71192657508008	11.2370130567043	0.00012882571153077	0.0164728131836835	0.408924161276969
AT5G16690.1	-3.94805940393006	1.12522174426788	-7.256394405686	0.000940363329099698	0.045729147916522	0.544080046260498
AT5G17340.1.DE	-10.8143301790834	-0.817148203573617	-17.3560916516777	1.68653159359889e-05	0.0122546171871668	0.623085565351807
AT5G17480.1	-10.375412674078	-1.03765031801422	-15.3268339805691	3.02741613213172e-05	0.0124814952779407	0.676944285247149
AT5G18470.1.DE	2.62558710074389	2.80110060903465	9.42898793003255	0.000288732355366313	0.0241622925973877	0.278459058408703
AT5G19360.1	-7.00469014006745	-0.76446972741008	-12.7389366474052	7.193122183976e-05	0.0146531125048402	0.549864587127392
AT5G19880.1	-3.45756678689393	-0.179387444849674	-7.16902116392773	0.000992250832326553	0.0472418760151845	0.482292729765023
AT5G20230.1.DE	-2.66475233047928	5.01216457712589	-9.05271156690897	0.000347666182488322	0.0267479350338653	0.294359575115587
AT5G20410.1	-1.92913974653709	4.69600668346851	-8.47888179725323	0.000467976422651358	0.0310204543112854	0.227522896611442
AT5G20790.1.DE	-2.76468965518345	0.726102613314951	-7.22109217031546	0.000960928477700165	0.0462865037112019	0.382863089125016
AT5G20850.1	-3.71492175196044	0.697991632478471	-9.58411206507426	0.000267973381752172	0.0230062170127401	0.387612511908964
AT5G21080.1	-10.3683632062148	-1.0401584414394	-16.5674555694813	2.0995735324714e-05	0.0122546171871668	0.625827132158677
AT5G22390.1	3.17761639600046	2.84171476836427	10.4216798061887	0.000182409964908526	0.0190663841098448	0.304904435282449
AT5G23010.1.DE	5.43745268294136	5.5664836251847	16.6737857774092	2.03727860242895e-05	0.0122546171871668	0.326107865096145
AT5G23510.2	2.66674650812358	3.35940955960038	7.2123755192225	0.000966088675901365	0.0464011710691288	0.369745931977077
AT5G23535.1	-2.43700662985184	3.82372152269283	-7.88945921743792	0.000647427093811275	0.0370479161162828	0.308894001817687
AT5G23910.1	-5.30783146549731	2.16898795748271	-13.3517349817926	5.77714065638523e-05	0.0146531125048402	0.397538707346683
AT5G25090.1	-7.91249771231458	1.027412872237	-16.1735982298517	2.35127527511432e-05	0.0122546171871668	0.489223090611368
AT5G25380.1	-7.33274151377466	-2.55809138013474	-11.1337739154218	0.00013444694333061	0.0164728131836835	0.6586034142132
AT5G26680.1	-2.79874285389115	3.13375055433398	-9.39199940463546	0.000293963821933739	0.0242638096215909	0.297992230760771
AT5G27680.1	-3.02823786299679	2.09367895019604	-9.92846055859774	0.000227953444098077	0.0211523738382301	0.305005780616657
AT5G27850.1.DE	-2.39311609128637	7.75321657640733	-7.84313021342552	0.000664755191976109	0.0374511830808213	0.305122575574474
AT5G29560.1	-7.08615205274725	-1.86024441360615	-10.9805953956078	0.000143341079099613	0.0168303903842951	0.645334045873478
AT5G33370.1	-10.3144313330586	5.09513673517903	-29.5705692544351	1.35083130886783e-06	0.0122546171871668	0.348807330839991
AT5G35110.1	-8.74664143846855	-1.03083230278009	-13.7382066271027	5.05584665204582e-05	0.0142455087172142	0.636665445198153
AT5G35450.1	2.43886797383678	4.01708331926014	9.96293576549652	0.000224355801431401	0.0208895925558022	0.244794108006098
AT5G35600.1	-5.49531431778251	-1.51749162146188	-8.76427076926032	0.000402795912723924	0.0283945098062568	0.62701329779275
AT5G38035.1	-5.15927485518461	-2.82224491586213	-7.53751000289922	0.000794060596272359	0.0415792075372481	0.684480001114447
AT5G38490.1	-5.56043601425511	-3.44787000099442	-7.60521781414422	0.000762991950863471	0.0411853609277116	0.731134354089607
AT5G38660.1	1.56933992096261	6.72822968489863	7.38102592352312	0.000871841463968439	0.0436416641807761	0.212618128864873
AT5G39670.1.DE	4.20918345721737	1.82213243348137	12.3351821852213	8.35712902104412e-05	0.0148242392853327	0.341233991846539
AT5G40030.1	-5.35324791654692	-0.305310666665942	-10.7220367894476	0.000160015778914233	0.0179645698130008	0.499275279657263
AT5G40260.1	-9.37537528274412	1.0223009675003	-18.8921291044404	1.13034390509569e-05	0.0122546171871668	0.496258268769747
AT5G40730.1	-6.01222262212121	1.7206239571256	-15.8483368522786	2.58699205643669e-05	0.0124814952779407	0.379359845651995
AT5G40780.1	3.22171710211609	4.82005283307067	11.1734849794267	0.000132250483306874	0.0164728131836835	0.288335922771464
AT5G42020.1	-1.8080104540452	7.80573186481304	-8.2867984109021	0.000519015389191276	0.0327760621123315	0.218179611038514
AT5G43070.1	-2.23492677423442	3.24649069084643	-8.89994499399004	0.000375651051370229	0.0273975364292007	0.251116919907216
AT5G43080.1	-3.60778268028814	1.31045654328773	-9.99074844941885	0.000221503028762269	0.0207657186517645	0.361112352948692
AT5G43340.1	-9.61376518115031	-0.186965522605524	-13.4048759048014	5.67093327971665e-05	0.0146531125048402	0.717184198453254
AT5G43780.1	2.89505490923283	5.87065853470804	11.9821389957399	9.56520095442322e-05	0.0156256435471629	0.241614198455061
AT5G43990.2	-3.47413055113973	3.11867396908108	-12.5602002449286	7.68260178133682e-05	0.0146531125048402	0.276598341060882
AT5G44568.1.DE	4.59364164820223	1.28363286742325	10.6686774327519	0.000163741777816757	0.0181586969130852	0.430572737544782
AT5G44620.1	-11.1667994215128	1.31311245773046	-18.1891880444383	1.35194874646247e-05	0.0122546171871668	0.613925118275266
AT5G44630.1.DE	-10.1424946026911	1.58919523642219	-16.1875596107997	2.34175071050277e-05	0.0122546171871668	0.626561065815283
AT5G45040.1	-2.26991049054874	2.42449036500307	-7.78710374971891	0.000686457065734856	0.0382241260925655	0.291496115051848
AT5G45650.1	2.34069983624813	5.43325421239214	7.35106688863206	0.000887752885416866	0.0441804020324487	0.318416343057341
AT5G45810.1	-5.24651137866351	-0.0521853122583789	-11.2697627170922	0.000127101883549288	0.0164728131836835	0.465538761584256
AT5G45875.1	-7.52101217672755	-2.46632221310256	-11.0562553573306	0.000138862342064048	0.016490093043675	0.680249499821916
AT5G46200.1	-7.97850746675748	-0.663985012110065	-13.4675171232765	5.54874303813686e-05	0.0146531125048402	0.59242601243609
AT5G46290.3.DE	-1.73855007460478	6.70824759875818	-7.83290832967108	0.000668652764589191	0.0375339836846867	0.221954605037205
AT5G46970.1.DE	-8.21242001022553	-2.12267002837321	-11.6674385991473	0.000108232130056867	0.0162975510741017	0.703875142812042
AT5G46990.1	-8.87013149905724	-1.79174200994703	-13.0858320795062	6.34601221837308e-05	0.0146531125048402	0.677842375262391
AT5G47220.1.DE	3.70851913936487	3.35759428136456	14.0523244627015	4.54837899709473e-05	0.0137280725073462	0.26390787867219
AT5G48230.2	-2.58312780725017	6.0817359041567	-11.2386231094922	0.000128740309328035	0.0164728131836835	0.229843796885444
AT5G48420.1	-5.53643772194575	-3.45950564747868	-7.59064125979876	0.000769556104786929	0.0411853609277116	0.729376811846925
AT5G48820.2	-5.82604067226375	-0.0520234177432989	-12.4495853725152	8.00565180779698e-05	0.0146531125048402	0.467970659097278
AT5G49010.1	-2.49717275823706	1.55353218049887	-7.50082842887875	0.000811523266620064	0.041996036794382	0.332919594404101
AT5G49240.1	-7.5424685804607	-2.45334355035652	-11.5076237901549	0.000115380439904372	0.0164728131836835	0.655432321911103
AT5G49270.1	-6.89121212443293	-0.821111914167594	-11.3177896447212	0.000124623804771486	0.0164728131836835	0.608883213132266
AT5G52740.1	7.05478266515003	0.0396893778175988	12.5717433711297	7.64980254567622e-05	0.0146531125048402	0.561161841829428
AT5G52920.1	-1.70909223774872	7.39644172054921	-8.01793967807227	0.000602125433713232	0.0355553765305859	0.213158530292116
AT5G53510.1	-7.29880808510395	0.176322169894124	-12.547177850579	7.71980776853205e-05	0.0146531125048402	0.581709143842824
AT5G53680.1	-6.27053013580776	-3.09003517309244	-9.07391314672988	0.000343982934488249	0.026659654647085	0.691050270639584
AT5G54160.1	-2.03173399215693	7.45438489121441	-8.02096025273298	0.000601106861270212	0.0355553765305859	0.253303086929605
AT5G54970.1	-3.92577913762038	2.20674164362945	-10.6277163157748	0.000166672932852297	0.0181880171245741	0.369390659383079
AT5G55120.1	-2.35031896374234	5.91058268540016	-11.3618103592119	0.000122403316521884	0.0164728131836835	0.206861309019891
AT5G55180.2	-5.90962678858207	3.86527476634039	-17.3137748582972	1.70604929117332e-05	0.0122546171871668	0.341325149307346
AT5G55320.1	-7.60583659557674	-2.42429391991183	-11.124656150643	0.000134957432635764	0.0164728131836835	0.683691836635971
AT5G55400.1.DE	-2.22125697547168	4.30961704906057	-9.31304977859062	0.00030551555350948	0.0248431784621157	0.23851015814154
AT5G55520.1	-6.7589170828008	1.71930364800513	-14.0871107194683	4.49603986069911e-05	0.0137280725073462	0.479794417563568
AT5G56490.1	-6.31599809625679	0.278033060354592	-10.2627644873411	0.000195778579199618	0.0194928299968787	0.61542853332038
AT5G56510.1	-7.8513575163433	-0.0832058858168498	-14.5069899299269	3.91815973003746e-05	0.0127599899640154	0.541212033252087
AT5G56840.1	2.16379856588605	3.84589114463112	8.47689161515397	0.000468473559482775	0.0310204543112854	0.255258491451969
AT5G57200.1	-7.26891868688868	-1.35049818390327	-9.80276352996577	0.00024167096812967	0.0216066270268837	0.741517294043515
AT5G57760.1	3.99563775487151	-1.64617190495295	8.88310146114341	0.000378899089017965	0.0273975364292007	0.449802107107443
AT5G58770.1.DE	3.12735631022764	4.61772259214794	10.9898655930332	0.000142783083225515	0.0168303903842951	0.284567293726519
AT5G58782.1	-6.53381561652779	-2.95740649391774	-9.6374952220934	0.000261247088268177	0.0226977127867648	0.677957857924474
AT5G59620.1	-3.84495321838562	-1.55602295173901	-7.10411033252741	0.00103301983192934	0.0480918328240005	0.541229378263008
AT5G59690.1	-2.73779160415322	6.43305194327613	-11.0582121065544	0.00013874876120584	0.016490093043675	0.24757995033668
AT5G59850.1	-2.56261361025517	6.4191462523502	-8.69064140257364	0.000418510396758133	0.0290553778551	0.294870480963152
AT5G60150.1	-7.01018534904002	0.620104581718605	-12.6270324807407	7.49501928283148e-05	0.0146531125048402	0.555172829382697
AT5G61160.1.DE	6.76390112085762	-2.00173607392117	7.40468621153998	0.000859515602177255	0.0432628139169699	0.913462222115001
AT5G61320.1	-5.34688370267077	-1.58874393915453	-8.92797417989684	0.000370319684318231	0.0273975364292007	0.598891035629378
AT5G61850.1	-7.92321432424515	-2.26275140600859	-12.2377980651345	8.67104192404834e-05	0.0148949859017337	0.647437903622419
AT5G61940.1	-2.72370782885366	2.06885082149598	-8.86517029190036	0.000382393931548828	0.0275253003867641	0.307236944037293
AT5G62430.1	3.11560279916641	4.60982538089849	10.3751190348117	0.000186210001771637	0.019242405523985	0.300295619617724
AT5G62920.1	-3.95443431033498	1.67254861923402	-8.82962315450184	0.000389437104970725	0.0278851277183894	0.447859918950085
AT5G63650.1	-3.84384361909403	3.16659113382371	-12.7383143930981	7.19475998473039e-05	0.0146531125048402	0.301754494391873
AT5G63920.1	-4.33983294736243	2.00096375354581	-12.5935599522919	7.58827100495054e-05	0.0146531125048402	0.344607320233754
AT5G64080.1	-6.61604809488292	3.60537795304762	-17.4468562835667	1.64556929181188e-05	0.0122546171871668	0.379211474396944
AT5G64770.1.DE	5.10294709896157	4.28543290466162	17.7244588395645	1.52752839179516e-05	0.0122546171871668	0.287904253955037
AT5G65350.1.DE	-4.22519643299335	0.502396388663466	-10.0737226997416	0.000213247455329234	0.0202000132945723	0.41942751045765
AT5G65530.1	-4.11383763176181	2.47870443118093	-12.1137786380469	9.09161737941193e-05	0.0152164670998611	0.339599868437506
AT5G65880.1	-2.46960165377075	1.79861842423342	-7.937651811142	0.000629972018128987	0.0365308810485678	0.311124966492508
AT5G66170.2.DE	-3.00420688843983	3.29029649808215	-9.80584005768362	0.000241323581726415	0.0216066270268837	0.3063691505029
AT5G67260.1.DE	-2.78665059493634	5.38465351301838	-12.5377482280287	7.74688439389526e-05	0.0146531125048402	0.222260851331075
