baseMean	baseMeanA	baseMeanB	foldChange	log2FoldChange	pvalue	padj	dispersion
AT1G01280.1	976.300761899853	1949.98928049086	2.61224330884933	0.00133961931739018	-9.54396119960658	1.56117203737294e-11	1.42316442926917e-08	-0.000812549409847023
AT1G01370.1	240.361359264839	470.094309332757	10.6284091969209	0.022609099888928	-5.46695263296299	5.09954737313804e-06	0.00046799470322342	0.128790542839371
AT1G01460.1	133.675691356531	265.936765203402	1.41461750965969	0.00531937548603979	-7.55452740661995	1.57356518710337e-07	2.40412629815101e-05	0.0993034870404168
AT1G02310.1	35.4025688855459	69.7984225664646	1.00671520462726	0.0144231798887521	-6.11546691812391	0.000106789608826173	0.00639055190848617	0.154363493600657
AT1G02670.1	145.499605590988	273.196521822957	17.80268935902	0.0651644070730772	-3.93977201305263	0.000528149246466863	0.0253845792484635	0.0601831546669688
AT1G02690.2	815.024846611453	1516.3054815829	113.744211640011	0.0750140476451167	-3.73669539989676	0.000396299254845962	0.0197054400391407	0.000329000510627699
AT1G02900.1	153.737598291889	297.789865726631	9.68533085714779	0.0325240445423313	-4.94234951420867	0.000148594865400111	0.00843106302689259	0.523790218145023
AT1G02970.1	108.077940931535	210.306501229869	5.84938063320115	0.0278135987189842	-5.16806576698375	3.23571843804635e-05	0.00228068112999205	-0.00123632090708156
AT1G03050.1	991.700370365516	1971.57470573492	11.8260349961106	0.00599826877556856	-7.38123811549108	6.29977434485461e-09	1.53826989984896e-06	0.138792878035514
AT1G03390.1	206.262253991289	405.133236110009	7.3912718725691	0.0182440521136659	-5.77642999343924	2.38581405279267e-06	0.00023812862305027	0.219597260948016
AT1G03710.1	411.01844314596	817.602123168379	4.43476312354146	0.00542410910866502	-7.52639808536432	9.54780674476777e-09	2.20529501494238e-06	0.134703166204291
AT1G04090.1	181.697017500396	352.230449769131	11.1635852316616	0.0316939811392762	-4.97964729909385	2.82053223735543e-05	0.00202511457404146	0.0236398857338382
AT1G04450.1	120.92340769796	241.846815395919	0	0	-Inf	5.87865748138719e-09	1.4483740973061e-06	-0.0054113250834286
AT1G04700.1	410.959241180439	772.61551845005	49.3029639108278	0.0638130644977658	-3.97000437148027	0.000261935109318753	0.0138557086453564	0.206031392971436
AT1G05080.1	15.0547569371346	30.1095138742691	0	0	-Inf	0.00070352900350614	0.0326657235787537	0.184350819098702
AT1G05490.1	594.12621973121	1172.61653535827	15.6359041041495	0.01333420059557	-6.22872485392803	2.52596629115872e-07	3.61676053039835e-05	0.0887122446276164
AT1G06265.1	784.568794077448	1468.09572113608	101.041867018812	0.06882512193457	-3.86092092898958	0.000300836108109286	0.0156336178691423	-0.0012426789296369
AT1G06420.1	470.43954663496	935.43761494175	5.44147832816871	0.00581704032556736	-7.42549897924225	1.00310330545455e-08	2.28607243313092e-06	0.12528381927439
AT1G07330.1	222.598652770516	442.304433656859	2.89287188417351	0.00654045418504172	-7.2563934612085	6.30750559313382e-08	1.09871122905111e-05	0.0337661020186716
AT1G07340.1	646.749095416014	1292.01993645751	1.47825437451382	0.00114414207768878	-9.77151806991486	3.0115228154364e-11	2.22592232315012e-08	-0.00152788967001397
AT1G07540.1	309.362424750954	617.781771162134	0.943078339773129	0.00152655579007951	-9.35550396888075	5.25133321587454e-10	2.0813545041701e-07	0.235809288755105
AT1G07620.1	746.187045739566	24.1942119265425	1468.17987955259	60.6831040420006	5.92322297861775	6.3117585963638e-07	7.77540423843952e-05	0.193008650461699
AT1G07645.1	99.6598468663864	198.848154562886	0.471539169886564	0.00237135301015549	-8.72007383985501	8.89866880203817e-08	1.49301100857754e-05	0.23600803881082
AT1G07850.1	122.761175772995	245.050812376104	0.471539169886564	0.0019242505883345	-9.02148759625758	3.33109435286902e-08	6.282673680156e-06	0.336502496945742
AT1G08065.1	223.000686721045	446.00137344209	0	0	-Inf	1.63851722088502e-10	8.78630763858108e-08	0.318523371006526
AT1G08320.1	299.289665047071	593.545754071007	5.03357602313628	0.00848051896355424	-6.88163173175602	8.02676761992498e-08	1.36345366999819e-05	-0.003283314900822
AT1G08695.1	18.9526303563224	37.9052607126448	0	0	-Inf	0.000225367708917458	0.0122531930486573	0.117083338527278
AT1G08730.1	505.675659447867	964.035704278254	47.315614617481	0.0490807699419233	-4.34869830868992	7.9430129236339e-05	0.00495948669944155	0.0407554414333145
AT1G08860.1	119.408183158898	237.274475078428	1.54189123936795	0.00649834432826494	-7.26571209477753	2.78185730489509e-07	3.90144787560364e-05	-0.00789885340452055
AT1G09155.1	53.4476094130508	106.895218826102	0	0	-Inf	7.42395206258975e-07	8.90483513191686e-05	0.055735464781946
AT1G09200.1	3011.8334561784	5715.8217349854	307.845177371412	0.0538584286992636	-4.21468404944216	9.60047862727589e-05	0.00587368880310383	0.390815078904924
AT1G09380.1.DE	304.90538753289	609.275599031039	0.535176034740691	0.000878380876555384	-10.1528657341306	2.07025045383084e-10	1.04846684095122e-07	0.234182515481946
AT1G09470.1	315.831663634444	607.285170647363	24.3781566215242	0.0401428485328189	-4.63871319593515	3.90951468113528e-05	0.00269313369016845	0.108042486653912
AT1G09930.1	108.70136271986	211.018168771779	6.38455666794184	0.0302559571296768	-5.04663696555892	4.32455334439904e-05	0.00295669712156562	-0.00139137319201307
AT1G10980.1	328.141366820142	654.868116130625	1.41461750965969	0.0021601563350162	-8.85464855764795	1.01330909163557e-09	3.59895805688955e-07	0.118016282263437
AT1G11250.1	142.835182069738	285.670364139475	0	0	-Inf	2.1870289743971e-09	6.534998736306e-07	0.0366358503883776
AT1G11620.1	21.730871403116	43.4617428062321	0	0	-Inf	0.000108582831542731	0.00644853449287784	0.220396370752187
AT1G11920.1	50.2219633297772	100.443926659554	0	0	-Inf	1.06843884004974e-06	0.000121748605823668	0.0524486212809173
AT1G13890.1	137.143209379853	274.286418759706	0	0	-Inf	2.81501633338277e-09	7.77626936215676e-07	0.00505172484569618
AT1G14100.1	85.2105963308066	163.527541074838	6.89365158677485	0.0421559056135992	-4.56812143754823	0.000152429796618404	0.00863074550294019	0.00305976420487424
AT1G14900.1	1782.41325511018	3429.7993990706	135.02711114976	0.0393688071629933	-4.66680318888825	2.2289824998221e-05	0.00164714357162569	0.00251393116773803
AT1G15415.1	670.930403568804	1335.03079241569	6.83001472192073	0.00511599789362317	-7.61076861443394	3.00422841709239e-09	8.21596387506427e-07	0.227955846485506
AT1G16070.2	117.116709840257	228.32040218246	5.91301749805528	0.0258978936684334	-5.27102142459178	2.09674913387429e-05	0.00157101083049847	0.023387726449036
AT1G16410.1	6953.56579961155	120.963594424751	13786.1680047983	113.969563076885	6.83250477678738	9.80616426619478e-08	1.61553602621623e-05	0.453799402893325
AT1G16420.1	69.2348827757718	0	138.469765551544	Inf	Inf	1.41488297407815e-07	2.19853520313008e-05	0.0283250582833468
AT1G16630.1.DE	507.535306097916	997.586107161082	17.4845050347493	0.0175268128828563	-5.83429251290897	9.96021540759416e-07	0.000115420326680884	0.00238791635282637
AT1G16705.2	453.668824318322	901.896170308476	5.44147832816871	0.00603337557837457	-7.37281889155788	1.26691212755197e-08	2.81687096457653e-06	0.0173543782189015
AT1G17030.1	552.959506659243	1086.82898017951	19.0900331389714	0.0175648915212201	-5.83116152310804	1.05045981112419e-06	0.000120200731860353	0.303115492149484
AT1G17540.1	286.778183559532	568.395517366219	5.16084975284453	0.00907968060120955	-6.78314273639212	7.36333428937254e-06	0.000643362511647796	0.588476359848914
AT1G18280.1	859.598349803572	1718.72516043726	0.471539169886564	0.000274354027473829	-11.8316736250507	8.27406273339877e-13	2.3483635791555e-09	0.128677105898318
AT1G18570.1	581.166164610162	13.6202240413732	1148.71210517895	84.3387085035889	6.39812302438046	1.61443577176009e-06	0.00017046945747527	0.487548501016517
AT1G19230.2	239.204143996707	474.100798599581	4.30748939383321	0.0090855982663536	-6.78220276882859	1.78681718756913e-07	2.67026647243937e-05	-0.00348410519019449
AT1G20080.1	224.942884868748	444.100025969149	5.78574376834703	0.0130280194326063	-6.26223841300136	6.73879369559967e-07	8.22734508871696e-05	0.0578933239144504
AT1G20135.1	240.468892684465	480.937785368929	0	0	-Inf	1.11758161878035e-10	6.23747390008263e-08	0.141593300417975
AT1G20150.1	1212.02182467875	2421.55867977836	2.48496957914108	0.00102618598504023	-9.92849205724661	5.54497525549641e-12	7.58219916436579e-09	0.120868113741699
AT1G21270.1	3498.87183438741	462.759900633586	6534.98376814123	14.1217589492821	3.81984789095832	0.000262979400737095	0.0138840939215407	0.0291307328053285
AT1G22240.1	75.4054750147058	149.74059795993	1.07035206948138	0.00714804190756472	-7.12823619202043	1.38275561001887e-06	0.000151262401691184	0.212320188106956
AT1G22350.1.DE	451.511119993922	41.2135198118897	861.808720175954	20.910825479345	4.38617811001671	6.42076407047172e-05	0.00414893610056635	0.0437173745735651
AT1G22380.1	374.317828742211	746.15068790528	2.48496957914108	0.00333038569744846	-8.23009501680291	1.40169983711254e-06	0.000152056238318302	0.638782863356348
AT1G22470.1	31.1383215019343	62.2766430038685	0	0	-Inf	1.58948180800453e-05	0.00125749072798817	-0.0217356243968066
AT1G23240.1	3383.87452498096	6765.32771724763	2.42133271428695	0.000357903240683222	-11.448142772659	2.91233018410935e-14	3.98232029375112e-10	0.003883951858007
AT1G23250.1	258.497530993493	515.924709917505	1.07035206948138	0.00207462842718374	-8.91293131652161	1.64772396786146e-09	5.36451846108039e-07	0.101524349294333
AT1G23380.2	346.185822345759	664.527884402134	27.8437602893848	0.0419000631018448	-4.57690377313769	4.29702203002933e-05	0.00294523705456747	0.0187414775172773
AT1G23420.1	172.561115773362	344.650692376837	0.471539169886564	0.00136816545074858	-9.51354158035835	3.85373399820153e-09	1.03325409198839e-06	0.341631979601923
AT1G23500.1	17.4734316089927	34.9468632179853	0	0	-Inf	0.000351658699386336	0.0177111641083196	-0.0331720143961967
AT1G23520.1	466.06679208744	932.13358417488	0	0	-Inf	3.46615367242139e-12	5.57602180196354e-09	0.0574913380200753
AT1G23580.1	455.491990018191	909.9136279669	1.07035206948138	0.00117632271523723	-9.73150037771706	7.68554706022999e-11	4.47200725538659e-08	0.0519031726866839
AT1G24020.1	20233.9461354955	39865.3653781724	602.526892818495	0.0151140441609598	-6.04796644652508	2.37589577186315e-07	3.43788346925468e-05	0.147110465213501
AT1G24030.1	278.176489319232	517.663817441688	38.6891611967758	0.0747380054259518	-3.74201412753433	0.000564621464528262	0.0268543788033372	0.0266328290009833
AT1G25340.1	29.788573521249	58.5067949730166	1.07035206948138	0.0182944916052064	-5.77244686531602	0.000275168169962144	0.0144717290617783	0.41708326426656
AT1G26310.1	138.521471520063	276.507767005386	0.535176034740691	0.00193548282761354	-9.01309077714899	1.61223550694241e-08	3.36575699571458e-06	0.136094498258304
AT1G26390.1	19.006052474729	0	38.012104949458	Inf	Inf	0.000239065066114224	0.0128446982870173	0.524430646844234
AT1G26760.1	157.510531159288	307.629790446006	7.3912718725691	0.0240265153184714	-5.37922876716263	9.96568302317397e-06	0.000823388215461515	0.101945488933841
AT1G26840.1	161.232864118916	308.536544851705	13.9291833861269	0.045145975796228	-4.46925879470582	0.000113480399787343	0.00667411177071883	0.311196138166886
AT1G27040.1	100.467314272165	199.991550204556	0.943078339773129	0.00471559092775932	-7.7283457130981	3.12173808723175e-07	4.31803188217786e-05	0.0672987196702776
AT1G30020.1	162.82831386003	325.185088550174	0.471539169886564	0.00145006393739917	-9.42966777053562	5.81637086234828e-09	1.44605554857728e-06	0.017974572139538
AT1G30780.1	60.9761076628123	121.952215325625	0	0	-Inf	3.28819690742383e-07	4.47391089672771e-05	-0.0143121718407586
AT1G31310.1	265.68568954587	530.899839921853	0.471539169886564	0.000888188570476823	-10.1368463732326	4.0995531322086e-10	1.76827357804993e-07	0.0239390908180578
AT1G31740.1	51.4111422079425	101.879206076112	0.943078339773129	0.00925682851384388	-6.75526628891578	1.32774014133825e-05	0.00106483980602107	0.00378610642148799
AT1G31760.1	153.351915764802	288.545402097367	18.158429432237	0.0629309262952998	-3.99008701133639	0.000327871689427529	0.0166976442503986	0.137717947697014
AT1G31820.1	454.880599456702	47.9357931710319	861.825405742372	17.9787450823528	4.16822041904061	0.000136978495058747	0.00782064276172568	0.204271817021375
AT1G33430.2	4690.02977208759	9328.23405493626	51.8254892389154	0.00555576638983353	-7.49179834684643	1.737046943967e-09	5.54453952977144e-07	0.0563728955642256
AT1G34245.1	50.1039408541344	96.7798337893547	3.4280479189142	0.0354210973990252	-4.81924728012402	0.000282517287237424	0.0147877053277902	0.165463197831824
AT1G35540.1	16.532462642872	33.064925285744	0	0	-Inf	0.000465589647536512	0.0225761448241641	-0.0471741120097406
AT1G35730.1	18.8625521323895	37.725104264779	0	0	-Inf	0.000236118926721417	0.012736450508831	0.00162916131503188
AT1G43800.1	36.7854981515146	71.6848396234829	1.88615667954626	0.0263117932529821	-5.2481466125358	0.000335489171166147	0.0170221852561258	-0.0220251280739959
AT1G44970.1	3859.24356258558	7705.80772981605	12.6793953551219	0.00164543365208316	-9.24731643002626	7.09181113644528e-12	7.97870066975755e-09	0.118158747546875
AT1G47280.1	81.8091829097837	163.618365819567	0	0	-Inf	5.84484687469576e-08	1.03795371642325e-05	-0.00969395347956113
AT1G47980.1	4523.57463326838	9029.5635688882	17.5856976485499	0.0019475689510778	-9.00410987877972	1.41541296395724e-11	1.33478323235526e-08	0.200616573705126
AT1G48020.1	289.509242634361	573.577006940554	5.44147832816871	0.00948691851717249	-6.71984472870321	1.31703862457417e-07	2.10633756168739e-05	0.021567517658273
AT1G48470.1	534.131487118338	1053.03497243756	15.2280017991171	0.0144610598866127	-6.11168289494606	3.14212596942141e-07	4.31813371918274e-05	0.30135879911466
AT1G48530.1	22.7573718051089	44.4443915407365	1.07035206948138	0.0240829502300718	-5.37584405259488	0.00096320614120859	0.0420123788672608	-0.0412961754146643
AT1G48740.2	108.721345769246	214.95772195935	2.48496957914108	0.0115602712779539	-6.4346809366795	1.90016040440696e-06	0.000195359348645569	0.0262617370575654
AT1G49290.1.DE	138.39971644044	272.836208927225	3.96322395365489	0.0145260189959318	-6.10521681796504	2.32434065949689e-06	0.000233698780720298	0.095190136296906
AT1G49830.1	36.9132466365465	73.2913172383524	0.535176034740691	0.00730203869853004	-7.09748497003481	3.11642767007263e-05	0.00221948083127985	0.306364682190965
AT1G49920.1	117.047163334486	229.12438751069	4.96993915828215	0.0216910090291033	-5.52675902346698	1.120972176944e-05	0.000917854703445046	0.00200164242219321
AT1G50010.1	10736.612389491	19675.5380803109	1797.68669867108	0.0913665837921861	-3.45218957604742	0.00105988697106465	0.0459292041041731	0.164031978314626
AT1G50240.2	550.988783098907	1036.19681245686	65.7807537409499	0.063482875984709	-3.97748870125364	0.000254793223487911	0.0135639788121848	0.343207838263708
AT1G51035.1	25.8074082285774	51.6148164571548	0	0	-Inf	4.40857158872406e-05	0.00299914467185138	0.0467864769698755
AT1G51250.1	262.312781545671	520.254436832654	4.37112625868733	0.0084019009723378	-6.89506850283184	1.07625197981387e-07	1.74161770082543e-05	0.00169935510246965
AT1G51800.1.DE	419.83051994477	55.7345260925922	783.926513796948	14.0653660981095	3.81407519898352	0.000429997961437905	0.0211503313838199	0.214349805626081
AT1G51915.1	40.952989910441	81.9059798208821	0	0	-Inf	3.05765943451829e-06	0.000298645965054308	0.315057396899447
AT1G52030.2	10883.0301218267	21650.6113903789	115.448853274485	0.00533235995939535	-7.55101011224229	2.19840530839605e-09	6.534998736306e-07	0.399887580540789
AT1G52430.1	89.2579452770617	174.552666600468	3.96322395365489	0.0227050324171001	-5.4608440932038	2.24051999650709e-05	0.00164714357162569	-0.0083075292135105
AT1G52870.2	12719.0789245998	2193.97681988647	23244.1810293131	10.5945426672812	3.40524940738406	0.000933171843240391	0.0408326137103011	0.00726578579209957
AT1G53020.1	21.7293783615237	43.4587567230474	0	0	-Inf	0.000115907505898754	0.00680038814951613	-0.0453962817540824
AT1G54070.1	190.972300977896	378.924456341911	3.02014561388177	0.00797031060765481	-6.97114833668328	1.59882608050951e-07	2.41572904142398e-05	0.0959341753586821
AT1G54385.1	580.419598750783	1111.08764368693	49.7515538146369	0.0447773441612094	-4.48108722833454	5.1409367186365e-05	0.00342078679759784	0.188496140214436
AT1G54860.1	444.94407262797	889.888145255939	0	0	-Inf	4.78407527545725e-12	7.26860503517805e-09	0.345752298632065
AT1G56010.2	348.964099077767	29.295077254892	668.633120900643	22.8240777480451	4.51248466133113	4.15079345282673e-05	0.002852158275073	0.0366435405013947
AT1G56030.1	35.1746716006042	70.3493432012084	0	0	-Inf	0.000184949996028057	0.0103224744721945	0.837270481473949
AT1G57550.1	61.7428923474364	123.485784694873	0	0	-Inf	2.75034242870504e-07	3.8771322031044e-05	0.291823488710591
AT1G59540.1	483.601389992893	945.283511827495	21.9192681582908	0.02318803605906	-5.43047555555361	3.26536396441196e-06	0.000315551850525577	0.0699591890309972
AT1G60340.1	23.0753260749445	46.1506521498889	0	0	-Inf	7.77970902372751e-05	0.00486863804075286	0.319771584459397
AT1G61050.1	44.1119453823922	87.2808124250112	0.943078339773129	0.0108051049660358	-6.53214310246913	2.82129827669225e-05	0.00202511457404146	0.153436134355135
AT1G61290.1	127.838826500845	252.249605082776	3.4280479189142	0.0135899040071412	-6.20132092417056	2.02952238159823e-06	0.000206332260564864	0.077241478067778
AT1G61563.1	2939.8800019554	5860.63241502289	19.1275888879179	0.00326374144177462	-8.25925751517276	1.72371373843245e-10	9.06540833050976e-08	0.287364092722257
AT1G61680.1	1462.49440915761	2907.53039439639	17.4584239188417	0.00600455422666909	-7.37972713928829	4.53728666636291e-09	1.18176872144469e-06	0.0342399677121884
AT1G61860.1	284.268112171221	550.797171848277	17.7390524941658	0.0322061430247363	-4.9565202944147	1.89213750686993e-05	0.00142945239054914	0.00545614591743026
AT1G63350.1	295.242196070035	31.9869726817335	558.497419458336	17.4601524506654	4.12599425058202	0.000301648647565694	0.0156336178691423	0.448171708109607
AT1G65113.1	175.282997162282	350.565994324564	0	0	-Inf	6.29874784997585e-10	2.42617121410056e-07	0.363817972777888
AT1G65486.1	170.255412305093	12.2757693695448	328.23505524064	26.738450793558	4.74084397403598	5.27003954438052e-05	0.00348971044696655	0.2429488262917
AT1G65710.1	189.549363135079	373.31298250181	5.78574376834703	0.0154983727851441	-6.01173943866475	1.63322190929778e-06	0.000171789818367214	0.0969812818067655
AT1G66050.1	32.3797203419524	62.8096471395045	1.94979354440038	0.0310428991914214	-5.00959288824953	0.000686540713991979	0.0320401287478714	0.14413524716359
AT1G66430.1	2570.3122337853	4784.52372909177	356.100738478836	0.0744276251183801	-3.74801798747361	0.000412391689293918	0.0203943723667451	0.0391149597878078
AT1G67035.2	76.6789479514158	151.000200053399	2.35769584943282	0.0156138591114387	-6.00102903280191	1.61094405499498e-05	0.00126373247786532	0.488562893225919
AT1G67110.1	45.7551276465056	91.0387161231246	0.471539169886564	0.00517954547215753	-7.59295878401584	8.53905003033142e-06	0.000732056238963962	-0.0207181776962252
AT1G67160.1	23.701394517698	47.402789035396	0	0	-Inf	7.07474397381185e-05	0.00449953716734434	0.0114101867585818
AT1G67220.1	34.5959369028866	67.6499825664053	1.54189123936795	0.0227921897519253	-5.45531665207447	0.000255428151538511	0.0135639788121848	0.0197343428826005
AT1G67760.1	41.7779879623264	80.4721934459169	3.08378247873589	0.0383210938671433	-4.70571744670222	0.000454497280464395	0.0221956993323934	0.29335254266746
AT1G67990.1	5802.88247594237	11598.3100431473	7.45490873742322	0.000642758187157434	-10.6034362979892	1.10776651162704e-13	6.94907852805616e-10	0.00768427414582747
AT1G68090.1	75.2700520816921	150.540104163384	0	0	-Inf	9.20210813896384e-08	1.5345076425877e-05	0.00733166591602293
AT1G68170.1	59.376098208675	118.280657247463	0.471539169886564	0.00398661269610655	-7.97062083195982	1.88953165619324e-06	0.000194999666919143	-0.00841506489138945
AT1G69940.1.DE	7253.4662244037	14492.239623043	14.6928257643764	0.00101384093463473	-9.94595296448546	6.34543513706791e-13	2.16918700160667e-09	0.00169175943465125
AT1G70890.1	750.127050797848	64.9640593059331	1435.29004228976	22.0936015640679	4.46555671209076	5.01722945409245e-05	0.00334661441732977	-0.00132577964122751
AT1G72460.1	139.69513508562	279.39027017124	0	0	-Inf	2.58081689576149e-09	7.2763072644624e-07	-0.00691594371459556
AT1G73220.1	1601.57796649732	3192.61724177849	10.5386912161591	0.00330095668163729	-8.2429000784243	2.94953370966394e-10	1.36771411304682e-07	0.00226344239323712
AT1G74055.1	99.5226767644773	190.239464146726	8.80588938222879	0.0462884471512024	-4.43320402474347	0.000208458620030611	0.0114938031060426	0.0582407250940321
AT1G74150.1	132.055658678932	249.545765323196	14.5655520346681	0.0583682596889742	-4.09867213638267	0.000349512727210412	0.0176355610032294	0.0135965753933538
AT1G75050.1	288.023217787131	557.963117639918	18.0833179343441	0.0324095219964239	-4.94743844707251	2.00270150291978e-05	0.00150466705224863	0.0123196168832879
AT1G75520.1	203.842023752386	399.476971022139	8.20707648263397	0.0205445547001986	-5.605100129105	4.28963825798946e-06	0.000400385757950497	0.0756648371842004
AT1G75580.1	387.623739966969	727.333052416862	47.9144275170758	0.0658768735421284	-3.92408410211024	0.000284069513480014	0.0148258264401745	0.000524277590977083
AT1G76500.1	14.8731074476764	29.7462148953528	0	0	-Inf	0.000851907290165368	0.0378828627177927	0.387576194046092
AT1G76540.1	837.606382329834	1629.08016935851	46.1325953011603	0.0283181860345929	-5.14212733546658	6.98985004393505e-06	0.000612687240389537	0.0235356847285204
AT1G76960.1	3887.80916902228	70.5175553163357	7705.10078272822	109.265001433527	6.7716875565303	2.45359843531549e-08	4.86239202963825e-06	0.221468631527366
AT1G77390.1	98.3335092743124	183.426366042855	13.2406525057703	0.0721851105237335	-3.79215490375421	0.00103340917383337	0.0448598001365002	0.0143483780534793
AT1G77860.1	44.0337702047846	84.2315901856226	3.83595022394664	0.0455405177023643	-4.45670549772074	0.000818367181976337	0.0366896814634244	0.0229473328014772
AT1G78410.1	62.9223771844613	7.34759528109952	118.497159087823	16.1273388849598	4.01143649902265	0.00107965629258366	0.0466452453231879	0.28590530147484
AT1G78440.1	225.930477102488	418.257531263152	33.6034229418242	0.0803414653176495	-3.63771141538129	0.000820971179709765	0.0367461862892024	0.104391499255546
AT1G78865.1	188.168871283518	374.387949022636	1.94979354440038	0.00520794953333954	-7.58506881625715	4.49986301607603e-08	8.37158188868348e-06	0.0944541758083282
AT1G78960.1	5493.57153435736	10542.0309889733	445.112079741372	0.0422226115828104	-4.56584037373662	2.98690025295763e-05	0.00213837036957815	0.382379172641905
AT1G79780.1	645.631642384559	1276.03528297	15.2280017991171	0.0119338407035843	-6.38879776515848	1.40673737848688e-07	2.19836879010625e-05	0.0377042258895293
AT1G80540.1	93.4177000625541	186.363860955222	0.471539169886564	0.00253020713066179	-8.62652879138408	1.58612700523067e-07	2.40985562994712e-05	0.342369418857971
AT1G80990.1	26.2116404550813	52.4232809101626	0	0	-Inf	3.8959772189704e-05	0.00269058547940411	0.280783628076975
AT2G01610.1	828.800086358749	1597.69488072566	59.9052919918411	0.0374948262741085	-4.73716465079636	1.90065796466872e-05	0.00143193371949753	0.0162549285425918
AT2G01770.1	15.8170624969817	31.6341249939634	0	0	-Inf	0.000536488735758982	0.0256501642404487	0.540244059230538
AT2G01913.1	160.154802140584	305.20887621176	15.1007280694088	0.0494767002088486	-4.3371069051249	0.000142982805428436	0.00812950886248828	0.0768219014190706
AT2G03000.1	21.0578975464057	42.1157950928113	0	0	-Inf	0.000133435075047401	0.007650277636051	-0.00180316151932845
AT2G03160.1	17.2501023511508	34.5002047023015	0	0	-Inf	0.000362459294598029	0.0182215749791671	0.137691760962402
AT2G03170.1	61.9662216052783	123.932443210557	0	0	-Inf	2.73062269494638e-07	3.86927821043491e-05	0.208040325792218
AT2G03200.1	665.395328342955	1305.22634889823	25.5643077876751	0.0195861107226761	-5.67402524434749	1.406692565984e-06	0.000152056238318302	0.0325216050884313
AT2G03210.1	69.6089322123793	138.274786084986	0.943078339773129	0.00682032036696481	-7.19594477694107	2.46569055214475e-06	0.000245206200800199	0.482457418472262
AT2G03250.1	46.0438637140979	90.1379338837953	1.94979354440038	0.0216312207345914	-5.53074110524015	0.000112877978708792	0.00665298914165525	0.139010002929876
AT2G03850.1	2475.46928398589	4943.95519840424	6.98336956753666	0.00141250664443535	-9.46752663067665	5.86226971584827e-12	7.63435010423898e-09	0.00873868744378734
AT2G04675.1	33.4699040330441	66.9398080660881	0	0	-Inf	9.945814226666e-06	0.000823388215461515	0.210809172060688
AT2G05025.1	37.7858128586935	73.2139298679541	2.35769584943282	0.0322028315333581	-4.9566686424431	0.000461868252637171	0.0224354759735725	0.338133722302708
AT2G12540.1	21.6512678288415	0.537483260412909	42.7650523972701	79.5653661184104	6.31406867386638	0.000664390229971801	0.0310593914688356	0.664710009735133
AT2G13350.1	448.750542655912	893.346950763606	4.15413454821727	0.00465007973068744	-7.74852883164975	4.40313690475443e-09	1.157855654531e-06	0.0212755569688176
AT2G13820.1	195.973401295429	376.284817370801	15.6619852200572	0.0416226871163486	-4.58648608283963	6.43770686051706e-05	0.00414893610056635	0.334209918131943
AT2G15340.1	79.9743596315194	157.527386548752	2.42133271428695	0.0153708683127146	-6.02365752344069	9.68773275659244e-06	0.000810214420266942	-0.00990458783513607
AT2G16580.1	113.693559526161	223.48753196352	3.89958708880077	0.0174487903398445	-5.84072916658903	5.81782949859816e-06	0.000521659020090696	0.126765233928013
AT2G16730.1	1444.56959382897	2874.72699046888	14.4121971890522	0.00501341422571106	-7.63999084513778	5.0353627389435e-09	1.27506574245025e-06	0.428883711247385
AT2G17000.1	32.4336311974174	64.8672623948347	0	0	-Inf	2.14295255141406e-05	0.00159253984717587	0.58403642596895
AT2G17040.1	1387.14336300949	55.1062180874502	2719.18050793153	49.3443499173968	5.62481299592543	1.23446298973199e-06	0.000137236153834108	0.299048639696151
AT2G17180.1	24.3274629604515	48.654925920903	0	0	-Inf	6.44762996468004e-05	0.00414893610056635	-0.0263091290427141
AT2G17845.1	67.0018893638977	133.060700388022	0.943078339773129	0.00708757985658418	-7.14049119950331	3.02341136570488e-06	0.000296359333438341	0.0177272427085942
AT2G18180.1	241.757109227782	475.5241336834	7.99008477216392	0.0168026903498523	-5.8951639422681	1.53572312041211e-06	0.000164241436864952	0.026947794553249
AT2G18420.1	197.448401422155	386.817000091385	8.07980275292572	0.0208879205180147	-5.58118731669365	5.5323848982788e-06	0.000499338819135738	0.0268691075550759
AT2G18460.1	55.9369165402324	110.395578705951	1.47825437451382	0.0133905215393751	-6.22264403735618	1.84414604885738e-05	0.00141270885557848	-0.0057704318099714
AT2G18470.1	552.114642821746	1100.26606168984	3.96322395365489	0.00360205962144102	-8.11696222367181	1.63666155759552e-09	5.36451846108039e-07	0.331376587662867
AT2G18500.1	48.2425346400549	94.0000997009687	2.48496957914108	0.0264358185474932	-5.24136219136583	0.000138799786823008	0.00790811785424088	0.0691507683455745
AT2G18660.1	415.33170993836	66.2191822746247	764.444237602095	11.54415097474	3.52909016755992	0.000921844148805952	0.0405315012565035	-0.00212967445717211
AT2G18690.1	343.813421826859	14.2470390049229	673.379804648794	47.264544191682	5.5626864370142	2.63876056550609e-06	0.000261466753425582	-0.000447913513773145
AT2G19010.1	146.858841314873	293.717682629746	0	0	-Inf	2.03000360819446e-09	6.30869757692069e-07	0.0406872006267809
AT2G19030.1	34.1413848481621	68.2827696963242	0	0	-Inf	9.05045278846523e-06	0.000763925255737491	0.102403749704299
AT2G19090.1	355.700986742772	674.815960678785	36.5860128067595	0.0542162825697814	-4.2051299940097	0.000135632864981726	0.00776001588184149	-0.00217947793580977
AT2G19330.1	228.128606906705	441.309840589616	14.9473732237929	0.0338704734157351	-4.88382803790693	2.23529542112371e-05	0.00164714357162569	-0.00110127181240398
AT2G19770.1	930.781100903413	1860.49184973734	1.07035206948138	0.000575305970640231	-10.7633829366724	1.59729971589422e-12	3.12021090216251e-09	0.161152500180833
AT2G19920.1	185.147416682859	366.739511717095	3.55532164862246	0.00969440579766341	-6.68863181119187	3.11520743105646e-07	4.31803188217786e-05	0.0852130434939371
AT2G20800.1	26.3452309177465	52.1552858007523	0.535176034740691	0.010261204143051	-6.60665614993364	0.000160711894012023	0.00904351620872592	0.4168595018144
AT2G20825.1	49.1389054178909	96.8631933261221	1.41461750965969	0.0146042832275508	-6.09746463677256	3.81679285873644e-05	0.00264257344558796	-0.0190631887571472
AT2G20970.2	56.8549049857826	113.709809971565	0	0	-Inf	4.8953616591761e-07	6.2559976941658e-05	-0.0163888860732089
AT2G21260.1	110.078126680647	212.981973199195	7.17428016209904	0.0336849173398782	-4.89175343070466	5.58656250503866e-05	0.00367262767759128	0.100856358540538
AT2G21490.1	1406.06589468173	2806.90730274575	5.22448661769866	0.00186129645698951	-9.06947642648899	4.33635596963309e-11	2.9574028608561e-08	0.413525513605333
AT2G21720.1	77.4169990401591	154.833998080318	0	0	-Inf	8.29919222868103e-08	1.40102659919734e-05	0.0247273343030512
AT2G22030.1	40.3231888637067	80.6463777274135	0	0	-Inf	3.59376700493996e-06	0.00034364454563321	-0.00677923488355423
AT2G22540.1	3644.59846220782	462.725811469365	6826.47111294628	14.7527346513676	3.88291050036423	0.000258183389417245	0.013683719639114	0.027292262587046
AT2G22620.1	150.633109786014	278.837856494904	22.4283630771238	0.0804351437751557	-3.636030207373	0.00112522178108185	0.0483845365865194	0.109006316833379
AT2G23170.1	769.963059736584	1414.56138991448	125.36472955869	0.0886244531008086	-3.49615137022862	0.000886358519012635	0.0391601498836148	0.366508157280768
AT2G24310.1	49.8690015544787	95.520231695886	4.2177714130714	0.0441557912725735	-4.50125352217746	0.000458936653232181	0.0223327394886009	-0.0118663486042433
AT2G24370.1	282.117268256036	560.742851728304	3.49168478376833	0.00622689129786741	-7.32727219019019	3.15122663968846e-08	5.99462415685246e-06	0.00656021179060746
AT2G24490.1	569.540403964691	1064.16137399906	74.9194339303182	0.0704023240843396	-3.82823313463931	0.000332263960198743	0.0168898787797681	0.375682631701605
AT2G24615.1	24.0594678510412	48.1189357020824	0	0	-Inf	6.61936146558931e-05	0.00423949174147392	-0.0261627381142127
AT2G24700.1	298.308759880593	592.055482907936	4.56203685324971	0.00770542117242601	-7.01991046915967	5.12299841438603e-08	9.27839474414763e-06	0.150287572526616
AT2G25735.1	104.563804310092	0	209.127608620184	Inf	Inf	1.36046048154081e-08	2.97646985993425e-06	0.088702569480872
AT2G26450.1	716.674062988215	1418.28495365597	15.0631723204624	0.0106206952852693	-6.5569779743129	6.9451109621223e-05	0.00442738682032915	0.718505723679644
AT2G27120.1	137.324201250838	273.641687297048	1.00671520462726	0.00367895408982195	-8.08648861183026	5.46130199990352e-08	9.82603204561589e-06	0.113771385619486
AT2G27650.1	51.2559966030154	102.511993206031	0	0	-Inf	8.69509611705977e-07	0.000102057291248648	0.0373562658099728
AT2G28315.1	360.563891309621	676.690433403065	44.4373492161764	0.0656686529358805	-3.92865132830138	0.000338889782675268	0.0171311604003756	0.00932999760067519
AT2G28620.1	1161.02607874899	2276.54445621233	45.5077012856578	0.0199898144582569	-5.64459110845731	1.13887447156024e-06	0.000128596350637204	0.13501627679845
AT2G29550.1.DE	5485.92334432197	10040.3137817406	931.532906903327	0.0927792623969003	-3.43005381309079	0.00100629828556019	0.0437523776049287	0.0706424120339584
AT2G29770.1	28.2707487520039	56.5414975040077	0	0	-Inf	2.75013336990212e-05	0.00199266341907722	-0.0315431353963918
AT2G30240.1	109.089817719322	218.179635438643	0	0	-Inf	1.14661765967286e-08	2.57030325874863e-06	0.0905223016119497
AT2G30630.2	208.884077019584	403.52078632877	14.2473677103975	0.0353076426124661	-4.82387568996974	3.1788620083117e-05	0.00224639581920694	0.221732144751808
AT2G31210.1	284.15670030529	567.841861440693	0.471539169886564	0.00083040579060199	-10.2338958755891	2.65610794330408e-10	1.27437263216631e-07	0.0208382129273766
AT2G31432.1	84.9469903315129	169.893980663026	0	0	-Inf	4.56753150478615e-08	8.44005754006024e-06	-0.0037771730599406
AT2G31470.1	47.3592091333799	94.1832422320192	0.535176034740691	0.00568228510781453	-7.45931306430835	6.33965416178844e-06	0.000564745478881402	0.344045011657324
AT2G31760.1	28.340295257775	55.7375121757768	0.943078339773129	0.0169199934291826	-5.88512718158208	0.000303059831852621	0.0156409387083974	0.105559778233744
AT2G31770.1	48.8607095437677	96.7783407477623	0.943078339773129	0.00974472524003192	-6.68116277649361	1.62491846050506e-05	0.00126604757999694	0.0893146925299213
AT2G31880.1.DE	4858.76346229866	794.631429544687	8922.89549505263	11.2289737899813	3.48915418150795	0.000729767089502415	0.0336554306302058	0.108605811652802
AT2G32160.3	5121.982322237	695.779050084079	9548.18559438992	13.7230139269587	3.77852546414999	0.000292011498847111	0.0152112961342301	0.138067451129658
AT2G32460.1	477.719182146738	951.819405779999	3.61895851347658	0.0038021482767636	-8.03896948913531	2.1145944705659e-09	6.42554773122624e-07	0.195551234699127
AT2G32800.1	1340.61035429632	179.287246866717	2501.93346172592	13.9548880662207	3.80269864731314	0.000325162102096482	0.016590546955475	0.194406235793186
AT2G32870.1	2796.11435113412	21.1420036039693	5571.08669866426	263.507981694711	8.0417028517396	6.87842329696303e-05	0.00439511963376974	0.969865221178189
AT2G33160.1	50.8540039389	101.7080078778	0	0	-Inf	8.84095137589328e-07	0.000103325785567491	0.152327864012982
AT2G33190.1.DE	30.870326392524	61.7406527850479	0	0	-Inf	1.62195824904363e-05	0.00126604757999694	0.0540029367150491
AT2G33270.1	134.543224647293	268.551273259845	0.535176034740691	0.00199282627948245	-8.97096833296617	1.72906886540551e-08	3.55538160384284e-06	0.00310808615419678
AT2G33560.2	308.797578534647	602.812613324156	14.7825437451382	0.0245226185026574	-5.34974315287077	5.15443813474049e-06	0.000471450080631715	0.182599224907073
AT2G33670.1	156.013722714567	311.555906259247	0.471539169886564	0.00151349777171034	-9.36789773354345	7.70592824735586e-09	1.84861162902358e-06	-0.00393436788299761
AT2G34190.1	552.630278520777	1073.21049997214	32.0500570694175	0.0298637192519544	-5.0654623386958	9.18395028807644e-06	0.000772808223010198	0.000161465035370829
AT2G34370.1	22.3122739943012	44.6245479886023	0	0	-Inf	9.87130093250357e-05	0.00601247968601576	-0.0160094619229664
AT2G35765.1	261.157953666833	515.141627171566	7.17428016209904	0.0139268111596613	-6.16599122981092	5.88159297920813e-07	7.31135476342654e-05	-0.00372501189960154
AT2G36020.1	938.055261780146	1867.7125364831	8.39798707719635	0.00449640237089685	-7.79701314044598	1.81599186874138e-09	5.70847650877461e-07	0.00663550540383308
AT2G36190.1	1282.96989728103	2563.04692267789	2.89287188417351	0.00112868471450028	-9.7911417430606	6.713817818129e-12	7.97870066975755e-09	0.0305708396310926
AT2G37770.2	413.68303692482	786.880473954081	40.4855998955603	0.0514507618827035	-4.28066374907414	0.000109528637206221	0.00648352634267472	0.0869067542227279
AT2G38720.1	115.709110697068	216.227775343965	15.1904460501706	0.070252057239207	-3.83131571639355	0.000785681837432748	0.0356924034719448	0.0885347342459809
AT2G38905.1	112.122977514287	220.002102499594	4.24385252897908	0.0192900544165795	-5.69599897658892	8.77397527384588e-06	0.000745188434127755	0.43857505371433
AT2G39250.1	263.135087866105	11.9169495154054	514.353226216804	43.1614840317889	5.4316725651001	4.74130983854867e-06	0.000439543530388573	0.0400816855283518
AT2G39400.1	705.646698453084	29.028575187074	1382.26482171909	47.6173843466694	5.57341646951221	1.51897605572278e-06	0.000163547075479948	0.212377103615597
AT2G39510.1	1414.99945138034	2826.44358111206	3.55532164862246	0.00125787815910467	-9.63479209834979	7.11381962831815e-12	7.97870066975755e-09	0.00183558727869413
AT2G40085.1	66.1739791422804	129.926625570274	2.42133271428695	0.018636154857861	-5.74575196603478	2.75422982452534e-05	0.00199266341907722	-0.0101267276812208
AT2G40550.1	585.334559246169	1094.60108914482	76.0680293475227	0.0694938367062586	-3.84697115650839	0.000388785364794161	0.0194023761977933	0.0166757622789671
AT2G41340.1	86.0792836590291	163.88785397057	8.2707133474881	0.0504656882563933	-4.30855336045659	0.000365261218736545	0.0182951718131997	-0.00905439831526516
AT2G41470.1	62.1254604819815	120.695599315341	3.55532164862246	0.0294569285772673	-5.08524917886294	0.000103690556555936	0.00624609986936508	0.0123973511312826
AT2G41990.1	325.13099123069	639.977838704637	10.2841437567426	0.0160695310599481	-5.95952836078403	9.31566525791602e-07	0.000108410558924888	0.0281864089970025
AT2G42005.1	396.63887958055	783.873056879277	9.40470228182361	0.0119977363672445	-6.38109395392484	2.28242526679095e-07	3.33795541156144e-05	-0.000558989232202807
AT2G42350.1	46.9866709264748	1.4337863749652	92.5395554779845	64.5420803920184	6.01216817601057	4.89784780656634e-05	0.00329106490943431	0.344451966723121
AT2G42830.2	361.588222669332	722.169730134037	1.00671520462726	0.00139401467912592	-9.48653853164035	2.31080911277879e-10	1.1490183202959e-07	0.153128985900484
AT2G42835.1	135.923794013176	271.847588026351	0	0	-Inf	3.28158041525562e-09	8.8856100194466e-07	0.156059641314934
AT2G42940.1	110.089845672158	217.758358630029	2.42133271428695	0.0111193560124174	-6.49078295428484	1.53743629652727e-06	0.000164241436864952	0.307126789703663
AT2G42990.1	2064.34781165096	4121.90316432894	6.79245897297428	0.00164789387381936	-9.24516095029907	1.41150366838018e-11	1.33478323235526e-08	0.0621121574045384
AT2G43060.1	440.278104305604	34.7652137285272	845.79099488268	24.3286579937995	4.60458483608074	3.75261201313313e-05	0.00261802125855012	0.0374757001022068
AT2G43220.1	30.9800596250865	61.0170409103999	0.943078339773129	0.0154559828812083	-6.01569078839274	0.000217141715504381	0.0118530771169937	0.212853011648591
AT2G43610.1	327.639910543126	648.36008838357	6.91973270268253	0.0106726691334967	-6.54993516411833	1.90836765383511e-07	2.8364151411458e-05	0.0708816077611132
AT2G44010.1	17.4741781297888	34.9483562595776	0	0	-Inf	0.000338866566191701	0.0171311604003756	0.156494978861547
AT2G44190.1	159.610865708309	308.147864165719	11.0738672508998	0.0359368619376326	-4.79839175378924	4.52480886405115e-05	0.00306298200034829	0.00741933634272164
AT2G45406.1	21.549968434454	43.099936868908	0	0	-Inf	0.000122181624083154	0.00707003944738172	-0.0441847901280176
AT2G46770.1	106.027398780997	209.225562542674	2.82923501931939	0.0135224156404996	-6.2085032924987	3.68913304337452e-06	0.000351534531255075	0.00236080201474145
AT2G46950.1	177.910766059403	349.627886045427	6.19364607337946	0.0177149658839705	-5.81888750270258	3.43915346844055e-06	0.000331175947376451	0.0588794204025691
AT2G47050.1	2998.67727454859	5955.60768653758	41.746862559604	0.00700967302698114	-7.15643713477064	6.77928173970939e-09	1.6407061682971e-06	0.0159299594208296
AT2G47240.1	12190.13262372	22189.7593921672	2190.50585527271	0.0987169719400356	-3.34055804806388	0.0011483929470786	0.0493033756934154	0.0153874966761066
AT2G47460.1	267.986369231293	524.363695176946	11.6090432856405	0.0221392964318841	-5.49724681455499	3.87028267222787e-06	0.000366243911834213	0.00573071794511832
AT2G47750.1	351.575182276271	650.670768332387	52.4795962201557	0.0806546087119548	-3.63209921651888	0.00090069841545968	0.0396993749533115	0.207885457913851
AT3G01328.1	24.2411173404994	48.4822346809987	0	0	-Inf	0.000119539887417964	0.0069705263136599	0.676375975027085
AT3G02550.1	457.271386840497	863.911778391439	50.6309952895559	0.0586066732228472	-4.0927912439433	0.000214151640574673	0.0117367115559843	0.252065780289016
AT3G02810.1	666.215175189666	1325.51061767665	6.91973270268253	0.0052204279697219	-7.5816162011454	4.7421594949746e-09	1.22347714970345e-06	0.0131271382354308
AT3G02970.1	227.671333171762	451.850981559755	3.49168478376833	0.0077275139952453	-7.01577992272156	1.06389902782101e-07	1.7318756317172e-05	0.208249054041521
AT3G03080.1	133.819326018302	265.153682457463	2.48496957914108	0.00937180866624292	-6.73745678405475	5.55206910796948e-07	6.9650452277408e-05	0.0840928037656238
AT3G03540.1	401.788893486115	803.106247802343	0.471539169886564	0.000587144193158634	-10.7339975300322	4.43372521921531e-11	2.9574028608561e-08	0.0566690400953895
AT3G04290.1	8582.37902873819	16657.8920583636	506.865999112828	0.0304279795628969	-5.03845764860581	7.95458780642346e-06	0.000690609737555774	0.0570763147041421
AT3G06260.1	318.538418819329	627.82549020245	9.25134743620768	0.0147355397010473	-6.08455628847362	6.27865165041812e-07	7.76961834097895e-05	0.198324021458357
AT3G06545.1	21.7282247486876	42.9212734626345	0.535176034740691	0.0124687827635541	-6.3255355575421	0.000472876117164745	0.0228484382548082	-0.0431325092426546
AT3G08770.2.DE	19249.8226937022	38414.4678908332	85.1774965711532	0.00221732855478337	-8.81696172589716	1.97382639122547e-11	1.66116472969782e-08	0.269343440892106
AT3G08870.1	466.289147715127	46.5020067960667	886.076288634188	19.0545817198826	4.25206603380236	0.000105145065471961	0.00631979615500479	0.185034991409493
AT3G09380.1	15.6369060491159	31.2738120982317	0	0	-Inf	0.000595400600099615	0.0282201310425031	0.0588693887595971
AT3G09930.1	125.532541567017	250.529907099293	0.535176034740691	0.00213617623914491	-8.87075360727538	2.71836891087752e-08	5.34834194062435e-06	0.0306772342729361
AT3G09940.1	125.604851321661	4.8388423853085	246.370860258014	50.9152480366037	5.67002587245465	6.82797390493461e-06	0.000600606193706653	0.221260576800092
AT3G10460.1	202.202572555292	404.405145110584	0	0	-Inf	3.00068914665823e-10	1.36771411304682e-07	0.0750717998966583
AT3G10580.1	45.9795428538999	90.9523705031725	1.00671520462726	0.0110685977622996	-6.49738372551563	2.32187171935524e-05	0.0017023739351455	0.028809564188581
AT3G11050.1	246.87249186994	460.306390276711	33.4385934631695	0.0726442086608184	-3.78300840181823	0.000530704133039084	0.0254180326275882	-0.00156015880843239
AT3G11165.1	56.8117321758065	113.623464351613	0	0	-Inf	4.7442841646441e-07	6.09139358378811e-05	0.0402070395109452
AT3G11520.1	257.378485400043	501.89813948344	12.8588313166455	0.0256204004459549	-5.28656316464636	8.57237151696133e-06	0.000732616300768308	0.0625527189587233
AT3G12060.1	48.2914916154192	94.4422790918756	2.14070413896276	0.0226667988060754	-5.46327553370729	8.45652565380314e-05	0.00526808800866078	4.12650716877139e-05
AT3G12160.1	86.9120010461791	171.874208547958	1.94979354440038	0.0113443055876318	-6.46188788891268	3.09126960218027e-06	0.000300854238720377	0.196801694127499
AT3G12420.1	29.2998958084252	58.0646155821097	0.535176034740691	0.00921690481156968	-6.76150193343206	9.98502774751496e-05	0.00605477913168601	-0.0322781577408286
AT3G12430.1	33.1791376430835	65.4151969463938	0.943078339773129	0.0144168080781895	-6.11610440657643	0.000133341733076348	0.007650277636051	0.0944293564175198
AT3G12850.1	36.5615525616125	73.1231051232251	0	0	-Inf	5.97827902084368e-06	0.000534294034843245	0.223274416678404
AT3G13229.1	79.528379973348	155.565075162928	3.49168478376833	0.0224451714506703	-5.47745107324561	2.52074947469469e-05	0.00183833217690535	0.195179951554364
AT3G13900.1	136.919182329462	264.051841187976	9.78652347094837	0.0370628866926985	-4.75388093779289	5.87562563069406e-05	0.00383500261928929	0.156247186658796
AT3G14890.1	782.383889073409	1464.98404194222	99.7837362045979	0.0681125072682078	-3.87593645002458	0.000316166206238655	0.0162528447522833	0.0156499147380279
AT3G14950.1	79.5970596206257	156.17397362737	3.02014561388177	0.0193383413621006	-5.6923921287391	1.82872546246955e-05	0.00140483100976453	0.127610347106272
AT3G15536.1	424.421006068515	1.97126963537811	846.870742501652	429.60675054441	8.74687285279178	5.69088005608731e-10	2.2233455396268e-07	0.00271353677756943
AT3G15720.1.DE	104.153135296737	203.055702859868	5.25056773360634	0.0258577703539301	-5.27325830898107	2.74691900914751e-05	0.00199266341907722	0.107312671726728
AT3G15870.1	53.6299377600214	106.189523450561	1.07035206948138	0.010079639070795	-6.63241220967666	9.47073205168499e-06	0.00079449564463031	0.209095446467989
AT3G16040.1	132.606431486771	259.771384645372	5.44147832816871	0.0209471814441655	-5.57710005516203	8.06629034822501e-06	0.000698091482415372	0.0130481409319368
AT3G16300.1	63.4900862041764	126.980172408353	0	0	-Inf	2.3439120130758e-07	3.40964392199985e-05	0.262018994555761
AT3G16360.2	468.252039787614	15.0540104163384	921.450069158889	61.2096075181947	5.93568621236415	7.87991402627275e-07	9.36956038219596e-05	0.222016631973462
AT3G16380.1	208.109172582448	383.607030944831	32.6113142200658	0.0850122953683711	-3.55618467576966	0.00116567923706766	0.0498109308989476	0.0123546411514578
AT3G16580.1	36.0342700659125	71.5970009619385	0.471539169886564	0.00658601845819266	-7.24637772937843	3.12669675890791e-05	0.00222101046656139	0.0239819405758978
AT3G16660.1.DE	792.197960348455	4.48002253116912	1579.91589816574	352.658025082173	8.46212605981298	3.2620587286578e-10	1.46247183789071e-07	8.16264486480141e-05
AT3G17010.1	83.0646453072316	165.594114579723	0.535176034740691	0.00323185420024719	-8.27342216990312	2.71351239832489e-07	3.86505922236402e-05	0.00848279506336272
AT3G17060.1.DE	593.693655095993	1178.64505767461	8.74225251737467	0.00741720542622268	-7.07490855834807	2.40124074387624e-08	4.79336728930857e-06	0.020720352812301
AT3G17540.1	14.9200128616333	29.8400257232665	0	0	-Inf	0.000747576295062272	0.0343608680964084	0.0507999887766371
AT3G17580.1	84.111083871327	158.690191731122	9.53197601153186	0.0600665731608821	-4.05729383030229	0.00061841700035048	0.029009379289168	-0.00997982514302724
AT3G17680.2	503.941443304207	991.431177894199	16.4517087142144	0.016593898881774	-5.91320328982579	6.77535683968378e-07	8.23522039340765e-05	0.0671968717877292
AT3G17760.1	1121.25469641588	2235.52602326423	6.98336956753666	0.00312381492984806	-8.32247530099636	2.9546555166317e-10	1.36771411304682e-07	0.200101895536969
AT3G18220.1	165.476378858422	329.474503342331	1.47825437451382	0.00448670340046884	-7.80012846878154	4.62045324788657e-08	8.48054734383906e-06	0.00412803809311492
AT3G18362.1	92.7574170593784	185.04329494887	0.471539169886564	0.00254826401581779	-8.61626952724885	1.39051474825117e-07	2.18550559397546e-05	0.0882029064859856
AT3G18720.1	28.4625990061749	56.4536588424633	0.471539169886564	0.00835267686019108	-6.90354565904806	0.000112132463132904	0.00662332311394958	0.0458669250008734
AT3G18850.1	3337.53768492146	6330.38755312179	344.687816721137	0.0544497179404373	-4.19893161423909	9.90484597678846e-05	0.00601950506162691	0.00174450977029845
AT3G19390.1	1377.69797397322	2747.12523459896	8.2707133474881	0.00301067939798365	-8.37569519850759	2.54032520779073e-10	1.24058596040466e-07	-0.000680030413828449
AT3G19600.1	15.413576791274	30.8271535825479	0	0	-Inf	0.000615661370802755	0.0289297374032882	0.390874898458524
AT3G19610.1	22.0431252720548	43.5510745093688	0.535176034740691	0.0122884691312395	-6.346550990446	0.000416325308548339	0.0205517410436462	0.170655561510994
AT3G20220.1	277.494112115962	553.509969857411	1.47825437451382	0.00267069150514964	-8.54857094653807	2.56527221206665e-09	7.2763072644624e-07	0.0467362389563738
AT3G20450.1	329.357877458922	640.059705199812	18.6560497180313	0.0291473585455708	-5.10049104342876	9.84886323503107e-06	0.000818683014442643	0.00501233831546385
AT3G20520.1	551.252005864809	1101.0257573551	1.47825437451382	0.00134261561515591	-9.54073795791862	6.53847125135564e-11	4.06395708595623e-08	0.0806361646528008
AT3G20865.1	2167.36348835682	4315.3187592504	19.408217463242	0.00449751653261725	-7.79665569990994	9.00571334253459e-10	3.28384331322181e-07	0.216151860224225
AT3G21310.1	249.457987890237	477.864674464064	21.0513013164106	0.0440528510294679	-4.50462079871137	6.26054209396606e-05	0.00405718732667734	-0.00278114491434072
AT3G21570.1	203.478457721205	403.401593793787	3.55532164862246	0.00881335548327031	-6.82609288782984	1.77937601331748e-07	2.67026647243937e-05	-0.00361850712578993
AT3G21880.1	89.935935539325	178.329979839282	1.54189123936795	0.00864628168947004	-6.85370444572396	1.20499689919579e-06	0.000134507164078393	0.359007552871854
AT3G21930.1	23.4333994082877	46.8667988165754	0	0	-Inf	7.26975286824078e-05	0.00460215744075576	0.19386230778466
AT3G21933.1	31.6772978039395	63.354595607879	0	0	-Inf	1.37843497411095e-05	0.00110226431789433	0.132625053649579
AT3G21960.2	79.3930872290703	158.2509984234	0.535176034740691	0.00338181774568543	-8.20798537313443	3.38739428433195e-07	4.58606232118367e-05	0.113482852877807
AT3G21980.1	60.6217669334499	121.2435338669	0	0	-Inf	3.12626266151535e-07	4.31803188217786e-05	0.176774218157093
AT3G22000.1	77.3783053549599	154.75661070992	0	0	-Inf	7.50034253461048e-08	1.2819960477283e-05	0.127447341652353
AT3G22020.1	21.8202031062528	43.6404062125056	0	0	-Inf	0.000107520793241395	0.00640627157639578	0.133722585042085
AT3G22060.1.DE	608.081330743597	102.677219237973	1113.48544224922	10.8445227725588	3.43889466160787	0.000932211960042966	0.0408326137103011	0.00383704941979009
AT3G22235.1	8473.67463004444	789.792587159378	16157.5566729295	20.45797458171	4.35459141467414	5.2502097732846e-05	0.00348501788543173	0.205672098104208
AT3G23130.1	59.7671435872813	119.534287174563	0	0	-Inf	3.6447560223473e-07	4.83867901452204e-05	-0.0151045305260562
AT3G23380.1	39.4491197489288	77.4199851233437	1.47825437451382	0.019093963556809	-5.71073957890221	0.000122248990230722	0.00707003944738172	-0.0183693033683179
AT3G23670.1	666.674272047871	1307.18542340847	26.1631206872699	0.0200148503944068	-5.64278535776419	1.703063190781e-06	0.000177092669739463	0.134097805732182
AT3G23860.1	24.7316951869554	49.4633903739108	0	0	-Inf	5.6582749376748e-05	0.00370197375587393	-0.00984151312052031
AT3G24225.1	31.3192244705963	62.6384489411925	0	0	-Inf	1.45198894165279e-05	0.00115769660572363	0.20808957552883
AT3G24340.1	164.977523156887	318.727824217258	11.2272220965157	0.0352251082066272	-4.82725205147474	4.42166208983949e-05	0.00300058597600324	-0.0043301064324848
AT3G24360.1	289.614564220901	546.160881534719	33.0682469070835	0.0605467143933145	-4.04580751651213	0.000211362048223022	0.0116070869373558	0.0360548837276068
AT3G25010.1	1647.82287480852	102.407731086971	3193.23801853007	31.181610847507	4.96262355472809	8.22017440245973e-06	0.000706934998611537	0.0958588960103589
AT3G25160.1	66.2773744028468	131.548033601066	1.00671520462726	0.00765283354732787	-7.02979026394425	2.90754917052718e-06	0.000287060125326994	0.14125490749692
AT3G25165.1	207.433504982346	411.910501215664	2.95650874902764	0.00717755128918089	-7.12229255001576	9.78661199189043e-08	1.61553602621623e-05	0.0047205320406797
AT3G25510.1	252.756809529276	12.7239209268209	492.789698131731	38.7293901750814	5.27535688005656	8.21426498471321e-06	0.000706934998611537	0.0932013594571623
AT3G25717.1	847.076424939556	123.02718184645	1571.12566803266	12.7705572415174	3.67474957310214	0.000493759368467776	0.0238153989574193	0.0684930921732161
AT3G26010.1	27.3736991166554	54.7473982333108	0	0	-Inf	3.41609823512257e-05	0.00239547319318288	0.00325819545523787
AT3G26050.1.DE	242.377947999468	470.624327385209	14.131568613728	0.0300272803410803	-5.05758237808708	1.17663345706666e-05	0.00095202875100175	0.0586525879362676
AT3G26320.1	148.295262951656	7.79574683837566	288.794779064936	37.0451715598694	5.21121360987241	1.59094556049403e-05	0.00125749072798817	0.27711896807433
AT3G26830.1.DE	176.045525317064	15.2326738226119	336.858376811515	22.1141987765451	4.46690106753112	0.000835776380251008	0.0373477327567068	0.574576924978407
AT3G26940.1	41.4830079628924	82.9660159257847	0	0	-Inf	4.2676372716943e-06	0.00039969638392567	0.533729493270799
AT3G27060.1.DE	1929.17466644376	3522.80540728913	335.54392559839	0.09524906624252	-3.39215124030671	0.00115744872686625	0.0496142755209063	0.0825463526344407
AT3G27360.1	849.188950680666	1612.68817802152	85.6897233398163	0.0531347129021201	-4.23420150822726	9.83347484306912e-05	0.00600280959839853	0.401415658644986
AT3G27415.1	60.926962686467	121.853925372934	0	0	-Inf	3.62217083110166e-07	4.83215257994967e-05	0.29536134707556
AT3G27503.1	80.3806221803917	160.761244360783	0	0	-Inf	5.95852853495791e-08	1.05131508628406e-05	0.154527250981577
AT3G27640.1	121.653019652809	232.804903838406	10.5011354672127	0.0451070200587429	-4.47050421048934	0.000161855032404347	0.00907051521761085	0.084524094153314
AT3G28315.1	79.8341806704248	159.66836134085	0	0	-Inf	7.17939478733541e-08	1.24267144711423e-05	0.134443444633544
AT3G28740.1	70.8341116970707	136.099471336265	5.56875205787697	0.0409167794937139	-4.61116359286577	0.000237337211583212	0.0127769646897198	0.30808469466642
AT3G28780.1	7401.8600901779	14795.5391849891	8.18099536672629	0.000552936615856919	-10.8205982684021	4.4547040176264e-14	4.06090818246823e-10	0.0026184528977866
AT3G28810.1	616.095495985697	1221.99656619541	10.1944257759808	0.00834243406077671	-6.90531590637902	3.15644975349845e-08	5.99462415685246e-06	0.0591183148937527
AT3G29035.1	166.036929832093	18.0079287862209	314.065930877966	17.4404249709316	4.12436328958854	0.000233003869522804	0.0125932605211653	0.160317194828124
AT3G29050.1	18.9980427286869	37.9960854573739	0	0	-Inf	0.000216397288292393	0.0118360660804407	0.359738170180548
AT3G29156.1	29.8824520124464	59.7649040248929	0	0	-Inf	2.10594037519762e-05	0.00157358626723783	0.0197184616535012
AT3G42450.1	77.2654558504768	153.58783336118	0.943078339773129	0.00614031931523746	-7.34747060259576	1.26284909169422e-06	0.000139823469472282	0.0245296682605633
AT3G42640.1	3702.19656206494	6927.93307191604	476.460052213846	0.0687737666152241	-3.86199782821114	0.000275851651708547	0.0144798291188586	0.0679132901154881
AT3G42850.1	846.985547313547	1682.70631678163	11.2647778454622	0.00669444081425175	-7.22282073220409	9.59595241985313e-09	2.20529501494238e-06	0.124807001476807
AT3G43110.1.DE	40.0938775884568	76.8869809877077	3.30077418920595	0.042930209338479	-4.54186298202861	0.000847119092740773	0.0377928433087678	0.228620775365742
AT3G43833.1	15.8148229345932	31.6296458691865	0	0	-Inf	0.000603488418520493	0.0284235876450154	-0.00390261869626388
AT3G44050.1	635.953341521976	1228.01911634539	43.8875666985668	0.0357385044861331	-4.80637692516537	1.80141438956289e-05	0.00138774875283848	0.0156934909338774
AT3G44860.1.DE	2874.66680687937	258.236322234532	5491.0972915242	21.2638456279483	4.41033063092137	4.96766053197241e-05	0.00332165232832229	0.0517847811405334
AT3G45480.1	29.9747697987678	59.9495395975357	0	0	-Inf	1.87945658749883e-05	0.0014238055056764	0.144896955272715
AT3G45810.1	84.2271110608457	168.454222121691	0	0	-Inf	5.03884936664491e-08	9.18683016526701e-06	0.0169577289583764
AT3G45860.1	7450.97580266031	31.446503338136	14870.5051019825	472.882626792679	8.88533832945486	2.76630776552027e-09	7.71969232361718e-07	0.513280578207658
AT3G47410.1	24.5969511114541	49.1939022229082	0	0	-Inf	5.90831966003707e-05	0.00384716014434985	-0.0345621070025519
AT3G47870.1	303.203392015959	606.406784031919	0	0	-Inf	3.00303736670298e-11	2.22592232315012e-08	0.307004359055568
AT3G48010.1	58.3353524984403	110.566776904263	6.10392809261766	0.0552058065136773	-4.17903617299001	0.000802971773728091	0.0362370826203231	0.135299649085867
AT3G50570.1	389.393704176451	765.45703786637	13.3303704865321	0.0174149166146399	-5.84353262468435	1.39992476602198e-06	0.000152056238318302	0.149618970542709
AT3G50740.1.DE	2694.81197478818	51.8813185249728	5337.74263105138	102.88371195659	6.68487078969899	0.000939766775671645	0.0410554980528245	1.05961282073587
AT3G51300.1	363.358479514267	701.103620858874	25.6133381696603	0.036532885307714	-4.7746604898731	2.15771739264391e-05	0.00159916680905219	0.0910545952424311
AT3G51490.2	399.635098764084	791.025565296588	8.24463223158042	0.0104227127330444	-6.58412537116393	1.12342024406383e-07	1.80725275497986e-05	0.00756529229980163
AT3G51690.1	23.5336783969335	46.5958176239804	0.471539169886564	0.0101197745619961	-6.62667903827145	0.000309505659438974	0.0159404157708796	-0.0185647248481784
AT3G52400.1	983.429495167789	37.6327864784575	1929.22620385712	51.2645058840244	5.67988838449702	0.000716524552901391	0.0331005295147757	0.816215403314423
AT3G52780.1	58.6001987088903	116.66522138304	0.535176034740691	0.0045872799828115	-7.7681453202362	2.09807302731779e-06	0.000212511485744766	-0.0128623407510341
AT3G52980.1	40.2800160537307	80.5600321074613	0	0	-Inf	3.45187340339724e-06	0.000331234504688097	0.156273805771457
AT3G53280.1	992.071506211355	84.1303141497473	1900.01269827296	22.5841626466656	4.49723951882891	4.86011869241831e-05	0.00327375679803586	0.417583797631976
AT3G53480.1	132.460631176063	255.98809924019	8.93316311193704	0.0348967906650817	-4.84076182682035	5.60633948709889e-05	0.00367679070247435	0.14984983600707
AT3G54240.1	123.937167803263	246.931257266753	0.943078339773129	0.00381919385262088	-8.0325161352916	1.02346077616342e-07	1.67602426985133e-05	0.374348122664538
AT3G54750.3	605.643691122057	1117.06092346435	94.2264587797597	0.0843521215365175	-3.56743183564573	0.000766055175381288	0.0350922561747529	0.0570316674500168
AT3G55090.1	289.432302424877	553.82399846378	25.0406063859731	0.0452140146606716	-4.46708616608168	7.51761923762009e-05	0.00472624944621688	0.110285446817715
AT3G55110.1	2595.41590118528	4737.25704592085	453.574756449705	0.0957462835672529	-3.38463970047238	0.00116516881175419	0.0498109308989476	0.0632248276504392
AT3G55190.1	138.356245488121	276.177314941501	0.535176034740691	0.00193779867421063	-9.0113655935817	1.40639976885673e-08	3.04179593663451e-06	0.114606217894736
AT3G55240.1	2728.79669891205	351.070630669946	5106.52276715415	14.5455709508067	3.86250802190178	0.000254569291105359	0.0135639788121848	0.0656387872771311
AT3G56220.1	345.461674832499	680.893753367672	10.0295962973261	0.0147300459840028	-6.0850942556135	1.612705260988e-05	0.00126373247786532	0.557256968436328
AT3G57370.1	46.1930784390688	92.3861568781377	0	0	-Inf	1.60205100904811e-06	0.000169918010748783	0.0319767218587197
AT3G57690.1	1904.41745972814	3795.05909091577	13.7758285405109	0.00362993782454828	-8.10583944745596	4.28559164503441e-10	1.80311323551386e-07	-0.000516523226488907
AT3G57920.1	329.389648354767	642.799127165205	15.9801695443278	0.0248602850703946	-5.33001335005019	5.73414048288469e-06	0.000515846295808982	0.10569232633455
AT3G58280.1	32.4850157361512	64.9700314723023	0	0	-Inf	1.1473763673205e-05	0.000933882407544079	0.426789068714255
AT3G58650.1	348.576591827646	680.548120095461	16.6050635598303	0.0243995436465259	-5.35700202498045	5.27204632159021e-06	0.000480599742676163	0.000262380702390558
AT3G58990.1	1786.81458183267	237.01394517698	3336.61521848837	14.0777168870671	3.81534147269869	0.00030183378071183	0.0156336178691423	0.400817534332312
AT3G59830.1	118.674981713766	234.138907219088	3.21105620844415	0.0137143213256715	-6.18817295980978	1.97767031835612e-06	0.000201810924874639	-0.0076590842136337
AT3G59890.1	330.7051109355	633.705209944363	27.7050119266378	0.0437190849812805	-4.51559298333909	6.2155785840252e-05	0.00403761622603138	0.0278618354828858
AT3G60570.1	48.9909744944921	97.038870649211	0.943078339773129	0.00971856260757912	-6.68504133217498	1.7736413365501e-05	0.00137409471025417	0.0580395262939638
AT3G60900.1	359.536482098002	707.565113524165	11.5078506718399	0.0162640164867977	-5.94217260702191	1.11541208025982e-06	0.000126573815647077	0.237547053235274
AT3G61280.1	2381.17975890621	42.8244765515362	4719.53504126089	110.206485199679	6.78406531286824	6.59880389145021e-06	0.000584026177421943	0.616131067810372
AT3G61910.1	41.451393632654	80.2905439564587	2.61224330884933	0.0325348811967937	-4.94186890412728	0.000303118967217003	0.0156409387083974	0.103654256206589
AT3G61950.1	425.173253483985	784.11716332321	66.2293436447589	0.0844635811363556	-3.56552677310989	0.000930089220808758	0.0408283788293386	0.0312660102882078
AT3G62170.1	8683.8726706135	17338.2699717175	29.4753695095146	0.00170001791168296	-9.20023433773437	7.29474287656724e-12	7.97870066975755e-09	0.0933640367765814
AT3G62230.1	1563.41434426079	3105.12641207377	21.7022764478207	0.00698917646748134	-7.16066181136109	9.06454572197712e-09	2.11877945644983e-06	0.0183658836746165
AT3G62570.1	309.392802023287	589.475064015714	29.3105400308599	0.0497231211634061	-4.32993933132399	0.000122280556479872	0.00707003944738172	0.20433831970921
AT4G00140.1	34.0690056219249	0.448151557276144	67.6898596865737	151.042339555822	7.23880920624655	0.00079959158897974	0.0361441830998643	0.845068236677433
AT4G00780.1	6461.96021196392	843.14203201594	12080.7783919119	14.3282838871488	3.8407939218105	0.000457422365519984	0.0222987287918726	0.432734208091977
AT4G00870.1	1859.57412296707	3625.02924346784	94.1190024662988	0.0259636532962865	-5.26736279327856	3.1303299088545e-06	0.000303575398394869	0.0705121034253477
AT4G01010.1	429.647994058196	64.0587979418269	795.237190174566	12.4141759715307	3.63391659633436	0.000602593191429	0.0284235876450154	0.379144014395018
AT4G01390.1	1323.7890263839	3.85320756761945	2643.72484520019	686.110155968968	9.42229641152549	2.40270857559894e-09	6.99034831122126e-07	0.518300978021659
AT4G01730.1	400.921915459595	790.272343382495	11.5714875366941	0.0146424047780366	-6.09370367737961	5.34744392760479e-07	6.73925790470672e-05	0.141095492607735
AT4G02110.1	307.259730621268	586.967804161515	27.5516570810219	0.04693895795593	-4.41307037536356	9.34259505819838e-05	0.00572872846752487	0.188631046588453
AT4G02250.1	948.586149577127	1891.2592816562	5.91301749805528	0.00312649754341307	-8.32123690098322	3.95687519109688e-10	1.74536488267932e-07	0.0311604268068346
AT4G02700.1	195.451391636588	373.661351064803	17.2414322083716	0.0461418665838454	-4.4377798230146	9.22628617107962e-05	0.00567012301588057	0.0106078291814326
AT4G03220.1	63.6429245834313	125.272418757608	2.01343040925451	0.0160724158535674	-5.95926939218634	1.78678871461148e-05	0.00138036999342358	0.0366244422761595
AT4G04077.1	1004.10231040899	2006.72636644346	1.47825437451382	0.000736649699347772	-10.4067336451087	7.31090238203739e-11	4.35050722700338e-08	0.474025290508582
AT4G04460.1	10706.3455661455	21325.2081021023	87.4830301887706	0.00410232949521118	-7.92934091229425	4.52886267120121e-10	1.87659600503047e-07	0.0424374956630124
AT4G04500.1	312.372593846197	10.7511582498505	613.994029442543	57.1095704456849	5.83566062817343	1.32086534057875e-06	0.000145072390900192	0.422578359213331
AT4G04540.1	35.2078281808713	2.14993304165164	68.265723320091	31.7524880996514	4.98879773963474	0.000403484700299286	0.0200263150340923	-0.0231868998110713
AT4G04690.1	14.6066053798584	29.2132107597169	0	0	-Inf	0.000817302999323257	0.0366896814634244	0.138383113592333
AT4G04810.1	43.5335383333767	3.67454416134592	83.3925325054075	22.6946605738608	4.50428100607263	0.000817885532396395	0.0366896814634244	-0.00473569512713465
AT4G05590.2	597.813710734693	96.3257100657092	1099.30171140368	11.4123395576714	3.51252267286431	0.000872009150467375	0.0386510636093708	-0.000734310148158752
AT4G08630.1	168.684270066699	337.368540133397	0	0	-Inf	8.67588606845009e-10	3.20632611081045e-07	0.00187434055015642
AT4G09960.3	557.495060813548	1114.9901216271	0	0	-Inf	1.55813002926265e-09	5.19655366344815e-07	0.593782488221781
AT4G10595.1	22.5378428145316	45.0756856290631	0	0	-Inf	8.76163361383407e-05	0.00540887485487888	0.397373501325195
AT4G10640.1	66.2189167593212	128.410972700133	4.02686081850902	0.0313591645155791	-4.99496906671469	0.000102079700214579	0.00616263938513974	0.106286160452001
AT4G11320.1.DE	4160.05701956569	8204.19677853684	115.917260594542	0.0141290200276272	-6.14519478428059	2.24307111815584e-07	3.29803811501753e-05	0.281618139384563
AT4G11485.1	287.693853736706	574.380992268785	1.00671520462726	0.00175269589031971	-9.15620858838668	8.38028641222199e-10	3.13950784659517e-07	0.0129863768513382
AT4G11810.1	191.047644149394	367.211551939849	14.8837363589388	0.0405317759757646	-4.62480279861662	5.32367102054974e-05	0.0035167090596617	0.0215017772232552
AT4G12960.2	1240.05357282663	2478.09371524401	2.01343040925451	0.000812491632930941	-10.2653594233717	4.07677786398214e-11	2.85876207754317e-08	0.464956668045228
AT4G13210.2	374.986095989681	735.788461133818	14.1837308455434	0.0192769139430195	-5.69698208195498	1.68790625173564e-06	0.000176186489207887	0.133212418358995
AT4G13266.1	30.6909164654543	61.3818329309086	0	0	-Inf	1.68746126037856e-05	0.0013110423451373	0.0294043444614741
AT4G13770.1.DE	9811.190916087	1566.59500211652	18055.7868300575	11.5254975316936	3.52675712502259	0.000649611956523045	0.030420527032521	0.0294157999624155
AT4G14400.1.DE	30613.76342887	944.395665377692	60283.1311923622	63.8324945808103	5.99621912446142	2.39913328724957e-07	3.45323669156323e-05	0.330854794011235
AT4G14723.1	39.2459827804924	78.4919655609849	0	0	-Inf	4.44938812131281e-06	0.000413883899121301	0.022415927669421
AT4G14770.1	603.791952417408	1117.54913635222	90.034768482596	0.0805644830763124	-3.63371222425513	0.000695624645494023	0.0324087611669004	0.00673236151726203
AT4G14780.1	510.426587826419	1015.69232589999	5.16084975284453	0.00508111523661613	-7.62063910070569	4.82889179957811e-09	1.23421058817628e-06	0.00909524226070288
AT4G14810.1	25.3285241884266	50.1855092069665	0.471539169886564	0.00939592279400659	-6.73374942584172	0.00110207115111266	0.0474636879379983	0.80807791353073
AT4G15210.1.DE	8494.76510923036	15969.7798519561	1019.75036650461	0.0638550046373809	-3.96905649416022	0.000218731717246519	0.0119160856638602	0.109645276334196
AT4G15890.1	200.523531156187	371.852321378183	29.1947409341904	0.0785116543739379	-3.67094936431188	0.000809415453368022	0.0364676998660769	0.0284948569360094
AT4G16030.1	19.222118507325	38.44423701465	0	0	-Inf	0.00020326335690421	0.0112527252725027	0.380926456699329
AT4G16260.1.DE	335.314091181986	2.95690445306716	667.671277910904	225.800761745391	7.81890654286724	4.94029065916582e-05	0.00331144776830556	0.858615453741166
AT4G16270.1	1471.88432733933	2937.12955055131	6.63910412735835	0.00226040561476499	-8.78920260675453	5.94022116189925e-11	3.86793257941954e-08	0.0104311422883643
AT4G16620.1	170.989387590486	327.948399181044	14.0303759999274	0.0427822670730036	-4.54684325546439	8.5040465879723e-05	0.00528565150199696	0.01872301630882
AT4G17210.1	82.2439497671426	162.002929955144	2.48496957914108	0.0153390409656734	-6.02664790493381	8.65982515111438e-06	0.00073778472969681	0.0137296104482164
AT4G17280.1	183.670322595974	358.852940133991	8.48770505795816	0.0236523213514399	-5.40187440630047	1.03558835777926e-05	0.000853050313510455	0.104796900782921
AT4G18190.1	784.361113467506	1568.18705090027	0.535176034740691	0.000341270535573837	-11.51679651834	1.12750656824301e-12	2.37192689448537e-09	0.177865273329576
AT4G19170.1	23814.7045031691	1603.20781382067	46026.2011925175	28.7088179060397	4.84342202326582	1.10931255911236e-05	0.000911035431429572	0.0317298938444102
AT4G19370.1.DE	239.109040906513	25.6250122183231	452.593069594703	17.6621601480088	4.14258989564476	0.00019414679633472	0.0107698308035739	0.305750285749904
AT4G19380.1	248.375278570432	480.145493581034	16.6050635598303	0.0345833997857316	-4.85377648699127	0.00018776504930557	0.0104582455568406	0.521304460500532
AT4G19620.1	122.717506968656	245.435013937313	0	0	-Inf	5.27907618308754e-09	1.3245153711475e-06	0.0205198618951637
AT4G20140.1	57.8402955272072	109.576662961797	6.10392809261766	0.0557046357101215	-4.16605879690038	0.000878783235162946	0.0388882911249778	0.432617689307592
AT4G20160.1.DE	132.924327944361	263.707951749759	2.14070413896276	0.00811770795972866	-6.94471184566489	3.24883272940495e-07	4.44245387418833e-05	-0.00676428345265127
AT4G20460.1	792.214919546431	1508.35346696213	76.0763721307313	0.0504367005460274	-4.3093822888425	7.18609806499121e-05	0.00455975428959118	0.0124013367043592
AT4G20680.1	48.6586585248838	97.3173170497676	0	0	-Inf	1.14263979833409e-06	0.000128596350637204	0.165692625962504
AT4G21070.1	215.292975948615	406.091996179036	24.4939557181937	0.060316273033352	-4.05130890311803	0.000319181083875136	0.0163770436807077	0.00162389982468949
AT4G21330.1	14.6966836037914	29.3933672075827	0	0	-Inf	0.000774049333351041	0.0353400687286883	0.399277092834446
AT4G21680.1	78.3747521315906	154.137260954332	2.61224330884933	0.0169475134868479	-5.8827825708875	2.7964024278062e-05	0.00201783677033361	0.523939988414502
AT4G22050.1	32.484269215355	64.96853843071	0	0	-Inf	1.17602845801606e-05	0.00095202875100175	0.230315684842571
AT4G22690.1.DE	5683.1983706197	566.949786658515	10799.4469545809	19.0483305730311	4.25159265798405	0.000100540586076519	0.00608315032747931	0.421087189599457
AT4G22960.1	503.650522228018	979.700356993029	27.6006874630071	0.0281725807957458	-5.1495644595486	5.52222153657099e-06	0.000499338819135738	0.0993597397558989
AT4G23140.2	2014.11170200622	37.7191320984097	3990.50427191402	105.795230428493	6.72513077760221	2.82540517949924e-08	5.49950012951573e-06	0.276250404357954
AT4G23310.1	561.52632959392	5.55498905199494	1117.49767013584	201.170094067876	7.65227203991426	1.32117055887416e-05	0.00106268742482619	0.740402381239598
AT4G23560.1	463.43473839602	925.926398452266	0.943078339773129	0.00101852408717316	-9.93930418552239	7.31765878463345e-11	4.35050722700338e-08	0.187303752957083
AT4G24890.1	152.461414638337	303.852477207193	1.07035206948138	0.00352260438789026	-8.14914182506538	2.83541581929837e-08	5.49950012951573e-06	-0.00634729714940848
AT4G25040.1	698.391569370536	1396.78313874107	0	0	-Inf	3.81132191267722e-13	1.48902902382709e-09	0.00366849447887271
AT4G25240.1	239.783062749239	469.154708012028	10.4114174864509	0.0221918640240608	-5.49382533678131	4.88279179732416e-06	0.00045113037186899	0.0796821773353373
AT4G25590.1	379.126940750378	757.183529431274	1.07035206948138	0.00141359660885034	-9.46641380061115	1.87900037532503e-10	9.69564193667714e-08	0.0257257869076327
AT4G26255.1	430.506648394314	842.903897738376	18.1093990502518	0.0214845358988632	-5.54055757690026	2.99574542072327e-06	0.000294703761747986	0.0131765091644283
AT4G26260.2	882.923814950364	1748.58011657645	17.2675133242793	0.00987516280242704	-6.66197975194645	5.83477903672454e-08	1.03795371642325e-05	0.0796218396067932
AT4G26760.1.DE	1555.6214736666	2885.16287786317	226.080069470022	0.0783595516234645	-3.6737470473052	0.000519642960813956	0.0250197107259508	0.0923543438242811
AT4G26830.1	222.30950720168	426.689051314631	17.9299630887282	0.0420211463909981	-4.57274066864793	6.57462357070752e-05	0.00422072313173027	0.0331271441168127
AT4G26960.1	84.1955710686843	158.425182704897	9.96595943247198	0.0629064095891616	-3.99064916771968	0.000849628194883262	0.0378430486541815	0.0136637293427026
AT4G27330.1	210.631602517949	420.791665866012	0.471539169886564	0.00112060006919603	-9.80151279789625	1.40201266093544e-09	4.79278028140779e-07	0.00148983796090354
AT4G27570.1	757.621200064961	1506.50014761255	8.74225251737467	0.00580302134800923	-7.42898004841076	4.31471437958984e-08	8.08211019541253e-06	0.463408790073597
AT4G27980.1	228.813240830343	455.549414386578	2.07706727410864	0.00455947743211463	-7.77691580003045	1.68091448285437e-08	3.48254918765919e-06	0.000783615156629503
AT4G28088.1	49.5110423086638	99.0220846173277	0	0	-Inf	1.00528318889975e-06	0.000115514641386682	0.326497613173109
AT4G29050.1	400.977314502142	37.8129429263234	764.14168607796	20.2084690304812	4.33688812388876	0.000448673311139935	0.0219504789142307	0.509639609539384
AT4G29150.1	145.773257086255	288.182103118451	3.36441105406008	0.0116746009472948	-6.42048295214797	1.00275089558484e-06	0.000115514641386682	0.0682006111613791
AT4G29305.1	152.389320576796	304.778641153591	0	0	-Inf	1.7879931948132e-08	3.62207688087047e-06	0.51649775605541
AT4G29700.1.DE	1957.19756717748	3776.46888762136	137.926246733594	0.0365225428404014	-4.77506897495848	1.86164302995118e-05	0.00142212887103645	0.00652452347669409
AT4G30130.1	840.774697129657	1583.36597522556	98.1834190337543	0.0620093020628207	-4.01137153825463	0.000159595066631061	0.00899918738603352	0.0286087577257528
AT4G30860.1	323.779552781017	630.456421716409	17.1026838456246	0.0271274639396372	-5.20410200882382	9.79779826357152e-06	0.000816921301561445	0.00568086544783318
AT4G31370.1	243.913321820031	454.746922099939	33.0797215401223	0.0727431455442647	-3.7810448779076	0.000443052164377191	0.0217533044728679	0.00539149912805716
AT4G31610.1	369.010647568724	735.472688693453	2.5486064439952	0.00346526320171416	-8.1728193492154	2.52473205206004e-09	7.26803917470925e-07	0.00435124042154671
AT4G32280.1.DE	385.515241732958	11.7397791507242	759.290704315193	64.6767451556663	6.01517517218481	7.17996554534486e-07	8.65011884291151e-05	0.41747211684695
AT4G32460.1	3900.9306924566	7525.82945548449	276.031929428712	0.0366779410909388	-4.7689435339732	1.87211813406561e-05	0.00142218574251185	0.0423275854126462
AT4G32510.1	654.651850972905	1303.60767615822	5.69602578758522	0.0043694325307838	-7.83833835921175	2.10755585722949e-09	6.42554773122624e-07	0.113255781803238
AT4G33150.1	3670.07749866086	6767.76802930975	572.386968011968	0.0845754413468492	-3.56361738920389	0.000698221727565939	0.0324744350433219	0.320835737194791
AT4G33230.1	166.766395245049	330.984184046102	2.5486064439952	0.00770008528153784	-7.02090986033891	1.92027337740079e-07	2.83868304460307e-05	0.149148399968771
AT4G33270.1	1152.19722981926	2276.37126338762	28.0231962509084	0.0123104682885538	-6.34397054698369	1.37100866899314e-07	2.17990378369909e-05	0.0281457851562963
AT4G35620.1	301.763979578174	594.568714928504	8.95924422784472	0.0150684756915306	-6.05232270671395	8.56702300012807e-07	0.000100987476296337	0.189890466341733
AT4G35670.1	190.659869304312	380.848199438737	0.471539169886564	0.0012381289200828	-9.65762274177342	2.25477519925185e-09	6.63049377947736e-07	0.220624535602006
AT4G35700.1	156.765080988905	313.53016197781	0	0	-Inf	1.33439868795816e-09	4.61938421750377e-07	-0.00602060683387751
AT4G35720.1	37.3120341264184	73.2094507431772	1.41461750965969	0.019322881066575	-5.69354597186527	0.00016109862591535	0.00904666369924637	0.00566407459751485
AT4G36070.2	21.6847125099553	43.3694250199107	0	0	-Inf	0.000116475366540773	0.00680634257298515	-0.0414940901849419
AT4G36180.1	1518.94091629544	2930.71308821337	107.168744377507	0.0365674636690006	-4.77329562541571	3.76458322192121e-05	0.00261969012603311	0.441030408929203
AT4G36880.1	385.695880927567	765.759372932404	5.63238892273109	0.00735529870324981	-7.0870003532504	3.08981022599551e-08	5.95071338454403e-06	0.00381358437551761
AT4G38390.1	103.668826222032	207.337652444064	0	0	-Inf	1.5436240546464e-08	3.2545824905118e-06	0.0945318000916925
AT4G38660.1.DE	1721.4203039535	3317.82222287204	125.018385034964	0.0376808570914757	-4.73002440880602	2.42398765263285e-05	0.00177249236160971	0.138745300250173
AT4G39630.1	160.38558050518	308.002047674476	12.7691133358837	0.0414578845572456	-4.59220968684969	7.42407107148557e-05	0.00467819114430846	0.395832197183776
AT5G04500.1	168.191541560177	335.376367915727	1.00671520462726	0.00300174759147079	-8.37998161477979	1.76557104264961e-08	3.6033460354016e-06	0.122235918431801
AT5G07230.1	1268.83014776477	2537.66029552953	0	0	-Inf	1.62351974639332e-14	3.98232029375112e-10	0.123839654677851
AT5G07280.1	1184.15926726636	2296.893917236	71.4246172967198	0.0310961759098868	-5.00711901569081	7.84686043723246e-06	0.000683426558080998	0.0238927596494546
AT5G07410.1	10576.366065192	21114.7836622994	37.9484680846038	0.00179724636025332	-9.119996102662	7.58542553070412e-12	7.97870066975755e-09	0.00436285082240252
AT5G07475.1	172.916699017883	344.890319695993	0.943078339773129	0.00273442971842299	-8.5145443029024	1.41256429703299e-08	3.04179593663451e-06	-0.00534491116958653
AT5G07510.1	2711.65172512653	5421.22638297895	2.07706727410864	0.000383136052135734	-11.3498555934372	6.83006165872346e-06	0.000600606193706653	1.12150527446528
AT5G07540.1	3621.30857171053	7237.51993053306	5.0972128879904	0.000704276179812189	-10.4715710911541	1.86892475769073e-05	0.00142218574251185	1.14185456921537
AT5G07700.1	26.118261696889	0	52.2365233937779	Inf	Inf	0.000107078922205094	0.00639387415822033	0.688670627742252
AT5G09430.1	84.8325801221536	167.651729835053	2.01343040925451	0.0120096011609034	-6.379667949867	3.84774924335606e-06	0.000365375855233686	-0.0117403268634388
AT5G09550.1	1213.44942991329	2426.36368379185	0.535176034740691	0.000220567113790763	-12.1464946761441	1.270491174502e-13	6.94907852805616e-10	0.00613610419042857
AT5G10080.1	242.203598917616	457.07253246468	27.3346653705518	0.059803780426609	-4.0636195041752	0.000255260980921212	0.0135639788121848	0.00105085126176261
AT5G10090.1	77.9037089560668	153.666713773171	2.14070413896276	0.0139308252672253	-6.16557546351779	6.5253757408725e-06	0.000579402518705783	0.0805402532965558
AT5G10260.1	215.072367258654	401.623917980606	28.5208165367027	0.071013740118137	-3.81575799779877	0.000571668258954668	0.0271423325449519	0.0446953495052916
AT5G10500.1	137.378232444	274.284925718113	0.471539169886564	0.0017191581661005	-9.18408200281776	1.54391863634918e-08	3.2545824905118e-06	-0.00210581512092916
AT5G10720.1	47.805074704023	91.9275540297153	3.68259537833071	0.0400597559371625	-4.64170255817273	0.000427237300097423	0.0210524066361519	0.310808796165621
AT5G10760.1	8080.26216147415	228.373900887381	15932.1504220609	69.7634465241176	6.12439941023769	4.05169562312938e-06	0.00038077584845822	0.51591399184053
AT5G11080.2	22.2672010506928	43.999226066645	0.535176034740691	0.0121633056438326	-6.36132082383362	0.000394704978898895	0.0196619157794663	0.185680515955033
AT5G12000.1	734.356869167989	1457.35924250975	11.354495826224	0.00779114407417497	-7.00394909129852	2.39253742982e-08	4.79336728930857e-06	0.126517350653095
AT5G13130.1	44.1309840589616	88.2619681179233	0	0	-Inf	2.15496732353193e-06	0.000217468805771037	-0.0199397625370107
AT5G13220.1	590.199197552999	1123.89193806733	56.5064570386647	0.0502774823136772	-4.31394378234954	8.94367615035024e-05	0.00550882106666167	0.13903395086624
AT5G13380.1	1933.04765758631	3863.61034559348	2.48496957914108	0.000643172928133197	-10.6025056964	3.15178235900003e-12	5.3871839971208e-09	0.435814362239309
AT5G14990.1	31.2291462466633	62.4582924933267	0	0	-Inf	1.49952344300215e-05	0.00119212113718671	0.114155589438762
AT5G15110.1	1317.46319023668	2630.96315651971	3.96322395365489	0.00150637759553331	-9.37470083674903	1.69427464796469e-11	1.49467816363027e-08	0.00651663285207737
AT5G15480.1	35.6318703097571	70.257025414887	1.00671520462726	0.0143290325584143	-6.12491498214912	8.74469528744181e-05	0.00540887485487888	0.387200250288049
AT5G15720.1	220.184410799191	434.328530370618	6.04029122776353	0.0139071942214095	-6.16802480448561	7.66254336130663e-07	9.15088366135432e-05	0.0281780069856821
AT5G16100.1	88.537517337618	176.068319470609	1.00671520462726	0.00571775324291266	-7.45033592473292	6.36158470961738e-07	7.80164209141776e-05	0.0550673986447762
AT5G16500.1	563.188992295678	1119.26734129411	7.11064329724491	0.00635294449762422	-7.29835886954544	1.08729813045652e-08	2.45747349353098e-06	-0.000273925419199925
AT5G17090.1	208.022910062269	415.510644089797	0.535176034740691	0.00128799596918396	-9.60065620615319	1.47350227550279e-09	4.97498027536423e-07	0.0270635160928485
AT5G17340.1.DE	430.990410439527	861.980820879053	0	0	-Inf	5.21491561719792e-12	7.50618485784888e-09	0.0356653203494911
AT5G17480.1	334.393098056627	668.786196113255	0	0	-Inf	2.62904029734848e-11	2.11467629564372e-08	0.427703534301998
AT5G17590.1	127.746299474504	254.48588374438	1.00671520462726	0.00395587837649359	-7.98178621355163	7.38243409369689e-08	1.26977866411587e-05	0.0256639880118561
AT5G19240.1	2613.60443770063	405.908853647986	4821.30002175327	11.8777897511307	3.57019449569385	0.000599434721046702	0.0283621812304242	0.144205220151885
AT5G20630.1	4203.66828961208	7728.22524567337	679.111333550793	0.0878741641143278	-3.5084171288766	0.000988691032773133	0.0430552903889803	0.100302621904292
AT5G20710.1	2681.41019540398	5347.56630789294	15.2540829150248	0.00285252805421224	-8.45354320937553	1.24943683272546e-10	6.83391970027517e-08	0.0127190924193017
AT5G20810.2	364.18489155646	703.980151858358	24.3896312545629	0.0346453393468261	-4.85119490244734	1.59874820177834e-05	0.00126001630611626	0.154729083060845
AT5G21080.1	318.891557207608	637.783114415216	0	0	-Inf	2.73114471044147e-11	2.13403844403295e-08	0.098772113306093
AT5G21150.1	1617.89730398197	3234.18907985971	1.60552810422207	0.0004964236983608	-10.9761403908106	2.9780052429287e-13	1.3573747897269e-09	0.214069395606915
AT5G22380.1	88.1125272676171	7.52775172896537	168.697302806269	22.4100513513422	4.48607404959207	0.000232850727554945	0.0125932605211653	0.041137625874785
AT5G22570.1	37.5233585432205	3.04623615620392	72.000480930237	23.6358828528779	4.56290684846402	0.000765878446660205	0.0350922561747529	0.0603556719296981
AT5G22880.1	5582.99309346771	10713.09577675	452.89041018546	0.0422744666549461	-4.56406963641961	2.99808763301149e-05	0.00214077547226105	0.307504412595132
AT5G23010.1.DE	6050.03673700113	261.72324474005	11838.3502292622	45.2323225666117	5.49928217153997	1.28895809484291e-06	0.000142138814426467	0.0963361896097149
AT5G23270.1	304.671833862091	595.376928589109	13.9667391350733	0.0234586502506419	-5.41373618291832	5.09626397536337e-06	0.00046799470322342	0.361369662355662
AT5G23370.1	121.612807740812	227.499993396713	15.7256220849113	0.0691236155663929	-3.8546775089735	0.000777128061957298	0.0354214970640136	0.0520250816759736
AT5G23940.1	12853.0258711915	25633.935462356	72.1162800269065	0.00281331284978894	-8.47351429057952	8.01730970899503e-11	4.56786220669992e-08	0.066486560385226
AT5G24160.1	409.65617562912	63.4319829782772	755.880368279962	11.9163919018395	3.57487557118252	0.000706605679647641	0.0327529697067859	0.179877427592012
AT5G24210.1	3218.29964209658	103.042011258482	6333.55727293467	61.4657768766457	5.94171146025018	3.51846195000136e-07	4.71680869650182e-05	0.0223846740851433
AT5G24780.1	74663.7260110887	149153.246472328	174.205549849122	0.001167963513831	-9.74178907828427	9.41559985973949e-13	2.3483635791555e-09	0.000644411490057992
AT5G25250.1	714.648067661697	74.1072468993218	1355.18888842407	18.2868605315369	4.19273551090605	0.000126540737338891	0.00728554965209259	0.0270095421045089
AT5G25320.1	187.00262025151	374.00524050302	0	0	-Inf	5.08169118479595e-10	2.07424015704178e-07	0.01714382010871
AT5G25550.1	186.151729509322	372.303459018644	0	0	-Inf	5.19994302371772e-10	2.0813545041701e-07	0.0133166992280063
AT5G28237.1	346.874296180912	662.502865269433	31.2457270923914	0.0471631576713017	-4.40619587679585	7.54135478808688e-05	0.0047302974941422	0.16715880042233
AT5G28470.1	470.709393996123	940.883611957506	0.535176034740691	0.000568801526500455	-10.7797870428065	2.0044769665068e-11	1.66116472969782e-08	0.229488846526889
AT5G28640.1	1485.36967436197	2947.86552759283	22.8738211311027	0.00775945202282717	-7.00982951264455	1.302916505876e-08	2.87356133892716e-06	0.0228162691947761
AT5G28680.1	302.159691391945	598.750630726014	5.56875205787697	0.00930061994444096	-6.74845740059609	0.000548531694959227	0.0261801828861168	0.960876953361766
AT5G28690.1	274.40576905196	541.828168536384	6.98336956753666	0.0128885317764127	-6.27776826428566	4.73637467156663e-07	6.09139358378811e-05	0.0394134796195715
AT5G29560.1	58.7500297659214	117.028520361956	0.471539169886564	0.004029267125895	-7.95526683052106	1.95837382117072e-06	0.000200590289368452	0.038537264884195
AT5G36260.1	335.040701594269	664.703561725223	5.37784146331459	0.00809058619959328	-6.94954004843356	6.18153038186401e-08	1.08366982617447e-05	0.00993111191974386
AT5G36296.1	32.0879305278918	62.6339698164156	1.54189123936795	0.0246174918161396	-5.34417241124848	0.000364904683576286	0.0182951718131997	-0.0300922185192696
AT5G37470.1	45.9690026604308	91.9380053208615	0	0	-Inf	1.65063523159504e-06	0.000172956215761154	0.0279562309390629
AT5G37630.1	519.694479617356	952.059283891558	87.3296753431547	0.0917271401274438	-3.44650752973693	0.00106140328337858	0.0459292041041731	-0.00177114534612883
AT5G38240.1	281.227479269983	40.6760365514768	521.77892198849	12.8276736433787	3.68118764976737	0.00060385053465533	0.0284235876450154	0.129679343660627
AT5G38250.1	148.047227783152	0.537483260412909	295.55697230589	549.890562319718	9.10300071585107	3.62550697212109e-05	0.00253581495328817	0.8748737614044
AT5G38390.1	29.347208314422	58.694416628844	0	0	-Inf	2.13888654758302e-05	0.00159253984717587	0.0897366908631805
AT5G39030.1	940.640884206295	109.482852133883	1771.79891627871	16.1833463574006	4.01643805086627	0.000166418006154828	0.0093071567123154	0.312675410896043
AT5G39220.1	544.719793112864	1082.23922494772	7.20036127800672	0.00665320671439768	-7.23173442587012	1.547081043464e-08	3.2545824905118e-06	0.241202804229441
AT5G39532.1	13.6217170829655	27.2434341659311	0	0	-Inf	0.00108415000646016	0.0467655116351301	0.728217712467949
AT5G39670.1.DE	299.992433455785	28.8528978639852	571.131969047585	19.7946137590736	4.30703601205049	0.000108701711321365	0.00644853449287784	0.0128066260484486
AT5G40040.1	176.348258912758	352.696517825515	0	0	-Inf	6.60192986647748e-10	2.50763302761703e-07	0.0326386487625002
AT5G40460.1	91.3806805877997	175.37008930303	7.3912718725691	0.042146707582485	-4.56843625469147	0.000158097569018398	0.00893316594527924	0.223809585100599
AT5G40942.1	81.0142462703914	152.343161683635	9.68533085714779	0.0635757506284459	-3.97537959909539	0.000788374949529847	0.0357553534324084	0.376438403816026
AT5G41080.1	418.713442569863	825.065674108874	12.3612110308512	0.0149820934487454	-6.06061696403503	5.73042978085776e-07	7.15597231264374e-05	0.0303976389295438
AT5G41090.1	64.8936423407987	123.211817419093	6.57546726250422	0.0533671801961852	-4.22790340525107	0.000556215466910178	0.0265006630471421	0.043494144420475
AT5G41310.1	34.4059867823478	68.276797529955	0.535176034740691	0.00783832947797374	-6.99523806790358	4.36894639284289e-05	0.00297959964966253	0.0415627995328064
AT5G41780.1	190.063282169901	370.250322888091	9.87624145171017	0.0266744978766576	-5.22839507590119	1.23824339224357e-05	0.000998922722450653	-0.00489514704523242
AT5G42330.1	128.335471666162	246.603791286052	10.0671520462726	0.0408231844034992	-4.61446746590605	8.69345750115127e-05	0.00539112643404728	0.0659420147622958
AT5G42340.1	175.235094701096	349.998650232305	0.471539169886564	0.00134725996678441	-9.5357560250992	3.97478855440328e-09	1.05536424646428e-06	-0.00567123361190177
AT5G43110.1	57.1258861783775	114.251772356755	0	0	-Inf	4.54058959402841e-07	5.91314496273757e-05	0.0764578866848265
AT5G43185.1	43.5022689617797	86.4693618888187	0.535176034740691	0.00618919838253015	-7.33603171923527	1.13115650691452e-05	0.000923428900032787	-0.0226302922866981
AT5G43660.1	46.9110111518592	90.1394269253877	3.68259537833071	0.0408544352226574	-4.61336348162665	0.000447052058921113	0.0219103578985208	0.0596498407431734
AT5G44540.1	1963.42874367224	3922.42272422094	4.43476312354146	0.00113061835384463	-9.78867226243786	3.02713135106181e-12	5.3871839971208e-09	0.310057562724541
AT5G44568.1.DE	245.992178383548	17.5627633121294	474.421593454966	27.0129241636659	4.755577915707	0.000210551536829982	0.0115858419099122	0.531827147281691
AT5G44630.1.DE	1862.10752113933	3721.13125979992	3.08378247873589	0.000828721768578972	-10.2368245606589	9.44566307251371e-13	2.3483635791555e-09	0.264403954561503
AT5G44880.1	14.5611930074939	29.1223860149878	0	0	-Inf	0.000857398120885465	0.0380651360551553	-0.0445741823669744
AT5G45700.1	340.966909886388	671.559958035271	10.3738617375044	0.0154474095922193	-6.01649125985144	8.10646173153037e-07	9.59720846034167e-05	0.359569569815635
AT5G46700.1	989.397282224983	1840.96951033017	137.825054119794	0.0748654735162209	-3.73955566029139	0.000471738013204499	0.0228337897081711	0.0145903266348047
AT5G46795.1	159.375109920571	318.750219841142	0	0	-Inf	1.0968343544707e-09	3.84566999052113e-07	0.281431886398245
AT5G46960.1	64.6502447321183	128.765313429496	0.535176034740691	0.00415621272908811	-7.91051478649644	1.15281900226815e-06	0.000129210221614874	0.00141750298909727
AT5G46970.1.DE	75.4107683235626	150.821536647125	0	0	-Inf	4.58912038042768e-07	5.94802199829082e-05	0.542674059027267
AT5G47150.1	79.2136773020006	157.892178569261	0.535176034740691	0.003389503138092	-8.20471047818745	3.44267354247567e-07	4.63794266205048e-05	0.101475367580557
AT5G47220.1.DE	746.353493653372	100.537737487468	1392.16924981928	13.8472307474873	3.79152558117402	0.000376387767268696	0.0188180121741577	0.000604055562385183
AT5G47530.1	194.421871412033	386.014507804746	2.82923501931939	0.00732934892890209	-7.09209923620234	1.38708639209086e-07	2.18550559397546e-05	0.00601441494177172
AT5G47600.1	451.635264145115	901.193461016121	2.07706727410864	0.00230479621075666	-8.76114509093949	4.13812743144637e-10	1.76827357804993e-07	0.0618703876112149
AT5G49150.1	136.56767000534	269.172116057025	3.96322395365489	0.0147237537517269	-6.08571066317519	2.37506470975089e-06	0.00023792406477021	-0.00268215115169665
AT5G49260.1	34.364714106004	68.7294282120081	0	0	-Inf	8.91506549787334e-06	0.000754827279367926	0.0180905051365649
AT5G49340.1	24.7324417077516	49.4648834155031	0	0	-Inf	5.49071001690026e-05	0.00361831174800454	0.113259317713537
AT5G50060.1	27.3759386790439	54.7518773580878	0	0	-Inf	3.1374911780328e-05	0.00222290437142075	0.115757850488012
AT5G50080.1	53.8950144495308	107.790028899062	0	0	-Inf	7.17050494571392e-07	8.65011884291151e-05	0.106532851504047
AT5G51380.1	221.507993027234	414.700686595197	28.3152994592714	0.0682788825158395	-3.87241674303839	0.000410728112835169	0.0203488993293772	0.00801775673568596
AT5G51600.1	761.147968650975	1491.0616848426	31.2342524593526	0.0209476594944828	-5.57706713078248	1.60300010140362e-06	0.000169918010748783	0.0156548317089645
AT5G52400.1	60.0786509354239	119.622125836107	0.535176034740691	0.00447388834632423	-7.80425503278324	1.81943992735124e-06	0.000188477436110613	-0.0120711778197895
AT5G52760.1	251.434970247286	30.9134992025	471.956441292072	15.2670015840169	3.93234484172207	0.00032417551616939	0.0165711252639261	0.180691701206603
AT5G53190.1	829.426525610068	1656.30444477614	2.5486064439952	0.00153873066756134	-9.34404355369636	3.47720353834858e-11	2.50248848333571e-08	0.0258047874940006
AT5G53210.1	104.765496136649	197.207336991394	12.3236552819048	0.062490855918016	-4.00021108938983	0.000737202046210812	0.0339410800669584	0.240027582071801
AT5G54010.1	468.024838647011	935.042962089395	1.00671520462726	0.00107665128282203	-9.85923323441599	6.22804040471491e-11	3.96103369739868e-08	0.00427289599607225
AT5G54320.1	15.0525173747461	30.1050347494922	0	0	-Inf	0.000795159840629276	0.036003363115115	0.259767924160008
AT5G56120.1	853.972764608482	1682.03695598911	25.9085732278534	0.0154030939306075	-6.02063602391782	4.04417337845901e-07	5.3173102670239e-05	0.363971302718946
AT5G56430.1	21.4174639213412	42.8349278426824	0	0	-Inf	0.000116124808608455	0.00680038814951613	0.307094698586341
AT5G56880.1	21.416717400545	42.8334348010901	0	0	-Inf	0.000119978083249559	0.00698119281001905	0.0715713054012432
AT5G57200.1	91.9129944779228	182.882910616072	0.943078339773129	0.00515673299706467	-7.59932693638751	4.96068862503196e-07	6.30999593104066e-05	-0.00601809091533017
AT5G57810.1	344.756781907742	687.563770271083	1.94979354440038	0.00283580029766787	-8.46202834577598	1.74356588986523e-09	5.54453952977144e-07	0.0469780788872209
AT5G59080.1	533.415660062707	81.9863532744649	984.84496685095	12.0123036031862	3.58644093853774	0.000715227888200431	0.0330965351717519	0.0324381541677558
AT5G59230.1	26.0454173759092	51.6192955819317	0.471539169886564	0.00913494003687289	-6.77438902584655	0.00090146671954097	0.0396993749533115	0.788003932689138
AT5G59540.1	2023.98688201227	53.4029435614824	3994.57082046306	74.8005737897975	6.22497743185215	1.51898049910582e-07	2.34695359827943e-05	0.013052924418107
AT5G59570.1	234.679722241611	463.191879525749	6.16756495747179	0.0133153564000012	-6.23076514540697	5.32826893337442e-07	6.73925790470672e-05	0.104294651858794
AT5G59845.1	851.085361955553	1691.41504098448	10.7556829266292	0.00635898503088213	-7.29698777194583	8.4884034682517e-09	2.01861615695433e-06	0.00842695144423855
AT5G60080.1	68.2827696963242	136.565539392648	0	0	-Inf	1.57030989663675e-07	2.40412629815101e-05	0.116992715787375
AT5G60250.1	172.906088751926	328.825292754897	16.9868847489551	0.0516593009212857	-4.2748280694357	0.000192340846455071	0.0106913363188075	0.301161299961781
AT5G60260.1	21.5053025828856	43.0106051657713	0	0	-Inf	0.000122784279630118	0.00708418666524151	-0.0463219884154868
AT5G60615.1	255.569083233003	509.061099191897	2.07706727410864	0.00408019249046107	-7.93714706911167	8.78074579751126e-09	2.07013651784774e-06	0.028167949236685
AT5G60660.1	390.39075656186	734.993183262739	45.788329860982	0.062297625207517	-4.00467902117455	0.000282798372328298	0.0147877053277902	0.13707078930619
AT5G61160.1.DE	53.779568245982	0.537483260412909	107.021653231551	199.116253684504	7.63746718156613	3.28214038361509e-05	0.00230745437560682	0.647030664440086
AT5G61260.1	141.234057879973	268.374102895164	14.0940128647816	0.0525162924169594	-4.25109112237247	0.000206855565543838	0.0114284565787735	0.0153733436687081
AT5G61270.1	699.721665325442	87.8123235190548	1311.63100713183	14.9367532319904	3.90079468175915	0.000252586365782863	0.0135180664020151	0.24487608192451
AT5G61605.1	494.231864650748	985.316309957906	3.14741934359002	0.00319432380422534	-8.29027372048147	9.34712076992452e-10	3.36348761599863e-07	0.0101175579378206
AT5G61720.1	5104.1716908518	10189.4327845262	18.9105971774478	0.00185590283358714	-9.07366310500023	1.07867193125173e-11	1.0925748139212e-08	0.00842585901837497
AT5G61850.1	58.151707722858	116.303415445716	0	0	-Inf	4.52555638434226e-07	5.91314496273757e-05	0.0577937205137198
AT5G62080.1	2002.89482415946	4002.29796353516	3.49168478376833	0.000872419998606048	-10.1626895380909	1.08794399942469e-12	2.37192689448537e-09	0.374635249396191
AT5G62850.1	558.230180162494	1048.36259833338	68.0977619916061	0.0649563062435301	-3.94438659413056	0.000227317516991279	0.0123346814576935	0.0192160902552099
AT5G63090.2	79.2054655732429	157.875755111745	0.535176034740691	0.00338985574043267	-8.20456040569303	3.9537714190526e-07	5.22356235595413e-05	0.154731829865159
AT5G63540.2	63.6584300450015	120.524401117029	6.79245897297428	0.056357541792544	-4.14924750433459	0.000771280068592475	0.0352725205950953	0.0710854861343127
AT5G63900.1	21.2482547589844	42.0249703480822	0.471539169886564	0.011220452173575	-6.4777253734154	0.000529449139613576	0.0254024124037756	-0.0463674761724341
AT5G63920.1	348.624690498688	663.836868650115	33.4125123472618	0.0503324143704232	-4.31236838636285	0.000106106137816706	0.00636357600221772	0.260799312166218
AT5G64310.1	1046.58269144223	1956.97506983463	136.190313049834	0.0695922575351673	-3.8449293813581	0.000322412489815055	0.016511866613225	0.000768571061558594
AT5G64690.1	142.862539015557	274.651210780214	11.0738672508998	0.0403197467050728	-4.63236961414332	7.3480714945334e-05	0.00464099443954964	0.0643934270654481
AT5G64770.1.DE	2225.61147980123	118.815154424692	4332.40780517777	36.4634278022487	5.1883782854705	4.04592985364741e-06	0.00038077584845822	0.105768600025845
AT5G65205.1	975.851280547312	1795.21624632342	156.486314771203	0.0871685041240493	-3.52004923770937	0.000779689420345425	0.0354791119261342	0.0102261272598313
AT5G65350.1.DE	117.049686050348	222.146063374876	11.9533087258188	0.0538083301780025	-4.21602665312317	0.000269262909939992	0.0141884432775316	0.183137772532507
AT5G65510.1	48.2788998605427	95.0795453465715	1.47825437451382	0.0155475540940534	-6.00716855307984	3.79477409076538e-05	0.00263399700086933	0.352965696858951
AT5G66690.1	160.231108274637	308.942891244396	11.5193253048787	0.0372862610901316	-4.74521205281779	4.69573054910693e-05	0.00317083553227102	0.135270099651589
AT5G66710.1	43.6391224109335	84.85691210758	2.42133271428695	0.0285343014982354	-5.13115894259586	0.000242609049006916	0.0130095534749826	-0.0195875261208344
AT5G67265.1	48.6264330004168	96.781326830947	0.471539169886564	0.00487221228853606	-7.68120728997575	5.48532071288447e-06	0.000498380567627789	0.285828239917833
