logFC	logCPM	pvalue	padj	dispersion
AT1G01150.1	-5.40959391681677	0.382180252003451	0.000878230366297949	0.0375945917460239	0.710210178165281
AT1G01280.1	-9.5449154465955	4.74416052581947	7.28570307539155e-18	8.65129724747907e-15	0.247313530821171
AT1G01600.1	-5.36465425964302	6.28571877016109	1.39274340075593e-09	3.09245650553212e-07	0.251716244457121
AT1G02040.1	-9.34181274858183	2.4651280798425	9.00264983691569e-09	1.79468153062777e-06	0.476184580184673
AT1G02065.1	-7.58739754823968	3.74293895149622	3.5508689973386e-10	9.06334422302004e-08	0.357555349898774
AT1G02690.2	-3.77188967321715	4.48196102915221	3.17973350195066e-06	0.000312380221840915	0.242958039903622
AT1G02810.1	-4.58766894224023	2.03766951759542	0.000495286165210261	0.024068968786579	0.557629628430906
AT1G02820.1	3.03825839784712	4.58645122545664	0.00115002485471042	0.0465308574918461	0.343519357760977
AT1G02930.1	4.27685467193691	5.99831040064179	1.63841473742404e-06	0.000174111847835751	0.282331979108628
AT1G03710.1	-7.49103357862057	3.50210001772625	7.7341607648051e-11	2.20028817341242e-08	0.323322592888305
AT1G03780.3	-6.42900389881184	4.40487481576052	2.10586680707616e-10	5.58381828816088e-08	0.288359964553389
AT1G04150.1	-6.84462851862061	0.84635858407567	0.000133129756457068	0.00797347977762936	0.731455352169191
AT1G05010.1	3.15918981968949	7.1622565928833	6.02970378744633e-05	0.0040549937236863	0.245251888951081
AT1G05490.1	-6.2428730196652	4.02770352445677	6.11768400612054e-11	1.7965598697974e-08	0.260316505213865
AT1G05550.3	-4.0947211367127	2.51439420710726	0.000254320454483655	0.0136191096713786	0.434163992216855
AT1G05835.1	-6.14544478514651	4.62184702766336	8.76135924086422e-10	2.04514087373712e-07	0.294192079214998
AT1G06080.1	-6.91768001262156	4.10760079037487	9.88651773783831e-08	1.51691396594439e-05	0.446337373986389
AT1G06420.1	-7.40174235649382	3.69593422956543	2.23239302838381e-11	6.92828249979433e-09	0.303836811181227
AT1G06970.1	-6.81948172992115	0.851212158785048	0.00022212587606637	0.0122061967831964	0.785133486268053
AT1G06990.1	-10.6091656473153	3.72532172871771	1.09500061950161e-14	5.75106959984776e-12	0.308858569821092
AT1G07370.1	-5.38523713967549	4.00980831773489	2.13999574885184e-07	3.04403249462983e-05	0.337356181978315
AT1G07410.1	-3.81892798931553	2.64342142008158	0.00063074463794736	0.0288064662324086	0.446992735210249
AT1G07620.1	5.87916564513278	4.32429196819912	1.35526639032048e-10	3.77690616184109e-08	0.250754224074723
AT1G07900.1	6.9891630626846	1.03954830548571	0.000130374455404643	0.00782561923418945	0.764536420420759
AT1G08090.1	7.59023147375119	0.777837317943089	0.000138601600221877	0.00825944674486627	0.808483496592079
AT1G08930.1.DE	4.86255786447981	6.2890675763391	2.7240207053239e-08	4.708590473614e-06	0.257273949777445
AT1G09155.1	-9.76422846669973	0.60073709326598	2.30043823453261e-05	0.00177478159952881	0.725930437334655
AT1G09380.1.DE	-9.93862174506476	3.06905402729075	3.21743858362268e-11	9.65809840369339e-09	0.387390406865195
AT1G09460.1	-5.37136913650236	2.32184307761559	1.51033875324722e-05	0.00125376479300714	0.462110666474216
AT1G09690.1	-2.57280342927738	7.98181782074035	0.000938411648640708	0.0396119946460995	0.251014841764963
AT1G10640.1	-5.15394673700248	5.83091362628571	4.3104949365551e-06	0.000413066411271075	0.405340149458491
AT1G11040.1	-9.04416970029847	-0.0868094094694764	0.000177206368959533	0.0101674015601971	0.803005175991977
AT1G11600.1	-9.77792583766923	4.26582028280953	4.02429685668602e-14	1.962635204517e-11	0.321766460896796
AT1G12000.1.DE	-2.66050113917303	6.24031907467334	0.000453195952487742	0.0222612134143754	0.237301573972775
AT1G12070.1	-8.46351977891359	2.44447661269981	2.07417420867828e-08	3.77651812088084e-06	0.464975927074597
AT1G12080.2	-6.81780786691639	7.10142736533678	7.23764083259878e-10	1.73392288402724e-07	0.341333500360568
AT1G13470.1	6.10629561398179	5.66071817226417	7.14216005249292e-11	2.05325824414352e-08	0.260611883190684
AT1G13970.1	-4.24382544818996	4.95285308090398	8.84210485813991e-08	1.37208366920829e-05	0.224115082357576
AT1G14630.1	-4.02953299936349	1.9344122091511	0.000961776315627368	0.0402869217118084	0.509952190789249
AT1G14880.1	8.88826744283551	6.40650597766708	8.74180365138729e-18	9.18259228934762e-15	0.246409173367403
AT1G14900.1	-4.69102295418697	5.61017868123853	9.82275529589756e-09	1.94398021656709e-06	0.228853911333325
AT1G15125.1.DE	8.43813565149995	7.56902159518743	3.31149521904298e-11	9.83046151383508e-09	0.389929433443876
AT1G15415.1	-7.65644457785051	4.20665373049558	5.81543157655133e-12	1.98531564733992e-09	0.30554651956692
AT1G16380.1	-10.0785010933761	0.905247710671911	8.05936825613298e-06	0.000721670185059829	0.690223708990081
AT1G16400.1	3.97333507061424	2.16913006701058	0.00111097014542109	0.0455581165789721	0.515459272497045
AT1G16410.1	6.82947313538	7.57109860628686	1.71995588219061e-12	6.43475549294627e-10	0.262749109594527
AT1G16630.1.DE	-5.81573240280516	3.80361241408009	1.64803334779767e-08	3.06186658242871e-06	0.314800668766957
AT1G17560.1	-4.47993736807379	3.38462277663284	5.99252547029344e-06	0.000547364090699612	0.332007480818384
AT1G18250.2	-7.03483805470731	5.50061578400744	1.58981126344306e-11	5.04875993208064e-09	0.29542766608006
AT1G18410.1	-6.12256162227224	2.18972178405995	5.55143668253099e-05	0.00380974781467284	0.633831688662001
AT1G18960.1	-9.60535018862661	3.57662850011772	8.36704808191079e-13	3.31177464007342e-10	0.337828488778915
AT1G19640.1	-2.88548819178054	4.79259207434895	0.000227641721425644	0.0124094272532051	0.246646756132364
AT1G20150.1	-9.86661586249679	5.05395064575569	3.12277819628386e-19	6.95119172298862e-16	0.238160422685404
AT1G20720.1	-4.40306188519489	2.44507195031127	0.000165060579979603	0.00953059090871654	0.455491015853857
AT1G21000.1	3.33197329522691	6.64431995874874	2.79875211174853e-05	0.0020714557973974	0.246283728065019
AT1G22010.1	-10.6838885691651	1.49717074401572	6.36405919860803e-07	7.69065578642407e-05	0.609950603575759
AT1G22090.1	-7.29278345943601	0.479936955630844	0.000140151292499313	0.00831769740950552	0.752013733111782
AT1G22100.1	-9.67440850226351	0.514921330237459	3.52105366004267e-05	0.00254400784416469	0.749632394602695
AT1G22350.1.DE	4.36255441659744	3.60873786067219	6.11112708485226e-06	0.000554488344898339	0.321237783942138
AT1G22760.1	-10.0160629270628	5.20299408218157	3.56327795107615e-19	6.95119172298862e-16	0.244401781541818
AT1G23070.1	-4.7995149676041	1.03301542074935	0.000800859798857459	0.0348840222752728	0.620770374408983
AT1G23250.1	-8.84590530984075	2.83327349879211	1.52645144390806e-09	3.3620093052075e-07	0.426640075461323
AT1G23420.1	-9.13552553086954	2.26088890679752	4.92878865668149e-08	8.01250875015644e-06	0.513844435556149
AT1G23660.1	-13.0195442202217	3.81105261536612	4.25678639350982e-16	2.98095110751658e-13	0.299824855901239
AT1G24030.1	-3.7505018614639	2.94034644531435	0.000214733028223197	0.011878521007912	0.371381374529489
AT1G24320.1	-5.16286506255031	0.448426948256206	0.00112862834195489	0.045869000962991	0.702782718484064
AT1G24540.1	-10.0938214173239	0.920600779567373	7.78766869487056e-06	0.000699634933307927	0.689235704134317
AT1G25510.1	-7.09172762971234	5.44409765278236	7.14077520443836e-13	3.00033402474486e-10	0.26208640758744
AT1G26515.1	-8.56701584198505	-0.533353239881251	0.000570209370844989	0.0265365257304418	0.85675436433301
AT1G26710.1	-12.9633469111805	3.75506785425196	8.68143722013626e-16	5.92746829797853e-13	0.304618953096168
AT1G26770.2.DE	-3.23503378780511	4.58022246531429	0.000181452736149389	0.0103674804957656	0.290151491375216
AT1G27020.1	5.98157995922953	3.57655719462696	2.43758101237643e-07	3.38071987900262e-05	0.390714859558153
AT1G27860.1	-8.65747467732844	-0.450556113238865	0.000510729445790652	0.0244711085859447	0.861301747067557
AT1G28290.1	-8.32606961132156	7.93320626274147	1.2113123951165e-11	3.89201797917962e-09	0.368536348332734
AT1G28305.1	-10.1691194899928	3.29771257985057	2.29589045466968e-12	8.47338705506536e-10	0.356456946454266
AT1G29010.1	-9.20250969429317	0.0623322838710728	0.000121063628579132	0.00733119459007687	0.79128393820058
AT1G29715.1	4.997745044512	1.69778967600563	0.000263878896348041	0.0140210049380571	0.574605457703765
AT1G30350.1	-11.5956199137248	4.7174889840147	5.06929612028615e-19	9.22983642274234e-16	0.262262816682729
AT1G30650.1	-5.69619096366849	0.933950752366315	0.000660994014986447	0.0297784218182623	0.751744293136584
AT1G30710.1	-6.98951139542842	1.91127067428738	1.02137254531097e-05	0.000894061076441922	0.608433309035929
AT1G31310.1	-9.753432577858	2.87358929980545	1.78267042465225e-10	4.82044672947303e-08	0.408362037866973
AT1G31540.2	2.68973145593298	6.01703750097851	0.000642848970709789	0.029145601258379	0.254891105815743
AT1G31740.1	-6.53332601065579	0.547807425795113	0.000280740218041937	0.014801729913018	0.75007353601096
AT1G31820.1	4.13418523423386	3.613000166366	9.05120438025036e-06	0.000802589100094213	0.306411756038297
AT1G32180.1	-8.69461828257435	1.84088338556507	7.99690726101107e-07	9.41394543989109e-05	0.587562798313512
AT1G32780.1	-5.89876912485866	4.20939916315798	3.70786973212996e-10	9.35560631412637e-08	0.263178818114749
AT1G33430.2	-7.53180360139722	7.00718980899353	2.15070561398238e-14	1.08773927821246e-11	0.255001558874554
AT1G33500.1	-8.35041002965349	-0.730802368708658	0.00105203097220696	0.0435994201546953	0.904258260321713
AT1G33600.1	2.72125432461797	5.35426818159773	0.000591831112672488	0.0273957618952514	0.256185655076739
AT1G33720.1.DE	3.30523469618099	3.56451628871835	0.000341647005865553	0.0174671133263406	0.325371679773139
AT1G33740.1	-8.60354968458485	-0.499274903615901	0.000522252051092682	0.0248092315903622	0.854197986277946
AT1G35290.1	-4.23044131466239	2.89605290649128	4.71653387163116e-05	0.00331139477038865	0.373154832942586
AT1G35730.1	-8.26784305509895	-0.806953516604983	0.00108828326318118	0.0446948935349494	0.890819222979267
AT1G43630.1	-7.44731502277104	1.44592582148503	5.41228670195713e-06	0.000497693475141924	0.586794507422979
AT1G44542.1	-7.02738120072668	3.33835547714046	9.49515263149875e-10	2.17917742452826e-07	0.33873538198928
AT1G45201.1	5.42109433491631	5.76106548992605	3.4079962963571e-10	8.78073460847252e-08	0.237168969947753
AT1G47610.1	-11.9931825569683	2.79023318824082	7.11116382593289e-11	2.05325824414352e-08	0.42065475708895
AT1G47760.1	-8.61768238433464	-0.485179883155164	0.000567890027725743	0.0265122129012269	0.870690402245692
AT1G48820.1	-8.77942560445676	-0.335613605818114	0.000346194323437042	0.0176069146506314	0.833386463860386
AT1G49290.1.DE	-6.06829969847811	1.9413426903012	1.17413685524323e-05	0.00100103520234562	0.520647508838885
AT1G49870.1	-5.89663739240308	3.76397198783706	5.68697723556533e-09	1.17664420667064e-06	0.301399291619462
AT1G50240.2	-3.99445825091918	3.91681819309302	5.00998518317726e-06	0.00046858803197861	0.27617506115972
AT1G50310.1	-8.25765495566766	5.82748801126111	4.12671941573116e-17	3.31484805773629e-14	0.232813644301833
AT1G50580.1	-8.4949668720984	-0.598295759538915	0.000771605070346771	0.0341544668982831	0.889931529774178
AT1G50810.1	-5.66400052355652	1.73261636147136	7.41564375807926e-05	0.00479925703025836	0.579870547620335
AT1G50820.1	-7.44040880500823	1.95660739995613	9.93277936991857e-07	0.000113030890571602	0.525839632638283
AT1G51270.3	4.56060276815706	3.72349594046698	9.91550835155688e-07	0.000113030890571602	0.294410712001486
AT1G51800.1.DE	3.77595402002259	3.49795070105162	4.06418814939504e-05	0.00289054798302416	0.309471018732966
AT1G52343.1	-11.2449140059305	2.04953348235878	3.8814586353776e-08	6.42463738126047e-06	0.542908428314449
AT1G52700.1	-4.63797964338784	1.23280865497393	0.00106943947581134	0.0440534864613627	0.624142955428679
AT1G53070.1	-4.8092380807216	4.88606720142815	3.48748250156181e-08	5.84335181596041e-06	0.255470151139369
AT1G53130.1	-12.3778486797152	3.17237937994119	9.99908515682742e-13	3.90121449597305e-10	0.365477999543663
AT1G53520.1	-3.90801680257208	4.18310857072695	0.00012594130881012	0.00757617419584404	0.375742406611002
AT1G53860.1	-6.58172287736591	2.0379009546928	6.31376380301401e-06	0.000570977494119588	0.543387804552861
AT1G54560.1	-10.9844230172983	4.10819383541411	6.79255004138944e-17	5.30032383372534e-14	0.276289480998895
AT1G54840.1	-5.3787019411672	1.82895456541112	8.76384174990226e-05	0.00557923734339349	0.550635879312105
AT1G55200.1	-5.35662250781127	3.01752700467939	7.06573821309653e-07	8.42674132479823e-05	0.358518184397098
AT1G56430.1	5.81056020857678	2.80155725565226	1.01218859802859e-06	0.000114704907886967	0.406819627192453
AT1G56650.1	3.97737659681277	2.40372937467147	0.000500545607874852	0.0242382998167909	0.456361205294944
AT1G60190.1	3.00709407938157	5.25739178161994	0.000411820568946989	0.0204123984727971	0.28784079071036
AT1G61450.1	-7.74840732567863	1.74059905229675	1.49551109740031e-06	0.000160172170906274	0.556357447204644
AT1G61680.1	-7.38483601593493	5.32531421204482	3.50790409064241e-15	2.08270366564206e-12	0.229352382052725
AT1G62180.1.DE	3.11257502813254	8.5581459001286	8.08245122655391e-05	0.00516955094726964	0.247641483603227
AT1G62870.1	-2.78354338716214	3.82391916685994	0.00070248107405643	0.0314515747763199	0.271414077396272
AT1G63880.1	2.98630207772639	6.16815590445784	0.00019813081605647	0.0111340549739058	0.257841956714295
AT1G64030.1	-8.26202592049008	1.41699587406654	3.66073014041592e-06	0.000355794309127755	0.617140702467011
AT1G64235.1	-7.1232412924683	0.318140853165682	0.000220720309145185	0.0121534120223068	0.768662134291551
AT1G64370.1	3.22716807233429	8.09061391922382	5.56585030959856e-05	0.00380974781467284	0.251956256905661
AT1G64450.1.DE	-3.04349500350117	3.54602936791668	0.000573331451917385	0.0266296858559791	0.305993355636103
AT1G65060.1	-3.54214244806737	5.75947926664909	6.06365617258914e-05	0.00405852778946233	0.295671468216001
AT1G65190.1	3.56586135694882	6.15123054052436	4.20185791704257e-06	0.000404073737930809	0.228972272361739
AT1G65240.1	-4.5881398148499	2.14745753225858	0.000570354091895915	0.0265365257304418	0.570525398016844
AT1G65370.1	-2.87170006688005	6.1665785048143	0.000159822530022301	0.00930685099667178	0.234533491842503
AT1G65486.1	4.69256687134784	2.20425606742723	0.000116110743620573	0.00712606858207072	0.47616951628165
AT1G65560.1	-2.88135474172235	3.89478736692792	0.000538950566967826	0.0253780671283763	0.276956876081026
AT1G65800.1	4.03577493345436	6.9784411278796	1.2803679208528e-05	0.00107264197197579	0.310331206242288
AT1G66140.1	4.87949857951354	3.44559796154908	7.51224082792501e-07	8.88168005417576e-05	0.316044829638072
AT1G66360.1	-6.0158274887962	1.24240526526594	9.73486928131698e-05	0.0061401620078995	0.626342892838216
AT1G66760.2	-4.34864132853364	2.95140487434006	0.000925104564289835	0.0394592022000386	0.579913911823249
AT1G66960.1	3.20874957146169	3.30732143307554	0.00106184576708946	0.0439394996136064	0.368166206583397
AT1G67000.1	5.48530453270279	2.94627243386002	2.32339017534206e-06	0.000240356473783208	0.403961550300594
AT1G67970.1	2.98323643740816	4.38213002038461	0.000660568990380328	0.0297784218182623	0.303763899305783
AT1G68120.1	-5.29581543694566	0.796740037325605	0.000821922082268475	0.0356309745854513	0.701701492582196
AT1G68540.1	-3.31438710899725	5.76393014307162	2.56198926257365e-05	0.0019382406855997	0.241114384966705
AT1G69490.1	3.39455064302205	5.99205963550149	1.79705797130905e-05	0.00143507164486612	0.242135653682248
AT1G69500.1	-6.67230349162823	5.65572438686353	5.55265097574266e-13	2.36950704372668e-10	0.240958044233311
AT1G69720.1.DE	3.24320857262476	4.18683521903673	6.12942464302208e-05	0.00408294430306283	0.254037503280819
AT1G69940.1.DE	-9.9654786557927	7.63525046986192	1.08707710365822e-20	5.68693760534874e-17	0.243323287997039
AT1G70510.1	-6.02434141513893	1.9107923838039	1.30948000581523e-05	0.00109367609904648	0.522106336710037
AT1G70560.1	-3.26140122286762	3.91337929175962	0.000169077939229862	0.0097419569584531	0.289831973759097
AT1G70830.1	-4.53549960014926	8.12001314655062	7.31515711343648e-07	8.6862719967419e-05	0.291123996272157
AT1G71030.1	3.22974597139618	6.09217889605006	0.000120386186663545	0.00730637143104018	0.276018668299193
AT1G71790.1	-2.9107983658531	3.79517855731727	0.00059397584017776	0.027448518055998	0.285919317793165
AT1G72290.1	-11.8078943697566	6.30651295081814	7.90439234376487e-23	2.15876859300562e-18	0.243980374932449
AT1G72730.1	-3.13909245471571	4.23817685371931	7.80619567574733e-05	0.00502818420047961	0.247627948402771
AT1G72930.1	3.38637448249514	8.00335002706346	1.74115365274607e-05	0.0013945057891539	0.241112229089019
AT1G73220.1	-8.247796706492	5.45692130494726	3.63665870142456e-17	3.10377455608144e-14	0.229375430765087
AT1G73600.2	4.70664224307076	6.80597730582774	1.11601662773161e-07	1.68395194033027e-05	0.268648425152628
AT1G74030.1	-2.91394192228855	4.87136610393598	0.000491321633888416	0.0239188683478191	0.279690740463954
AT1G74130.1	-10.3042055146932	3.43182423743508	4.9164507352735e-13	2.13132041319134e-10	0.341331521217435
AT1G75040.1	4.45958181490241	6.63939950094681	1.48207207017721e-07	2.17617582304353e-05	0.252272395805976
AT1G75060.1	-4.21368163814141	3.52141302239658	1.65708898205965e-05	0.0013433004293927	0.335230164765627
AT1G75090.1	-3.72305745961893	4.10169627876511	6.03222283358135e-06	0.000549153459359801	0.251324139326486
AT1G75110.1	-3.00586083207992	3.21188821240211	0.00113775376965863	0.0461711637491037	0.333164035786533
AT1G75780.1	-3.0383510261498	4.05894498921565	0.000782404835668197	0.0345206114166949	0.321329625660436
AT1G75930.1	-10.7486230502932	7.27398220228199	4.0417637966766e-22	5.51923055255173e-18	0.243400547744067
AT1G75940.1	-10.0291797572368	9.20126113978607	4.18930453914883e-21	3.81380320895646e-17	0.243728179183739
AT1G76360.1	4.86725361053556	4.61079943719558	1.7445769201371e-07	2.49456231758452e-05	0.287672414724374
AT1G76540.1	-5.12998847872829	4.52310694154572	3.22850522344796e-08	5.5108566348492e-06	0.278613464187544
AT1G76955.1	3.7305550225793	3.76260058454307	2.48608515785725e-05	0.00188849338218105	0.288643222528091
AT1G76965.1	-11.4752530218635	2.27695535383379	6.42383948144707e-09	1.30926477670001e-06	0.500069716881828
AT1G77270.1	-3.50674640746363	5.10701764331655	4.75870017666609e-06	0.000449705399740234	0.22440299424635
AT1G77920.1	3.1727443885329	5.18049347921498	7.89928467534467e-05	0.00507617326513737	0.253886203239
AT1G78955.1	-5.10636296488278	3.81633627277855	4.43921972095026e-08	7.25985208376482e-06	0.280222881051241
AT1G78960.1	-4.60116830219816	7.22955424192182	1.37953620879513e-07	2.04763659773934e-05	0.263554997018415
AT1G78980.1	-7.96477100922681	1.12741425464994	1.22012404032236e-05	0.00102948305133966	0.653890948898917
AT1G79250.1	-9.54533510934404	2.67956329468484	1.15522683486721e-09	2.60747108157507e-07	0.437155326079433
AT1G79270.1	2.76908759087196	5.98876375531418	0.00024303940056322	0.0131438595421428	0.232759151940698
AT1G79640.1	-2.6721110886449	4.60381137774056	0.00056740209432978	0.0265122129012269	0.246058586951806
AT1G80130.1	5.07700026679957	8.01065576497255	2.29222156354375e-08	4.09169040012702e-06	0.272787095650295
AT2G01810.1	-8.89856387017309	-0.225279069546842	0.00027794396061299	0.0147110998222895	0.831426242288314
AT2G02100.1	-5.54630185949892	7.20123551728529	1.71507855721451e-07	2.46529002505714e-05	0.35257422671657
AT2G03200.1	-5.65362487919812	4.19373737344055	2.35191909367835e-08	4.17099106282139e-06	0.313335106306789
AT2G03630.1	-8.28990775287398	-0.78630610837282	0.0011144831516664	0.0456336572041396	0.900093810972555
AT2G03740.1	-10.4103550876254	5.60193978638327	2.88015461978042e-20	1.12371289744033e-16	0.242863355620571
AT2G04020.1	-6.02411132350677	0.944985751516945	0.000522776832714989	0.0248092315903622	0.775980039146337
AT2G04070.1	10.3756376293004	1.19488456735922	2.59363292614535e-06	0.000265298535003579	0.65309000732251
AT2G06200.1	-5.89499193419698	2.09873554843992	1.24911035753463e-05	0.00104967547614241	0.510327938646612
AT2G13570.1	-6.06449144901324	3.89298943335389	4.34838050441968e-10	1.07962381778369e-07	0.274035647440502
AT2G13820.1	-4.5778383775287	2.44234798240637	0.000148073142633208	0.00871557241046455	0.476054955110985
AT2G14900.1	-5.14003296896245	3.35625785666325	1.07041344333659e-05	0.000928065446062404	0.431648037652657
AT2G15050.1	2.47051502322497	5.50854264268945	0.000863061839352059	0.037119814007156	0.230004299916264
AT2G16270.1	-3.98436530432931	4.00203837941847	2.22720473702047e-06	0.000231282085828008	0.256451344960759
AT2G16380.1	5.59029290300318	3.54968024172776	3.32692140805716e-08	5.60873768984254e-06	0.310000256410065
AT2G17280.1	-2.57069360767258	5.00494278128787	0.000522574503812405	0.0248092315903622	0.227441245581995
AT2G17630.1	-3.82607879383295	3.76319566325347	1.64514432642312e-05	0.0013433004293927	0.287616427320351
AT2G17950.1	-10.1378466847179	3.25586709453549	3.03201592345195e-12	1.089570880071e-09	0.358277789602455
AT2G18050.1	5.05910651267182	5.16194679249041	1.77317836137679e-08	3.25015263272225e-06	0.264498327663972
AT2G18130.1	-11.0221277708228	1.82971962833258	1.1448865238515e-07	1.71802175015979e-05	0.565159432982366
AT2G18400.1	-2.65762120614951	4.13089924949418	0.00101246315045252	0.0421514955823304	0.266463191275442
AT2G18500.1	-5.18656014143782	0.461887018381298	0.00108202714786513	0.044504884691784	0.701064590240834
AT2G19030.1	-9.12237651077421	-0.0127273579422474	0.000149370126256701	0.0087730054154769	0.799801060478744
AT2G19170.1	-3.8552405363723	5.5702420585374	1.46054938284215e-06	0.000157664285354949	0.237192976931913
AT2G19800.1	-5.044798234082	3.57274431617485	2.49022780646557e-07	3.43487937486774e-05	0.308291685874545
AT2G20590.1	-4.60787797965816	3.07008876741377	1.22131195721156e-05	0.00102948305133966	0.367347399697742
AT2G20700.1	-3.80238141029111	2.84501545927975	0.000399585718524016	0.0199143897054916	0.415396053023201
AT2G20970.2	-9.85507224149729	0.688822338405945	1.64169890527026e-05	0.0013433004293927	0.711762878330454
AT2G21050.1.DE	-2.6440669270954	4.56017228422618	0.00114873445665878	0.0465308574918461	0.270478731900424
AT2G21460.1	4.93887291408787	2.64960611192726	0.000624265790573359	0.028606246654948	0.652944258455249
AT2G21510.1	-4.78260351856945	2.24675512752102	7.31757763462408e-05	0.00475834197093377	0.465348753906806
AT2G22420.1	-3.03652551079876	5.04590168134425	5.58906333390634e-05	0.0038160727178079	0.226060152453244
AT2G22610.1	-5.34436640018037	4.24023194086974	2.60583541078202e-09	5.60377723652501e-07	0.253804191661857
AT2G22805.1	-10.5687755713273	1.38436607954012	1.16611963515206e-06	0.000129462981120479	0.629760917338098
AT2G22807.1	-8.25869416354073	1.39785922408907	4.3875816280972e-06	0.000418983363094275	0.625114481936697
AT2G23530.1	-8.18963969078006	1.3302497856163	5.29078550216513e-06	0.000488164333951459	0.627829115466866
AT2G23910.1	-5.81324751239631	2.38580325477387	5.86481855414387e-06	0.000537496844067863	0.47141968093011
AT2G24370.1	-7.29188121205996	2.95976924724508	3.49302666571687e-09	7.39519777266615e-07	0.37236672147809
AT2G25440.1	8.32541900917993	2.3392207237432	4.47543565213321e-07	5.65907728788838e-05	0.56932296120521
AT2G25880.1	-5.59032626334614	3.70603555311605	3.17914297076265e-08	5.46072790405652e-06	0.310375002551916
AT2G26010.1	9.16575077134603	5.15588310565188	5.00716355764513e-08	8.09175407827492e-06	0.612440396828792
AT2G26650.1	3.43708793966624	3.42512525474532	0.000338740294863047	0.017389729686099	0.345308437992816
AT2G27650.1	-9.70687692275404	0.545883774656991	2.78502575305106e-05	0.00206863744238726	0.732765000682694
AT2G27970.1	-3.21958638909532	4.2481477775588	7.08572772920299e-05	0.00465188245221786	0.255485127892366
AT2G28056.1	4.74699245096896	1.71146442019314	0.000341492208310362	0.0174671133263406	0.550446851205914
AT2G28340.1	-8.21315631457504	-0.857415721599832	0.0011814579691385	0.0475911483704155	0.890126479601945
AT2G29110.1	6.11875412628113	2.52328170768741	1.64861804692141e-06	0.000174517083253762	0.448198785705273
AT2G29550.1.DE	-3.42606585020846	7.23397686807801	7.22819459110642e-05	0.00472270867171549	0.286609747763066
AT2G29710.1	-4.4013680558155	1.4690854466236	0.00100696531334412	0.0419866101873912	0.578518154271128
AT2G29890.3	-4.60570999076833	4.65955614845066	1.11059513649248e-06	0.000123801892949984	0.304774363465097
AT2G29940.1	-2.68653630266223	5.27353658853869	0.000365465814701124	0.0184496060356791	0.233280291721839
AT2G30290.2	-7.62726696507128	2.51095042319949	2.39093475438006e-07	3.36591850911721e-05	0.501332387511559
AT2G30370.1	-5.98390031565417	2.74820084867298	5.47604185822319e-07	6.73676482837538e-05	0.405460098594699
AT2G31035.1	-6.98721944542046	0.170581134452695	0.000401078607717329	0.0199523822502149	0.808820914167852
AT2G31230.1	4.17549002290494	4.23568817675483	1.97685341065917e-06	0.000206068104956154	0.273230035219213
AT2G31270.1	-4.33179968413907	4.19411114138553	3.99486387907249e-06	0.000386892650359393	0.307180534715492
AT2G31880.1.DE	3.46163319268701	7.0282940988526	2.48931792166226e-05	0.00188849338218105	0.259184195839986
AT2G31980.1	-9.41594238308146	7.5757633919425	1.4807323395832e-19	4.47690758638169e-16	0.241897792724175
AT2G32350.1	-9.12166089069388	-0.0131315633596881	0.000160629650325662	0.00933394974477479	0.808570354838651
AT2G32460.1	-8.04233743860312	3.71366054251897	4.47486146051285e-12	1.58312623683499e-09	0.31150545816171
AT2G33000.1	-4.52462192207522	1.03143138070092	0.00123792010084525	0.0496458676566589	0.615601255367391
AT2G33010.1	-7.46608784044714	0.645463037147388	7.21599041325019e-05	0.00472270867171549	0.717653876804312
AT2G33050.1	3.32459478132078	4.35871427235028	5.82220046287543e-05	0.0039358939812275	0.263629939977476
AT2G33100.1.DE	-5.08387122436818	2.89087483510765	2.62052581446079e-05	0.00197704918560051	0.459322613233393
AT2G33190.1.DE	-8.97695658779392	-0.150152071526541	0.000211958500693537	0.0117768226959258	0.811226721960774
AT2G33400.1	-4.1387936176535	3.22247179911546	4.34208003524024e-05	0.00307219035861259	0.357748825442131
AT2G33880.1	-8.59367298526046	4.24056482911497	3.21327632314921e-14	1.59559617566415e-11	0.282712435141124
AT2G34100.1	-8.45824026585153	-0.63245050418814	0.000781395089789599	0.0345206114166949	0.883825517360472
AT2G34220.1	-4.84913617158158	1.09626465471406	0.000790783951000556	0.0347451758221018	0.634211283999143
AT2G34370.1	-8.50895970173229	-0.586510580092682	0.000641228812152546	0.029145601258379	0.863710300105669
AT2G35210.1	-6.92150923734387	2.94416083193062	1.03619050698659e-08	2.03427604307946e-06	0.373540520306435
AT2G35300.1	-9.31952282440319	0.173860921251315	8.99634410910238e-05	0.00571393381310919	0.779903834160859
AT2G35940.1	2.57958130667532	7.35530317148153	0.000956280491852125	0.0401182434915106	0.252873692287427
AT2G36120.1	4.72410894810543	3.20764282026976	0.000540372069425529	0.0254012075526345	0.606984037161445
AT2G36190.1	-9.70719588382663	5.13862770800842	2.12630524513422e-18	3.40971578398313e-15	0.248149033866474
AT2G36270.1	-3.4155748001554	4.06573813607457	0.000292692826268329	0.0153430590752674	0.336887898437847
AT2G36620.1	-2.89170617442646	7.06526016080386	0.000297602446597682	0.0154815627029129	0.258149559272209
AT2G36890.1	-4.48677355845813	2.20702986025673	0.000559690166530882	0.0262190362575042	0.551446173632394
AT2G37210.2	-5.93390086486396	1.17239977508146	9.68446446977542e-05	0.00612250947069529	0.613302195445648
AT2G38080.1	-3.3362673994855	5.23286643331902	0.000473682056143045	0.0231841050812235	0.349504331029389
AT2G38160.1	-5.54134801608581	2.48991719289411	5.15573214294602e-06	0.000480574063331054	0.437509206965921
AT2G38790.1	5.45338013937776	3.81574451507595	1.45129648460796e-08	2.73354195111227e-06	0.286699561824989
AT2G38810.1	-4.79251160044381	3.62543971941234	9.86741818001904e-06	0.000869319541659678	0.387343815638754
AT2G38920.1	-9.56430358155926	0.409256574540185	5.68221315404867e-05	0.00386999809102801	0.777366890414203
AT2G39030.1.DE	4.10695715870228	2.7402484326373	0.000232795782979882	0.012645130936912	0.430500901588503
AT2G39350.1	-4.60536186984764	4.11723353770675	3.14166799397675e-06	0.000309754854092054	0.330257563883601
AT2G39900.1	-3.44861412896143	4.02385265606	4.3340436671083e-05	0.00307219035861259	0.270575295990283
AT2G40000.1.DE	2.71202333678775	6.68855390556778	0.00054573120034017	0.0256090460695711	0.252352751949334
AT2G40085.1	-5.65968513137349	0.900496642847156	0.000343001772543541	0.0174770921827176	0.673157947070667
AT2G41445.1	-10.5046845488162	1.32118703328487	1.3711682499827e-06	0.00014979190430111	0.630815291133304
AT2G41830.1	-2.48850621444394	4.52848315414517	0.000985032510170674	0.0411348973780906	0.236919296278153
AT2G41905.1	-5.04881420374045	5.74049697266581	1.91449065285484e-09	4.14973446191418e-07	0.233319668976017
AT2G42140.1	-5.9361128047553	1.18317910245832	0.00010295942520062	0.00644936894874801	0.619638235852329
AT2G42200.1	-2.83822421839878	5.67393709535395	0.000150683107150349	0.0088311294836549	0.22794688198413
AT2G42740.1	-3.11463102669866	3.85712922229464	0.000182858909528937	0.0104260118541645	0.271221463433745
AT2G42840.1	-7.65823111774994	7.68744252142855	3.21806947653363e-11	9.65809840369339e-09	0.344786818767266
AT2G42940.1	-6.40711123502157	1.62172798517406	2.69674059005517e-05	0.00201231372281412	0.595735820347228
AT2G43010.1	4.31053437794024	6.02309899407901	5.87648476614262e-07	7.19698096179915e-05	0.263628718391313
AT2G43570.1	4.07503281948562	4.24108566894252	8.89139444002102e-07	0.000103333137681453	0.247021263659095
AT2G44490.1	2.92509844430794	7.19263854014396	0.000143296229176959	0.00845262055086809	0.23892441368263
AT2G45480.1	-5.47669463237772	1.80383108163881	7.70835816349763e-05	0.00497690235941569	0.555277142068952
AT2G45490.1	-5.88718823985506	2.0594886970447	4.59489471437132e-05	0.00324266587969497	0.580663305398073
AT2G45580.1	-7.64807667688294	3.31760781982938	1.82032957599695e-10	4.87402167157378e-08	0.342148272029374
AT2G45750.1	-3.90523694540184	2.881809716058	0.000226658219046312	0.0124053359125728	0.397755823064611
AT2G46950.1	-5.76067722196279	2.30012556687748	3.82265036407763e-05	0.00273299487155299	0.557317007216744
AT2G47010.1	-2.77127892022404	4.25807411826678	0.000633428305007912	0.0288807352889334	0.265964157978272
AT3G01060.1	2.57005812455711	7.57168912448488	0.000795847659780079	0.034778969712084	0.243890066994909
AT3G01230.1	-7.53616348560534	4.60425217575675	6.16704718642272e-15	3.43731072874267e-12	0.234775296094203
AT3G01290.1	6.28832241646585	4.84460521573005	2.69196453187492e-12	9.80269911067146e-10	0.232856753333097
AT3G01420.1	-7.27939640696875	0.465907074491516	0.000212156155629435	0.0117768226959258	0.794964892363671
AT3G01620.1	-4.41393393172881	2.17144233942703	0.000252884145968817	0.0135687994313445	0.48453386914972
AT3G02640.1	-6.24028051023894	5.21040265068645	2.50019847805254e-10	6.56566544558587e-08	0.283927020010252
AT3G02970.1	-6.97864119479356	2.6508190017142	8.59467212613054e-08	1.34901776113075e-05	0.426299480547824
AT3G03460.1	-3.49989222421795	2.95625134948386	0.000524030913323827	0.0248092315903622	0.379080293807182
AT3G03910.1	-4.0799753753237	3.88365350382872	1.93808469876436e-06	0.000202800885854228	0.262893028120314
AT3G04210.1	4.39268739643672	7.49860359528174	1.54751030171826e-07	2.24676582853123e-05	0.247655131349514
AT3G05600.1	-7.80030660536861	5.51232574209289	1.51135062486616e-15	9.38102202629995e-13	0.239764046147719
AT3G05610.1	-7.0415186456471	5.13989356205844	4.52139601161177e-12	1.58312623683499e-09	0.278542804191458
AT3G05820.1	-5.02954155548972	3.49174802355117	2.80981591400235e-07	3.81785484713026e-05	0.308332065486442
AT3G05930.1	-6.32423755669037	3.40599884616106	1.04279830848788e-08	2.03427604307946e-06	0.340126674402103
AT3G05980.1	-7.48056678543749	2.37550853965836	1.55132424496409e-07	2.24676582853123e-05	0.471720974024537
AT3G07120.1	-5.67112084585598	1.17020102109916	0.000135975619035979	0.0081261053205506	0.605309515440952
AT3G07195.1	5.27997395136736	2.2328394861481	2.31478519532519e-05	0.00177998659829672	0.469909812357627
AT3G07540.1	-3.03773431817528	4.84277495782359	0.00112613760426317	0.045869000962991	0.342594709773827
AT3G07820.1	-8.47245137021059	7.69901867333274	2.43244188058661e-17	2.21441400669003e-14	0.242785907845296
AT3G07830.1	-11.0795652644969	5.0456630019259	1.24937298641911e-20	5.68693760534874e-17	0.239238911701464
AT3G08040.1	-7.46107557223691	3.11507870295358	3.46297552448302e-09	7.38885348040279e-07	0.384586367409796
AT3G08770.2.DE	-8.82800266672861	9.045531820566	3.7695427349488e-17	3.11969641315717e-14	0.260231548223877
AT3G09940.1	5.6215633057221	1.79752951468394	4.80100733975439e-05	0.00334490590449061	0.541997315950422
AT3G10180.1	-3.60923680740251	3.04330329801403	0.000249273586499529	0.0134278321911019	0.356505028236551
AT3G10430.1	-9.23541348561705	0.0946115465892504	0.000118918754288181	0.00726574966077071	0.794967407822606
AT3G10520.1	3.02242863083635	5.81144834574568	7.30861164329728e-05	0.00475834197093377	0.232395476553433
AT3G11010.1	3.2665263261283	6.64667824678963	0.00010799686247293	0.0066823761537464	0.277719100276893
AT3G11280.1	2.5765686599349	4.90346514825666	0.000449645387093326	0.0221521473792223	0.223210636414685
AT3G11430.1	-7.35578971932551	4.17278761793833	4.78945567808504e-12	1.65575726612887e-09	0.287277515307927
AT3G11520.1	-5.24763257813305	2.83093136787698	5.02207035610975e-05	0.00347234844292946	0.512159976976467
AT3G11660.1	2.91529953782929	6.70778631314476	0.00106597896131861	0.0440279656456328	0.317700901291219
AT3G12000.1	-11.2516371036381	5.21036811833042	1.22118511508521e-20	5.68693760534874e-17	0.244790752917888
AT3G12540.1	-9.05626762143544	-0.0748636961488924	0.000192887919204019	0.010884218928473	0.818109586601724
AT3G12660.1	-10.8798584843511	1.68967201527725	2.40868287098298e-07	3.37351476355981e-05	0.583637859332597
AT3G12710.1	-3.56179083519424	4.80328375227608	0.000792371816891154	0.0347451758221018	0.420048839858794
AT3G12850.1	-9.22181844385936	0.0817907756871699	0.000125486182621534	0.00756545945601924	0.799294581064382
AT3G13450.1.DE	-2.76294394363607	5.00243696845824	0.000227118145423434	0.0124056473393188	0.228763987494983
AT3G14520.1	-7.52540348969258	0.70275498373871	6.07790950858663e-05	0.00405852778946233	0.711840924963511
AT3G15356.1	3.65614243173347	3.57966988719431	0.000817858479360033	0.0355111811284608	0.437966905868852
AT3G15450.1	-3.38711433597951	6.25146840751299	0.000138811689644964	0.00825944674486627	0.304153430859778
AT3G15720.1.DE	-5.21560274933709	1.54235987391157	0.000475430652084173	0.0232108972029378	0.654718774356545
AT3G15840.1	2.82242326735613	7.88105958766653	0.00079258337436086	0.0347451758221018	0.28664637970449
AT3G16490.1	-8.13078519355187	2.10411480765974	3.5901049991161e-07	4.66901703004095e-05	0.53367126105722
AT3G16660.1.DE	8.41525150705924	4.42312149946354	9.70203279994583e-16	6.46273701949562e-13	0.248448966691087
AT3G16800.2	3.23501986831531	5.23247439909959	1.84286898357757e-05	0.00146309868635137	0.223464719508326
AT3G16920.1	-3.17596319743499	4.12724096701912	0.000262275939019578	0.0139902698643822	0.294519379065059
AT3G17060.1.DE	-7.04273850313936	4.02783855789555	1.90829522759935e-11	5.99051160470872e-09	0.287558096239992
AT3G17360.1	-4.97659379311158	3.81164776329423	3.06918956855637e-07	4.08890908813868e-05	0.306257359746139
AT3G18900.2	-4.8992263937173	1.78879739208252	0.000173512351795668	0.00997641229450843	0.529138763714871
AT3G19030.1	5.79709285338346	2.25400654915855	1.66622373058336e-05	0.0013463383522474	0.517265856205897
AT3G19100.1	-2.62264334788968	5.32757786790259	0.000500209879493759	0.0242382998167909	0.234162800571073
AT3G20520.1	-9.42596715271423	3.92342791427981	4.1624682290322e-15	2.41874829368294e-12	0.280484891429713
AT3G20670.1	-4.2027502764906	5.31864441524136	4.47570830135802e-07	5.65907728788838e-05	0.247687447231221
AT3G21180.1	-8.49403547993467	5.56222735433809	2.07932997891639e-17	1.95822693290295e-14	0.234395035579638
AT3G21780.1	4.80794285684148	2.95260173209519	1.16268360120653e-05	0.000995424822337041	0.390537111589509
AT3G21880.1	-6.79312045423141	1.33560524850513	2.41894609520237e-05	0.00185052764162666	0.618172766865243
AT3G21933.1	-9.01479172674136	-0.114325650283516	0.000196240655567913	0.0110505743179697	0.811063565171001
AT3G21980.1	-9.94985548805167	0.780952825424849	1.35276948657032e-05	0.00112638681243055	0.711090774758403
AT3G21985.1	-8.93731333010619	-0.187299453709879	0.000232891540451347	0.012645130936912	0.815842491170204
AT3G22030.1	-8.24123825176479	-0.830756198177782	0.00117844074197647	0.0475397268893934	0.89492847811402
AT3G22060.1.DE	3.42227187508565	4.04412767786105	5.81113172323934e-05	0.0039358939812275	0.275523132069738
AT3G24225.1	-8.99894807982379	-0.129126603035592	0.000214899901797351	0.011878521007912	0.817839717848572
AT3G24230.1	-3.8705663027038	2.21820348805132	0.000828697037773816	0.0358677413607618	0.473138425766681
AT3G24360.1	-4.07640832422815	2.99713785845104	6.48158529577532e-05	0.00429656737895436	0.36391777330685
AT3G25760.1.DE	2.81311599970744	5.19558733649269	0.000203617557586691	0.0113954899902666	0.23292027015331
AT3G26010.1	-8.80080497885911	-0.316276055205657	0.0003247097370075	0.0167957341428254	0.830390740578705
AT3G26050.1.DE	-5.10780419844751	2.74270435804933	2.6642692800015e-05	0.00199989383958693	0.458184808460259
AT3G26140.1	-10.5603128026306	4.53496092593874	2.254295371716e-18	3.40971578398313e-15	0.254536898720998
AT3G26230.1	4.48410175097528	5.15728624086338	2.4619112999293e-08	4.324966724956e-06	0.224794690793332
AT3G26830.1.DE	4.413721063915	2.2448888011668	0.000263423458374476	0.0140210049380571	0.484565588821292
AT3G26880.1	-8.56165916838489	-0.536507719986345	0.000726631600904906	0.0323736307541825	0.895680157105578
AT3G27060.1.DE	-3.38807004395805	5.7272988464265	6.93841087090268e-05	0.00456614311554754	0.279388212455768
AT3G27280.2	-2.61777426667469	4.51465979177364	0.000524145092733294	0.0248092315903622	0.234406139084325
AT3G28315.1	-10.3419864259245	1.16200483691772	2.73451852411384e-06	0.000275580942479975	0.652330562773551
AT3G28540.1	3.45868061476003	6.25776409315647	9.8129605848377e-06	0.00086731963279127	0.235757884454119
AT3G28790.1	-9.99787967949078	8.71576530863746	4.55951932337365e-20	1.55656290300822e-16	0.255096349657274
AT3G28917.1	-11.1294890011001	4.24426521159782	8.57935560504759e-18	9.18259228934762e-15	0.264860987222622
AT3G29410.1	-10.6467216720131	1.46053273297564	6.60409166116176e-07	7.93319679103562e-05	0.607627174962378
AT3G42660.1	-3.61409780046603	3.98628652376185	2.09129146454e-05	0.00162259264738784	0.270251868053339
AT3G44860.1.DE	4.38274217793008	6.2736089436298	5.8673184978924e-08	9.36738408583159e-06	0.230546448356433
AT3G45260.1	4.64314247418864	4.56957793403113	2.15453775826612e-08	3.89685965006663e-06	0.234042783327602
AT3G45610.1	-3.49984940537972	2.67463556620636	0.000929324973254159	0.0394592022000386	0.411670179729005
AT3G45930.1	-3.56170266190117	4.89798332165534	1.90845536918623e-05	0.00150206987284856	0.262673896619972
AT3G46750.1	-9.44089495012334	3.41311507204493	7.32616132896715e-13	3.03158775841548e-10	0.326503615387201
AT3G46900.1.DE	4.1890197771342	3.22396587727578	3.75463041916634e-05	0.00269849240468032	0.360538291314459
AT3G47500.1	2.62824136027787	7.2350595079029	0.000643506190135936	0.029145601258379	0.245183380992925
AT3G48450.1	-4.78642484495379	1.67046409236156	0.000294766360786377	0.0153926655438561	0.546148643176184
AT3G48490.1	-5.23352654589456	1.80848472751597	0.000107980408503006	0.0066823761537464	0.544999663115478
AT3G48720.1	4.7112045796855	5.01003228933214	1.06372729323272e-08	2.06038695783538e-06	0.230435426470349
AT3G50410.1	-3.97481136276173	2.4943665503494	0.000351541089206944	0.0177795160876497	0.434274370212741
AT3G50480.1	3.5824832431113	6.39827192975936	1.1083996226099e-05	0.000954003646113832	0.252701355608215
AT3G50740.1.DE	6.63159190328556	6.15764533817961	1.10990055931376e-11	3.60863025897833e-09	0.270369393671601
AT3G50840.1	4.66958568940916	3.83322677174841	2.43858451233392e-07	3.38071987900262e-05	0.275391800903831
AT3G50890.1	-3.83518868716318	3.80179018344896	2.26550445645146e-05	0.00175278164901263	0.298223742418421
AT3G50930.1	2.7705094271616	4.18776323848236	0.000509250810557229	0.0244711085859447	0.256898939634346
AT3G51720.1	-4.46604737582463	4.84355040806984	2.91172456604031e-07	3.9367381001548e-05	0.262697774872357
AT3G52110.1	-2.85690033486175	4.25546950784074	0.00029329961715602	0.0153454134945365	0.250242119406627
AT3G52130.1	-9.75426515256745	5.18551906958138	2.35292656333779e-18	3.40971578398313e-15	0.250599612475687
AT3G52160.1	-9.01170592721614	5.41809733182079	1.0637258807519e-17	1.07597842700797e-14	0.244139375015363
AT3G52270.1	-5.0380442076291	0.577413800968924	0.00112861244128464	0.045869000962991	0.687500621573348
AT3G52810.1	-10.4003591936915	4.36822492077223	3.48575332975071e-16	2.50524761023215e-13	0.288939280184157
AT3G52910.1	-4.4683264603229	3.31669948079322	4.86064450893803e-06	0.000457755386840023	0.325094653599123
AT3G53750.1	-2.80123348207917	6.09239499115334	0.000521287955374491	0.0248092315903622	0.264882728683574
AT3G54240.1	-7.8052715886399	1.78301212048369	3.02085558394196e-06	0.000298922416134199	0.598519198224904
AT3G54710.1	-4.65139730967212	2.90379046959425	2.32021979786033e-05	0.00177998659829672	0.397854236366603
AT3G54820.1.DE	-3.15513036788931	5.34258739119707	4.66499202179919e-05	0.00328364940998344	0.23664725621343
AT3G55110.1	-3.40023720480632	6.15026157565141	1.0899687411673e-05	0.000942029629431017	0.231503514187917
AT3G55540.1	-8.40041167275935	-0.686408179223697	0.00081576285500802	0.0354765912947835	0.873899117824234
AT3G55750.1	-2.67385899001901	6.90315012007764	0.000599991875415797	0.0276330153616877	0.249872217996648
AT3G56180.1	-6.86567967424549	1.78083508620169	4.1599212901765e-06	0.000401454453554807	0.540880533095283
AT3G56200.1	2.51227772667528	5.50969169506944	0.0011587440253579	0.0468142870954877	0.248907041069121
AT3G56220.1	-6.04612224599372	3.25508734573356	1.3183930934582e-06	0.000145188039417085	0.444853660382756
AT3G56480.1	-2.74452264213794	5.45484086420575	0.00072507161050161	0.0323569129974011	0.268356038970942
AT3G57510.1	-9.24668689661464	2.38450027154768	1.31302433789021e-08	2.52535265437462e-06	0.480727603251326
AT3G58310.1	-10.8865600634102	1.6964199215747	3.36337377812412e-07	4.39507661504057e-05	0.600739633972061
AT3G58340.1	-7.74531897258732	0.897654725875972	3.23748876211828e-05	0.00236414587118215	0.691385388820571
AT3G58480.1	-8.67122312991684	2.63881076187668	7.67071615768969e-09	1.54040388957841e-06	0.453045928752282
AT3G59060.2	3.06689452660615	6.74692901694084	0.000108147276187467	0.0066823761537464	0.249920436147485
AT3G59845.1	-7.74788756479686	2.24853023351084	4.58361439120513e-07	5.74234369900015e-05	0.52574490697907
AT3G60780.1	-7.90843593355916	2.43755547162159	1.46048753665883e-07	2.15607433046969e-05	0.501055964524432
AT3G61160.2	-4.63902300259196	5.54379573980739	1.38957987966255e-08	2.63547333982389e-06	0.229550693033107
AT3G61490.1	-4.82708034226336	5.06395668978895	4.73891956217261e-09	9.95574093557663e-07	0.228381249231387
AT3G62020.1	-3.03042242759655	3.99821634708054	0.000787079795863711	0.0346708650077965	0.320305618780056
AT3G62410.1	2.5107551046179	8.8284255856063	0.00094499357394787	0.0398282708303862	0.240835579666619
AT3G63095.1	-9.95633828355617	5.79775868459189	2.51058284918884e-16	1.85314941065396e-13	0.301010128338866
AT4G00160.1	-9.28398133247374	0.140557738594706	9.78573650518136e-05	0.00615802418647484	0.782131515724341
AT4G01380.1	6.17532592468871	0.212404015501075	0.000529615661997485	0.0250078721850733	0.750487324058374
AT4G01470.1	-9.21915801536769	3.71750252229141	9.98018915860847e-14	4.61981264594502e-11	0.303935031767327
AT4G02060.1	-4.30651534106057	4.51509071722354	2.77209329737476e-06	0.000278340588399272	0.296386034127943
AT4G02290.1	-9.06988477802294	7.41698538953442	3.03646051058356e-15	1.84286162232328e-12	0.302719768173886
AT4G02410.1.DE	3.92902894233575	5.48866575058184	1.85893261028177e-05	0.00147157415998276	0.307521211453607
AT4G03210.1	-5.20548136484652	8.48552135760773	1.46691290229085e-06	0.000157727788482148	0.377610078669546
AT4G03350.1	-8.2758912752534	-0.799215531276264	0.00112477657563002	0.045869000962991	0.896747132069303
AT4G03450.1	6.40475285418528	3.61920721286117	3.30347375087465e-08	5.60379947889054e-06	0.37300871970154
AT4G04500.1	5.79599265641228	3.06747434678664	6.62285843929596e-07	7.93319679103562e-05	0.394859687825712
AT4G04840.1	8.2206413037612	3.07411286173234	3.93644516476051e-07	5.09517790970494e-05	0.580715975981755
AT4G05590.2	3.49029981297538	4.01964786966662	2.07968341091184e-05	0.00161818329445622	0.254327524942258
AT4G08850.1.DE	2.64135377976742	7.18485663905912	0.000966015925771928	0.0404025435662437	0.263931243008331
AT4G09060.2	-6.18735417983858	2.91249216780105	1.65754547510286e-05	0.0013433004293927	0.570874696685835
AT4G09450.1	-8.39939804380089	-0.686650504198708	0.000855253624312242	0.0368420058889458	0.881865243517072
AT4G09644.1	-10.0096297791514	0.839257929514172	1.55559906311161e-05	0.00128353371639399	0.731596218761313
AT4G10115.1	-10.7787865287671	1.59036224011695	4.2645687122796e-07	5.45502162032234e-05	0.600274233338319
AT4G10120.1.DE	3.04818284199281	8.61755825082825	0.000142166685082021	0.00840414358501097	0.256144985425013
AT4G10290.1	-6.77935566036641	2.2389920124848	1.09964823577633e-06	0.00012308398757085	0.487988812993234
AT4G10440.1	-6.43691350795404	3.60222542137024	1.0942086590676e-09	2.49032772398294e-07	0.309153692879703
AT4G10630.1	-4.28295102050063	1.77404372575881	0.000666516186766121	0.029939512461792	0.527222170592512
AT4G11050.1	-5.21685574144805	0.942423427487019	0.000457240459705581	0.0224195586984185	0.634926433948188
AT4G11080.1	-4.00764249502036	3.85224337748271	3.58274701545602e-06	0.000349458584782569	0.268205679703414
AT4G11320.1.DE	-6.13681794528989	6.83063116455479	4.64605923840165e-10	1.13293324874989e-07	0.288675058306998
AT4G11485.1	-9.01378383345298	2.98910565247939	9.98396206533798e-11	2.81105142233449e-08	0.379015083260817
AT4G11720.1	-8.79996767540803	-0.316650831726493	0.00032174549136822	0.0166739869350236	0.829125798319477
AT4G11890.3	5.26747199457423	3.85535222444188	1.5457422522771e-08	2.89149086657122e-06	0.273474339497762
AT4G12530.1	-6.02943796952988	0.0701066787504607	0.00106720783777265	0.0440279656456328	0.809944757820426
AT4G12830.1	3.14387412028703	5.56400853349948	3.40524598797046e-05	0.00247342215897503	0.22756165370302
AT4G12870.1	-9.2384109174656	4.68157253903266	1.09505336551311e-16	8.30750068486902e-14	0.258640694210199
AT4G12890.1	-8.78234083444941	1.91213970106035	4.85901181366914e-07	6.05956491521086e-05	0.571691080091593
AT4G13075.1	-6.99178134603784	1.91343198299049	2.90130392313763e-06	0.000289187997973766	0.539893036434741
AT4G13210.2	-5.68419825856547	3.37042696644369	1.10948684258438e-07	1.68339973099012e-05	0.341851433173877
AT4G13450.1	-6.73076601434605	1.25175638358027	5.92566945734733e-05	0.0039959495938176	0.671624279261409
AT4G13700.1	-9.2894246393576	0.145823012918363	9.82007974549466e-05	0.00616542983745298	0.78430603630094
AT4G13770.1.DE	3.51178289596285	8.05545699552532	1.1765673170259e-05	0.00100103520234562	0.246287942826927
AT4G13960.1	-10.2040886824005	1.02790638849354	4.91995479869899e-06	0.000461748747447656	0.672331691656894
AT4G14090.1.DE	3.16199437135343	3.41431413290517	0.000927907647089909	0.0394592022000386	0.3510587206409
AT4G14200.1	-2.75235051355866	5.16968192673759	0.000188830551665866	0.0107217280593482	0.221948927714799
AT4G14315.1	-9.43009328617454	0.28005375834879	6.68951019872984e-05	0.00442293811513811	0.769501465475802
AT4G14330.1	-6.47739659592921	4.19928550633781	2.86716006803805e-11	8.79831557507721e-09	0.264594189987388
AT4G14390.1	5.66586777578519	1.52856478704004	6.70461125431942e-05	0.00442293811513811	0.56180747010057
AT4G14400.1.DE	5.96398853022306	9.67521073728689	1.80663493767363e-09	3.94728054262437e-07	0.298515997420895
AT4G14695.1	-7.22511311710587	4.5633504801406	8.32314581177355e-14	3.91919715974737e-11	0.243492082695734
AT4G14730.1	-10.8159959898151	1.62667898014964	3.13003379736723e-07	4.14972587572313e-05	0.589237613805378
AT4G15210.1.DE	-3.9671012508133	7.86123937583306	4.49016626903207e-06	0.000427285473775383	0.274252907620703
AT4G15480.1	-4.74137786191693	3.42169507421333	2.66355319161954e-06	0.000270424911584837	0.33625091984243
AT4G16260.1.DE	7.76948416664698	3.21175217853607	1.31970712252476e-09	2.95430501830113e-07	0.383224144633207
AT4G16270.1	-8.80361720564411	5.33605412010587	7.07058084474897e-18	8.65129724747907e-15	0.235038480986239
AT4G16500.1	-2.7694725817758	4.89370573102459	0.000450164468363238	0.0221521473792223	0.253143832663827
AT4G16550.1	-9.97865439627433	0.808638729717956	1.11080941548899e-05	0.000954003646113832	0.699830518055287
AT4G16590.1	-6.3106055814816	7.30613613745045	8.41601071289366e-07	9.86479264291153e-05	0.47396306956187
AT4G16860.1	3.17598065165437	7.78463246576902	0.000370590188327724	0.0186737797664547	0.312002546501657
AT4G17250.1	4.43345506361969	4.56349792617256	9.09329563032077e-07	0.00010523177837275	0.282112956342232
AT4G17280.1	-5.34323342757193	2.34551933872707	0.000475929201920295	0.0232108972029378	0.692406367671494
AT4G17480.1	-6.76471608206947	3.04642588101337	1.07185690906848e-06	0.000120964810097394	0.502482830548174
AT4G18205.1	5.37226470650529	5.7493082102481	8.68148335458479e-08	1.35485709655466e-05	0.319867802353173
AT4G18550.1	-6.17077281800488	2.83601051639951	2.98946992730604e-07	4.00222613650271e-05	0.404738759280404
AT4G18780.1	-3.12095762778844	4.68014434826432	0.000106049465365243	0.00659753291250605	0.254966048798312
AT4G18970.2	-3.3417835949778	6.13995258769629	0.000934707344944766	0.0395295862454875	0.390305427689232
AT4G19370.1.DE	4.1044260276075	2.6880476471428	0.000208933718850361	0.0116452832561678	0.424216533473637
AT4G19530.1	2.92900255712736	5.43543036002777	0.000342166366284363	0.0174671133263406	0.268254834189404
AT4G20080.1	-8.67250909464382	-0.435225812743135	0.000444281742003192	0.021941733554881	0.847157410073486
AT4G20160.1.DE	-6.95260506042362	1.88519442793145	1.04265290628336e-05	0.000909772956022519	0.606042483588408
AT4G20320.1	-3.94033554337261	7.44100248917634	5.00382196617219e-05	0.00346851222634844	0.344362171583907
AT4G20860.1	5.97127807289145	1.64933051850565	2.95375377692227e-05	0.00217439270624054	0.551764019134278
AT4G20900.1	-7.05838007514233	0.238069985058959	0.000329430909840827	0.0169756369408732	0.799017771318279
AT4G21070.1	-4.02687636421207	2.57445238707875	0.000845902721577666	0.0365545082737463	0.507363480158695
AT4G21270.1	-5.58378056903874	4.12677098369727	2.20702028478083e-08	3.96552177616113e-06	0.306489789810918
AT4G21390.1	4.59306246625124	1.44985569126316	0.0007959011413003	0.034778969712084	0.602650104213642
AT4G21630.1	-6.96071375495905	3.38442448791741	3.7338841061835e-10	9.35560631412637e-08	0.318949049656868
AT4G21690.1	-9.43027125342784	0.280555256132402	7.37498004385193e-05	0.00478427743414822	0.779777908832588
AT4G21820.1	-5.37413159401067	3.11385202021734	1.38138578295103e-06	0.000150306880948906	0.379066746374617
AT4G21960.1.DE	2.91704016090817	11.2110555583996	0.000623506511680508	0.028606246654948	0.292174930829837
AT4G21970.1	-5.39692502025049	3.27983076776626	2.19397824155885e-07	3.10464972824942e-05	0.333175838341287
AT4G22050.1	-9.05165292617296	-0.0793803744793221	0.000187569451387372	0.0106723110142511	0.812329468388694
AT4G22690.1.DE	4.21618000416919	7.24481912204616	2.45337718418569e-06	0.000252845978404888	0.286386889675992
AT4G23130.2	4.42264789371866	4.0005063586992	1.36815672571201e-06	0.00014979190430111	0.289413963637118
AT4G23140.2	6.69385022555205	5.75184064487051	6.90729590514000e-12	2.3005507129912e-09	0.267340067594047
AT4G23270.1	4.75769067090165	5.15947791773198	5.04774657921535e-07	6.2663184920432e-05	0.301459663062654
AT4G23310.1	7.59414479186437	3.90350420393114	1.01763996963748e-11	3.34852592900833e-09	0.305914556112231
AT4G23500.1	-2.93224258304125	4.94691837100958	0.0002152930284104	0.011878521007912	0.251781331060113
AT4G23810.1.DE	2.76794537349134	3.88590340738943	0.000746084190174385	0.033132203768866	0.271813031572129
AT4G24140.1	-4.89664543465519	5.5710719318196	6.77632972117394e-09	1.37087660011097e-06	0.238970715384825
AT4G24580.1	-6.24179416091903	3.16356207620036	3.20427087838843e-07	4.22762521544282e-05	0.416215220360192
AT4G26230.1	-2.52726671052292	6.29145374067372	0.000799935118949311	0.0348840222752728	0.236776354344185
AT4G26260.2	-6.65587058996302	4.5980350431126	1.25467302763127e-12	4.78958794759186e-10	0.243037772627861
AT4G26760.1.DE	-3.68880957167585	5.41248520178607	2.48838930646482e-06	0.000255490226875417	0.230757652452323
AT4G27300.1	5.33949558491762	6.14223406400491	7.8597647506447e-10	1.85050030262808e-07	0.242360008189979
AT4G27370.1	-3.70842895289976	3.63472137331664	4.79256388683603e-05	0.00334490590449061	0.306419225276358
AT4G28240.1	2.91856909052015	6.57654562964283	0.000119767400514175	0.00728500551323526	0.232599305772586
AT4G28430.1	-4.95744526363035	1.43035350867436	0.000332870590186515	0.017120581334433	0.577775728974735
AT4G28580.1	-7.6096591767288	1.60464092514346	2.71115000166854e-06	0.000274237843316924	0.569750624488791
AT4G28950.1	-5.51668617273077	1.96682699190206	4.93945382172028e-05	0.00343260619147589	0.536306021804335
AT4G29110.1	4.30982840781489	4.53061764670222	3.30503571308683e-07	4.33960722885165e-05	0.250424342615078
AT4G29305.1	-11.2802189826819	2.08444213419446	3.8798340445423e-08	6.42463738126047e-06	0.546425415900854
AT4G29470.1	-7.67280086193971	2.20584815227695	6.33781846490778e-07	7.69065578642407e-05	0.534666696537756
AT4G29700.1.DE	-4.76683666232151	5.74607076197951	1.55482677892571e-07	2.24676582853123e-05	0.279309454842305
AT4G29880.1	-4.73792786908346	2.62492817861535	6.21671083625729e-05	0.00413101191360153	0.450300536877811
AT4G30500.1	-4.11121491446459	4.06143372278217	1.08949610818543e-06	0.000122449498809268	0.253442688483725
AT4G30860.1	-5.16505796848042	3.15808459230128	3.69445782241162e-05	0.00266225165139535	0.492094894754729
AT4G31500.1	2.73671713048513	7.66609913933892	0.000329371901381167	0.0169756369408732	0.238245162577551
AT4G31700.1	-2.93939132627106	8.15392699217585	0.000251840537766269	0.0135394033994775	0.25954937589789
AT4G31805.1	-4.44120185538652	1.420646457729	0.00118393285676372	0.0476206041989307	0.60082489847337
AT4G32105.1	-8.60411536262358	-0.49776446657695	0.000587708949333386	0.0272511360190902	0.872489293755288
AT4G32170.1	-9.70051929137618	0.539747879823441	2.82144403668838e-05	0.0020826069752972	0.732770580526522
AT4G32280.1.DE	5.98207580650909	3.40472431761509	7.04277144860452e-08	1.1118215666638e-05	0.356686602458938
AT4G32460.1	-4.75839688325793	6.73982116095147	4.02426985057354e-07	5.18428461740631e-05	0.298658163801918
AT4G33010.1.DE	2.76285288533687	11.6533229047903	0.000598302246879202	0.0276017443657397	0.264573908752135
AT4G33050.2	4.15728024731074	6.37912650328042	1.41386908693017e-06	0.000153230867591865	0.267120880082508
AT4G33070.1	-5.58272012831062	1.66055717386447	0.000163591093066395	0.00946575496342442	0.62738251311727
AT4G33150.1	-3.58599788879497	6.64769610335263	8.7801698859027e-06	0.000783644508999636	0.247641651593147
AT4G33260.1	-6.00490645246044	4.18247079492082	1.69244687701535e-10	4.62224166581661e-08	0.259517849128072
AT4G33400.1	-3.29608654707757	4.78705428621622	1.65256155630867e-05	0.0013433004293927	0.227602812556077
AT4G34950.1.DE	3.63823485289897	5.70445100205354	1.8120201700381e-05	0.00144280124967669	0.271133982772057
AT4G35090.1.DE	2.83282265671956	10.5020319352824	0.000374947968381522	0.0188239043464481	0.25769003400294
AT4G35620.1	-5.99804719287	3.05971513996431	2.48222386345692e-05	0.00188849338218105	0.572897433355067
AT4G36180.1	-4.80517669339996	5.3762420359626	2.71612709353856e-08	4.708590473614e-06	0.251798409301703
AT4G36350.1	-10.387689076025	3.50461585930368	2.05061863869923e-13	9.03297510347011e-11	0.333352667990587
AT4G36600.1	-5.48551426688094	2.18169265989462	5.55523467536045e-05	0.00380974781467284	0.547910593742427
AT4G36880.1	-7.09818872019131	3.40818452272717	2.73223099211628e-10	7.10666291673217e-08	0.322318028143485
AT4G37900.1	-7.45214220168935	8.03923703557192	5.56031442889785e-14	2.66417100644964e-11	0.260871639462642
AT4G38540.1	2.86840629859683	4.07171781019256	0.000722112404803752	0.0322775971973736	0.287621906956142
AT4G38550.1	4.53389272753741	6.51677430164086	4.76838546838259e-05	0.00333921475710248	0.424725288108001
AT4G38660.1.DE	-4.71128564195749	5.55989554948236	1.72258254047387e-06	0.000181642670899158	0.328424056078609
AT4G39000.1	-10.0501688891317	0.877723711924708	9.04901749681256e-06	0.000802589100094213	0.694144654221844
AT4G39010.1	-3.92198497530873	4.11620530546848	1.00749839072234e-05	0.000884752043376776	0.286731489768634
AT4G39480.1	-8.11659815072172	5.6213651585229	1.41873629418788e-15	9.01095510013141e-13	0.251666468993915
AT4G39630.1	-4.58443100929418	2.15664551609107	0.000245933244582573	0.0132740767644163	0.506917512297758
AT5G01250.1	8.43870852739488	-0.652585257096518	0.00102540159908167	0.0426251797146416	0.922495828285364
AT5G01690.1	-9.19544104591566	2.33390706712685	2.47041415214799e-08	4.324966724956e-06	0.496654233815157
AT5G01870.1	-9.27797528668349	2.4019152869301	1.33533996980774e-08	2.55031258149784e-06	0.482788392751638
AT5G01910.1	-6.06429299239144	2.36931954232417	6.50902162188088e-06	0.00058669270467059	0.499942561966746
AT5G02050.1	-2.78956285069977	5.07021094848625	0.000279276082267048	0.0147530156340335	0.239377381704721
AT5G02450.1	-2.70724217741705	6.97653585479001	0.000530173116881748	0.0250078721850733	0.250556780247686
AT5G03610.1	-2.54458334070999	5.09147728763702	0.000658609311096851	0.0297784218182623	0.231469661355021
AT5G04340.1	3.32065136491461	4.45056440567516	0.000190065858732883	0.0107471815069436	0.304317109731787
AT5G05240.1	-3.62107892119425	2.94569380741254	0.000380232392793813	0.0190541777607189	0.380651646519472
AT5G05250.1	4.29263464854203	2.60144172672876	0.000661839626659047	0.0297784218182623	0.536760106126809
AT5G05510.1	-4.45267547776614	1.36631837235333	0.000930457552518211	0.0394592022000386	0.581530504994211
AT5G06530.2	3.02255283088964	7.61102347509793	0.000114325545499213	0.00703230849803828	0.245646223288659
AT5G07030.1	-5.38613024967669	6.85956362758271	2.97615994353307e-07	4.00222613650271e-05	0.351088868293641
AT5G07410.1	-9.15688047630161	8.17863022123772	5.33829554687793e-18	7.28970948403915e-15	0.257275668782182
AT5G07420.1	-8.78008436711456	4.94552687984821	2.90475399423506e-17	2.55908826892109e-14	0.239947426357586
AT5G07430.1	-7.89497478394131	6.7576740793182	1.41033863198073e-15	9.01095510013141e-13	0.247516445717426
AT5G07475.1	-8.28917011462286	2.26048391134076	1.28102136070141e-07	1.91180187880417e-05	0.509211660227802
AT5G07540.1	-10.4698247280422	6.62781283052951	8.31153752955103e-18	9.18259228934762e-15	0.295693420060385
AT5G08000.1	-6.95062842708709	5.77058589376154	7.94426211572149e-13	3.23829466630552e-10	0.258590977804519
AT5G08640.1	-4.51064551871641	7.38427065343471	5.08186803874223e-07	6.28013113149724e-05	0.280807001637606
AT5G09570.1	-3.56768176865596	3.06867317756565	0.000277463440945011	0.0147110998222895	0.355521881133161
AT5G09660.4	2.54969448589734	10.2487368333282	0.00087290461549912	0.0374252715131813	0.244271881773745
AT5G09730.1	-7.86013980878461	5.30165927364081	1.24944930829363e-13	5.68728500980121e-11	0.278840732419185
AT5G09980.1	-4.73928307859778	2.35188015848995	0.000152029455614979	0.00889095602205714	0.501094185683701
AT5G10080.1	-4.07049553524659	2.7408295697119	0.00014039978418154	0.00831769740950552	0.398599853594695
AT5G10180.1.DE	2.61343098960527	6.4062716996888	0.00064339713343084	0.029145601258379	0.242604081080142
AT5G11160.1	-3.46238546577255	3.37746223435847	0.000381552070271167	0.019085290460029	0.356398935636624
AT5G11540.1	-4.04975128898991	1.90080309525987	0.00118858881418251	0.0477375722119686	0.530510567918204
AT5G11550.1	-2.77706953023459	5.14451167544603	0.000225841879540626	0.012385477052478	0.230877989511542
AT5G12000.1	-6.99214112011362	4.33250120811144	1.26267925827181e-12	4.78958794759186e-10	0.257161309855552
AT5G13130.1	-9.49014053735355	0.337332780575793	5.3278576384115e-05	0.00367447272632971	0.756740763594136
AT5G13200.1	3.31906932800485	3.55670674557481	0.000233975855515893	0.0126787987896717	0.310485819153084
AT5G13380.1	-10.5391301735992	5.72495385979864	1.63923239221621e-19	4.47690758638169e-16	0.258035131230305
AT5G13520.1	-3.37631139515808	4.75759236570222	2.06532792183406e-05	0.00161160488209171	0.242356779918917
AT5G13840.1	-4.54865928860373	4.42388704597544	1.04676620126136e-07	1.59710791746642e-05	0.250692240158221
AT5G14000.1	-4.37744237244017	2.07528589760781	0.000288392262266892	0.0151466943745598	0.484000042835676
AT5G14670.1	-5.45895362766789	2.22675144844252	1.70515828660279e-05	0.00136969346957085	0.476385746561851
AT5G14870.1	-4.72998003763163	2.34990802044069	0.000112658844399399	0.00694543047266811	0.482143097299797
AT5G15230.1	-4.8557422666395	7.61724729310002	5.89194399048368e-08	9.36738408583159e-06	0.270676581192047
AT5G15380.1	-8.71011824587271	-0.399696229497053	0.000440923032109508	0.021815306032505	0.852587982789854
AT5G15520.1	-2.66950805285736	4.00194726340296	0.000870830858719963	0.0373950653812907	0.261975055201004
AT5G15530.1	-7.32039165169165	5.98730046220355	1.25400262897331e-14	6.46189920752645e-12	0.239127155466735
AT5G15720.1	-6.16505495240509	2.60629561344366	5.95587119279299e-07	7.26164277439149e-05	0.421427412599598
AT5G17160.1	-5.30067408559086	4.16625299158286	4.40774324675779e-08	7.25179974772302e-06	0.297140083162264
AT5G17340.1.DE	-12.7747855618603	3.56728439495492	1.0682042124318e-14	5.75106959984776e-12	0.323859247957343
AT5G17590.1	-7.84000695028308	1.83039983153036	9.22070508734902e-07	0.00010625598170489	0.544181830255827
AT5G18090.1	-6.30146610287449	1.51907924340988	3.97462046350593e-05	0.00283422609605249	0.606070075424484
AT5G19473.1	-6.38738438917272	2.06445124399652	4.61828102950861e-06	0.000437950948600381	0.510202315740729
AT5G19640.1	-10.8553163878316	1.66543585806184	2.6310252033557e-07	3.59279646644237e-05	0.585088373338139
AT5G20960.1	3.8887058092838	3.54016019825601	0.000104825846942148	0.00653629841515295	0.362521847572697
AT5G22390.1	3.28034105909365	3.66591464349995	0.000262229027949756	0.0139902698643822	0.309170458218807
AT5G22880.1	-4.55900638431273	7.26066455720056	1.31692295313712e-06	0.000145188039417085	0.307093170793025
AT5G22940.1	-4.35453278156801	4.57631800217278	6.04292206634809e-05	0.0040549937236863	0.40797495266184
AT5G23010.1.DE	5.48807932262877	7.36078986439552	5.10020527267603e-10	1.23266996638987e-07	0.247741472750181
AT5G23420.1	-4.00338735667546	4.91252979352309	2.99795157194678e-06	0.000297734746841594	0.266681588018725
AT5G24240.1	-4.61048205415555	3.44704652502066	1.61272792724167e-06	0.00017205161101913	0.309977147634675
AT5G24760.1	-2.85114603399123	4.34177495633388	0.000629449499649813	0.0287954694890051	0.279528788991861
AT5G24790.1	-11.9338459423732	2.73134356305643	1.4376846537043e-10	3.96612177548669e-08	0.432345948467456
AT5G25120.1	3.71051400882468	4.73990517049188	1.57724886983025e-05	0.00129747722541969	0.275201339678148
AT5G25290.1	-6.77969155130079	-0.00695197931563947	0.000506956296617475	0.0244619848355474	0.796701609353803
AT5G25380.1	-9.28069728542518	0.137099759241699	9.50164259449751e-05	0.00602086684218843	0.778874967595706
AT5G25830.1	-3.1706241504585	3.03450279563122	0.000935011999362342	0.0395295862454875	0.352917344464864
AT5G25950.1	-9.99135051813847	0.820715580351569	1.06723715594586e-05	0.000928065446062404	0.698442442674361
AT5G27980.1	-7.00954546332378	2.2436158043982	3.51676617792402e-06	0.000344252333639007	0.564119976908831
AT5G35600.1	-5.69812967463272	0.287457823518765	0.000742304475226976	0.03301804156828	0.731203234888214
AT5G36220.1	3.80132910548645	4.81817077805038	1.85736865700198e-06	0.000195102289966851	0.235529988638102
AT5G37300.1	-2.87706231284477	5.82152152949451	0.000163345601738759	0.00946575496342442	0.235839383730894
AT5G37320.1	-5.93371130382584	0.485704971790432	0.000853180854474427	0.0368107777512655	0.7955117690752
AT5G37650.1	-6.77797374707496	-0.0085185908177115	0.000510303275292374	0.0244711085859447	0.797575480327146
AT5G37810.1	-9.73711800968512	2.86966720859191	4.39613099694768e-10	1.08164624916791e-07	0.428471622811659
AT5G38120.1	-3.77702376651177	4.34087659265367	5.74842184468927e-05	0.0039053519651818	0.324493265332306
AT5G38250.1	8.84107311268358	1.99229647232595	4.27437525813402e-07	5.45502162032234e-05	0.57457570715988
AT5G39320.1	-3.5187937082734	5.86343096335455	0.000104339557236358	0.00652086418233905	0.312095903323439
AT5G39670.1.DE	4.28342532201693	3.03154442376299	2.68599376689561e-05	0.00200978563747085	0.356570624208937
AT5G40260.1	-9.51615233084992	4.70445891668194	5.97308677766929e-18	7.76814157071077e-15	0.244370584431872
AT5G40390.1	2.57521658100528	4.72506478919323	0.000510189076225368	0.0244711085859447	0.22686894929767
AT5G40460.1	-4.55288443343993	1.35745975794865	0.000929294498870899	0.0394592022000386	0.598067760372431
AT5G40780.1	3.36334083195988	5.75105412103453	8.05956113443385e-05	0.00516701113010617	0.280742648356288
AT5G41080.1	-6.05310002032358	3.52571780897968	5.93301854732287e-09	1.21832082365365e-06	0.311394410681519
AT5G41730.1	-5.64349070976252	0.592480589064176	0.000522781765583244	0.0248092315903622	0.698135210592442
AT5G42700.1	-8.59208795227473	1.74052653541536	9.60694591810069e-07	0.000110241722676155	0.584660930710584
AT5G43185.1	-7.12236714565266	0.316796996532483	0.000206474903320676	0.0115317711341329	0.761131650737012
AT5G43250.1	-5.41312751229001	0.675687389860949	0.000700681729504611	0.0314225266247955	0.700667485491374
AT5G44040.1	-3.14006603633225	4.09571764348461	0.000180118576631461	0.0103128269316181	0.274776652491202
AT5G44190.1	2.88586038320673	6.82325167870534	0.000155955212438796	0.00910105300623069	0.235940213098706
AT5G44300.1	-10.4663303107312	4.44152005981492	1.80371911270886e-17	1.75933473882827e-14	0.266537933170642
AT5G44440.1	-9.54407825763605	3.52462606365279	8.22959632751372e-13	3.3052721367754e-10	0.33456890283656
AT5G44568.1.DE	4.7444203489123	2.76335202420543	3.14425815613239e-05	0.00230222076413221	0.420523613895886
AT5G44630.1.DE	-10.2312854922968	5.67706274879902	2.76134889034245e-19	6.85592723128571e-16	0.254295943192115
AT5G45670.1	-6.37027810455914	6.49974213786112	2.61062722919734e-06	0.000266040448718689	0.523958824557903
AT5G46540.1	-6.20952655606809	1.66576290189495	0.000117176889210916	0.00717537672923617	0.682070827812738
AT5G46650.1	-6.52320018891023	1.08649833812913	0.000125213758150656	0.00756545945601924	0.707724380003144
AT5G46700.1	-3.72855928329728	4.76467192370956	2.66545112815218e-05	0.00199989383958693	0.292451972319342
AT5G46940.1	-11.8134045332957	2.6120178237573	7.57113555588394e-10	1.7980459405804e-07	0.465050642352606
AT5G46960.1	-7.69746274257319	0.868646593462526	3.47814884638524e-05	0.00251967435394237	0.692881906681735
AT5G46970.1.DE	-10.2661745976561	1.08872103414999	5.19702424288816e-06	0.000482775269039179	0.685090661575994
AT5G47220.1.DE	3.76941737491382	4.33895311060895	2.82966326052638e-06	0.00028308034178841	0.239966975035952
AT5G48650.1	-7.99126970580526	3.64685336350399	6.0219388532783e-12	2.03043422249239e-09	0.311512172011891
AT5G49270.1	-7.15070480374503	1.67248268824619	5.22142449401032e-06	0.000483397709681071	0.57224147105912
AT5G49330.1	-4.67972020180793	4.20166496979175	5.89941804680544e-08	9.36738408583159e-06	0.251353121810933
AT5G50370.1	-2.45828140683114	4.58474374737418	0.000908076350041398	0.0388113821533343	0.228904400291659
AT5G51590.1	-3.2025737549698	3.58727378552059	0.000301455895279173	0.0156522090417671	0.302516125975643
AT5G52990.1	-4.40224627374908	2.89224886735668	2.96303788661661e-05	0.00217536364842436	0.376522358784188
AT5G53520.1	-8.82231708641872	-0.296027196821027	0.00029710948519854	0.0154815627029129	0.823986343420042
AT5G54095.1	-8.13675031527298	4.56506064899348	5.11956895774701e-15	2.91292807927143e-12	0.255103216003925
AT5G54570.1	-3.54428354412856	2.75776272368029	0.000608645421458031	0.0279843688643776	0.394280577496751
AT5G54710.1	4.54504103688798	4.69584278663833	2.51608435352322e-07	3.45310451151119e-05	0.267155533688658
AT5G54940.1	2.6254552900702	8.07026115851567	0.000759667552488629	0.033680650204573	0.251304728918895
AT5G54970.1	-3.74097875820278	3.36970258085891	0.000287964718488735	0.0151466943745598	0.387141943870002
AT5G55330.1	-7.14923978785209	1.15601636205977	1.86777812927732e-05	0.00147430313551135	0.622296654266494
AT5G55340.1	-5.22894907034406	1.12662343520101	0.000409297212523339	0.0203242112204089	0.631735060264882
AT5G55460.1	3.37803705668964	3.54727116384971	0.000200658428589227	0.011252941156469	0.313365012257407
AT5G56870.1	-4.15167806514304	5.79523061135772	4.51865301984252e-07	5.6870475864018e-05	0.243560865250579
AT5G56970.1	-7.4615171315858	2.92383525234037	4.94282312531827e-09	1.03048429294326e-06	0.389568780247381
AT5G58120.1	4.27255605724605	4.711184323468	9.11738624800964e-08	1.40680754700221e-05	0.226508528977988
AT5G58280.1	-6.00980596291811	0.0521413118304469	0.00111808441935146	0.0457125802049515	0.811988842311563
AT5G58770.1.DE	3.18691919593104	5.37397051616953	3.37651257296384e-05	0.00245909159680575	0.232344362837816
AT5G59845.1	-7.27674418286398	4.54722309666745	1.82681198423897e-13	8.17902657402466e-11	0.252477891989611
AT5G60020.1	-3.61172097881747	5.21275301498252	2.78736984657652e-05	0.00206863744238726	0.279663189404999
AT5G61010.1	2.78433470643744	6.09547298105474	0.00018938186553339	0.0107307222605444	0.227324726335052
AT5G61160.1.DE	7.41882027403179	0.611965225690209	0.000119558925623755	0.00728500551323526	0.760137101464855
AT5G61320.1	-5.57233180488269	0.157106956306916	0.00104427228163281	0.0433436478475284	0.742167673743147
AT5G61600.1	3.67797132191821	3.04157389118648	0.000348127986431848	0.0176443941334814	0.384690961007231
AT5G61680.1	-8.74887248924107	-0.365222152444344	0.000382330727630407	0.0190892769694955	0.841347552660279
AT5G61690.1	-8.59347552102885	1.72608770549594	8.52688101255781e-07	9.95203621085326e-05	0.576895627657855
AT5G61720.1	-9.10432517240266	7.12863803567899	2.37210647342388e-18	3.40971578398313e-15	0.247996789735256
AT5G61850.1	-9.88579636277755	0.71829903892234	1.52607774568195e-05	0.00126299119128242	0.710626629887489
AT5G61980.1	-4.52893085281488	2.94888790845908	1.70224459122384e-05	0.00136969346957085	0.370742812305703
AT5G62080.1	-10.1303134157631	5.78262348445425	3.44605693065589e-19	6.95119172298862e-16	0.254580764368261
AT5G62210.1	-5.69092998554439	5.94363409051085	1.68923897175955e-08	3.11721659173818e-06	0.314025376573544
AT5G62360.1	-4.06602679895696	3.82400532985808	1.95705309696854e-05	0.0015358930210146	0.322247302974007
AT5G62430.1	3.18403769386309	5.37098702690862	3.7714090047499e-05	0.00270343704274867	0.234765572744808
AT5G62700.1	-3.11572878832211	8.34623579204233	8.17129181155093e-05	0.0052141623987212	0.248367819972318
AT5G62750.1	-8.40075956310052	4.05907172877727	1.0895863926374e-14	5.75106959984776e-12	0.263434800234955
AT5G64770.1.DE	5.17522024967553	5.91941664699412	8.84864897738366e-10	2.04801230696038e-07	0.232773726977004
AT5G65350.1.DE	-4.21959011475797	1.70703069423798	0.000953002837459846	0.0401039452910106	0.543524176678864
AT5G65360.1	-3.76891906421186	6.62767159230466	1.99964202109965e-05	0.00156482015009319	0.290927208154955
AT5G65420.3	-4.20781039209217	1.8540211406319	0.000955606155706451	0.0401182434915106	0.542138716439547
AT5G66170.2.DE	-2.9284704036042	3.94859701248552	0.000348223369263171	0.0176443941334814	0.266396098187356
AT5G66310.1	-2.77030994818838	5.26580352307754	0.000503975483391213	0.0243611936759246	0.257998427025536
AT5G66390.1	-9.96071507585541	0.790942834912206	1.20663679325441e-05	0.00102343035591836	0.702815541954301
AT5G67260.1.DE	-2.69733976657469	5.9585273150484	0.000371417726106271	0.0186810120031093	0.236008137426182
