logFC	logCPM	pvalue	padj	dispersion
AT1G01280.1	-9.54290385092172	4.74795177086675	1.87923289379238e-18	1.49030998614793e-15	0.238183243995285
AT1G01370.1	-5.45154646666681	2.73394081343024	4.7265940376775e-06	0.000287416179933277	0.431126104274343
AT1G01460.1	-7.40302940030407	1.89797825624341	3.26692454130408e-06	0.000207264582648802	0.576462596769559
AT1G02310.1	-5.97794447925043	0.0369434379331315	0.000906924200848964	0.0254970285299237	0.777343757337321
AT1G02640.1	-3.36470817993143	4.846457383514	9.90859803800967e-05	0.00390456203845627	0.287011778602232
AT1G02670.1	-3.94835226983252	2.01733078718978	0.000959926497757291	0.0265942955339367	0.492969864883852
AT1G02690.2	-3.76901479192052	4.48575906142488	1.99804850162676e-06	0.000136664917552515	0.233016727419901
AT1G02900.1	-4.92708522904368	2.09526856339008	0.000180209859138202	0.00660873651055375	0.536004978264621
AT1G02970.1	-5.14466675254714	1.59540741917361	0.00027390029071486	0.00921050217875605	0.593587792047952
AT1G03050.1	-7.37958277111907	4.77115049504994	9.71204991652562e-15	3.13304145866495e-12	0.233118695355876
AT1G03390.1	-5.76513611436681	2.5148721729749	2.52246887678748e-06	0.000165552241834124	0.43152826738279
AT1G03470.1	-3.09342646471292	3.12080175216655	0.0014352033292166	0.0380448815668238	0.363699869540611
AT1G03710.1	-7.49600785596474	3.50307348134037	1.86787511869138e-11	3.4515793334032e-09	0.302580711510061
AT1G04090.1	-4.96977434981469	2.33474985742034	6.22020962231395e-05	0.00262503879692908	0.479177177143945
AT1G04450.1	-10.9453059910469	1.75503623674316	1.59493816024014e-07	1.39891511538482e-05	0.571362757114959
AT1G04700.1	-3.99986890263279	3.50258603376068	1.20615115366865e-05	0.000659674566315388	0.298560185192361
AT1G04920.1	-3.30420819814095	2.95831673868479	0.00146059719212575	0.0385208327819344	0.405765861222617
AT1G05490.1	-6.24699872270982	4.03349283282136	5.75433967355576e-11	9.77878098274881e-09	0.259845665479907
AT1G06265.1	-3.88342541802335	4.43170959127998	7.91230077984854e-07	5.90567924481793e-05	0.226831720735238
AT1G06420.1	-7.40616069325722	3.69700755579593	5.08734886951582e-12	1.03007990461164e-09	0.284691716949284
AT1G07180.1	2.64437366695672	6.87047112264929	0.000916582471931801	0.0256310386616077	0.262151767569501
AT1G07330.1	-7.18702368827077	2.62452229949568	6.85250477063345e-08	6.42481395563874e-06	0.431937796506259
AT1G07340.1	-9.66081066863138	4.15532456588512	1.50306572458094e-16	7.15196248398728e-14	0.26127790288116
AT1G07540.1	-9.13688726766773	3.09534740329858	3.99772326193852e-11	7.04524693004406e-09	0.369226393508601
AT1G07620.1	5.88246983873109	4.32976088308309	4.5009182918336e-11	7.78781616804263e-09	0.238469080096217
AT1G07645.1	-8.34909553395815	1.48051269944647	6.23510705588242e-06	0.000372015023807555	0.659020392923643
AT1G07850.1	-8.65086436664178	1.77722929109058	8.09980829346061e-07	6.02201762693108e-05	0.580238925236265
AT1G07900.1	6.99448346156651	1.0548878031716	0.000170764529045903	0.00631099277928287	0.795609351874121
AT1G08065.1	-11.8270177323649	2.62655350636732	2.65518384918311e-10	4.01080271440493e-08	0.438933579690738
AT1G08150.1	-6.78308447267557	1.70044541217728	1.85426237269878e-05	0.000929106771556461	0.615744424768015
AT1G08320.1	-6.87469372335525	3.04852320843326	2.3377629910227e-09	2.96630953387567e-07	0.341371554604708
AT1G08730.1	-4.37286812179181	3.80069069145657	6.59446797077299e-07	5.00049836206065e-05	0.268148716404889
AT1G08860.1	-7.20121607846061	1.73699218023934	3.22747807930199e-06	0.000205892033064764	0.55486882135011
AT1G08930.1.DE	4.87034434142757	6.30007099501077	5.4469268967766e-08	5.20961606162558e-06	0.269469850527973
AT1G09155.1	-9.76875933193486	0.606076608011358	2.68936799039405e-05	0.00126699853864282	0.739824059317545
AT1G09200.1	-4.21623245858599	6.36979905298995	4.74834560031607e-05	0.002077592225536	0.379897359072221
AT1G09380.1.DE	-9.94198909346003	3.07617501254608	1.05345395042857e-11	2.0050389038507e-09	0.367499657082081
AT1G09470.1	-4.65190581219671	3.12444935625611	3.54507242810777e-06	0.000222684368066585	0.33339881927915
AT1G09690.1	-2.57630108840064	7.9819217381683	0.00120224109165292	0.032503202695213	0.262286986057098
AT1G09930.1	-5.03122672052369	1.60361497550208	0.000272996524610789	0.00920620497879644	0.576385588375438
AT1G10900.1	2.73100663389422	5.38881269282418	0.000360044539934279	0.0115951399806584	0.23954260807411
AT1G10980.1	-8.69540469635986	3.18008467693353	6.27762925504093e-11	1.04808875097539e-08	0.364488964303243
AT1G11250.1	-11.1851928705774	1.9915385905205	3.1483922704287e-08	3.22168548833706e-06	0.528712958254926
AT1G11920.1	-9.67904286725704	0.51952074302613	3.57344565025624e-05	0.00161169173131107	0.75102668510043
AT1G12000.1.DE	-2.6708895258745	6.24485284577568	0.000576219417191645	0.0172712252223644	0.247706518380695
AT1G13890.1	-11.1267126525447	1.9338153972641	4.99558155217369e-08	4.82644181129553e-06	0.54091254786891
AT1G14580.1	2.30046878158456	4.60385707239823	0.00146327757585975	0.0385208327819344	0.220548682305161
AT1G14900.1	-4.69338435231009	5.61418042066514	6.07206434208146e-09	7.13392596437262e-07	0.222773371633054
AT1G15125.1.DE	8.44669852459834	7.58816780741994	8.46960322491711e-11	1.38967205327455e-08	0.407544925079887
AT1G15415.1	-7.64452951035796	4.20698409869547	3.53680691703101e-12	7.37179536168741e-10	0.299124227502461
AT1G16070.2	-5.25475694333689	1.7090719672483	0.000119721270673631	0.00460483143198123	0.551482713983986
AT1G16410.1	6.81551997798374	7.56247441542083	6.1307033070799e-12	1.21547579212137e-09	0.275392219713774
AT1G16420.1	10.1191522655664	0.946060570192923	9.76754839699765e-06	0.000550017007810817	0.710480936870589
AT1G16630.1.DE	-5.82970398552422	3.80653912811817	6.98162328976235e-09	8.15222307202741e-07	0.302114971980222
AT1G16705.2	-7.35385913120784	3.64525833580847	5.24815624477257e-12	1.0514542927027e-09	0.282001785164407
AT1G16730.1	2.39269332960857	4.38894463287396	0.00135548008001378	0.0360823109970661	0.233490544988499
AT1G17030.1	-5.83358552367211	3.93084316634336	3.54195112438199e-09	4.29388253187022e-07	0.291939059234089
AT1G17540.1	-6.79736299194748	2.98850628151556	2.78285853926816e-08	2.91022783395005e-06	0.390853297347581
AT1G18280.1	-11.4538157463641	4.56541767540447	8.56740872676101e-20	2.41372455753609e-16	0.24421576077849
AT1G18570.1	6.34843665608036	3.96636310154133	1.74243560441185e-10	2.74080800485708e-08	0.277923340492103
AT1G19230.2	-6.73029059183987	2.7278044746292	2.24269969216726e-07	1.92276140725312e-05	0.43646000018668
AT1G20080.1	-6.22822717745748	2.63937446247327	9.29977416015708e-07	6.8872607622673e-05	0.440155148707969
AT1G20135.1	-11.9361156575461	2.7347235859399	6.06852078936708e-11	1.02214297507986e-08	0.412985499093537
AT1G20150.1	-9.87425114666082	5.06011001399635	1.84869384313116e-19	3.1510219907122e-16	0.235077504657907
AT1G20620.1	2.91916815174887	11.7237560029111	0.00188377230378506	0.0476779764068364	0.352060979754907
AT1G21250.1.DE	2.5399963931507	7.89880660489759	0.00198341240926961	0.0497393197205854	0.279731224558712
AT1G21270.1	3.79032563982952	6.56146803480261	9.11100055242676e-06	0.000520749770313329	0.271770637911858
AT1G22240.1	-7.05183055626282	1.08689724412407	8.03851331052251e-05	0.00326916717605075	0.726300542279166
AT1G22350.1.DE	4.3560145812515	3.61168808430509	3.22388736539702e-06	0.000205892033064764	0.301594346884288
AT1G22380.1	-8.17763776813962	3.37093395161421	3.67569659450202e-11	6.53827413861279e-09	0.340390854519356
AT1G22470.1	-8.9900825664114	-0.13711117540399	0.000216438399581014	0.00767127012891143	0.818754741991078
AT1G22570.1	4.71423776113545	2.4840090514995	0.00013106116266182	0.00501908875038718	0.490035246072236
AT1G23240.1	-11.3658719072876	6.53932677876178	7.04843320826741e-21	3.38561976616606e-17	0.265416882537261
AT1G23250.1	-8.84484736177738	2.83925610633017	5.98786606326834e-10	8.83031162131773e-08	0.40506382529945
AT1G23380.2	-4.60108947293944	3.25602467543352	2.25994688280842e-06	0.000150924803580676	0.317814971875788
AT1G23420.1	-9.13932678510095	2.26034546756543	2.88097925334714e-08	2.9806271893734e-06	0.494701266861084
AT1G23520.1	-12.8917451183976	3.68481188240769	5.09570694248077e-16	2.02055396325492e-13	0.295535615311231
AT1G23540.1	-4.9211237047491	1.98336451469323	0.000853534526314026	0.024174587260915	0.67685787477123
AT1G23580.1	-9.66655188893787	3.65175559928724	3.69522083332571e-14	1.11636727175696e-11	0.302268472627705
AT1G24020.1	-6.0575173321778	9.11757085720798	1.61674622883375e-09	2.16700922347836e-07	0.303364582021256
AT1G24030.1	-3.75703428393379	2.94222043961306	0.000152297105692586	0.00572859844396639	0.355188510574988
AT1G26310.1	-8.79884853877449	1.94857090183315	2.34452417778817e-07	1.99211288731439e-05	0.542706889611095
AT1G26760.1	-5.36867732697486	2.13023281895232	2.42418958378032e-05	0.00116220655788642	0.479794967697805
AT1G26770.2.DE	-3.25129295373994	4.58128934702371	0.000107286743179826	0.00418440283389678	0.273915358546586
AT1G26840.1	-4.45659450247789	2.16337421978024	0.000547009986387025	0.0165784093485737	0.549422076609938
AT1G27020.1	5.99355363441123	3.59398869070321	1.21028661183194e-07	1.09172441151646e-05	0.373406027744974
AT1G27040.1	-7.51880574248991	1.49272320749845	1.68782152680559e-05	0.00086355664300244	0.666009732193231
AT1G29310.1	-2.37943515986446	5.67830688239694	0.00141143750442902	0.0374670711601081	0.23402270381929
AT1G29715.1	5.0032191696586	1.70898034142168	0.000271824447066215	0.00918940444229356	0.578706171220514
AT1G30020.1	-9.05619500124723	2.17819596913408	3.43876987625943e-08	3.50000572485806e-06	0.492892144022516
AT1G30710.1	-6.99446051546016	1.92335507846369	8.86379472143857e-06	0.000508146400401025	0.601314331989872
AT1G30780.1	-9.95839187317189	0.789838153890936	1.5492106875805e-05	0.000816790222069794	0.723158228218588
AT1G30820.1	-2.68118977628969	6.97746281696849	0.00127810583714838	0.0342140483803728	0.283953178468168
AT1G31310.1	-9.76180906539225	2.87838578871291	6.769203004918e-11	1.12033252863134e-08	0.38849956357658
AT1G31540.2	2.68622310971868	6.02317984037498	0.000880414832337244	0.0248619221125738	0.26735195772395
AT1G31740.1	-6.54807184243344	0.552072313513694	0.000308749291587165	0.0102376746807988	0.760796593672972
AT1G31760.1	-4.02411067102271	2.09007047881529	0.00101548936970534	0.0278498691262274	0.513917920882009
AT1G31820.1	4.13350198441707	3.61896529803537	4.24310162449972e-06	0.000261355835660528	0.286067991772941
AT1G33430.2	-7.52525211069908	7.00919806980543	7.62321208180651e-14	2.0435576838454e-11	0.26554719158187
AT1G33720.1.DE	3.29439119129898	3.56390717427014	0.000224387723010632	0.00789421724965129	0.304996512609172
AT1G41797.1	5.39619704739951	1.39288784020147	0.00172397909206842	0.0441621723544257	0.832249250670959
AT1G44970.1	-9.26542939881836	6.72797794369275	8.36186640299577e-18	5.30504677494062e-15	0.259800713084367
AT1G45130.1	-2.95510127035084	5.07635606248649	0.000349681379958783	0.0113101505072933	0.27287904074058
AT1G47280.1	-10.3820563564372	1.20236546603471	3.96821359478461e-06	0.000245217562823167	0.682038207689792
AT1G47980.1	-9.01952457573915	6.95679818468209	1.40349776635414e-17	8.61702354419947e-15	0.256100069835993
AT1G48020.1	-6.70171127520459	3.00067542626275	8.07157647695271e-09	9.25459729432776e-07	0.354158717090134
AT1G48470.1	-6.13209530806077	3.8787761721087	4.15234554609981e-10	6.2229600613321e-08	0.277952166501106
AT1G48740.2	-6.3828474620989	1.60419673181404	2.04435390194933e-05	0.00100543120971064	0.575214649700743
AT1G49290.1.DE	-6.07758430238374	1.94707053537704	9.80357208672814e-06	0.000550417072350138	0.512037696534547
AT1G49490.1	-4.63809143622462	4.63147507984666	1.66209456753962e-05	0.00085499042983734	0.391301474531585
AT1G49830.1	-6.88056685554226	0.0940539609116846	0.000487846877131531	0.0149761122781362	0.816156037364321
AT1G49920.1	-5.51046176609277	1.70830019603722	6.37306054730429e-05	0.00267177227746349	0.545574914375164
AT1G50010.1	-3.46474135238149	8.20425720433452	9.3162962921611e-05	0.00372514847329206	0.300918734842961
AT1G50240.2	-4.00218779382994	3.92448122397078	4.40296907724516e-06	0.000270328098216797	0.273666137237294
AT1G51035.1	-8.71967231818746	-0.390095591750935	0.000387710860334065	0.0124230653278422	0.837097150451221
AT1G51250.1	-6.85422788008806	2.85960001224772	2.66893236791806e-08	2.80650772146876e-06	0.388714852610023
AT1G51800.1.DE	3.77847375740471	3.50394022020539	2.30457686079261e-05	0.00111045598459407	0.291612116882061
AT1G51915.1	-9.3841293465666	0.237600990408196	9.78822301901114e-05	0.00386512964151118	0.801144314940658
AT1G52030.2	-7.55193521240426	8.22525432453386	2.52702364396371e-09	3.12317149451697e-07	0.417891476955918
AT1G52430.1	-5.4335140964945	1.32474616696979	0.000257886101180969	0.00881211160462726	0.628737196989408
AT1G52870.2	3.38044145362267	8.42690608487447	3.53230332854884e-05	0.00159691993473325	0.25882826399034
AT1G53020.1	-8.47233874447796	-0.619604734383274	0.000574744408313754	0.0172712252223644	0.834772082026238
AT1G54070.1	-6.94191184818069	2.40615359740071	1.92450885918006e-07	1.68023748242083e-05	0.44246115721878
AT1G54385.1	-4.4876162978686	3.99837010819122	1.24837787295858e-06	8.93247220151149e-05	0.294132571810039
AT1G54860.1	-12.8254793226373	3.61881825917583	2.39832108539705e-15	8.45319355895593e-13	0.308902703663359
AT1G55020.1.DE	-2.38097858487353	5.43259066472665	0.00161328923131555	0.0416066855550526	0.239814200265769
AT1G55910.1	2.37817480281814	5.44812147684594	0.00112907670978538	0.0307875601967696	0.22483037596972
AT1G56010.2	4.48864638673398	3.24764050292411	4.97625427032308e-05	0.00216734662533316	0.410448785520456
AT1G56030.1	-9.16477028766487	0.0294185963403701	0.000197066073776813	0.00707690298527186	0.842630191058431
AT1G57550.1	-9.97558685569214	0.80706787069424	1.72178296301807e-05	0.000878570915150747	0.734812937593513
AT1G59540.1	-5.4301786151097	3.7366593143676	3.9615183227284e-08	3.96264619376052e-06	0.303249687578476
AT1G60190.1	3.00990277201	5.26948460524737	0.000432994019223898	0.0135403486897509	0.290517044761594
AT1G61050.1	-6.32519891415056	0.339998163095418	0.000617354268480148	0.0183023423551132	0.798030264021009
AT1G61290.1	-6.15674345075151	1.83353655199087	1.43500241122496e-05	0.000769363405432243	0.536503588813353
AT1G61563.1	-8.27644537695743	6.33521776956766	5.05747688905555e-16	2.02055396325492e-13	0.253440006401836
AT1G61680.1	-7.39168221653902	5.33029113021936	2.73858524129265e-15	9.47699870864056e-13	0.227663652708716
AT1G61860.1	-4.96185214953484	2.97456976041789	2.84261732731192e-06	0.000183401815561789	0.357737209280886
AT1G62180.1.DE	3.11444199351797	8.56038331966487	0.000119759972617596	0.00460483143198123	0.259975345695328
AT1G63160.1	-3.03799774154074	2.85096885882557	0.00165937641920149	0.0426220126675601	0.360653551810094
AT1G63300.1	-2.97027357735387	3.78331551519933	0.000573710497481657	0.0172712252223644	0.294493478534748
AT1G63350.1	4.0865068648398	2.99561025535269	6.8745172831928e-05	0.00285060321244028	0.369130461800384
AT1G63880.1	2.98577374147626	6.17625879786625	0.000294260628785681	0.00980644759646235	0.271935884331536
AT1G64450.1.DE	-3.04690381731883	3.55239369543353	0.000370625386114972	0.0119157313748755	0.287338197060694
AT1G65113.1	-11.4797213198018	2.28263392843719	5.13309749111401e-09	6.06821394710391e-07	0.493157569038472
AT1G65486.1	4.69488709434073	2.21051499639973	9.04477565613616e-05	0.00363183998023712	0.462402656617071
AT1G65560.1	-2.88859143095488	3.89540307905854	0.00047010119656216	0.0145250585619604	0.272071425658277
AT1G65710.1	-5.97838136170331	2.39462107922627	5.60071469872764e-06	0.000336272564229915	0.482614728340698
AT1G66430.1	-3.75692282794431	6.14165688774294	2.20705692871328e-05	0.00106887823216793	0.291735359612866
AT1G66700.1	5.49354994924995	1.8004187269738	0.000115168333526525	0.00446435619554044	0.582968310320485
AT1G66960.1	3.21400642934839	3.31957720236584	0.000931394204766057	0.0259549427515554	0.360424216611686
AT1G67035.2	-5.9051708767231	1.11072471483966	0.000654742642663846	0.0191424219935806	0.79010108261978
AT1G67110.1	-7.22535974542126	0.390436617069799	0.000187392590641032	0.00680657094975336	0.764508612188118
AT1G67160.1	-8.59722890723344	-0.503901740840398	0.000469737265966372	0.0145250585619604	0.834762339080237
AT1G67220.1	-5.39104550579397	0.00516742751880831	0.00176555645739645	0.0449905289712065	0.775019624167246
AT1G67260.1	2.82968709113203	3.09186718126638	0.00195715049968213	0.0493383383582118	0.331542924530448
AT1G67870.1	3.22187244781676	8.52323450515585	0.00157746833519286	0.0409045706045308	0.401933628117388
AT1G67970.1	2.9897363989688	4.39570231958177	0.000529257146412468	0.0160916154435599	0.294939928727106
AT1G67990.1	-10.5974271516856	7.3167450350419	8.89407809112085e-21	3.38561976616606e-17	0.256971837022994
AT1G68090.1	-10.2616792866325	1.08497764666062	6.29905688098697e-06	0.000374656092549453	0.698361649935093
AT1G68170.1	-7.60187467256427	0.752660232972673	6.41801652503847e-05	0.00268470568178148	0.725256371617812
AT1G69310.1	3.16908000607177	2.77468945928942	0.001344271595405	0.0358340634108452	0.37368082870711
AT1G69720.1.DE	3.23964168750279	4.19043358181079	4.99042239342497e-05	0.00216855500945337	0.247489039470225
AT1G69940.1.DE	-9.96569379472713	7.63862630915751	1.25669016719049e-19	2.69984683122441e-16	0.257728703452849
AT1G70250.1	2.88294987370395	5.19713474891257	0.000247606321795973	0.00850666267643095	0.249317953741131
AT1G70890.1	4.43761498920265	4.34448785832379	4.78690661137902e-08	4.64842824154984e-06	0.229220684789566
AT1G72460.1	-11.153457547898	1.9601659878032	4.00590417641037e-08	3.9710611557093e-06	0.535014446510271
AT1G73010.1.DE	-2.61321208957572	3.60634714167298	0.00145363479672756	0.0384264320640496	0.274226748129005
AT1G73210.1	-2.97368006011078	3.1019554673041	0.00149092812990501	0.0390865497196723	0.343365075915393
AT1G73220.1	-8.25179868078311	5.46097074050473	2.43142005700377e-17	1.36109464543979e-14	0.226864386017785
AT1G73870.1	4.60291344391285	5.69487115967648	5.890181725778e-07	4.52047696720696e-05	0.291564482145871
AT1G74030.1	-2.90153053990103	4.87516341389079	0.000433233341217877	0.0135403486897509	0.272251751234481
AT1G74055.1	-4.42376922327314	1.47820398603396	0.00154080606331867	0.040172824387869	0.624548009193326
AT1G74150.1	-4.11355949954523	1.87897646829712	0.000757611246516468	0.0218810544081152	0.506265153504921
AT1G75050.1	-4.94829685482426	2.99354060891933	3.75973534223916e-06	0.000234619812356846	0.368880723778037
AT1G75460.1	2.85792750422062	7.32359520019935	0.000339923908763832	0.011059438898294	0.257799101797981
AT1G75520.1	-5.5835933108715	2.498458741257	9.91808262876672e-06	0.000551961598459991	0.466413829095959
AT1G75580.1	-3.94888275912029	3.41789309048277	1.31920914514889e-05	0.000715342098564639	0.295720734861406
AT1G76540.1	-5.14677934647443	4.52742332019434	1.44501688308315e-08	1.58063254802998e-06	0.266604561046553
AT1G76960.1	6.73719843597992	6.70739280498371	1.78953549410447e-12	3.87048057491936e-10	0.257452281688265
AT1G78050.1	-3.01419285437159	4.00407175974336	0.000321331900286465	0.0105994975011305	0.277511274834413
AT1G78440.1	-3.66673856750878	2.64427545490123	0.000499701416410862	0.0153153253760836	0.401261590725221
AT1G78865.1	-7.49471308262428	2.38423195272834	1.09893815831811e-07	9.96004284155645e-06	0.460606880045879
AT1G78960.1	-4.6015600853113	7.23783542040417	3.05935639854545e-07	2.53168392754415e-05	0.278594432445342
AT1G79270.1	2.76061935105489	5.98790252410647	0.000312860984098517	0.0103559706266906	0.239744973757978
AT1G79530.1	-3.08519699422483	5.66494799788192	6.99375813763121e-05	0.00286879738434342	0.239030942756499
AT1G79780.1	-6.41075506037831	4.15286778465142	1.44399818058841e-11	2.72115023476627e-09	0.253798408369926
AT1G79820.1	-2.37763369348113	4.68380920783946	0.0010051609605587	0.0276462840495864	0.219530477511538
AT1G80180.1	2.7792183359946	5.46568730501996	0.000200992526364582	0.00719077209454341	0.227861700978224
AT1G80270.1	-2.61126463095804	4.69434284943708	0.000851049217472839	0.0241401188616402	0.25171000723756
AT1G80540.1	-8.25754429857862	1.39011898058145	9.33752761267372e-06	0.000530510934483639	0.673662144234129
AT1G80990.1	-8.74186115792453	-0.368861612398839	0.000396251091207335	0.012673857460389	0.846489005337533
AT2G01420.2.DE	2.34023957927855	5.7787699016555	0.00161178461958163	0.0416066855550526	0.232676733446554
AT2G01610.1	-4.76586112817732	4.51082820363878	7.15973677575559e-09	8.30922378371684e-07	0.228069245055692
AT2G01913.1	-4.35283179573526	2.15314984992959	0.00021823180174818	0.00770613336302989	0.463160053394793
AT2G03000.1	-8.42713306633597	-0.660666092959544	0.000625226393179415	0.0184781582940742	0.839566850696505
AT2G03170.1	-9.98090236087923	0.812146521454888	1.62181302460104e-05	0.000845796202199882	0.730642902502814
AT2G03200.1	-5.66978212483423	4.19573088174676	1.31768465579903e-08	1.44968162160826e-06	0.30251631275387
AT2G03210.1	-6.98673249562503	0.974877872416819	0.000115841756893769	0.00448133365642095	0.741036950853991
AT2G03250.1	-5.44607098275672	0.398840751506936	0.00113341534975703	0.0308175633598938	0.746314379050328
AT2G03850.1	-9.46262243799114	6.08830298830694	6.24592401590546e-19	6.6043706552627e-16	0.244164974117055
AT2G04170.1	3.05652685732861	3.16420395976747	0.000963268271967278	0.0266480886923738	0.333672593857987
AT2G04675.1	-9.09369961622184	-0.0386170919579864	0.000187071286655881	0.00680657094975336	0.820952187055686
AT2G13350.1	-7.76156469057687	3.63006478679814	3.68948911799121e-12	7.550757675562e-10	0.296207763932363
AT2G13820.1	-4.58576770902392	2.44136432328745	0.00010949876091151	0.00426194256938401	0.457694985627795
AT2G14080.1	2.52792813879161	5.6815531781847	0.000876961909778426	0.0248012125242389	0.240187379553283
AT2G15040.1	5.47604515448759	4.2810277938339	1.07642431938711e-06	7.81968857667746e-05	0.389713334929678
AT2G15340.1	-5.94986184762231	1.17021406567793	0.00019671319308755	0.00707690298527186	0.672579171555929
AT2G16580.1	-5.79978131912809	1.66700408667614	6.14635126795241e-05	0.00261123892149416	0.578176363819367
AT2G16730.1	-7.6713310894273	5.31341688402325	4.6917828223198e-14	1.37382619164943e-11	0.260880321849655
AT2G17000.1	-9.0495506395512	-0.082537956092724	0.000235888929953803	0.00816304364329224	0.841831090556167
AT2G17040.1	5.58856722980487	5.22104130557868	8.59865585485389e-11	1.39878817850798e-08	0.231142471981795
AT2G17180.1	-8.63491096606924	-0.469746752609459	0.000437960231495309	0.0136427120884619	0.834968335389182
AT2G17845.1	-6.93238323114379	0.921850021252856	0.000113190890019865	0.00439665757091446	0.728503915745704
AT2G18180.1	-5.89582010226524	2.74289462410665	3.47564501915988e-07	2.83913955577983e-05	0.382846263376326
AT2G18420.1	-5.5509296172652	2.45378363749241	3.85982183973895e-05	0.00172856444884121	0.541551800896971
AT2G18460.1	-6.11717979766831	0.669187243107322	0.000273288804340881	0.00920620497879644	0.701917861901116
AT2G18470.1	-8.08763556953174	3.92886480824212	2.66862856189159e-13	6.73548974466708e-11	0.282168782914579
AT2G18500.1	-5.19043241111013	0.463207668931957	0.0012462839061415	0.0335035615615695	0.71890101636239
AT2G18660.1	3.50097157272222	3.4953782674619	5.81302266100135e-05	0.00248070090374078	0.284201237416854
AT2G18690.1	5.52565179398949	3.22218690574016	7.58342650591566e-08	7.06601641994362e-06	0.319317380744478
AT2G19010.1	-11.2259598268967	2.03164979993991	2.30639983398919e-08	2.48009649945289e-06	0.521124931676526
AT2G19030.1	-9.12241460446415	-0.0116555561792826	0.000168986065683763	0.00625741593027054	0.81478441030809
AT2G19090.1	-4.22560323948273	3.29513215980149	7.83368343467309e-06	0.00046018054571646	0.311281258744316
AT2G19330.1	-4.91362813975168	2.65866990188175	1.63533338102011e-05	0.000845796202199882	0.411311840822847
AT2G19770.1	-10.6992695654278	4.67841642794392	2.96099402039754e-19	3.75710661268176e-16	0.245887734833791
AT2G19920.1	-6.67514336557462	2.36181145151544	4.63693265093345e-07	3.67728079771735e-05	0.450931459597338
AT2G20530.1	-2.34682101040639	5.60590644095372	0.00122535533080811	0.0330362499452618	0.222734559361746
AT2G20825.1	-5.95103225613797	0.489323087792479	0.000829061774429933	0.0236280170720749	0.793308338931579
AT2G20970.2	-9.85743348727958	0.692113206816139	2.07299928818379e-05	0.00101689163536088	0.731579183443401
AT2G21050.1.DE	-2.65945581733914	4.56186642732008	0.000829271024228762	0.0236280170720749	0.25900114497582
AT2G21260.1	-4.90727117233113	1.62104130905126	0.000324474746593146	0.0106846502628155	0.575863835375402
AT2G21490.1	-9.09619070849678	5.27457318755747	3.93010407328531e-16	1.66225935170754e-13	0.27320152657574
AT2G21720.1	-10.3027163251598	1.12477158849157	5.46379431314848e-06	0.0003290898644372	0.693979802743182
AT2G22030.1	-9.36229631961321	0.216120753241431	9.09991510268685e-05	0.00364628808735661	0.789666476784218
AT2G22540.1	3.85469346084155	6.62007341698951	2.17620795743226e-06	0.000146779549161369	0.24597908037727
AT2G22620.1	-3.65131235754194	2.06630188143433	0.00163294730742061	0.0420566794345553	0.479781718941081
AT2G23170.1	-3.53329851496024	4.40445680073886	2.43359751002547e-05	0.00116378546252047	0.26519555675871
AT2G24165.1	6.23856023262959	0.275151339028197	0.00070403289111872	0.0204577984987215	0.800647104366587
AT2G24370.1	-7.29754646276961	2.96409207891537	1.70419150603191e-09	2.26824314225911e-07	0.357633402758768
AT2G24490.1	-3.84147180880213	3.97022374122994	1.29343953808369e-05	0.000703372420809913	0.284029956824852
AT2G24600.3	3.09525017946755	4.32973125488769	6.18683699714529e-05	0.0026225850460282	0.23517906347623
AT2G24615.1	-8.61885213803337	-0.484109799555432	0.000446139198387932	0.013874783272741	0.834226919221113
AT2G24700.1	-7.01436345198055	3.04313093429567	2.40594289244856e-09	3.01265204420878e-07	0.350324739027326
AT2G25210.1	-3.12741007754503	5.7629544844453	5.66966353287782e-05	0.00242495968587109	0.238723438041699
AT2G25625.1	2.90909463990775	4.13390522989602	0.00024138608501348	0.00830795905255254	0.250988379718755
AT2G25735.1	10.7058276950299	1.51945620455877	1.22447336402e-06	8.79449114618594e-05	0.649598922851233
AT2G26010.1.Hnull	-5.27810641237536	5.07016774831655	0.000560803296141835	0.0169424906912183	0.723386959108252
AT2G26450.1	-6.55206767692475	4.30454702398031	2.25810830047583e-10	3.4660141357223e-08	0.29820941545156
AT2G27120.1	-7.94749398898662	1.936187011775	4.78828562229753e-07	3.78155353731074e-05	0.526910508549033
AT2G27650.1	-9.70778972148889	0.547790820543126	3.23004951062284e-05	0.00148496454917112	0.746336293152793
AT2G28315.1	-3.93654717768683	3.31522642174197	4.90740934020387e-05	0.00214226426541514	0.337908071590838
AT2G28620.1	-5.65207448419548	4.99651580196598	2.54563549327331e-10	3.87608642747767e-08	0.246389824854236
AT2G29550.1.DE	-3.44029099106806	7.23447474272794	8.86689670088127e-05	0.00356794175280916	0.295600399870013
AT2G29770.1	-8.85102804674411	-0.267857660813828	0.000294713814174143	0.00980644759646235	0.828493861889519
AT2G30240.1	-10.7973957907238	1.60936870996892	4.9130396831107e-07	3.83647105063209e-05	0.609553981137161
AT2G30630.2	-4.82403218894428	2.53269005238462	3.45073681263207e-05	0.00156749102040158	0.4326649306153
AT2G31210.1	-9.85799194747618	2.97412092124041	2.26980134551083e-11	4.15395471241419e-09	0.374381334993921
AT2G31432.1	-10.4361070337279	1.25530159847099	3.30901176885729e-06	0.000209237279058674	0.67725759280007
AT2G31470.1	-7.24110165813007	0.437843855738169	0.000196170000285639	0.00707690298527186	0.77865244708512
AT2G31770.1	-6.47375801710569	0.48142270530138	0.00040421901438499	0.012843907346894	0.777783068875509
AT2G31880.1.DE	3.45716399734958	7.03299541391041	3.78810906851153e-05	0.00170044999766462	0.270441564863589
AT2G32160.3	3.74544746197421	7.10814622516245	2.53806411067314e-05	0.00120379800860837	0.295202735409041
AT2G32290.1	3.13017148890203	5.27125490979958	6.80001599840603e-05	0.0028258669104293	0.24368305900617
AT2G32460.1	-8.04330684454552	3.72051601522106	1.51745032357336e-12	3.43828952482998e-10	0.297924972301444
AT2G32720.1	-2.64148932940028	5.84673714306776	0.000585429341780016	0.0174646969625377	0.243447710781641
AT2G32800.1	3.76923983149176	5.1747247874622	2.16475788936589e-06	0.000146625754122068	0.235532677746574
AT2G32870.1	8.00159963376733	6.22448932631454	4.67004995037812e-10	6.94414536762084e-08	0.40816154345523
AT2G33100.1.DE	-5.09923589755003	2.90335887843892	1.63321975251261e-05	0.000845796202199882	0.43887625902867
AT2G33160.1	-9.69622667571096	0.536842189758164	3.53067554332864e-05	0.00159691993473325	0.75349771676349
AT2G33190.1.DE	-8.97748296472433	-0.148640074395077	0.000229767916041839	0.00802480693238693	0.821595732286909
AT2G33240.1	-3.53872123716787	2.59215046160363	0.00089316674841757	0.0251474004772657	0.415200879599614
AT2G33270.1	-8.75591302162895	1.90650143717149	2.73947653231141e-07	2.29693642464683e-05	0.544890261982297
AT2G33560.2	-5.35161356270915	3.09241356554497	4.93845115013326e-07	3.83647105063209e-05	0.347006942041616
AT2G33670.1	-8.99495982428532	2.11755648039654	5.38359301703769e-08	5.17504676228678e-06	0.502629297409943
AT2G34190.1	-5.07581571788503	3.92860522737921	2.5178852581337e-08	2.69229832123925e-06	0.268430859958559
AT2G34370.1	-8.51036987735625	-0.584254433036311	0.000538066596189492	0.0163333676639148	0.836534580507526
AT2G35120.1	-2.97731965739311	5.24405288209248	0.000139580063898681	0.00530264941354009	0.244272972189704
AT2G35765.1	-6.18199999444196	2.85301078605777	1.01379751903812e-07	9.27673470185217e-06	0.375939188496073
AT2G36020.1	-7.78933761360363	4.69053730854492	6.44011017543186e-16	2.50152279528561e-13	0.227418337811611
AT2G36190.1	-9.71607762820659	5.14101660295616	1.0103102010128e-18	8.74056093448933e-16	0.243227881090744
AT2G37190.1	-2.92497862718379	6.89728167887771	0.000229786149222449	0.00802480693238693	0.254061086986377
AT2G37770.2	-4.30063631316815	3.51250233187475	2.18245218371603e-06	0.000146779549161369	0.286110447158674
AT2G38230.1	2.40246370707806	7.6268073306213	0.00198350988640384	0.0497393197205854	0.25366226702996
AT2G38400.2	-2.62094420523992	6.0081079936749	0.00059148649440448	0.0176140382185518	0.240584391314333
AT2G38470.1	4.32144823690245	5.88297652806503	1.91870691477731e-06	0.000131836637938471	0.290279502240378
AT2G38700.1	-2.34740687185574	5.95724578433634	0.00159606823721968	0.0412744113573398	0.233612487483201
AT2G38905.1	-5.63721041645995	1.64722630196824	0.000525407827041467	0.0160001394753284	0.736899779232245
AT2G39030.1.DE	4.09217307470588	2.73017370379529	0.000166181537002999	0.00621135745441978	0.409657405931098
AT2G39250.1	5.39227445584682	2.83663526924314	1.02713821495175e-06	7.51904678660638e-05	0.370962705633702
AT2G39400.1	5.54002774043808	4.24923499085499	3.45560650344992e-09	4.21606144744631e-07	0.271310704885025
AT2G39510.1	-9.62208326364783	5.2823469324407	2.00060538470882e-19	3.1510219907122e-16	0.233341016890548
AT2G40000.1.DE	2.71243299487721	6.69590796628898	0.000809644726377901	0.0232459916678161	0.26843808438635
AT2G40085.1	-5.67263684875908	0.904183193238599	0.000433962733186993	0.0135403486897509	0.697367266627605
AT2G40480.1	-2.60817736963223	4.23119880939927	0.000667848913141959	0.0194956569997407	0.241439694768595
AT2G40520.1	3.24905646736109	4.6783564796012	1.42930693781621e-05	0.000768474546538305	0.2190750526291
AT2G40550.1	-3.8530731218078	4.01146395263665	2.76665462115739e-05	0.00129698860602189	0.307707827254329
AT2G41470.1	-5.0714434382794	0.815128202486305	0.000913338180451722	0.0256310386616077	0.678387207048368
AT2G41990.1	-5.95141611193002	3.1669351624135	4.73494723813523e-08	4.62155132222707e-06	0.341035048100208
AT2G42005.1	-6.37820835817401	3.45240300345242	8.83473415316921e-10	1.23640805247992e-07	0.299227172232875
AT2G42350.1	5.84804215896726	0.394114867877836	0.000673058804534502	0.0195876578389987	0.744465778287262
AT2G42830.2	-9.34609748861651	3.31918089459208	1.63826129296975e-12	3.63351037836914e-10	0.332140792109591
AT2G42835.1	-11.1146796539887	1.92177603677035	6.05640287546822e-08	5.70651068954389e-06	0.547667312951837
AT2G42940.1	-6.41503612955827	1.62123906454121	3.19496860011325e-05	0.00147239315656067	0.606554271334554
AT2G42990.1	-9.21702372966175	5.82621707098428	1.68976513528671e-17	9.74584843027636e-15	0.256509741747926
AT2G43060.1	4.57277286049038	3.5754691923023	5.69436286130934e-07	4.38788697729962e-05	0.281587632240447
AT2G43220.1	-5.81131837714189	-0.144537008947178	0.00197677898230237	0.0497014985074781	0.847494392218451
AT2G43610.1	-6.53932688213705	3.17877112107459	4.18443565167771e-09	5.00895369549572e-07	0.333043417366367
AT2G44120.2	-2.48330598465333	7.22598473945616	0.00150547186763624	0.0393594039240666	0.255679579783509
AT2G44190.1	-4.81059497816122	2.14920166713472	6.66324157156251e-05	0.00277955136809746	0.462189798736346
AT2G44460.1	-8.00158441233017	1.98995117791706	1.35829904325734e-06	9.68258640086778e-05	0.581844292707456
AT2G45406.1	-8.46043117389636	-0.630707225249285	0.000578760105291673	0.0172928431460226	0.835835230278238
AT2G46770.1	-6.1261468374387	1.56884869292737	0.000186510299850849	0.00680047995605595	0.70627114871694
AT2G46950.1	-5.78168381437717	2.30510515191822	2.76030269992179e-05	0.00129698860602189	0.538470384812423
AT2G47050.1	-7.17944193729491	6.36503131460785	3.34881671750814e-14	1.02803271910214e-11	0.241993064709126
AT2G47240.1	-3.37302088381522	8.38493395810662	4.03369857327121e-05	0.00179797154438105	0.261635487729365
AT2G47460.1	-5.51176703175598	2.89000828692976	4.93184718993923e-07	3.83647105063209e-05	0.361394377334125
AT2G47750.1	-3.63451261071271	3.27995395484069	0.000485588524604228	0.0149308665408599	0.399176734821994
AT2G47880.1	2.67422334167036	5.22868390828473	0.000651875595574576	0.0190879203239552	0.252275460928997
AT3G02550.1	-4.10043483261257	3.65727707018529	1.59143239106385e-05	0.000834427898047337	0.320141592966093
AT3G02810.1	-7.56964706247085	4.19812743079704	4.64755985699037e-14	1.37382619164943e-11	0.248706722453188
AT3G02970.1	-6.98694751924101	2.65766862564968	4.41463270824246e-08	4.35355981015434e-06	0.407777251585326
AT3G03080.1	-6.68445958232479	1.89848975592515	3.62581746739424e-06	0.00022700718373985	0.521647947282352
AT3G03540.1	-10.3575161180511	3.47167238589522	5.45333143268003e-14	1.52428410820684e-11	0.314358348356612
AT3G04140.1	3.08372095593101	5.1503240063999	3.60087372954738e-05	0.00162022292421927	0.221253636999811
AT3G04290.1	-5.0443252804613	7.88170606094421	9.49872230866148e-07	7.00733262406023e-05	0.348429695276899
AT3G06260.1	-6.10824223543104	3.13834831641709	3.83461185875016e-08	3.86159616442284e-06	0.350625743474245
AT3G06545.1	-6.10944829850443	-0.620276566136332	0.00194260486127504	0.0490366025525834	0.835885202211118
AT3G08770.2.DE	-8.83290081053463	9.04548026088996	9.967229157933e-17	4.86426339904971e-14	0.267579482837835
AT3G08870.1	4.21771959966703	3.65479561521031	3.23447264679054e-06	0.000205892033064764	0.286906752376064
AT3G09450.1	2.58254522805146	4.20669131514852	0.000931210731848399	0.0259549427515554	0.249813810793635
AT3G09500.1	-2.5037238336902	7.50772935614642	0.00144836894229662	0.0383404813334236	0.257652623941051
AT3G09930.1	-8.65589966505328	1.80834597559281	5.30265532545186e-07	4.10266011420021e-05	0.563406346452495
AT3G09940.1	5.61308086158079	1.79154681662776	4.68727112414423e-05	0.00205559519137874	0.539171413673974
AT3G10130.1	2.47856366592461	5.38904433405151	0.00110206071603769	0.0301372436901515	0.240844976878637
AT3G10460.1	-11.6863182135955	2.48707038821525	6.49506122108719e-10	9.36518941067822e-08	0.45050923795306
AT3G10580.1	-6.3586713175435	0.396923225355111	0.000330759336334955	0.0108353570541535	0.73566012138044
AT3G11050.1	-3.80079040315408	2.77132592197349	0.00019689687671147	0.00707690298527186	0.373891647723197
AT3G11080.1	3.61050583455253	2.86822860627133	0.000848002714174718	0.024089605461026	0.427405035027242
AT3G11110.1	2.79151210787841	3.25577322806727	0.00174958049519863	0.0447577494154778	0.317380418492669
AT3G11165.1	-9.85607025848462	0.690998484370508	2.13276526827166e-05	0.00103638263295029	0.734057444060728
AT3G11280.1	2.57404769225706	4.90534988091838	0.000325580779520815	0.010690185223306	0.212592655223777
AT3G11520.1	-5.26713296324596	2.83217074281451	2.88955278687645e-05	0.00134138678518584	0.488895754493947
AT3G11660.1	2.90634504188805	6.71284399469855	0.00147924855557834	0.0388874830916058	0.334280569655115
AT3G12060.1	-5.45772727886233	0.463937519570803	0.00176577129940058	0.0449905289712065	0.826821028328083
AT3G12160.1	-6.37434901095976	1.28710925237659	8.49166273914525e-05	0.00343146108097986	0.661135102942517
AT3G12420.1	-6.5444424302296	-0.220088240420174	0.000917077566781635	0.0256310386616077	0.827895216358342
AT3G12430.1	-5.91064190243927	-0.0505285877838381	0.00158505806688566	0.041045456036782	0.837294699575654
AT3G12850.1	-9.22088726836778	0.0819681574924095	0.000139879675405921	0.00530344594024082	0.812121158401255
AT3G13229.1	-5.44852822949402	1.16167172077672	0.00033968026562806	0.011059438898294	0.651112462895103
AT3G13450.1.DE	-2.76829524627029	5.00865970859093	0.000192932978943092	0.0069944635966169	0.224795308887534
AT3G13900.1	-4.77850254071901	1.93083240638914	0.000209592900523489	0.0074564143470347	0.528364231973867
AT3G13950.1	5.04703549531154	2.93152741196296	8.70090943886824e-06	0.000501831543484786	0.405532042552601
AT3G14890.1	-3.88457778383891	4.42829260927907	5.39437722117427e-06	0.000325940259208286	0.266977454918274
AT3G14950.1	-5.66359504740053	1.16350011804928	0.000232467922201897	0.00805931140850401	0.649264561672779
AT3G15536.1	8.64264159883087	3.52576063668361	2.68310459032194e-13	6.73548974466708e-11	0.293581761769389
AT3G15720.1.DE	-5.23234160456663	1.54302185074274	0.000646949524518542	0.019031515147081	0.685652887610652
AT3G15870.1	-6.55580841411468	0.610155566163296	0.000292101063164566	0.00976888605405065	0.766814405563702
AT3G16040.1	-5.56048525099272	1.88555958669293	3.29823285807234e-05	0.0015090208170118	0.51572851221075
AT3G16220.1	2.47205557363288	5.09589586467462	0.000637579295201679	0.0188140259311218	0.219004566502076
AT3G16300.1	-10.0158365417477	0.846090040009915	1.48731405412282e-05	0.000794815665065269	0.728713957776448
AT3G16360.2	5.89032054038778	3.65930714100403	2.00470541145039e-09	2.57807824973887e-07	0.28238529111241
AT3G16380.1	-3.56066623112283	2.52760123575424	0.00127314241126742	0.0341291824135954	0.444526523614429
AT3G16580.1	-6.87957255740188	0.0619658679779718	0.000472585100799407	0.0145781397463778	0.803254868686502
AT3G16660.1.DE	8.41034784911066	4.42249396700537	2.26512059935129e-16	1.05151317969398e-13	0.237246406516453
AT3G16800.2	3.23190600598255	5.23431306197511	1.63151440939239e-05	0.000845796202199882	0.220317404772693
AT3G17010.1	-8.05639107213488	1.22349843185414	1.49082747033206e-05	0.000794815665065269	0.682182792933995
AT3G17060.1.DE	-7.05665686798975	4.03244727776506	1.51442238175489e-11	2.82588246979813e-09	0.284788375902479
AT3G17160.1	-3.26920176706929	5.6166782332772	2.23975918065282e-05	0.00108196285495851	0.232447212859293
AT3G17680.2	-5.92354750561258	3.79576725174821	7.67079046411955e-10	1.08146781410065e-07	0.27227068688023
AT3G17760.1	-8.31683261725428	4.94636139273329	4.27386360555212e-17	2.25956794456871e-14	0.228410824942519
AT3G18130.1	-2.74219768375684	5.91946200296426	0.000356515455522834	0.011500946889773	0.241415282450222
AT3G18220.1	-7.69227788757516	2.20147595244267	1.38304992775893e-07	1.23584926173877e-05	0.474821724410289
AT3G18362.1	-8.24573176355788	1.37924466664817	8.33050601965699e-06	0.00048487621122976	0.664118676710447
AT3G18720.1	-6.53776973670434	-0.258407871966312	0.000988248322262868	0.0272994634508406	0.830165711942263
AT3G18810.1	-6.57662981741524	2.45464277230737	2.00333694095264e-06	0.000136664917552515	0.502274488792228
AT3G18850.1	-4.21587279605775	6.51833468891337	6.03908728219778e-07	4.59767792968281e-05	0.255588750709315
AT3G19390.1	-8.35587443454949	5.24395352499972	2.9157635373839e-16	1.2612665319779e-13	0.245073963398513
AT3G20220.1	-8.43894885948931	2.93996684424292	2.24442373930336e-10	3.4660141357223e-08	0.37134749084483
AT3G20450.1	-5.11956520865642	3.18505360626655	3.6946324347753e-07	2.97965843775755e-05	0.321026928848388
AT3G20520.1	-9.42971456204982	3.92503612198768	2.86728317658635e-15	9.74517869642287e-13	0.276869243715802
AT3G20865.1	-7.80698263362865	5.89588706272149	1.5740525117687e-15	5.8743022463713e-13	0.242093787882239
AT3G21310.1	-4.53507205185178	2.7863886774528	2.82223533525312e-05	0.00131333997887219	0.388979262663546
AT3G21570.1	-6.81225802682714	2.49627999155601	1.42582200885098e-07	1.26221722299817e-05	0.426221161097813
AT3G21880.1	-6.78756510011641	1.33504617267405	4.23217271779051e-05	0.00187764436684631	0.658207406129794
AT3G21933.1	-9.01453513367957	-0.113525969993493	0.000217067347539983	0.00767926175785966	0.823906934078909
AT3G21960.2	-7.9905274123784	1.15965864844404	1.94415695491957e-05	0.00096362341986938	0.692415287206481
AT3G21980.1	-9.94934068488961	0.781512097749157	1.73970000499922e-05	0.00088533984479011	0.731080949431092
AT3G22000.1	-10.3011566079904	1.1236592574371	5.85392378253493e-06	0.000350370224380463	0.698341766969523
AT3G22060.1.DE	3.4127498508739	4.04423270191277	6.01894434681142e-05	0.00256283149335261	0.275368365622087
AT3G22230.1	-2.4810121876716	7.1098138912764	0.00177564895149938	0.0451817199116146	0.26295695907774
AT3G22235.1	4.32080908781465	7.83232518369452	1.20420912451658e-06	8.68170919201672e-05	0.280815185650654
AT3G23130.1	-9.92941678445158	0.761826257353364	1.68073375565434e-05	0.000862248128608329	0.725344054304522
AT3G23380.1	-5.60633340415926	0.185674856011881	0.0011212590403795	0.0306182543981967	0.758319209941097
AT3G23670.1	-5.642315014627	4.19950513862731	7.89357579509501e-09	9.10535927927535e-07	0.291800175116051
AT3G23860.1	-8.65847662386496	-0.44724353510252	0.000423715036646787	0.0133740767703123	0.836908580854928
AT3G24225.1	-8.99809987644351	-0.128868872727266	0.000230456114517883	0.00803346378684775	0.826877245258162
AT3G24340.1	-4.82070211574664	2.19663533034886	9.46689228200775e-05	0.00376165680174225	0.480853785528941
AT3G24360.1	-4.07341350110066	2.99950316828876	4.58928436808388e-05	0.00201727134821572	0.349815834894293
AT3G25010.1	4.93126856903511	5.47296554607455	1.22694935190171e-08	1.35770505899682e-06	0.249667868126486
AT3G25160.1	-6.89022769540352	0.906086505392072	7.56837817039053e-05	0.0030845597798082	0.688789441326292
AT3G25165.1	-7.07333504853389	2.52403444437568	7.92438424196841e-08	7.32159248919344e-06	0.426540578307986
AT3G25510.1	5.23213128186614	2.77757918874407	2.36947047632519e-06	0.000157136346954346	0.378782260521113
AT3G25717.1	3.65224788616171	4.5239773417821	2.49393014097641e-06	0.000164245579146034	0.225815599222676
AT3G25760.1.DE	2.80354788440018	5.19077825095586	0.000175764915898312	0.00645817305847986	0.226982937316291
AT3G26010.1	-8.80478497942724	-0.311653084385989	0.000332104369170016	0.0108607258735617	0.833509996794241
AT3G26050.1.DE	-5.09517226285583	2.74497091845424	1.82624233904163e-05	0.000921985953288579	0.440507171506554
AT3G26320.1	5.17129106723187	2.02862480891017	5.57257357084846e-05	0.00238880163905312	0.497402210919218
AT3G26830.1.DE	4.4194805957868	2.25452452327401	0.000201846869666128	0.00720778887496325	0.468837658059191
AT3G26940.1	-9.40411915612335	0.254863814804319	0.000101818599224603	0.0040039533038055	0.810572425133851
AT3G27060.1.DE	-3.40192364206744	5.72760940743494	5.30943161316745e-05	0.00229601886315276	0.272548325158284
AT3G27360.1	-4.23869240447126	4.54548564936809	3.94275476159919e-06	0.000244437952369763	0.298025358819776
AT3G27415.1	-9.95792552908645	0.788906815154094	1.81508083069046e-05	0.000918788123684351	0.736573450295886
AT3G27503.1	-10.3559757010361	1.17719901814647	4.71963521358555e-06	0.000287416179933277	0.69113226678244
AT3G27640.1	-4.45015533518657	1.7632091629406	0.00150965402207814	0.0394146021978233	0.643134108166381
AT3G27925.1	2.41130173042134	7.36135985022714	0.00185921295594674	0.0471589406423628	0.252229333491415
AT3G28315.1	-10.347323691155	1.16819751684706	4.89883188097912e-06	0.000296940978314253	0.692538398177067
AT3G28740.1	-4.61269837373147	0.998943235438009	0.00169714279843686	0.0435333138580171	0.669678517797172
AT3G28780.1	-10.8386915782031	7.66804458669681	8.76702836900385e-21	3.38561976616606e-17	0.265695647208629
AT3G28810.1	-6.92523419308036	4.08570324758408	3.56331200165629e-12	7.37179536168741e-10	0.263640661699652
AT3G28900.1	-2.78210615821951	5.85279701211215	0.000253562023281602	0.00869557835877248	0.235975579159909
AT3G28930.1	2.23760089298383	4.94801520130665	0.00185015009865035	0.0470145618526197	0.219692230556986
AT3G29034.1	5.30629959347438	1.33728833225915	0.000521399734672714	0.0159035274840157	0.670488588868172
AT3G29035.1	4.08844424674738	2.1766884442732	0.00081173197267273	0.0232676124034339	0.506160841388978
AT3G29156.1	-8.93106834250888	-0.1932655342427	0.00025975004908555	0.00885989728359369	0.827605494232858
AT3G42450.1	-7.13831023715392	1.12176419785721	6.27054056051265e-05	0.00263459599311782	0.710384265396808
AT3G42640.1	-3.88676308031234	6.66780056662783	2.24379871025392e-06	0.000150374017085433	0.249911604098603
AT3G42850.1	-7.24779963575048	4.54389948786431	4.92311350870431e-14	1.39853163300252e-11	0.240534931930518
AT3G44050.1	-4.83126908697568	4.13041575470855	2.5975835994383e-08	2.76200048313459e-06	0.25069070533878
AT3G44590.2	-2.43711701865219	4.65546358231562	0.000890283183476083	0.0251033478979264	0.224659058978427
AT3G44860.1.DE	4.38065084114217	6.27656311179291	1.23693863297173e-07	1.11050250006373e-05	0.242034844994341
AT3G45480.1	-8.93500232996384	-0.188371912573986	0.000263296697278228	0.00894879649874377	0.831994201736605
AT3G45810.1	-10.4242291159507	1.2435162101719	3.52295536647984e-06	0.000222027845994076	0.67978252048917
AT3G45860.1	8.84833953679237	7.64174177701889	5.52596035655293e-14	1.52428410820684e-11	0.323593991238051
AT3G46900.1.DE	4.19759678545875	3.2353663536264	2.78488846574995e-05	0.00130232880021176	0.350414419759594
AT3G47410.1	-8.65066592708323	-0.454702218756657	0.000432688472393988	0.0135403486897509	0.836600833009253
AT3G47460.1	-3.38147976533877	4.007779504693	0.000104387424249155	0.00407968346146645	0.289301853946303
AT3G47870.1	-12.2701458879015	3.06640084992175	2.15894621058531e-12	4.61699137371575e-10	0.371465380946343
AT3G48740.1	2.78603675707146	6.75635403916132	0.0003975354859377	0.012673857460389	0.252268284811013
AT3G48930.1	-2.5485431442179	7.72774694382188	0.0015504712342877	0.0403695198388479	0.269036397491074
AT3G50570.1	-5.82472311099059	3.42692956787561	1.02278191507361e-06	7.51606493806795e-05	0.418884209940185
AT3G50740.1.DE	6.64101221044912	6.17077254668411	3.44651713021249e-11	6.18844910748437e-09	0.284480341555769
AT3G50750.1	2.90048895576237	5.35469310876248	9.43050352374351e-05	0.00375503710392072	0.222661376102513
AT3G51300.1	-4.80461576922412	3.32516155185269	1.4373027468372e-06	0.000100945325389492	0.32499926132247
AT3G51490.2	-6.60764844026245	3.46330962338439	6.40719608462178e-10	9.30902008233636e-08	0.309661970884764
AT3G51690.1	-6.2617396590736	-0.513430901593466	0.00156577454757326	0.0406567352850775	0.833349866484554
AT3G52400.1	5.6376338386452	4.72042577271838	6.03131671712975e-10	8.83031162131773e-08	0.25493032953962
AT3G52780.1	-7.55112175807951	0.73408290314919	6.93870325431923e-05	0.00286473620476048	0.729361086476229
AT3G52980.1	-9.36044147089419	0.21475972515889	9.63849202839319e-05	0.00382186289117516	0.796065432612079
AT3G53280.1	4.46067122908765	4.73745911514334	2.21104433448571e-07	1.91285485537575e-05	0.257085857997814
AT3G53350.1	-2.31170100308838	4.31266212315697	0.00193334441247706	0.0488676549836333	0.234180889531655
AT3G53480.1	-4.8408670377146	1.88438206943673	0.00016713575680876	0.00622024051068837	0.51660032701696
AT3G53890.1	-2.49331002745409	7.13652403325117	0.00186078728641909	0.0471589406423628	0.267542319599254
AT3G54240.1	-7.82189228987412	1.7908185555553	2.72205891102584e-06	0.000176822345575273	0.593511583328711
AT3G54750.3	-3.57986564241136	4.05925693665309	2.81392870462534e-05	0.00131268394693956	0.274676779513568
AT3G54820.1.DE	-3.16466549741549	5.34471720457431	4.0869157601163e-05	0.00181743616033396	0.234516990170391
AT3G55090.1	-4.48548103039514	3.00025560727717	1.02158123293521e-05	0.00056522545367604	0.347985589804549
AT3G55110.1	-3.40797299557755	6.15524711856875	1.63164311114807e-05	0.000845796202199882	0.241767709480193
AT3G55190.1	-8.79593087122725	1.94592762567192	2.33921861543859e-07	1.99211288731439e-05	0.542332937711595
AT3G55240.1	3.84058097830418	6.20902087994217	1.88224523694288e-06	0.000129897374537954	0.241169025859383
AT3G55880.2	4.39823460295782	4.71761873907033	3.91813497675168e-07	3.13335558876113e-05	0.261980100060453
AT3G56220.1	-6.06008692539767	3.25310666659869	7.07531935774317e-07	5.34383148158435e-05	0.429430112152126
AT3G57370.1	-9.55795796612239	0.403617874463691	5.27553141624882e-05	0.00228722527210624	0.768434091487058
AT3G57690.1	-8.10506500086541	5.71045862966913	2.78951496372503e-16	1.23471716987392e-13	0.239304364291437
AT3G57920.1	-5.34240768569792	3.18614350434689	2.0324102646677e-07	1.76634084782741e-05	0.325966546872132
AT3G58280.1	-9.05053419221704	-0.0790825705683778	0.000221275195616419	0.00779913110771723	0.833424059310452
AT3G58650.1	-5.3558353203854	3.26712291041484	2.97523635619532e-07	2.47282417325177e-05	0.33911489477712
AT3G58990.1	3.79936612107128	5.60415858370386	2.77771952879593e-06	0.000179824271399908	0.244535150824297
AT3G59060.2	3.05747030570064	6.74661896673655	0.000175141681023309	0.00644772072517726	0.264201634417758
AT3G59830.1	-6.20670167348694	1.72773478176229	8.51723725822894e-05	0.00343450374440406	0.665702004341514
AT3G59890.1	-4.51721265075039	3.19109814770247	1.17134346580595e-05	0.000642483578809357	0.357500164980685
AT3G60570.1	-6.47834370422844	0.485118815908101	0.00039716964352748	0.012673857460389	0.775661110717355
AT3G60900.1	-5.92461186162944	3.31255608525016	3.36486940140003e-07	2.76049824641581e-05	0.394010961461295
AT3G61280.1	6.745992651011	5.99599602252368	1.93408619984262e-10	3.01733300341021e-08	0.313344955468046
AT3G61950.1	-3.57389772599309	3.55185641747279	0.000103057887400848	0.00403600981666736	0.316512790409955
AT3G62170.1	-9.21798159547254	7.89894299621696	4.92251198878821e-18	3.74760682730424e-15	0.258294038797398
AT3G62230.1	-7.16776467357164	5.42635082471953	2.13584575783802e-14	6.77525871815517e-12	0.234239713606492
AT3G62460.1	-2.97993593217441	3.62012026362293	0.000838921882532112	0.0238672648583463	0.312960981737233
AT3G62570.1	-4.33604568802999	3.09649248464163	2.47158874538013e-05	0.00117899119275238	0.362150171842077
AT4G00140.1	6.78770727717088	-0.0528161433377755	0.000773512540940298	0.0223064608965404	0.84631272501303
AT4G00700.1	5.07353118919086	4.13472620023352	2.45515307779129e-06	0.000162253224061117	0.372362338160471
AT4G00780.1	3.8042797354129	7.43888028063865	9.43901371480886e-06	0.00053468079772011	0.274486546700021
AT4G00870.1	-5.30401172103186	5.67579398459032	1.85635829337422e-09	2.42399363830783e-07	0.250565219483584
AT4G01010.1	3.59718172589462	3.53532398528521	0.000157320525356048	0.00590588078718276	0.336361623281358
AT4G01390.1	9.3314712944928	5.15068381967326	8.20923469096764e-18	5.30504677494062e-15	0.247772147832103
AT4G01410.1	-2.35634399552456	4.53158165623046	0.00136348475399504	0.036244700171491	0.227250407416245
AT4G01730.1	-6.07738783468067	3.46734398663343	3.04802208948294e-08	3.1358380772502e-06	0.347690204120718
AT4G02110.1	-4.42250661957006	3.08643004531425	1.3530868699428e-05	0.000729555308657828	0.351852701149649
AT4G02250.1	-8.30090053328563	4.7061124011077	9.24571863780143e-17	4.63088849561249e-14	0.230552471990771
AT4G02410.1.DE	3.92948885081277	5.500380719398	1.85499171539671e-05	0.000929106771556461	0.307359440005717
AT4G02700.1	-4.45935969100872	2.43747805347907	8.06891130713365e-05	0.0032745328125517	0.427093088732747
AT4G03220.1	-5.90168198509867	0.849170965319184	0.000263781716632319	0.00894930020082518	0.680637288409876
AT4G04077.1	-10.2944561372159	4.78703548762047	9.41711693458282e-19	8.53504698171023e-16	0.248989266997137
AT4G04460.1	-7.95158343268837	8.20067373576208	1.99450717015411e-15	7.16253867349871e-13	0.254939478011554
AT4G04500.1	5.79548892349481	3.07577077685144	3.62891665518437e-07	2.93931176786938e-05	0.377876723545286
AT4G05520.1	-3.35645356894765	3.88821315756998	5.49756250913667e-05	0.0023619663033047	0.265072533927406
AT4G05590.2	3.48599696978045	4.01940046641093	1.90215745342988e-05	0.000947742481966777	0.251682549484328
AT4G08630.1	-11.4252682782237	2.22865959939845	4.59666392217582e-09	5.46801902692327e-07	0.484680495799519
AT4G08850.1.DE	2.64138903764913	7.19315765671867	0.00133978674780788	0.0357646019228996	0.278972841526279
AT4G08910.1	-3.49359947883566	2.88917317966491	0.000706836340320189	0.0205079513190765	0.395722408074501
AT4G09960.3	-13.1482240724136	3.94033363493768	4.3846605437349e-16	1.81420095932405e-13	0.30615817448748
AT4G10120.1.DE	3.03992739007778	8.61860729760769	0.000211970990573224	0.00752694750667944	0.268519911454642
AT4G10640.1	-4.97964554738966	0.904274627073481	0.000948019019704007	0.0263410890540531	0.668768829176766
AT4G11320.1.DE	-6.15587252665843	6.83789630148358	7.35840918297907e-10	1.04516867148986e-07	0.296535600965708
AT4G11485.1	-9.0162755534138	2.99184329251694	4.31486981527695e-11	7.53439607285928e-09	0.363540576457579
AT4G11810.1	-4.65174942943451	2.404823427692	7.52882265800692e-05	0.00307502321137008	0.445220606608857
AT4G12300.1	2.75389363570078	4.82143757074043	0.00040037533476074	0.012743049743313	0.246166883048952
AT4G12960.2	-10.206013275784	5.09098512752923	3.77557006136869e-19	4.22708382223708e-16	0.246858199412664
AT4G13210.2	-5.6934302369572	3.37121393754785	5.93104001528205e-08	5.61619326422205e-06	0.327560308667977
AT4G13266.1	-8.96912812275095	-0.156586592958187	0.000231886241026545	0.0080553902886597	0.822788970586161
AT4G13770.1.DE	3.50339238285214	8.0536013468197	1.84407933663621e-05	0.000928528095613677	0.256468417251313
AT4G14090.1.DE	3.17072183197014	3.42683114517861	0.000736448136379662	0.0213021540725138	0.340218764349363
AT4G14200.1	-2.75368729009215	5.17242568809878	0.000168246557346461	0.0062421768537528	0.218742696951011
AT4G14365.1	2.98146588997246	4.83544391761524	5.49733067289726e-05	0.0023619663033047	0.218425018929779
AT4G14400.1.DE	5.96024167423853	9.68257163908484	3.89469572411066e-09	4.6916293491771e-07	0.310745928392238
AT4G14723.1	-9.32366081283862	0.178746525521835	0.0001025295592475	0.00402359814671685	0.796177386529252
AT4G14770.1	-3.64246244879767	4.05575260944164	3.92216073796746e-05	0.00175235881046325	0.292965387309408
AT4G14780.1	-7.63511726960643	3.8146130718955	1.67058180884369e-12	3.65473374341632e-10	0.284079784472431
AT4G15160.1	-6.76211098701895	3.31650589637611	1.5554009955148e-07	1.37055310868672e-05	0.441228060792172
AT4G15210.1.DE	-3.98341186093002	7.86644268566707	6.57445799353501e-06	0.000388607636617863	0.285673303584373
AT4G15890.1	-3.69299025003399	2.47392689178906	0.000566905047868512	0.0170996890270704	0.414641632628329
AT4G16260.1.DE	7.75404444338728	3.20007474710653	6.84608523934359e-10	9.79710829777643e-08	0.368800062361904
AT4G16270.1	-8.80230516181093	5.33898523980036	6.13944357827137e-18	4.32785294908293e-15	0.234158111609704
AT4G16500.1	-2.78151505464602	4.89455245276171	0.000292558453780742	0.00976888605405065	0.239844476532934
AT4G16620.1	-4.55974953148671	2.24735926279977	9.73520405843344e-05	0.003852185838756	0.44784688216868
AT4G17210.1	-5.97527936956646	1.20961116069256	0.000133215327699742	0.00509134002431564	0.645329399027871
AT4G17280.1	-5.37002999239175	2.35080273084155	0.00032576616558175	0.010690185223306	0.670307672499541
AT4G18190.1	-11.3066660770171	4.43204143145761	6.87508764624006e-19	6.88702858794143e-16	0.25335678560432
AT4G18640.1	-3.42642451950351	4.55743620911743	6.67396088488699e-05	0.00277955136809746	0.282262505419015
AT4G19170.1	4.81439621656899	9.32653388009802	3.68626905036523e-08	3.73195525721284e-06	0.259512758359472
AT4G19370.1.DE	4.10434669261719	2.69533450740896	0.000148049678863209	0.00559093162262592	0.406285975527516
AT4G19380.1	-4.85462231202009	2.78240096093636	2.08481049546987e-05	0.00101960555214336	0.421073790853468
AT4G19620.1	-10.966355299706	1.77580628038765	1.42020180646232e-07	1.26221722299817e-05	0.568645904646089
AT4G20160.1.DE	-6.94256265302253	1.88912273014532	8.60126034122048e-06	0.000497592061016564	0.594877635364282
AT4G20325.1	-3.6526615488309	2.92621036016497	0.000426216206157152	0.0134307500857435	0.392483098171021
AT4G20460.1	-4.33809980272209	4.44554091556441	8.69882640770408e-08	7.99829773033003e-06	0.230618522750537
AT4G20680.1	-9.63263020116497	0.475630211068187	4.45715815823606e-05	0.00196828517925074	0.764874271100188
AT4G21070.1	-4.04649951781594	2.57687333246172	0.00064068692013565	0.0188764615339657	0.485920147154848
AT4G21680.1	-5.87160549430812	1.14067742246839	0.000298659927935384	0.00992040908969312	0.70703218240546
AT4G21960.1.DE	2.90485926995286	11.2115446038009	0.000815288611985036	0.0233344182735507	0.302570764274409
AT4G22050.1	-9.05065278179306	-0.0792605554507755	0.000207962278435131	0.0074122585120896	0.82539878744388
AT4G22690.1.DE	4.2144081503365	7.2534697224146	4.63017116884247e-06	0.000283363497931121	0.302298532825003
AT4G22960.1	-5.18883566259371	3.79405429476816	2.35854706105395e-07	1.99512116502399e-05	0.32090172712014
AT4G23140.2	6.69096291529683	5.75848137377158	7.04550947612362e-12	1.38244517380475e-09	0.266800121292028
AT4G23310.1	7.59868845360444	3.9143932892128	9.52773583531283e-12	1.83173127427787e-09	0.305583602279134
AT4G23560.1	-9.72033038076359	3.67703161728191	4.89142012284606e-14	1.39853163300252e-11	0.306828435605937
AT4G23810.1.DE	2.77024656750887	3.8924230380371	0.000721099794287297	0.0208899427468343	0.270245601846714
AT4G23900.1	-2.79359054849961	4.67743234501665	0.000149187810139899	0.00562275562454001	0.220377345178365
AT4G24890.1	-8.07743090364998	2.08446678658768	2.83119342833282e-07	2.36342563690608e-05	0.521322847213672
AT4G25040.1	-13.4745950727821	4.26570696280629	2.31778005936903e-19	3.1510219907122e-16	0.254691585953991
AT4G25240.1	-5.49540086775422	2.73129697738639	1.39721904987898e-06	9.91724029113047e-05	0.387703607575788
AT4G25590.1	-9.39976152313992	3.38751553160679	1.11242258905229e-12	2.58204135822344e-10	0.330666103256949
AT4G25940.1	3.18061462117045	4.87836848194711	3.41659021200197e-05	0.00155569285897209	0.231491193204217
AT4G26255.1	-5.52680132200933	3.57054769586495	1.41380447150851e-06	9.96627426156352e-05	0.399603708683114
AT4G26260.2	-6.66683052133445	4.60363437583062	2.68952461826669e-13	6.73548974466708e-11	0.229310519154721
AT4G26760.1.DE	-3.69682592681372	5.41793435759426	2.04699080459713e-06	0.00013914419994249	0.227709001988007
AT4G26830.1	-4.58489432068034	2.62244218774829	3.17655308103344e-05	0.00146745958231334	0.40002928699601
AT4G27330.1	-9.42708301723076	2.54575239919534	1.91993101094914e-09	2.48585353274796e-07	0.439194447179721
AT4G27570.1	-7.40890438544752	4.38158589071758	1.38020025849615e-12	3.16498211083822e-10	0.276803620740365
AT4G27980.1	-7.75022980337601	2.66419042668683	8.98307475668072e-09	1.01770751097562e-06	0.413612584205105
AT4G28088.1	-9.65745299409302	0.499701438390851	4.38552924071144e-05	0.00194115762880141	0.767079648069727
AT4G29050.1	4.29638492679782	3.43382285710186	6.38784545034214e-06	0.000378753465596143	0.313530042634947
AT4G29150.1	-6.36018923042536	2.02036960625372	8.7663673376672e-06	0.000504079364162598	0.535962314162653
AT4G29305.1	-11.2776946707107	2.08300739979939	2.64671852624578e-08	2.79861076166866e-06	0.531368912116779
AT4G29700.1.DE	-4.78372498654348	5.74970411215894	1.0358176882476e-07	9.43287945474475e-06	0.273231447627792
AT4G30130.1	-4.04953627846612	4.53026747477309	1.55377144224679e-06	0.000108724014192217	0.256222364078335
AT4G30860.1	-5.18853356108483	3.16163939764942	2.5247341059468e-05	0.00120133160596214	0.472836344240714
AT4G31370.1	-3.82495838555516	2.75262381447062	0.000787175660045952	0.0226661336424427	0.462375031073343
AT4G31610.1	-8.14458175598412	3.34911620798257	9.08438907816891e-12	1.76431813596723e-09	0.317870222510888
AT4G31700.1	-2.93586985190018	8.15340431142348	0.000335712546864252	0.0109598917743865	0.269544246775977
AT4G32280.1.DE	5.97495129408524	3.39642061295818	3.97659550784563e-08	3.96264619376052e-06	0.342659999569525
AT4G32460.1	-4.77758051167088	6.74432051754245	5.98164351404973e-07	4.57223377521721e-05	0.309615605190705
AT4G32510.1	-7.85932993448703	4.17328372472342	1.33957224036774e-13	3.54112200707212e-11	0.27065298753374
AT4G33010.1.DE	2.75268340290734	11.6534571354345	0.000820342379208504	0.023443808563777	0.276246896707157
AT4G33150.1	-3.5922727978075	6.65529575309853	1.54860191497985e-05	0.000816790222069794	0.262359427522108
AT4G33230.1	-6.99204198818945	2.21279607682019	4.91629506472458e-07	3.83647105063209e-05	0.473933557172673
AT4G33270.1	-6.35162203080061	4.9866713024705	1.64179000966608e-12	3.63351037836914e-10	0.233256220409071
AT4G34950.1.DE	3.6396848578043	5.71452690014151	1.78016540861152e-05	0.000903517019256082	0.27102204930148
AT4G35070.1	-2.64477050734585	3.69979295309157	0.0012271674607974	0.0330363200584963	0.272041962818053
AT4G35090.1.DE	2.8230842202091	10.5015291531955	0.000503103081590457	0.0153947925271884	0.26744152721966
AT4G35620.1	-6.01865107042423	3.05983968679654	1.2287526914307e-05	0.00067011031449858	0.54246931587387
AT4G35670.1	-9.28313524849089	2.40283393845289	9.30450814051649e-09	1.04788581916243e-06	0.471372189748797
AT4G35700.1	-11.3197048335102	2.12430196330852	1.03376900669515e-08	1.15739561790758e-06	0.501607469925993
AT4G36070.2	-8.46936468268151	-0.622233451416787	0.000577435772735177	0.0172804010416173	0.835485193792236
AT4G36180.1	-4.80710061973334	5.38478505028777	2.8814974142001e-08	2.9806271893734e-06	0.25271147748276
AT4G36880.1	-7.09742670051752	3.41244093405718	1.27811705663873e-10	2.06155948635635e-08	0.310502876457897
AT4G38390.1	-10.7239154417683	1.53716022094224	1.05561406455314e-06	7.69789367457471e-05	0.642999395771151
AT4G38660.1.DE	-4.73428638082877	5.56546523013499	1.10985559447144e-06	8.03189411770909e-05	0.319192531175503
AT4G39010.1	-3.93314032178218	4.12582962924167	9.88668189736142e-06	0.000551961598459991	0.287204023108024
AT4G39630.1	-4.59065896409966	2.15536335155059	0.000198505928012048	0.007115185174865	0.49166469803401
AT5G02550.1	-3.19433808948149	3.35471958105549	0.000420534097520174	0.0132957233855506	0.315965445195695
AT5G02760.1	4.94704585220806	4.35173424587866	1.8836586650804e-06	0.000129897374537954	0.353402071956418
AT5G03490.1	2.46580697063121	4.11965084145893	0.00163911414991451	0.0421584589396255	0.254061440821021
AT5G04140.2	2.91545108754845	10.8414876226997	0.00051214220055057	0.0156462319471573	0.28331730360458
AT5G04500.1	-8.24095536498035	2.22504830929611	5.74031389215024e-08	5.46276971546478e-06	0.476888204931286
AT5G07230.1	-14.3353665706784	5.1247091747336	1.87985108461407e-22	3.57792056934597e-18	0.239963142481784
AT5G07280.1	-5.03924783797136	5.02525673778548	1.41819954858746e-09	1.9419130941198e-07	0.227690010193755
AT5G07410.1	-9.15292984436167	8.18279935538933	3.0965815239612e-17	1.6839210327301e-14	0.269729207671405
AT5G07475.1	-8.30035677274095	2.2641706901818	7.61064133919216e-08	7.06601641994362e-06	0.490467044557408
AT5G07510.1	-11.3270476077713	6.22205034764214	7.87958877309912e-18	5.30504677494062e-15	0.312282134090545
AT5G07540.1	-10.4772635444164	6.63915048164891	5.18683447494151e-17	2.66813569085302e-14	0.311538985698512
AT5G09430.1	-6.32206912336153	1.2531622155787	6.97246895089252e-05	0.00286624193395977	0.639694892681194
AT5G09550.1	-11.9373620836251	5.06095346452082	1.65182954118235e-21	1.57196358286618e-17	0.237475363863859
AT5G09970.1	-4.69892373093292	2.21250841197055	0.000135562538277635	0.00516032358207644	0.486669194994092
AT5G10030.1	2.64494879744759	3.83468282948592	0.00115452929844165	0.0313022167197151	0.269429054069456
AT5G10080.1	-4.07805621654603	2.74456149228821	9.38815614848572e-05	0.00374601207492932	0.379578540762243
AT5G10090.1	-6.16081789327173	1.13293532849658	0.000318991275771293	0.010540557207908	0.757947733086577
AT5G10160.1	-2.92258681341432	4.92414570994372	6.9665056737726e-05	0.00286624193395977	0.217335026828729
AT5G10180.1.DE	2.60233419478924	6.40388233184789	0.000914484190378727	0.0256310386616077	0.254708827340604
AT5G10200.1.DE	-2.42582048608153	4.55501105994847	0.00100683845985123	0.0276524623468231	0.227534463464399
AT5G10260.1	-3.81537752060476	2.5748356885044	0.000809756342970739	0.0232459916678161	0.460243332903928
AT5G10500.1	-8.81163734842151	1.93630845441914	2.22237885771158e-07	1.91396094112328e-05	0.539042445389918
AT5G10760.1	6.0865310405032	7.75899288729096	2.47813936433858e-09	3.08277297525857e-07	0.311510156315111
AT5G12000.1	-7.00302066581653	4.3386435184674	3.35403354614314e-13	8.29056110178473e-11	0.244530678918177
AT5G13130.1	-9.49237376494115	0.340466626342359	6.24566943386546e-05	0.00262995191006109	0.772912561792322
AT5G13220.1	-4.31621737932982	4.02267412201257	7.50945971120729e-06	0.000442500144530676	0.323833802509083
AT5G13380.1	-10.5490582878774	5.73335265635225	8.87725103911765e-20	2.41372455753609e-16	0.25427645998157
AT5G14200.1	4.09041732005022	6.66445336270791	9.9117693709334e-06	0.000551961598459991	0.30899836790714
AT5G14990.1	-8.99404458538226	-0.132881289361551	0.000225848942386876	0.0079163589695201	0.824249061911457
AT5G15110.1	-9.34370272229974	5.17973732890217	3.32557589528014e-19	3.95598037592918e-16	0.22835592520617
AT5G15480.1	-5.98639675012707	0.0464892943753075	0.000941904765197114	0.0262094640292349	0.784976326126038
AT5G15600.1	-3.4261294160698	3.28064299719478	0.00118995442738136	0.0322167889279509	0.418736250078638
AT5G15720.1	-6.16651234347062	2.60862961824597	3.62916127488733e-07	2.93931176786938e-05	0.405643684028447
AT5G16100.1	-7.31140322284034	1.31385547636973	1.89580542409094e-05	0.000947056814612147	0.64748084960049
AT5G16190.1	-3.11375226493101	3.57547143185754	0.00104210672020814	0.028538729792405	0.349132927481446
AT5G16500.1	-7.30844491054559	3.95613067846902	9.14105058696399e-13	2.14792118298377e-10	0.264927281240498
AT5G17090.1	-9.38715567778916	2.52771219430868	2.39600250932954e-09	3.01265204420878e-07	0.443515960650896
AT5G17340.1.DE	-12.7787856336283	3.57232886048829	1.47588705490601e-15	5.61811166320521e-13	0.301222092146841
AT5G17480.1	-12.4111871320575	3.20660058092149	6.59075288857204e-13	1.58787088263534e-10	0.360766440663089
AT5G17590.1	-7.8419664500762	1.8327241360563	7.84967395002652e-07	5.88200174373444e-05	0.536810418115186
AT5G18470.1.DE	2.68505400440558	3.35375609458211	0.00195997598146461	0.049344210125947	0.303472861486183
AT5G19240.1	3.55033311435197	6.14896948070121	9.68701265772794e-06	0.000547100628826516	0.245392985744823
AT5G20230.1.DE	-2.50927021748967	5.56903286249851	0.00125495563510691	0.0336890981706486	0.25180630519479
AT5G20250.4	-4.12251712368252	5.11100161633959	1.09752459859526e-05	0.000603733690319758	0.31438149479465
AT5G20630.1	-3.50896194242938	6.85256859854909	0.00146284461669241	0.0385208327819344	0.455647141972705
AT5G20710.1	-8.45485600837217	6.20391920028775	2.33368858504899e-16	1.0575498771247e-13	0.252951455968893
AT5G20810.2	-4.88769204197444	3.32813108558813	2.65711536453684e-06	0.000173194783332979	0.352088969845632
AT5G21080.1	-12.3444836865107	3.14023689928578	6.0817811340521e-13	1.48403256826171e-10	0.355445452949728
AT5G21150.1	-10.9625773810547	5.47646261990654	1.27665746235589e-19	2.69984683122441e-16	0.260807843831
AT5G22380.1	4.43441855081899	1.28652390928189	0.0017553977590471	0.0448462893260985	0.649647053649963
AT5G22880.1	-4.57210746651926	7.25968889362364	1.75999658204638e-06	0.000122255529000324	0.315740547977764
AT5G23010.1.DE	5.47743397779138	7.35681725039348	1.36072615416196e-09	1.87671745595396e-07	0.259737344721675
AT5G23270.1	-5.42428462553608	3.07480448781633	4.05293244841767e-07	3.22759260630684e-05	0.349226936765706
AT5G23940.1	-8.48581391184182	8.46443401706614	1.66298869321875e-15	6.08685842269854e-13	0.275817111951147
AT5G24160.1	3.54118251869308	3.46980186255066	0.000185703245748406	0.00679136945115166	0.334340672877942
AT5G24210.1	5.91257456238426	6.43974298623099	4.6537843537118e-11	7.97977275713483e-09	0.245855172542948
AT5G24280.1	-3.17678591866545	4.37422681924286	0.000195594774720575	0.00707690298527186	0.283414070598913
AT5G24780.1	-9.75579633657409	11.0020930197581	1.66609853343974e-18	1.37873275595472e-15	0.272818402221395
AT5G25250.1	4.16205014080967	4.27249949625519	3.88089490882055e-07	3.11666973837897e-05	0.239229882555423
AT5G25320.1	-11.5743549531698	2.37611602857272	1.81659857361246e-09	2.40106393413652e-07	0.469720619812677
AT5G25550.1	-11.5677547276984	2.36958487976546	1.85941822725237e-09	2.42399363830783e-07	0.469911504773863
AT5G25830.1	-3.17406993583233	3.03771351650221	0.000669115257519708	0.0195027116330361	0.334622399318922
AT5G27220.1	-3.11166935902873	3.67378161116921	0.000432185803458049	0.0135403486897509	0.304170123310126
AT5G27350.1	2.76935567288174	5.28098786501328	0.000277111884543029	0.00930206437126536	0.23627250040858
AT5G28237.1	-4.438333204752	3.25948195301825	7.91858067892798e-06	0.00046373644942165	0.335416878605643
AT5G28470.1	-10.570283002009	3.69946039934306	6.83873385277912e-15	2.28353721789377e-12	0.30217136796312
AT5G28640.1	-7.03593753274441	5.35247991954163	2.49997589826231e-14	7.80033463469287e-12	0.230647955039768
AT5G28680.1	-6.75083986314174	3.06383322934519	2.21854226631792e-08	2.39917698606983e-06	0.382464804639428
AT5G28690.1	-6.27424154483532	2.92441909619421	4.50631233918193e-08	4.42106405936338e-06	0.362310035755746
AT5G29560.1	-7.58641030511196	0.737815015346319	6.89443261845068e-05	0.00285264643536895	0.72981984065983
AT5G35670.1	-2.83365680088863	4.57352705062143	0.000119170987573487	0.00460077364398818	0.219504133711709
AT5G35970.1	2.86929843367568	8.32977707901351	0.00046121066097475	0.014296779332789	0.271377676459372
AT5G36260.1	-6.9215884390691	3.21021995262315	1.50847218748271e-09	2.05076793888274e-07	0.337440575993867
AT5G37300.1	-2.88005488895019	5.82217226974176	0.000140702265729592	0.00532402827759705	0.23179266059471
AT5G37470.1	-9.55096309232041	0.396890636675316	5.31994072742272e-05	0.00229601886315276	0.7679036056048
AT5G37630.1	-3.47046493150753	3.83869293524083	3.08464986049951e-05	0.00142847057895103	0.262868929099867
AT5G38240.1	3.64777155180832	2.93102646659902	0.000383857724125596	0.0123203441202065	0.384316845635574
AT5G38250.1	8.84765612015227	2.00399112273351	3.22284296719926e-07	2.65542728115599e-05	0.56269960075779
AT5G38390.1	-8.90460429909873	-0.217057993914399	0.00027921589377941	0.00935619032799915	0.832042250848246
AT5G39030.1	3.98100680778763	4.66257171012089	3.79842556511282e-06	0.000236259587518929	0.268880110469346
AT5G39220.1	-7.19887184612685	3.90750366449197	1.68277677522594e-10	2.66902419690628e-08	0.324417689174627
AT5G39670.1.DE	4.27791414099263	3.02996968417819	1.64980969628058e-05	0.000850970947135725	0.3384848720992
AT5G40040.1	-11.4891643176474	2.29187975986991	3.00781564131131e-09	3.69340355490826e-07	0.477240205698665
AT5G40390.1	2.57168830455236	4.72758260491547	0.0004187352991094	0.0132829815799154	0.219891673538268
AT5G40460.1	-4.55889814077262	1.35728775751859	0.00132006732582884	0.0352876986130622	0.634092225359791
AT5G41060.1	-3.11090939999091	4.34313543060721	8.23738264344224e-05	0.00333578944367311	0.245906642666802
AT5G41080.1	-6.06249226556265	3.53052534518798	1.58817538073861e-09	2.14381149089347e-07	0.28942288940754
AT5G41130.2	-3.29180850098309	4.88029288938421	1.54517874588887e-05	0.000816790222069794	0.225581028849459
AT5G41310.1	-6.77823669292232	-0.00201223401881493	0.000553543307662014	0.0167497452698428	0.810862115105774
AT5G41780.1	-5.22620975713106	2.39858408263387	1.34235233245144e-05	0.000725823634759896	0.43879084822579
AT5G42330.1	-4.62455879408043	1.83821273937303	0.000263086050067613	0.00894879649874377	0.515142284574486
AT5G42340.1	-9.16223271522644	2.28314049131533	1.58501244956521e-08	1.72385954014713e-06	0.477093663227315
AT5G43110.1	-9.86392992008293	0.698668482649129	2.13451369787481e-05	0.00103638263295029	0.735142418126386
AT5G43185.1	-7.11870024893404	0.320317392648183	0.000240631068989434	0.00829858723027973	0.778602077112528
AT5G44540.1	-9.75683998492434	5.75335078922939	8.21928947159733e-19	7.8218868256456e-16	0.250525475695244
AT5G44568.1.DE	4.73146177497745	2.75423412085695	2.0892458642143e-05	0.00101960555214336	0.401294284421474
AT5G44630.1.DE	-10.2272828694682	5.67706792249721	1.55707673694506e-19	2.96358415342754e-16	0.250528495167644
AT5G44870.1	2.72528437656349	5.47414046884362	0.000592286263850845	0.0176140382185518	0.256914883495151
AT5G45700.1	-5.98636218424699	3.23467343260741	1.51090629592742e-05	0.000803270377943761	0.550428011197228
AT5G45775.2	-2.56818561156835	7.11448206336688	0.00113220033682429	0.0308175633598938	0.258090685647899
AT5G46700.1	-3.74581585648429	4.76638851595952	1.5668502799931e-05	0.000823808325389741	0.279513805528231
AT5G46795.1	-11.3426472210117	2.14710632154873	1.20239655300706e-08	1.33831658440839e-06	0.508894932563861
AT5G46910.1	-2.72305962489871	4.07437095867483	0.000651186229908486	0.0190879203239552	0.258529886978299
AT5G46960.1	-7.69328482833971	0.871388498252884	4.58813413023135e-05	0.00201727134821572	0.716505518990147
AT5G46970.1.DE	-10.2634772500632	1.08719057976644	8.46031049760232e-06	0.000490930151527027	0.72071230108345
AT5G47150.1	-7.98728538399603	1.15648724675501	1.93779338716136e-05	0.000962977063651232	0.692161291097453
AT5G47220.1.DE	3.76521921335989	4.33846128541233	1.64555485090593e-06	0.000114724708708032	0.228975716944449
AT5G47530.1	-7.00531585313994	2.43163805937353	1.40163801729317e-06	9.91724029113047e-05	0.52036959062197
AT5G47600.1	-8.73631904168248	3.63861659527101	1.64946539884707e-13	4.30058560770633e-11	0.294109205116564
AT5G49150.1	-6.05767538360588	1.92778430459197	1.04300123548074e-05	0.000575404130866811	0.512397715423845
AT5G49160.1	-2.70568113748815	4.91864975364221	0.000484830561376364	0.0149308665408599	0.245561230630671
AT5G49260.1	-9.13193735723483	-0.00287437109892466	0.000158783764765653	0.00594907754878872	0.809272179795464
AT5G49340.1	-8.65840361689208	-0.446846854984957	0.000447481399418519	0.0138938229610647	0.84151494804446
AT5G49460.1	-2.91104091370356	6.94414795806084	0.000255801729513726	0.00875660848531428	0.255702429590138
AT5G50060.1	-8.8045097554652	-0.310750094804281	0.000341626539163406	0.0110958667575036	0.83745307316587
AT5G50080.1	-9.78087637900258	0.617696772890979	2.64840706543589e-05	0.0012507973120705	0.740640861515493
AT5G50810.1	-2.41888824266021	4.57173220127448	0.00122542912107155	0.0330362499452618	0.23393436121881
AT5G51380.1	-3.89611901670768	2.61583679727958	0.000231931586097069	0.0080553902886597	0.398505113304478
AT5G51590.1	-3.20242440716579	3.59299270674403	0.000185903613936322	0.00679136945115166	0.283786813874953
AT5G51600.1	-5.58993733399643	4.38898887447189	1.31979439642901e-10	2.11089468464147e-08	0.232824465717804
AT5G52400.1	-7.58726236592753	0.768887202323371	6.2045432297857e-05	0.00262424602872247	0.725230566932826
AT5G52760.1	3.90866530217519	2.78182567239823	0.000167328489543028	0.00622024051068837	0.38249233491294
AT5G53190.1	-9.31624869486651	4.51291230718692	5.267011627717e-18	3.85565508885914e-15	0.235938850978645
AT5G54010.1	-9.71937291967759	3.69020721218147	7.13806138316676e-15	2.34239176389333e-12	0.286471751646698
AT5G55460.1	3.37632601071707	3.5529460311309	0.00013056080335953	0.00501000760149583	0.295548349646697
AT5G55730.1	-3.43927419911086	5.91367318178308	7.01649845646821e-05	0.0028719358090744	0.286705813764034
AT5G56120.1	-6.01286765134347	4.55400748008496	8.68074177848632e-09	9.89344660298982e-07	0.323660019299022
AT5G57200.1	-7.38975334328047	1.36669385457944	2.54256711743059e-05	0.00120379800860837	0.677356437744709
AT5G57345.1	2.43532822520299	6.83945890222856	0.00149879073931733	0.0392386301807795	0.246781242145145
AT5G57810.1	-8.36954723618156	3.25110438096336	2.47046441953064e-11	4.47812850446922e-09	0.33863879632515
AT5G58170.1	-7.06302845107575	3.41398160592634	2.60013420560678e-06	0.00017006307331723	0.572072889830736
AT5G58670.1	2.99225691118842	4.12618883739634	0.000269062802872864	0.00911222833999861	0.266810250340181
AT5G58770.1.DE	3.17721397909236	5.37080288188256	3.25051076392963e-05	0.00149077039445476	0.230043608378298
AT5G59080.1	3.55638410517279	3.85235119110415	2.41450649930955e-05	0.00116048742932724	0.265887870266024
AT5G59540.1	6.19540177707209	5.7715950937531	2.26513296041187e-12	4.79025284839101e-10	0.229702301499808
AT5G59570.1	-6.2446126520551	2.6994692476313	2.43328070135384e-07	2.04923148623308e-05	0.40296428850055
AT5G59845.1	-7.28704088142438	4.55010896231619	5.93888089816638e-14	1.61478171621144e-11	0.2424470616997
AT5G60080.1	-10.1209425508706	0.948071938257116	1.0064747081988e-05	0.000558490761549495	0.712832570326074
AT5G60210.1	-2.4463659606203	5.99609807983119	0.00115414402740746	0.0313022167197151	0.237475771765466
AT5G60250.1	-4.28901527206972	2.26370384269078	0.00024067777812822	0.00829858723027973	0.459368874053893
AT5G60260.1	-8.45743284772756	-0.633355408284679	0.000595023859041964	0.0176678457240962	0.836034589400156
AT5G60615.1	-7.9103642066548	2.82205552751811	2.32079928951313e-09	2.96454851525527e-07	0.393935251418909
AT5G60660.1	-4.01191857786546	3.42989232221838	3.36522358599007e-05	0.00153597842954794	0.333977754263236
AT5G60760.1	-3.37000471928689	3.74795464276558	0.000350006759249502	0.0113101505072933	0.336617417242441
AT5G61160.1.DE	7.40155615695676	0.602345751136468	0.00013520148157727	0.00515689338448935	0.770569203503418
AT5G61260.1	-4.26629092169204	1.97424698663746	0.000433336554499581	0.0135403486897509	0.492601693118523
AT5G61270.1	3.88136733733476	4.25209924309166	2.31588032651111e-06	0.000154119406484217	0.247354629823693
AT5G61420.2	2.49332903487139	6.16516046060806	0.00100292264792291	0.0276246407495177	0.239884491550165
AT5G61605.1	-8.30048172538673	3.76831863420315	7.99409688601236e-13	1.90189557539341e-10	0.300955195432171
AT5G61720.1	-9.1010886655309	7.13166162316726	1.45343350230642e-17	8.64474995293691e-15	0.258916744623838
AT5G61850.1	-9.89033955045028	0.723667976180656	1.99433891926147e-05	0.000985928235011207	0.73322055365041
AT5G62080.1	-10.1307508609609	5.78192053384197	2.23294752789802e-19	3.1510219907122e-16	0.251671461085272
AT5G62850.1	-3.98185855694783	3.9416285388719	8.2649028023846e-06	0.000482533420361307	0.286961939247263
AT5G63090.2	-7.98820930899279	1.15690029235066	1.99951819846753e-05	0.000985928235011207	0.694597236269127
AT5G63800.1	2.97499530526285	6.55284611371401	0.000648150513984213	0.0190374208837369	0.30351485036261
AT5G63920.1	-4.33871632091333	3.26703543035544	9.20688381429614e-06	0.00052465454981287	0.327694808237664
AT5G64310.1	-3.86123657620685	4.84696376353048	7.20084281274389e-07	5.41713997055156e-05	0.22411861475605
AT5G64690.1	-4.64398048187618	1.990701072174	0.00017124292641284	0.00631640817522399	0.491482010813854
AT5G64770.1.DE	5.16647056287797	5.91523429316147	1.14505193736721e-09	1.59078638860658e-07	0.235426684089904
AT5G65205.1	-3.54787686613323	4.74526353964587	2.86230933823221e-06	0.000184048424441128	0.218120675789514
AT5G65210.2	2.63031598618016	3.7183793075012	0.00148915743025762	0.0390865497196723	0.278560529903707
AT5G65350.1.DE	-4.22246337478673	1.70727191271721	0.000999466487773325	0.0275693415388256	0.547179606648121
AT5G65510.1	-5.90160539204469	0.464529914481226	0.000576221721021458	0.0172712252223644	0.740579071516367
AT5G66170.2.DE	-2.92622785322734	3.95323823515293	0.000343147967231158	0.011126295162369	0.266174272181738
AT5G66690.1	-4.78151367137475	2.15442400316674	0.000225577522630822	0.0079163589695201	0.529647346471106
AT5G66740.1	-3.43349278335838	3.01128973048053	0.0015575741357736	0.0404990553636325	0.438569115794428
AT5G67200.1	-2.61885458709082	4.48230051302259	0.000618606310358717	0.0183109391991562	0.240289608345648
AT5G67260.1.DE	-2.70554060170315	5.96006991598823	0.00041980160235381	0.0132946487480866	0.241513038153656
AT5G67265.1	-7.31284959619944	0.474737314431031	0.000166436836113807	0.00621135745441978	0.769050062365204
AT5G67510.1	-2.48891977559555	5.69107599677748	0.000954660431498691	0.0264869562576014	0.237029928240657
