baseMean	baseMeanA	baseMeanB	foldChange	log2FoldChange	pvalue	padj	dispersion
AT1G02813.1	1134.74987623683	2267.59240525132	1.9073472223407	0.000841133185101361	-10.2153781245241	3.07049840958879e-11	1.04677128905894e-07	0.370692687225065
AT1G04090.1	184.15524552249	357.400531996688	10.9099590482924	0.030525861244083	-5.03382419038385	5.78544000165675e-05	0.00788931525825923	0.0276318147780341
AT1G06350.1	2153.81303665109	4293.13056972988	14.495503572307	0.00337644134900353	-8.21028078748846	2.40313460794568e-09	2.74511564207958e-06	0.0456767432589568
AT1G08560.1	1668.52144879752	3286.99412883532	50.0487687597212	0.0152263030592802	-6.03729049125113	1.18264717624961e-06	0.00031621898468486	0.212649958450975
AT1G08860.1	121.08724881186	240.648508073353	1.52598955036667	0.0063411552499695	-7.30103858600512	7.40234735850408e-07	0.000229413885805093	-0.0071601073726969
AT1G09380.1.DE	309.664751777876	618.795379270001	0.53412428575186	0.000863167863958473	-10.1780712257647	1.07438739126768e-09	1.54219828010755e-06	0.245211819181491
AT1G11040.1	32.7803109646388	65.5606219292775	0	0	-Inf	1.85798470767651e-05	0.00310876177499763	0.0374043213673492
AT1G11765.1	278.206303425545	554.047518649887	2.36508820120365	0.00426874613023616	-7.87197191911099	4.78860986819227e-08	2.46414635726807e-05	0.000312069810871032
AT1G13260.1	2315.72919305957	201.349933557006	4430.10845256212	22.0020358303614	4.45956511620454	0.000104166755753156	0.0132136740914225	0.00212374175411249
AT1G14100.1	86.3804640620282	165.893695716171	6.86723240788527	0.0413953790000222	-4.59438646228786	0.000251976263781845	0.0283973084385217	0.00549268656032431
AT1G16330.1	217.064920893092	422.609934007721	11.5199077784626	0.0272589611635871	-5.19712560755452	3.62909010078112e-05	0.00531622014618141	0.000100000826175393
AT1G16630.1.DE	514.302814880016	1011.51588806585	17.0897416941774	0.0168951787073312	-5.8872445792069	2.93864978836813e-06	0.000679201658289525	0.00103914283891023
AT1G16760.1	172.745739618807	345.491479237614	0	0	-Inf	3.51445398036116e-09	3.50746160547802e-06	0.0721087877660136
AT1G18520.1	209.443143676925	418.428546374987	0.457740978862948	0.00109395255851576	-9.8362341105884	6.34380903468052e-09	4.94327725150977e-06	0.0279779400768211
AT1G18990.1	342.709600975326	680.91761660644	4.50158534421109	0.00661105724749215	-7.24090327711297	1.07883285585401e-07	4.74564652866234e-05	0.00397184976083133
AT1G19780.1	119.517225961582	236.516597108182	2.51785481498148	0.0106455734851868	-6.55360251880563	2.91206214367012e-06	0.000678809152515514	0.00250424297174971
AT1G20120.1	2626.16554374956	5178.09507699173	74.2360105073917	0.0143365483645232	-6.12415846397638	9.15435609782626e-07	0.000262807109322122	0.121000577487647
AT1G20680.1	66.7916473457088	133.125553712555	0.457740978862948	0.00343841558662212	-8.18404035691304	2.01089480670836e-06	0.000498573946030518	0.218037221565495
AT1G20790.1	37.1340661103714	74.2681322207429	0	0	-Inf	1.03249235739314e-05	0.0018772776042122	-0.0108648646836939
AT1G22130.1	215.484917058342	427.994238322839	2.97559579384442	0.00695242021365697	-7.16826900143991	2.51155294216233e-07	9.5135532488324e-05	0.201798414285584
AT1G22350.1.DE	445.777635200507	41.9047431232754	849.650527277739	20.2757603066134	4.34168410896072	0.000165482403767187	0.019794743850625	0.055337213958065
AT1G23700.1	86.9163131768907	171.925279131441	1.9073472223407	0.011094047553545	-6.494070375215	7.86955841464808e-06	0.00150088438211676	0.0208569012460769
AT1G23810.1	40.9938423532005	81.9876847064009	0	0	-Inf	5.38178557238092e-06	0.00107924586702607	0.45066017717754
AT1G24020.1	20486.057883949	40383.1296281791	588.98613971895	0.0145849552806318	-6.09937522702232	8.53749637115386e-07	0.000253090367967912	0.138729419792167
AT1G24230.1	29.7973702314673	59.5947404629347	0	0	-Inf	2.87347786770263e-05	0.00447819210776307	0.373957232598436
AT1G24540.1	67.9161517015217	135.832303403043	0	0	-Inf	3.97358327641284e-07	0.000138937867561035	0.0685113712751011
AT1G26310.1	140.636029417239	280.737934548727	0.53412428575186	0.00190257254193467	-9.03783282231608	5.2246311544682e-08	2.6387289902928e-05	0.144973458089189
AT1G26680.1	27.8812000424106	55.3046591059583	0.457740978862948	0.00827671639718384	-6.91672576054517	0.00016423009081491	0.0197314857568064	0.6103070100197
AT1G26780.2	318.425052115227	635.934622272728	0.915481957725895	0.00143958502283475	-9.44013128673001	2.66240421479192e-09	2.79275962115461e-06	-0.00300471786394383
AT1G27040.1	101.953168244732	202.990854531739	0.915481957725895	0.0045099665196136	-7.79266756119622	7.86118325066773e-07	0.000238220056439401	0.0740299091140428
AT1G28550.1	128.963137197901	254.797911988181	3.12836240762225	0.0122778180684909	-6.34780199237767	2.99712447186709e-06	0.000686895594296059	0.247211253427769
AT1G30740.1	40.7916639269546	81.0492035681574	0.53412428575186	0.00659012380427272	-7.245478716222	2.58749530076415e-05	0.00415110349045533	0.158615410955004
AT1G33430.2	4752.43362746897	9453.59411781812	51.2731371198259	0.00542366601324531	-7.52651594392201	9.9629185857163e-09	6.96714560482669e-06	0.0509899889434332
AT1G33500.1	20.1822016160514	40.3644032321029	0	0	-Inf	0.000203265049547387	0.0233909185498139	0.362250397658465
AT1G34245.1	50.6887446278915	98.0205357899646	3.35695346581846	0.034247450687391	-4.86785958907506	0.000413303638407213	0.0435213518543627	0.156761788981492
AT1G36150.1	173.95249718588	347.370870086009	0.53412428575186	0.00153761967898923	-9.34508557920879	9.70188954002762e-07	0.000272406412709731	0.637787524399593
AT1G44110.1	590.886172546815	1152.09332932455	29.6790157690848	0.0257609474976174	-5.27867053246447	1.22618322058588e-05	0.00218573169771495	0.256152208122824
AT1G49290.1.DE	140.428216947026	276.965356142482	3.89107775157032	0.0140489691771002	-6.15339191111809	5.55860214455325e-06	0.00110656756414891	0.102799455387475
AT1G49910.1	99.5093133488209	192.457486379783	6.56114031785909	0.0340913748863568	-4.87444940602785	0.000152086865580717	0.0184349559332574	0.104917284891066
AT1G52430.1	90.4433744932127	176.995671234855	3.89107775157032	0.0219840277698501	-5.50740045811707	4.24298457003317e-05	0.00609046937781657	-0.00925874600081102
AT1G53020.1	22.0356398447106	44.0712796894211	0	0	-Inf	0.000144110380529698	0.0176247641622711	-0.04511259113019
AT1G54280.1	318.532494096813	632.334811791218	4.7301764024073	0.00748049342563966	-7.0626508488747	2.31497873082573e-07	8.89245280645215e-05	0.0507769279000565
AT1G58430.1	3164.28443441692	6323.53315920387	5.03570962996295	0.000796344306763617	-10.2943200514663	5.25219855056899e-12	4.23243131604864e-08	0.278734863488827
AT1G60410.1	62.075589652521	124.151179305042	0	0	-Inf	6.49868570701673e-07	0.000208516065044079	0.0231703158737731
AT1G61700.1	46.5602906849844	90.6027265549874	2.51785481498148	0.0277900556718166	-5.16928746508248	0.000247203864604699	0.0279750663874023	0.433157351124396
AT1G62360.1	782.212562784546	1557.1770943517	7.24803121738878	0.00465459660540816	-7.74712814385871	1.55134521522491e-08	9.40218623440646e-06	0.0830057153263075
AT1G67000.1	284.572048677764	12.3876202548313	556.756477100696	44.944587067363	5.49007546910746	6.32875963360655e-05	0.00858727669091301	0.559443078547359
AT1G68610.1	131.667152760265	257.001756260868	6.33254925966288	0.0246401011097958	-5.34284801368097	3.5593135780799e-05	0.0052757151747268	0.0140997514610731
AT1G69940.1.DE	7355.02599203687	14695.5553627765	14.4966212972481	0.000986462977368497	-9.98544747291806	7.75937981895765e-12	4.23243131604864e-08	0.00082087428430943
AT1G70830.1	10271.3502922174	19725.2910778763	817.409506558501	0.0414396676495842	-4.59284375726714	7.6603555091892e-05	0.0101875424611021	0.0126753070949335
AT1G72290.1	2927.51597030135	5853.50595105232	1.52598955036667	0.000260696677021799	-11.9053401859154	2.21473040945101e-13	3.37660155069431e-09	-0.000334031015869666
AT1G72670.1	266.377847365258	524.515798248513	8.23989648200358	0.0157095296452816	-5.9922162038325	3.1954270048904e-06	0.000726240672536465	0.0519339161758576
AT1G72960.1	297.558398997138	586.34277722652	8.77402076775544	0.0149639785950084	-6.06236238245266	2.30850868581757e-06	0.000557167764498252	0.120983493968688
AT1G74490.1	86.4185460531615	170.319237291342	2.51785481498148	0.0147831498955959	-6.07990248763962	1.36357328531419e-05	0.00236870918537414	0.0056502517688796
AT1G74870.1	147.266859310855	286.67462094921	7.85909767250007	0.0274146963078831	-5.18890669781201	3.09474813502302e-05	0.00476853479584648	0.210896655170147
AT1G75050.1	291.888027816305	566.075806345792	17.7002492868182	0.0312683373647059	-4.99915368107989	4.38850449262243e-05	0.00620143435374567	0.0152716223620821
AT1G75240.1	2614.86140746724	5060.34300460601	169.379810328465	0.0334720018335304	-4.90090135404923	2.64917533347273e-05	0.00421492311577415	0.130739809957822
AT1G75890.1	215.673375692197	411.585829398986	19.7609219854072	0.0480116674917184	-4.38047114671185	0.000218989771474669	0.0250945715858346	0.010669541395907
AT1G76420.1	61.0109708646388	120.953693157774	1.06824857150372	0.0088318805620121	-6.82306362270882	1.01054161091983e-05	0.00184969807749105	-0.0158570966482832
AT1G78950.1	455.467986079883	895.218894539707	15.7170776200591	0.0175566866561058	-5.83183558840016	3.70537696941914e-06	0.000814973758765873	0.42570984489546
AT1G79400.1	144.26466404716	275.788405130576	12.7409229637441	0.0461981821088953	-4.43602010683646	0.000295861203184079	0.032019930930315	0.00957811739795294
AT2G01913.1	162.065240523828	309.252502078434	14.8779789692221	0.0481094861617279	-4.37753479912378	0.000254352077361411	0.0284425649009724	0.0708639434356423
AT2G02660.1	27.0063926929234	53.5550444069838	0.457740978862948	0.0085471123015866	-6.87034720640252	0.000222587357123096	0.0254001045640929	0.00739530289139837
AT2G03090.1	1649.54656462329	3268.19365715468	30.8994720918958	0.00945460255216247	-6.7247674725025	1.69390601484713e-07	6.69534764390229e-05	0.000392379591147353
AT2G05410.1	18.9233233738562	37.8466467477125	0	0	-Inf	0.000284849831762191	0.030951033711754	0.136840545600583
AT2G12505.1	32.7708631106742	0	65.5417262213483	Inf	Inf	0.000417057117127114	0.0437476875207991	0.903485016938202
AT2G15390.2	609.81527066514	4.19355659375683	1215.43698473652	289.83440608528	8.17908505638204	5.90824466565137e-09	4.73928108136206e-06	0.289893854132368
AT2G15535.1	108.168618763259	216.337237526517	0	0	-Inf	3.32743603095424e-08	1.8149832574443e-05	0.230290412325702
AT2G16450.1	40.3798146392493	80.7596292784987	0	0	-Inf	6.00226576304102e-06	0.00117769636083034	0.231661335042585
AT2G16520.1	28.134953369077	56.269906738154	0	0	-Inf	3.97339262984548e-05	0.00576416687200936	0.15896533755706
AT2G16592.1	56.449573017617	112.899146035234	0	0	-Inf	9.78837254631086e-07	0.000272406412709731	0.525876559253946
AT2G18115.1	60.8902861583233	117.431753586213	4.34881873043327	0.037032732609588	-4.75505518126309	0.000412471818104597	0.0435213518543627	0.100083696665213
AT2G18420.1	200.179736773248	392.501493598938	7.85797994755902	0.0200202548925544	-5.64239584747479	1.30392862982497e-05	0.0022945707406125	0.0310548632305794
AT2G19800.1	439.657658513718	853.755411205647	25.5599058217888	0.0299382065241541	-5.06186839176546	2.70135884305699e-05	0.00423635047646658	0.198325950689803
AT2G23770.1	270.665931359427	14.8704976045881	526.461365114266	35.4030765555441	5.14580283199125	2.36313559113037e-05	0.00381359745425436	0.317085263713463
AT2G25130.1	35.4594759288788	69.8507032862539	1.06824857150372	0.0152933116095617	-6.03095534845338	0.000147880170906719	0.0180050709872274	-0.00610138831934928
AT2G26960.1	52.7441045150014	103.885836172747	1.60237285725558	0.0154243630921068	-6.01864527141006	4.71901414259267e-05	0.00660008578004768	-0.0133381082693616
AT2G27650.1	51.9449462465439	103.889892493088	0	0	-Inf	1.66120887494499e-06	0.000423421959311914	0.0321773218650459
AT2G30432.1	408.931103550553	788.640932310884	29.2212747902218	0.037052698627495	-4.75427756884356	5.74771856348825e-05	0.00787726273276458	0.408961606893923
AT2G31270.1	672.382570391602	1283.65420522388	61.1109355593209	0.0476070076432013	-4.39268223918307	0.000156588122218493	0.0188965834392255	0.163800322359325
AT2G31432.1	86.1268944380369	172.253788876074	0	0	-Inf	1.18203691153075e-07	5.01278478096005e-05	-0.00558576621734301
AT2G32460.1	485.079366698539	966.572630010592	3.5861033864852	0.00371012304212038	-8.0743172516399	1.04022319087785e-08	7.09250177120288e-06	0.205716853614324
AT2G32590.1	303.688845626968	595.933607919892	11.4440833340442	0.0192036213127664	-5.70247779771685	6.59626437506616e-06	0.001284999416437	-0.000296327452572052
AT2G33190.1.DE	31.2801208143946	62.5602416287893	0	0	-Inf	2.36001218028037e-05	0.00381359745425436	0.0477427377159074
AT2G34220.1	76.9421993400459	148.77230574324	5.11209293685186	0.0343618586222265	-4.86304811626258	0.000170017172229076	0.0201603406008852	0.132393195765528
AT2G34270.1	19.3268619940514	38.6537239881027	0	0	-Inf	0.000254463602678006	0.0284425649009724	0.223774703688404
AT2G34340.1	201.832638648248	387.414075390685	16.251201905811	0.0419478871267714	-4.57525804438962	0.000127963080211837	0.0158633503937155	0.367185531397278
AT2G39855.1	43.2313514745675	86.462702949135	0	0	-Inf	4.69674555018904e-06	0.000970411677199287	0.00992734352293837
AT2G42885.1	219.115773646444	438.231547292887	0	0	-Inf	8.90020128664905e-10	1.34852883161544e-06	0.378180895990058
AT2G42900.1	404.105743116584	765.487131997725	42.7243542354435	0.055813288623081	-4.16324753459896	0.00036518607364228	0.0390577246527291	0.0242378886715647
AT2G42940.1	111.417118346446	220.469148491688	2.36508820120365	0.0107275245420237	-6.54253898814166	3.61434445513675e-06	0.000801414766869468	0.295428931631401
AT2G44450.1	138.256141675071	273.231713191212	3.28057015892955	0.0120065497544707	-6.38003455723614	3.77957380233225e-06	0.000824642530488059	0.00188569310984669
AT2G45480.1	126.739123587853	248.213946487546	5.26430068815916	0.0212087224052227	-5.55919847296869	2.16874738581032e-05	0.00358474226989121	0.189735976654151
AT2G46770.1	107.500624551044	212.25480322891	2.74644587317769	0.0129393814952481	-6.27208753187741	8.12815303778831e-06	0.00152882150206621	0.00503576493790291
AT3G01270.1	8360.31965634656	16672.1148568963	48.5244557967661	0.00291051592514037	-8.42450937322359	7.91468824434689e-10	1.2697487793416e-06	0.0107082507248962
AT3G03080.1	135.552849006846	268.664226505599	2.44147150809256	0.00908744546993749	-6.78190948262978	1.45452145883416e-06	0.000374237393837586	0.0774164678540541
AT3G03910.1	544.054786700068	1028.21629985127	59.8932735488625	0.0582496830263493	-4.10160599060966	0.000331989701947037	0.0356470674850455	-0.00070421579574605
AT3G05930.1	392.332970822574	775.357796591642	9.3081450535073	0.0120049673768995	-6.38022470667698	3.47176057091412e-05	0.00520249044233741	0.636449231899947
AT3G06100.1	452.582055010743	898.907944068712	6.25616595277397	0.00695974042064506	-7.16675078617886	1.02260418793768e-07	4.5720465602663e-05	0.057338840682289
AT3G08770.2.DE	19490.9332182473	38898.2464564894	83.6199800053174	0.00214971078706215	-8.86164170584139	1.76934734656155e-10	3.44681501305523e-07	0.258028591092721
AT3G09020.1	299.520189867147	2.45205453546376	596.588325198831	243.301409724151	7.92660086926253	3.22002813408119e-05	0.00493369816296609	0.807836285225377
AT3G09940.1	123.303776461105	4.90410907092753	241.703443851282	49.2859029755567	5.62310315294025	1.92542553568035e-05	0.00320195918503721	0.196940279020939
AT3G10470.1	88.430753971703	173.504554477588	3.35695346581846	0.0193479270669641	-5.69167718518344	3.34967644427815e-05	0.00507531809248877	0.0491403653519916
AT3G12430.1	33.5933281820871	66.2711744064482	0.915481957725895	0.0138141803872547	-6.17770622200148	0.000185256817812886	0.0217780568629778	0.0870357022826931
AT3G12660.1	117.183142911699	234.366285823399	0	0	-Inf	2.29571767259817e-08	1.33215123584617e-05	0.0587525526456239
AT3G13227.1	216.959480569821	429.951500081182	3.96746105845923	0.00922769442067327	-6.75981405535714	6.16482342036285e-07	0.000200158606123281	0.0646521523751003
AT3G13662.1	144.806677810556	289.613355621112	0	0	-Inf	7.31334073920932e-09	5.39072275622854e-06	0.291176176846545
AT3G14395.1	384.812338121102	749.330188833515	20.2944874086886	0.0270835043230823	-5.2064417690877	1.82920872374875e-05	0.00307950676066665	0.288603013100789
AT3G15720.1.DE	105.414709949156	205.717885823931	5.11153407438134	0.0248473002428004	-5.33076708397974	5.26356380715762e-05	0.00732414161799029	0.100006851967033
AT3G15830.1	626.13584246234	1250.44072100923	1.83096391545179	0.00146425487005415	-9.41561759185967	6.26453484594868e-10	1.06782911783474e-06	0.397671027760304
AT3G16490.1	156.825494076373	312.73550619502	0.915481957725895	0.00292733616615635	-8.4161958548025	8.13677666903184e-08	3.82610879473285e-05	0.0576676567376533
AT3G16660.1.DE	779.700516413488	4.54883283234218	1554.85219999463	341.813440348839	8.41706531570449	2.57172403476367e-09	2.79275962115461e-06	-0.00119628923995073
AT3G17060.1.DE	602.205483002879	1195.86609515867	8.54487084708871	0.00714534083847821	-7.12878145399121	9.93231852717738e-08	4.51473538652848e-05	0.02438748728886
AT3G18220.1	167.844526105642	334.239445967806	1.44960624347776	0.00433702921951762	-7.84907712167524	1.4893583516269e-07	5.97342210645891e-05	0.00672715527224182
AT3G20190.1	276.831609812081	548.322535629115	5.34068399504807	0.00974004103063258	-6.68185643488368	1.27285656348346e-06	0.000330829735554349	0.48807935294973
AT3G21980.1	61.399916309984	122.799832619968	0	0	-Inf	6.61122729942542e-07	0.00020966046760143	0.167176381148415
AT3G21990.1	671.91417072913	1342.30235190789	1.52598955036667	0.00113684487567029	-9.78074887508385	1.74356493237053e-10	3.44681501305523e-07	0.135784973503273
AT3G24220.1	24.90157182805	49.2690193703481	0.53412428575186	0.0108409765929564	-6.5273614642312	0.000297162672126093	0.0320336662327863	0.23634898669937
AT3G24340.1	167.098813696956	323.21128503873	10.9863423551813	0.0339912090441544	-4.87869451130249	8.66321151740708e-05	0.011144894703502	-0.0048903292141596
AT3G25165.1	210.381603907777	417.863995328599	2.89921248695551	0.00693817251394352	-7.17122857175232	3.15387369984292e-07	0.000114687463221088	0.00722042201378186
AT3G25260.1	121.217223847619	240.069359494035	2.36508820120365	0.00985168705489221	-6.66541348422329	2.64745034564012e-06	0.000627860115449069	-0.00780318217175878
AT3G25265.1	173.840904405307	347.224067831751	0.457740978862948	0.00131828701196125	-9.56711978255966	1.42273624209373e-05	0.0024251428456639	0.838171192843895
AT3G25810.1	168.157971331491	336.315942662981	0	0	-Inf	4.27874314936636e-09	3.88980539708895e-06	0.325869602103801
AT3G26050.1.DE	245.483037244364	476.926635307872	14.0394391808557	0.0294373141307001	-5.08621014429988	2.65818492983227e-05	0.00421492311577415	0.0532624403367402
AT3G26125.1	1586.63185853423	3149.91669169658	23.3470253718924	0.00741195011075595	-7.07593111392929	5.73591878211955e-08	2.84428568990448e-05	0.034900002678193
AT3G26320.1	145.555915567665	7.90448937141579	283.207341763914	35.82867007046	5.16304258782587	4.30003805084816e-05	0.00614004909742313	0.250444075108453
AT3G27415.1	61.8918670527173	123.783734105435	0	0	-Inf	7.5879113011787e-07	0.000232522589794434	0.307930831180265
AT3G27640.1	123.053491844861	235.88391554096	10.2230681487627	0.0433394033048748	-4.52817689917249	0.000277945759875056	0.0303216588362896	0.0780363152549515
AT3G28315.1	81.0565023346225	162.113004669245	0	0	-Inf	1.77668933714222e-07	6.92223547026853e-05	0.143513218040729
AT3G28470.1	52.5453717792993	103.183396336258	1.9073472223407	0.0184850207500921	-5.75749952677226	8.31924249204253e-05	0.0107609440805438	0.19383981021649
AT3G28740.1	71.8807916329851	138.268132657144	5.4934506088259	0.0397304172932435	-4.65361224347352	0.000371208894637912	0.0395467975916397	0.320963291635024
AT3G28750.1	7553.64490341393	15054.8742732795	52.4155335483364	0.00348163210113068	-8.16602052105157	1.6369981590029e-09	2.12599289478505e-06	0.0318108595167471
AT3G28980.1	15271.8448663397	30513.0941172277	30.5956154517517	0.00100270445646079	-9.96188784524149	6.31343358531879e-12	4.23243131604864e-08	0.0571791758682488
AT3G29050.1	19.2303372308318	38.4606744616636	0	0	-Inf	0.000257100578374151	0.0286200166285642	0.346807524037009
AT3G43860.1	1073.66866957613	2132.84127671748	14.4960624347776	0.0067965969118375	-7.20097172173223	5.09649721447601e-06	0.00102960569281781	0.630775685475562
AT3G44050.1	644.584013302925	1245.90731263477	43.2607139710775	0.034722257051042	-4.84799545943155	4.1406068359693e-05	0.00597496138822174	0.0188850631940534
AT3G44070.1	43.4726633826165	86.9453267652329	0	0	-Inf	4.65065121848913e-06	0.000968222982304229	0.0644609297268958
AT3G44860.1.DE	2838.17349230629	262.033212909308	5414.31377170326	20.6627003943092	4.36895690624883	0.000135636796902949	0.0167385627236839	0.0641982450498138
AT3G47410.1	24.9394953819792	49.8789907639585	0	0	-Inf	7.73226740530241e-05	0.0101875424611021	-0.0356840511342264
AT3G48490.1	127.033964125726	247.735378991789	6.33254925966288	0.0255617477222451	-5.28986970935775	3.64511849571343e-05	0.00531622014618141	0.356363803899953
AT3G48900.2	108.422911281389	207.613501953689	9.23232060908892	0.0444687870596601	-4.4910631358134	0.000258577097345788	0.0286673706337873	-0.00543740783288995
AT3G50840.1	523.87470485134	39.6189716202985	1008.13043808238	25.4456488104773	4.66934707235789	7.96929842450601e-05	0.0104493594197862	0.201692153411061
AT3G54700.1	271.138916783907	541.2859683032	0.991865264614808	0.00183242375139349	-9.09203111673963	5.62437008810731e-09	4.73928108136206e-06	0.0158889922177629
AT3G54710.1	273.602445514897	526.834020314216	20.3708707155775	0.038666581750791	-4.69276895856207	8.32530048397592e-05	0.0107609440805438	0.369759976395496
AT3G55780.1	71.5592799393171	142.126694614019	0.991865264614808	0.00697874011147917	-7.16281767788077	4.13900564212305e-06	0.000881899225606421	0.178195161467339
AT3G57920.1	334.135092223958	652.553106827858	15.7170776200591	0.0240855149651525	-5.37569041969126	1.41311626184319e-05	0.00242389432762574	0.113440630763832
AT3G58260.1	44.1369816383477	88.2739632766954	0	0	-Inf	3.94135969908643e-06	0.000846399236796726	0.0219755385900845
AT3G58480.1	228.191798920017	455.468115882309	0.915481957725895	0.00200998033847544	-8.95860289555774	1.28973767433313e-08	8.42691117189363e-06	0.0332101796588103
AT3G58650.1	353.271665321551	690.292687599761	16.2506430433404	0.0235416705627378	-5.40863948931926	1.31248133881696e-05	0.0022945707406125	0.00160112644984112
AT3G59455.1	678.896008190007	1357.33427540115	0.457740978862948	0.000337235261172245	-11.5339569878166	1.75853748367275e-10	3.44681501305523e-07	0.505328560470966
AT3G59530.1	2664.0204393083	5173.69069614619	154.350182470406	0.029833670301431	-5.06691471294162	1.63004178490266e-05	0.00276125028569257	0.075233238346071
AT3G59845.1	173.92105938371	346.468895830832	1.37322293658884	0.00396348114683096	-7.97901617074701	1.23825528308612e-07	5.04043825904594e-05	-0.000795168926807347
AT3G59850.1	40.3314077541865	79.7473335506471	0.915481957725895	0.0114797814166975	-6.44476101745178	8.87925461669421e-05	0.011369197707094	0.376553907486177
AT3G61250.1	358.118975449028	695.256013727367	20.9819371706888	0.0301787208688806	-5.05032453153209	2.70276457633991e-05	0.00423635047646658	0.0472650832518629
AT3G62230.1	1585.83553532652	3150.38471797974	21.2863526733034	0.00675674705753199	-7.20945543659791	4.33284413973656e-08	2.27249342736606e-05	0.0217500726560515
AT3G62570.1	313.67604399895	598.6654963559	28.6865916419995	0.0479175630074154	-4.38330165240177	0.000230622889934567	0.0262074086549394	0.214717205777796
AT4G02060.1	845.643631475594	1613.54432667655	77.7429362746353	0.0481814691975422	-4.37537780342766	0.000190826734701786	0.0223365559464455	0.293065047367055
AT4G02250.1	961.405139464727	1917.01185395554	5.79842497391102	0.00302472045853374	-8.36898246846411	2.41567760825395e-09	2.74511564207958e-06	0.027105568346461
AT4G02700.1	197.909997273288	378.805518434347	17.0144761122296	0.0449161252522207	-4.47662271262652	0.000172851924992599	0.0204077513001003	0.00804569059325793
AT4G03100.1	459.145728685076	887.393103003198	30.8983543669547	0.0348192410583153	-4.84397143231522	5.43046052609532e-05	0.00751801776285268	0.0705012784581089
AT4G03350.1	19.1974862563685	38.394972512737	0	0	-Inf	0.000267080524197468	0.0292533619937251	0.108524357267172
AT4G10115.1	109.151305962771	218.302611925542	0	0	-Inf	3.23352167195011e-08	1.79975176651215e-05	0.144906020743247
AT4G10603.1	74.880801145287	148.846120332848	0.915481957725895	0.00615052616540293	-7.3450744492107	7.72580501170133e-05	0.0101875424611021	0.726596858836686
AT4G10640.1	67.0288776679459	130.090294277433	3.96746105845923	0.030497748356216	-5.03515345710687	0.000166440581184573	0.0198224190857942	0.099029536971204
AT4G11320.1.DE	4223.50232343558	8333.63206210222	113.372584768938	0.0136042224955561	-6.19980168330536	8.08887353215604e-07	0.000242426206420321	0.293521468817877
AT4G12960.2	1255.03607876544	2508.08842700164	1.98373052922962	0.000790933249351624	-10.3041564356642	1.90904110124807e-11	7.43789685061981e-08	0.45077666466022
AT4G14330.1	678.347218808436	1342.27475848898	14.4196791278886	0.0107427179395976	-6.54049714413252	4.21384331887203e-07	0.000143655186044496	0.0202364302462915
AT4G14400.1.DE	30271.4197729485	960.691905169922	59582.1476407272	62.0200371420727	5.95466248482803	1.11020833985293e-06	0.00030052953893044	0.359772912349287
AT4G14730.1	112.481410293846	224.962820587693	0	0	-Inf	3.12198055298909e-08	1.77387032545149e-05	0.0452777962748687
AT4G14805.1	27.4910446691916	54.5243483595202	0.457740978862948	0.0083951664281197	-6.8962253588276	0.000198236421301731	0.0230063911411153	-0.035826886588634
AT4G15210.1.DE	8605.4713506616	16212.6323589328	998.31034239037	0.0615760797067801	-4.02148616986883	0.000409870509775768	0.0434957136697063	0.117064560151574
AT4G15650.1	41.7311613243234	83.4623226486468	0	0	-Inf	5.65425050045121e-06	0.00111745198477396	0.00894970221737862
AT4G15710.1	22.9321411086841	45.3301579316163	0.53412428575186	0.0117829787082945	-6.40715189471018	0.000466100309180501	0.0481513398949992	-0.0304204506684243
AT4G15980.1	384.244156560844	768.488313121689	0	0	-Inf	1.43127259865123e-08	8.87161308704886e-06	0.623499686325987
AT4G16260.1.DE	327.999451757799	3.00038030048826	652.998523215109	217.63858505165	7.76579054382545	3.46006167599129e-05	0.00520249044233741	0.818376196544333
AT4G17000.1	305.97616523002	598.753107654963	13.1992228050776	0.0220445165734051	-5.50343635014464	9.72885080195128e-06	0.00179280370217309	0.0399553261697882
AT4G17690.1	216.661818904952	432.86589683104	0.457740978862948	0.00105746602403658	-9.88517297379098	5.69366212978725e-09	4.73928108136206e-06	0.00812956547249396
AT4G18960.1	1689.63284237744	3365.98951978044	13.2761649744371	0.00394420864842831	-7.98604841243642	3.60095790537838e-09	3.50746160547802e-06	0.0161613437683942
AT4G19038.1	64.2123688287946	126.44100712836	1.98373052922962	0.0156889807688402	-5.99410455878817	3.30678472822731e-05	0.00503832066441025	0.00457535050731992
AT4G19170.1	23496.699178303	1628.11470877889	45365.2836478272	27.8636900724592	4.80031442593164	3.53040099837977e-05	0.00526145499610991	0.0417997361777472
AT4G19370.1.DE	236.687147446332	26.0341187518579	447.340176140807	17.1828430378072	4.10289685646284	0.000437898126020708	0.0457578375132673	0.331919653624131
AT4G20160.1.DE	134.797689197158	267.458881251308	2.13649714300744	0.00798813310297204	-6.96792591264662	8.7934783766871e-07	0.000255132484858923	-0.00601785545098707
AT4G20680.1	49.2844307774945	98.5688615549891	0	0	-Inf	2.12323574560137e-06	0.000521684761169246	0.156312607503793
AT4G20710.1	44.3628821392502	88.7257642785004	0	0	-Inf	3.83074201760479e-06	0.000829173230524885	0.0260185397009303
AT4G20900.1	41.4003509619246	82.3429609449863	0.457740978862948	0.00555895699656424	-7.49097006305128	2.28213475010974e-05	0.00372698569100257	0.490833934239318
AT4G21370.1	100.422034676567	192.985530543104	7.85853881002955	0.0407208705643055	-4.61808778490874	0.000265948074554929	0.0292467816021636	0.181124209408227
AT4G21600.1	29.9022056621971	59.2702870386423	0.53412428575186	0.00901167030629746	-6.79398975140059	0.000123867186879312	0.0154257067934223	0.131140681844906
AT4G21690.1	42.7836067931033	85.5672135862066	0	0	-Inf	4.41899897662548e-06	0.000927071992996205	0.240211423168347
AT4G22690.1.DE	5628.80407937733	576.564554974	10681.0436037807	18.5253212526433	4.21142665580318	0.000197666626784312	0.0230063911411153	0.450533295607175
AT4G23150.1	675.654970741368	10.3565439068795	1340.95339757586	129.478850245119	7.01657264955223	1.21308178617447e-07	5.01278478096005e-05	0.389967028804073
AT4G23160.1	323.82817942018	6.35603683956187	641.300322000798	100.896256297502	6.65672883477174	0.000200877141458666	0.0232140774533991	0.817928997121824
AT4G24640.1	650.007236768702	1292.76644232001	7.24803121738878	0.00560660532337254	-7.47865676970967	3.90104853705274e-08	2.08614307354979e-05	0.392735767971515
AT4G26770.1	78.4332858559544	154.730074568901	2.13649714300744	0.0138078983608068	-6.17836243970632	1.30735692229743e-05	0.0022945707406125	0.0112991511955866
AT4G27330.1	213.553558754438	426.649376530013	0.457740978862948	0.00107287389609193	-9.86430377070581	5.89577996314844e-09	4.73928108136206e-06	-0.000170126087527625
AT4G27420.1	529.238806960293	1056.87524106333	1.60237285725558	0.00151614192006563	-9.36537947983924	6.01574496056645e-10	1.06782911783474e-06	0.0370991999261631
AT4G28088.1	50.1243589923481	100.248717984696	0	0	-Inf	1.89019799256475e-06	0.000477327498622393	0.314086415856548
AT4G28580.1	110.529344711031	220.066824157447	0.991865264614808	0.00450710945828517	-7.79358179733177	4.91654981999607e-07	0.000163523247854577	-0.00768359646227573
AT4G29700.1.DE	1982.81920487092	3830.82782341077	134.810586331079	0.0351909802646913	-4.82865048803976	4.36029878090976e-05	0.00619366815894541	0.00827355550935572
AT4G30140.1	385.273251602665	766.197684474896	4.34881873043327	0.00567584426128053	-7.46094928063374	6.53388881301878e-08	3.18212052852609e-05	0.0213389956490944
AT4G32280.1.DE	377.95009051284	11.8741736244405	744.026007401239	62.6591820983497	5.96945403295962	2.73162089584599e-06	0.00064223704045179	0.385943129081233
AT4G33465.1	69.6442705128386	139.288541025677	0	0	-Inf	3.3469866197983e-07	0.000120108376423367	0.239800692642623
AT4G36880.1	391.178023639452	776.786213363189	5.56983391571481	0.00717035629610308	-7.12373947621611	1.1961597831789e-07	5.01278478096005e-05	0.00586851398273449
AT4G37420.1	69.9357284592147	138.955974960703	0.915481957725895	0.00658828782270638	-7.2458807011642	5.05755374193052e-06	0.00102960569281781	-0.0127800068931686
AT4G37810.1	202.268761509038	398.43412367908	6.10339933899614	0.0153184654031093	-6.02858441380538	4.30655456174183e-06	0.000910485756297557	0.117066678466107
AT4G38660.1.DE	1745.2712530449	3368.62728592365	121.915220166145	0.0361913651520865	-4.78821066203112	5.53898774414775e-05	0.00762953599727988	0.147200731477287
AT4G39130.1	69.1669173030355	138.333834606071	0	0	-Inf	4.2002419504393e-07	0.000143655186044496	0.27377932491572
AT5G01690.1	185.282401365637	370.030678445523	0.53412428575186	0.00144345946664662	-9.43625368840717	1.34761063794854e-08	8.54729882064428e-06	0.269519340586949
AT5G01910.1	188.552649246197	371.917381111124	5.18791738127025	0.0139491124769998	-6.16368285738078	3.3121133855253e-06	0.000746539407962243	0.191083901721363
AT5G02110.1	233.171515257193	462.14697839773	4.19605211665544	0.00907947538941661	-6.78317534341815	7.2212192641442e-07	0.000226372773552879	0.103010935340076
AT5G02390.1	89.9421616789398	175.153588093002	4.73073526487783	0.0270090685345591	-5.21041230349113	6.44325835962145e-05	0.00869333052205446	-0.00138823244257693
AT5G03620.1	465.138972234295	920.282908515553	9.99503595303699	0.010860829708507	-6.5247218683429	4.85428147666976e-07	0.000163445455201499	0.020516744721274
AT5G05070.1	71.7779351971302	141.114398886168	2.44147150809256	0.0173013634849695	-5.85297045159536	3.5817972795282e-05	0.0052803436326796	0.0275729903445299
AT5G07530.1	38720.8245794335	77405.6364761134	36.0126827536887	0.00046524625845305	-11.0697178314852	1.10779151296143e-07	4.79568221158686e-05	0.828687258737862
AT5G07550.1	20949.5650209258	41879.7504775382	19.3795643134332	0.000462743070158148	-11.0775009944743	2.47614970901207e-13	3.37660155069431e-09	-3.45819254953119e-05
AT5G08000.1	2018.0233806448	4004.99508144639	31.0516798432031	0.00775323794704608	-7.01098534271787	7.29041077635217e-08	3.48826970356935e-05	-0.000442186812498731
AT5G09480.1	104.706111201389	203.308823063782	6.10339933899614	0.0300203367813574	-5.05791602793708	0.000107492271935492	0.0135723922800772	0.505003360366573
AT5G10420.1	69.1564296138218	136.863252984166	1.44960624347776	0.0105916395516733	-6.56093025861418	1.16381994548765e-05	0.00210077647634011	0.0268345545582615
AT5G15510.2	329.412355969773	645.167748155606	13.6569637839406	0.0211680819802026	-5.56196563573433	8.24540024739177e-06	0.00154025206128161	0.000329641826882772
AT5G17340.1.DE	437.344971394115	874.689942788231	0	0	-Inf	3.59882060688178e-11	1.09056260457208e-07	0.0404136856422907
AT5G19473.1	152.670852030199	301.98475059458	3.35695346581846	0.0111163012675604	-6.49117935050813	2.26616023654947e-06	0.000551830251173337	0.000210207432039777
AT5G19600.1	457.973769497157	907.860409126088	8.08712986822576	0.0089079001429421	-6.81069889897573	2.82273018540279e-07	0.000105457973077384	0.024527416950855
AT5G20330.1	233.915554604095	466.915627250464	0.915481957725895	0.00196070104382009	-8.99441470603043	1.29773134315819e-08	8.42691117189363e-06	0.178712218707607
AT5G23010.1.DE	5946.80252476446	265.736033046286	11627.8690164826	43.7572160733554	5.45144904862738	5.05884139638653e-06	0.00102960569281781	0.0804663913976546
AT5G23260.2	37.0212372769423	71.982360717766	2.06011383611853	0.0286197037104129	-5.12684745334014	0.000452645534638358	0.0469391698334294	0.1142092888692
AT5G25880.1	715.863079483977	1400.0622949447	31.6638640232555	0.0226160393988084	-5.46650988820966	6.78129972071204e-06	0.00131167650555305	0.0120464256469864
AT5G26150.1	48.7886217412493	97.0431191967467	0.53412428575186	0.00550398925934118	-7.50530662994009	1.17082104793641e-05	0.00210077647634011	0.0719170242578594
AT5G27200.1	52.0947315400727	103.731722101282	0.457740978862948	0.00441273864532987	-7.82410998177426	7.31166081049982e-06	0.00140430229073776	0.187512898866918
AT5G28970.1	51.3854634215424	102.236802557333	0.53412428575186	0.00522438370910838	-7.58052342397636	9.02429933334864e-06	0.0016742837803974	0.0940492326202132
AT5G33300.1	294.877792473438	571.063470395442	18.692114551433	0.0327321138900538	-4.93314941292769	4.51619236666111e-05	0.00634897496989425	0.275019658526355
AT5G38390.1	29.7316682825407	59.4633365650814	0	0	-Inf	3.03902638059645e-05	0.00470928218625039	0.0822206167362995
AT5G39650.1	94.1986086702982	187.939476361734	0.457740978862948	0.00243557653625637	-8.6815209651082	3.51537743004912e-07	0.000124512842402246	0.0837385699004955
AT5G39670.1.DE	295.478497181655	29.262427713419	561.69456664989	19.1950774607916	4.26266447700889	0.00026272704741736	0.0290095334583549	0.00673845309056135
AT5G41761.1	191.699836524536	13.2912222584412	370.108450790632	27.8460809392889	4.79940239166965	7.2164558970201e-05	0.00964776478820732	0.191375397145668
AT5G42170.1	864.657245150917	1727.71211744458	1.60237285725558	0.000927453619776433	-10.074437242497	5.3471902899293e-11	1.45833920777242e-07	0.16922405478313
AT5G42610.1	57.2625203609592	0	114.525040721918	Inf	Inf	1.19600299424959e-06	0.000316685336525914	0.47965427769715
AT5G42880.1	362.87222806475	700.414817953319	25.329638176181	0.0361637668520445	-4.78931123171943	6.47067097853942e-05	0.00869333052205446	0.0328252422301051
AT5G44568.1.DE	241.182825094569	17.8092322764904	464.556417912647	26.0851456536899	4.70515658396586	0.000141409025966108	0.0173722899332147	0.497315348135181
AT5G44630.1.DE	1885.5511128186	3768.05024653646	3.05197910073334	0.000809962421158973	-10.2698574049661	1.00738158900371e-11	4.57905301281638e-08	0.253134446030677
AT5G44700.1	642.996266964137	1285.00066866366	0.991865264614808	0.00077187918170214	-10.339337332056	9.82904719883771e-11	2.43697822049001e-07	0.0377617882702201
AT5G45380.1	3685.49624770186	211.064055507549	7159.92843989617	33.9230117732675	5.08419235669497	8.23757547405503e-05	0.010749444780091	0.536709315578198
AT5G45700.1	344.952531660415	679.834761785846	10.0703015349848	0.0148128664508584	-6.07700534494211	2.35973238043728e-06	0.00056453492290935	0.347318044352562
AT5G45875.1	45.1062855908842	90.2125711817684	0	0	-Inf	3.38014938452923e-06	0.00075562962429726	0.175048657199349
AT5G45880.1	2921.11425099991	5824.37492723676	17.8535747630665	0.00306532031095339	-8.3497464483059	1.17861008053678e-09	1.60721163632398e-06	-0.000308804407155771
AT5G45960.1	1562.84883847981	3111.50714775239	14.1905292072219	0.00456066097019012	-7.77654135735283	8.88330882782773e-09	6.37564425424594e-06	0.0557324791396481
AT5G46795.1	161.374471412168	322.748942824336	0	0	-Inf	4.22713010351839e-09	3.88980539708895e-06	0.26980427455103
AT5G46970.1.DE	76.3093493695464	152.618698739093	0	0	-Inf	3.03166027422818e-07	0.000111733068458142	0.527673740197693
AT5G46990.1	117.752964564381	235.505929128763	0	0	-Inf	2.10032373666118e-08	1.24526367978174e-05	0.344037603755414
AT5G47600.1	457.662554439514	913.264995042909	2.06011383611853	0.0022557678738379	-8.79216566749845	2.26952335908271e-09	2.74511564207958e-06	0.0561422843761095
AT5G48310.1	430.02063104208	842.112421739145	17.9288403450144	0.0212903169246541	-5.55365876406983	8.03238109854081e-06	0.00152129951180905	0.0193266259735454
AT5G49180.1	263.232399252321	525.472933240027	0.991865264614808	0.00188756680291607	-9.04925658087058	6.56952731965422e-09	4.97696440524805e-06	0.00327132355854385
AT5G49270.1	116.395586922172	231.341567600866	1.44960624347776	0.00626608636965217	-7.31821962918706	9.92287598846566e-07	0.00027336019882164	0.270305982289549
AT5G49920.1	318.283386812893	628.708234815757	7.85853881002955	0.0124995003641594	-6.32198576181183	1.27368174506679e-06	0.000330829735554349	0.147661919917328
AT5G51480.1	145.993074987079	289.391911852288	2.59423812187039	0.00896444584530941	-6.80156988181764	1.1129499296731e-06	0.00030052953893044	0.0261180946912255
AT5G54330.1	23.0203552043935	46.040710408787	0	0	-Inf	0.00011250030905733	0.014139266953551	0.0130840379440242
AT5G56970.1	279.555146248434	556.058313396135	3.05197910073334	0.00548859539945248	-7.50934729199157	8.51610216649725e-08	3.93660431164203e-05	0.123747277325421
AT5G61160.1.DE	52.6501076212279	0.548325765024498	104.751889477431	191.039517307291	7.57772728628878	2.19351893233309e-05	0.0036038458940675	0.609247853191453
AT5G61620.1	58.8647202582768	117.729440516554	0	0	-Inf	8.73111914936753e-07	0.000255132484858923	-0.00290935492360537
AT5G61850.1	59.0228906500823	118.045781300165	0	0	-Inf	9.25385832721528e-07	0.000262896331414732	0.0645515736904763
AT5G62310.1	230.720265020275	455.412955145971	6.02757489457776	0.0132354049801806	-6.23945385032793	1.96173799379343e-06	0.000490848443162643	0.0296014368557385
AT5G64770.1.DE	2187.69821379801	120.532714970262	4254.86371262576	35.3004884497584	5.14161624096651	1.41013668917837e-05	0.00242389432762574	0.0891586060182955
AT5G65350.1.DE	118.366359375498	224.983102189396	11.7496165615999	0.0522244401791062	-4.25913106739677	0.000443158533844125	0.0461307736394306	0.17452335769748
AT5G66230.1	697.558142694666	1378.94202565288	16.1742597364515	0.0117294704458612	-6.41371830875063	5.79258260235587e-07	0.000190338681101267	0.0135027843556105
AT5G66690.1	162.560808482078	313.676415905171	11.4452010589853	0.03648728587375	-4.77646235050242	9.13992674359212e-05	0.0116482814055135	0.143865891248227
AT5G66830.1	37.0099566209031	72.9516646703025	1.06824857150372	0.0146432377702628	-6.09362160619048	0.000113021858568661	0.0141396566456105	0.243494966420381
