logFC	logCPM	pvalue	padj	dispersion
AT1G02800.1	-8.10987140735115	4.36273860450163	5.74355611810607e-11	3.82058551241724e-08	0.359987047028634
AT1G02813.1	-10.1081408132232	4.96807198504335	6.64029831455289e-17	2.01223173258668e-13	0.280248807657299
AT1G04090.1	-5.00620577399163	2.35190017339805	0.000102166532467556	0.0122209992981915	0.520395008497618
AT1G05010.1	3.13087765045915	7.16040784830572	0.000164334751624467	0.017785324131167	0.272813424043574
AT1G06265.1	-3.91709415105274	4.4489235458255	3.2314334548017e-06	0.000683185152037262	0.258762052065026
AT1G06350.1	-8.17830748508379	5.88863307052389	1.77145478546983e-12	1.66596159876271e-09	0.327141173963606
AT1G08260.1	-3.09918529380682	4.47018168640933	0.000177730099690563	0.0186432038802336	0.268912748023492
AT1G08560.1	-6.03243974887151	5.52244594349387	1.08310486049039e-09	5.90790377203087e-07	0.291829046212414
AT1G08860.1	-7.23130455606338	1.75563114017879	7.05704672124065e-06	0.00133657524464164	0.600311455175908
AT1G08930.1.DE	4.84071202590187	6.29094311744985	1.38524805481425e-07	4.19776335543879e-05	0.284140740818191
AT1G09380.1.DE	-9.9672287852959	3.09299425587305	1.21264157815656e-10	7.63758046811988e-08	0.41562520925828
AT1G11040.1	-9.06249750182474	-0.0661542244068007	0.000315108764744199	0.0298401435446824	0.884105266260702
AT1G11765.1	-7.77417905298143	2.9427546730224	1.15208857797372e-08	4.48870168386817e-06	0.426470750914017
AT1G11850.2	-3.39679464774638	5.90132191551419	0.000430394791396782	0.0389971998198154	0.355600084896603
AT1G13245.1	3.39091116224248	5.24411770073762	1.98392816811169e-05	0.00316555946783416	0.243619711243212
AT1G13260.1	4.44341317990871	5.97593351325602	1.43165300970823e-07	4.29071126744754e-05	0.249634369033089
AT1G15125.1.DE	8.42441638240257	7.58073396255527	1.56034650006457e-10	9.45674002139136e-08	0.417356398862886
AT1G16330.1	-5.15360817161017	2.58819795213636	0.000301067166537776	0.0287098071083383	0.622369551446891
AT1G16630.1.DE	-5.86729445428667	3.82548068658738	2.65828118992244e-08	9.41549388217595e-06	0.328858222471818
AT1G16760.1	-11.4538608707092	2.25969451656857	2.06418917482653e-08	7.58779856391483e-06	0.538992330667125
AT1G17920.1	-3.56937883087349	4.12759289277941	2.70267669019791e-05	0.00416441250687952	0.271559232611277
AT1G18390.2	5.40472572221751	2.93728303467229	7.04412403018814e-06	0.00133657524464164	0.437776136803475
AT1G18520.1	-9.43290971640501	2.53826900919741	1.4753879532157e-08	5.66735995042982e-06	0.498084693976039
AT1G18990.1	-7.22915371404578	3.24258061393153	2.61437558302173e-09	1.25090991711845e-06	0.367430886229745
AT1G19780.1	-6.51633797407001	1.73646938030931	2.03400696127295e-05	0.00322520185202309	0.594045155079196
AT1G20120.1	-6.12906885245469	6.17026772676387	5.20577103108917e-11	3.54942483327237e-08	0.259550567232561
AT1G20680.1	-7.78857811624136	0.920366455148263	6.81104419009405e-05	0.00893065424021322	0.761139308534615
AT1G20790.1	-9.23896739666084	0.100618576046087	0.000209159390722293	0.0213648092253525	0.864772014720825
AT1G22130.1	-7.13259576190472	2.58081045634453	2.83690915459066e-07	8.05948160136991e-05	0.473552947272757
AT1G22350.1.DE	4.32709082064898	3.60009692830582	1.45574773621524e-05	0.00242089073230477	0.342951336155345
AT1G23700.1	-6.38851585143316	1.28530547303016	9.48004607329041e-05	0.0115941388590515	0.669635710418332
AT1G23810.1	-9.38786850601135	0.243771583490044	0.000169775605396967	0.0179809665150341	0.869281027161116
AT1G24020.1	-6.0970291637641	9.13826674228732	3.56207939443052e-09	1.61155309282383e-06	0.319266044836364
AT1G24230.1	-8.92822160513389	-0.192054032981513	0.000481599208617398	0.0423698555374913	0.916960963874158
AT1G24400.1	-2.88787858721747	5.19881952984874	0.000292172617984136	0.028057830317892	0.255995603652479
AT1G24540.1	-10.112114318667	0.942072869459301	1.65035541721591e-05	0.00269521816130117	0.752814340910676
AT1G26310.1	-8.8242051900292	1.96570248315016	7.07128273892503e-07	0.000176931279026332	0.595564025299422
AT1G26770.2.DE	-3.28998819647762	4.59768307142692	0.000225117512636005	0.0228239030562147	0.306653025251273
AT1G26780.2	-9.19422293136997	3.13666880804038	2.45851807234699e-10	1.45763398667651e-07	0.407578060811822
AT1G27040.1	-7.55228456268159	1.51005907029944	1.84507072997448e-05	0.00297755112536059	0.675053352240595
AT1G28550.1	-6.35493573290215	1.84896137856281	3.98830381839273e-05	0.0058167385047607	0.627420644048104
AT1G30740.1	-7.03508419730593	0.234284727726414	0.000529461970486841	0.0458413216542464	0.860023097749498
AT1G31580.1	3.38840641679544	10.7470119021801	7.16083344614271e-05	0.00925580144913034	0.281319224875462
AT1G33430.2	-7.55674174119169	7.02956128864728	3.14553402036176e-13	3.57450622238859e-10	0.280824683346424
AT1G36150.1	-9.12894397727658	2.26556965542342	1.71777064372176e-07	5.092256387633e-05	0.56327332321177
AT1G44110.1	-5.28347959152321	4.02803372855225	4.12220270830953e-08	1.3710345666308e-05	0.292897234490938
AT1G44760.1	-3.29060491351129	5.85831409005377	5.36242420586954e-05	0.00732448150907238	0.258468776605902
AT1G49290.1.DE	-6.11026316144715	1.96404810294363	2.27917718694693e-05	0.00359306355026611	0.560315741809318
AT1G51800.1.DE	3.74728480351641	3.49435277925513	9.05817696425277e-05	0.0111280928083813	0.334364899946691
AT1G52430.1	-5.46786073240156	1.34303331828597	0.000290090085545577	0.0279562788094859	0.642333158715606
AT1G54280.1	-7.00476096781083	3.13554156810018	3.10831317070253e-08	1.07307626714646e-05	0.406553015326269
AT1G55920.1	3.73049461690615	5.02354099750143	1.20032018109539e-05	0.00203331256515619	0.27034374956166
AT1G58430.1	-10.2960101287459	6.44535674082997	1.97277690756698e-18	8.96725743334572e-15	0.27770160257318
AT1G59740.1	-2.98290162593511	4.90454653123242	0.000486443898809651	0.04265847090751	0.2904488399763
AT1G60410.1	-9.98182526526521	0.815411617721325	2.49587281100335e-05	0.00390247445263659	0.768649470007004
AT1G62180.1.DE	3.07984867802719	8.55091208512262	0.000227745443231465	0.0230048202713028	0.277143466850696
AT1G62360.1	-7.71889686000911	4.42598300238387	3.42912684909336e-13	3.59702217520474e-10	0.275496696343862
AT1G65060.1	-3.59813321218158	5.77793728073266	7.98350482106231e-05	0.0100802836567052	0.313303008350385
AT1G67000.1	5.45891376125536	2.94550463035791	5.93184778559931e-06	0.00116387974573129	0.438389608015871
AT1G68610.1	-5.32070567269462	1.87374617408471	0.000122491974583111	0.0141556085712084	0.564161229346667
AT1G69720.1.DE	3.20952698361903	4.18057774655804	0.000137175452013424	0.0152701473582127	0.275490160850136
AT1G69940.1.DE	-9.99796784884245	7.65817136939166	6.62565135810058e-19	4.51753473723693e-15	0.269047859612036
AT1G70830.1	-4.58903102598903	8.14061084884574	1.33925222532544e-06	0.000294559886623394	0.310695038190637
AT1G72290.1	-11.8398587110703	6.32950962123057	6.66766924570449e-21	9.09236716690493e-17	0.270562791602894
AT1G72670.1	-5.97537056053498	2.88260207504202	9.89334060451304e-07	0.000232604377850762	0.422312054766969
AT1G72910.1	3.77180779841683	5.52322342244158	6.8407336383481e-06	0.00132317254268559	0.261398623647238
AT1G72960.1	-6.05170509250484	3.04201011725121	3.35991726422946e-07	9.163502354733e-05	0.397608339946563
AT1G74490.1	-6.04433584462942	1.27928828041503	0.000132766261549317	0.0150872260468105	0.657056804728855
AT1G74870.1	-5.2254372900257	2.03672088446715	0.000295090553906186	0.0282386129006436	0.630854568149487
AT1G75050.1	-4.98429938260616	3.01101058488296	1.17216486507515e-05	0.00199802827282466	0.412268749364345
AT1G75240.1	-4.92025485970171	6.16867734344994	2.06066288591089e-08	7.58779856391483e-06	0.257508534523962
AT1G75890.1	-4.3891563491398	2.57898678396022	0.000166903919404282	0.0179211440705235	0.454116756685936
AT1G76420.1	-6.75107425785101	0.788981420238026	0.000264963912932988	0.0261824666573238	0.791706790109237
AT1G76930.1	5.04223433204725	3.85857351462759	7.34925771064981e-05	0.00940465722901787	0.514512010886056
AT1G76955.1	3.69966544902105	3.75791794409904	5.53509813991926e-05	0.00747320453316921	0.310709607147445
AT1G78050.1	-3.04589916780104	4.02148997624852	0.000491926505568638	0.0430009986742739	0.300206002265912
AT1G78950.1	-5.82826921121808	3.64546909314877	3.73155995624461e-08	1.25643005785999e-05	0.330455334042282
AT1G79530.1	-3.11505133591388	5.68034139509925	0.000146442840793298	0.0160399019958057	0.265689266547102
AT1G79860.1	-7.8029356083675	1.75361756768225	2.65753216525285e-05	0.00411811788312164	0.740341351083062
AT2G01913.1	-4.38702001512708	2.17208824366441	0.000422754907987554	0.0386866969641949	0.511847003334766
AT2G03090.1	-6.72076259310668	5.50237695802757	3.04058907613851e-12	2.59143705854768e-09	0.259797653502245
AT2G12505.1	9.0245395534769	-0.102145634249756	0.000436490769790309	0.0392884909719178	0.925430880055457
AT2G15390.2	8.14890852938779	4.04383335614417	2.04012434928705e-12	1.79484875413244e-09	0.312390386915616
AT2G15535.1	-10.7845387828497	1.59988148687201	1.13623965810726e-06	0.000256114290637192	0.655296882932366
AT2G16450.1	-9.36469462323726	0.221381367008745	0.000168130916122511	0.0179809665150341	0.862741048482263
AT2G16520.1	-8.84399605307741	-0.271450424399729	0.000550517016401494	0.0473635665246623	0.918049807730709
AT2G16592.1	-9.84907406620967	0.687317570551371	4.6648030196995e-05	0.00659853087362585	0.807233745060239
AT2G16850.1	-3.61306931879644	4.10455533450056	0.00010588043222316	0.0126099433538089	0.323927519780281
AT2G18420.1	-5.58992711011817	2.47123132242217	9.01777389989111e-05	0.0111280928083813	0.599823761210408
AT2G19800.1	-5.07691417735642	3.59576421076172	5.10836128424199e-07	0.000132686035528697	0.326944797389314
AT2G23700.1	-3.23925283795348	3.82219343745685	0.000273933002970196	0.0267776874193769	0.305660934703939
AT2G23770.1	5.12726663936072	2.87746616684916	4.88618041830928e-05	0.00679902033410964	0.495394600991659
AT2G25510.1	3.82405222914833	10.1728639560171	1.13799761108861e-05	0.0019643423321025	0.281926146062196
AT2G27650.1	-9.72530412337317	0.567226355891122	5.39808889129743e-05	0.00732448150907238	0.800463061738639
AT2G28740.1	-2.99384567076495	5.68524628621859	0.000290034101681247	0.0279562788094859	0.272287671728056
AT2G29050.1	-3.17071734482709	4.51522552491478	0.000140946476654819	0.0155628876834287	0.271579339445499
AT2G29550.1.DE	-3.47917677870971	7.25194862899294	0.000108283001340507	0.0127844255219032	0.308430799794963
AT2G30432.1	-4.76092427867734	3.50002681492091	3.58119168475986e-06	0.000751306467834273	0.348176139494424
AT2G31270.1	-4.38519889265969	4.21358411016776	5.25390018246417e-06	0.00105360014467901	0.321833844029315
AT2G31432.1	-10.4529212474022	1.27445888530034	4.13183368170375e-06	0.000853693181826564	0.694866194586372
AT2G31880.1.DE	3.42880565123812	7.02293471967439	6.52677525277768e-05	0.00864100686742746	0.283542129115764
AT2G32460.1	-8.07103970524794	3.73751269207654	1.74919041250926e-11	1.25541237158855e-08	0.331929756668099
AT2G32590.1	-5.6797931321193	3.06921314592715	1.2226436763203e-06	0.000271098869790923	0.407872004486934
AT2G33100.1.DE	-5.1269619005376	2.91544215380606	4.13129619608585e-05	0.00599323623169412	0.485593952258144
AT2G33190.1.DE	-8.99523115032827	-0.129617546405715	0.000371849867581058	0.034731032323761	0.893425975651521
AT2G34340.1	-4.58378745584158	2.4879881877176	0.000169319462801902	0.0179809665150341	0.484297642144704
AT2G36620.1	-2.93378638901497	7.08199875026459	0.000447936945564493	0.0397934342553108	0.280518301638087
AT2G37620.1	-2.83580394817929	5.84998515480546	0.000308951263143961	0.0293589818805758	0.250652347599955
AT2G38470.1	4.29575880922635	5.87467629486261	4.89785383997984e-06	0.000996859461028135	0.311999737196777
AT2G39030.1.DE	4.05527432414385	2.71483672318645	0.000439437520414061	0.0394236167574101	0.464709776739922
AT2G39855.1	-9.4575393965562	0.309275216218592	0.000120648389588706	0.0140018873585225	0.840170313667164
AT2G40205.1	-3.50036871784451	4.49229103664092	3.75144833161073e-05	0.0055304459647578	0.273509738549593
AT2G42885.1	-11.8034055799525	2.60604608360395	2.72424083315896e-09	1.28100379728869e-06	0.501441751921186
AT2G42900.1	-4.15118948501136	3.47776467268319	5.38173743108594e-05	0.00732448150907238	0.370456008827407
AT2G42940.1	-6.45357795480369	1.64237898750289	4.86601036709783e-05	0.00679902033410964	0.63941790105203
AT2G44450.1	-6.30056342880423	1.94394906369072	3.26131027432147e-05	0.00488712720393239	0.602627895855034
AT2G44830.1	-3.38782788751589	4.33684934070182	0.000100360889153086	0.0121112501321775	0.29032208780281
AT2G45480.1	-5.52282801040865	1.82432758821417	0.00012921635010427	0.0147452615748693	0.594951079796116
AT2G46770.1	-6.16427418815825	1.58667935277343	0.000237892330758585	0.0238530791793341	0.733118237388299
AT2G47230.2	-3.49607040596955	3.58270677661074	0.000147541089678867	0.016095552555247	0.31876284402092
AT3G01270.1	-8.43178264563579	7.84198317082628	6.68324984088901e-16	1.63568815245197e-12	0.265079850864083
AT3G02930.1	-3.13933965418343	4.19002945506641	0.000142175070291682	0.0156352447260687	0.266338412439867
AT3G03080.1	-6.71942470431699	1.91859025434909	8.41450535697462e-06	0.00152992536400513	0.567346537323645
AT3G03910.1	-4.11599889096794	3.90467322698695	3.81616419583077e-06	0.000794490428342692	0.281962120378386
AT3G04630.1	-3.02469832004144	4.48593817897272	0.000471247907556601	0.0415933468698743	0.295698067734187
AT3G05200.1	3.1370540833307	4.00940201393247	0.000275840293021936	0.0268678296842402	0.290013427840484
AT3G05930.1	-6.36567858216851	3.43019201708083	2.93841544953184e-08	1.02742826352669e-05	0.364230569428504
AT3G06100.1	-7.1355774961998	3.64308275778611	3.67622382744534e-10	2.0887844259566e-07	0.330170310740571
AT3G08770.2.DE	-8.87041567976631	9.06731151658994	7.25006967538717e-16	1.63568815245197e-12	0.284840373465982
AT3G09020.1	7.81458522986982	3.01564382046489	1.07390977939436e-08	4.30716785491507e-06	0.430758716719986
AT3G09940.1	5.57728798934591	1.77670874938657	0.000100950609853016	0.0121287488216798	0.58797875715512
AT3G10180.1	-3.63993582106948	3.06402468179537	0.000392985155034356	0.0363318106211932	0.385922618744744
AT3G10470.1	-5.63159382280514	1.3091258458338	0.00027124688661813	0.026679619294386	0.65884287672194
AT3G12660.1	-10.8982301763463	1.71157664009822	5.89452712354347e-07	0.000148853183555927	0.631633058537772
AT3G13227.1	-6.73710940950272	2.58909374659166	5.1020559958243e-07	0.000132686035528697	0.46326999328967
AT3G13450.1.DE	-2.79885173126902	5.0219240880918	0.000404117020064838	0.0372347415142849	0.253630712940732
AT3G13662.1	-11.2055588803063	2.01457475496971	1.35700400837957e-07	4.15837868770066e-05	0.592455585989134
AT3G14395.1	-5.20422861258435	3.41221109919427	1.14574998505252e-06	0.000256131470019159	0.3602132041336
AT3G15720.1.DE	-5.27236670308195	1.5625138779245	0.000574502034685843	0.0491172225454138	0.701132904624823
AT3G15830.1	-9.25547739066029	4.10337288278427	4.47943055996272e-13	4.52472258006901e-10	0.331400335169394
AT3G16490.1	-8.17720555287176	2.1259573334308	8.35382261734357e-07	0.000201622835613107	0.573737110847446
AT3G16660.1.DE	8.37709527456467	4.40852691320275	1.35043180375764e-14	1.93843824125695e-11	0.270241769734545
AT3G16720.1	3.27171073630732	4.11964238118737	0.000219905955107534	0.022378713110626	0.302109701791923
AT3G17060.1.DE	-7.09266773535547	4.05073218120218	5.12903563724033e-11	3.54942483327237e-08	0.306150378633274
AT3G18220.1	-7.7253505856263	2.21988429475629	4.82332021735856e-07	0.000127714963386427	0.52421088008367
AT3G20190.1	-6.64653137420475	2.93082978505527	1.98813028360662e-07	5.83035238976381e-05	0.429938942167921
AT3G21980.1	-9.96782474976438	0.802036155214102	2.77596449312042e-05	0.00425330784386929	0.775688929429491
AT3G21990.1	-9.71769267825438	4.21203011801297	2.34699299436833e-15	4.00059624596297e-12	0.288367492720924
AT3G22060.1.DE	3.38261129176524	4.03274702397855	0.000123520365118161	0.0142142232821418	0.295715891219483
AT3G24340.1	-4.85744569546621	2.21460899689792	0.000164250876419356	0.017785324131167	0.527936417151876
AT3G25165.1	-7.10741739893742	2.54243044081071	3.31116107247976e-07	9.12174706361016e-05	0.474941791121618
AT3G25260.1	-6.57193373132633	1.75780650131183	2.50406273314782e-05	0.00390247445263659	0.611032700127037
AT3G25265.1	-9.17071645281344	2.27779236208321	2.03145673578786e-07	5.8940339952279e-05	0.571861970670558
AT3G25760.1.DE	2.76814426305239	5.17934781134238	0.00043441947414472	0.0392315308554601	0.251684107618429
AT3G25810.1	-11.4128381090379	2.2190398666825	3.49622102139906e-08	1.19190544895771e-05	0.555527954742553
AT3G26050.1.DE	-5.12405885989646	2.76454839599332	5.00049857175006e-05	0.00692277144910352	0.493516446947585
AT3G26125.1	-7.08689204017823	5.44511844259087	2.12921099001338e-13	2.63954415139249e-10	0.250348857924282
AT3G26320.1	5.13549852949205	2.01370906678879	0.000134716372879185	0.0152136620515819	0.5503734924718
AT3G26690.1	-3.72616314944787	3.12927740253805	0.000271951533158776	0.026679619294386	0.380929557648284
AT3G26830.1.DE	4.39001856602373	2.2455427701603	0.000447707439644674	0.0397934342553108	0.521834946555348
AT3G27060.1.DE	-3.44089290258082	5.74510438160874	9.57524870817727e-05	0.011658292768666	0.297561147519456
AT3G27415.1	-9.97163135486658	0.8048280504277	2.88082922779685e-05	0.00438932153797227	0.780140651820077
AT3G28315.1	-10.3618580850597	1.1851039186609	6.23973819560966e-06	0.0012155455700633	0.712106034315314
AT3G28750.1	-8.1752822975716	7.69763159879878	3.12953828430363e-15	5.02069986045959e-12	0.267497003846323
AT3G28890.1	3.35738897780312	4.56726243884326	0.000165598632846863	0.0178512708048715	0.304865824254425
AT3G28980.1	-9.98341294762823	8.71351662169586	1.45624357591245e-18	7.94322620917207e-15	0.277196396857668
AT3G43860.1	-7.18386585941189	4.87830155524819	4.8128778620757e-12	3.75033194092545e-09	0.285824534760715
AT3G44050.1	-4.86313733471141	4.1479818617608	6.99849222708165e-08	2.24552798246115e-05	0.269829133689174
AT3G44070.1	-9.46465663881442	0.315948236958239	0.000120145264940931	0.0140018873585225	0.841267602950691
AT3G44860.1.DE	4.34918229383094	6.26508543471133	2.99781903491666e-07	8.34280801421245e-05	0.254521545931877
AT3G45780.1	3.21601821442459	8.72633350751692	0.000176084744066352	0.0185419275093499	0.288044364259449
AT3G46320.1	-4.06549604175012	5.06249023916489	1.41264540914855e-05	0.00237821470640175	0.315473436655036
AT3G46900.1.DE	4.16814347557612	3.22710889255061	8.4373143196942e-05	0.01045958515641	0.392267333187899
AT3G48490.1	-5.27359351941241	1.82862694598671	0.000180742924600864	0.0188865968683501	0.585392317393113
AT3G50740.1.DE	6.61227803273708	6.1615989711518	1.2321839936834e-10	7.63758046811988e-08	0.298863895326606
AT3G50840.1	4.64004895441173	3.8278236779737	7.91878409606336e-07	0.000192829463082086	0.297881816748793
AT3G54250.1	-3.01006205673852	4.53123030848682	0.000195560734693216	0.0201265204425965	0.25929436504698
AT3G54700.1	-8.94311997215051	2.90732445438563	1.21715028341862e-09	6.26327163767474e-07	0.426614279481568
AT3G54710.1	-4.6939736868841	2.9235529058375	3.79374894762588e-05	0.00556273736820433	0.42631910348669
AT3G54750.3	-3.61730673367998	4.07694398625789	4.68154705260024e-05	0.00659853087362585	0.294771660145039
AT3G54820.1.DE	-3.20054460341946	5.36089907548718	7.37944724456358e-05	0.00940465722901787	0.255698767852399
AT3G55780.1	-7.01681501104724	1.01649337377267	8.05652372678434e-05	0.0101256023779073	0.713967841527695
AT3G57920.1	-5.37456452240526	3.20296353908284	9.41864237338007e-07	0.000225328625832627	0.367481556871106
AT3G58260.1	-9.49050977871285	0.341378072564035	0.000112265692082855	0.0131408678977499	0.837896891474217
AT3G58480.1	-8.71673975122001	2.66097428568535	2.39388526116934e-08	8.59058325366729e-06	0.489081363709287
AT3G58650.1	-5.39223788540796	3.28523343954325	1.11953440520223e-06	0.000256114290637192	0.377216768608273
AT3G59455.1	-11.1300661463987	4.22939662054005	1.1201573840054e-15	2.03667015559861e-12	0.308419398389726
AT3G59530.1	-5.08842056479329	6.19488904946886	8.42723171918248e-09	3.53593677965021e-06	0.256919074018682
AT3G59845.1	-7.79856652311409	2.27105524006311	9.58575746418445e-07	0.000227332489844089	0.560374897559047
AT3G61250.1	-5.06708326546247	3.30621676840083	1.6014305837794e-06	0.00034814361518564	0.354695431226883
AT3G62230.1	-7.20247759670963	5.44477817851581	2.72401089647806e-13	3.23008474694113e-10	0.258531690322266
AT3G62570.1	-4.37052484264088	3.11180001395298	6.32175447771182e-05	0.00841040048149437	0.407266322978248
AT4G00050.1	3.0260657575369	4.95164756767936	0.000257797457505124	0.0256602556880922	0.271891263152719
AT4G01525.1	-4.19071063387202	4.54516659871175	2.20066436400128e-06	0.000472588340152811	0.278583174443936
AT4G02060.1	-4.36207151128172	4.53669121172578	4.42705256137124e-06	0.000907812063956976	0.314880702710604
AT4G02250.1	-8.33678802887827	4.72619371555911	3.91851557120663e-15	5.93720417630657e-12	0.259983526761004
AT4G02410.1.DE	3.90525844712384	5.49192999834956	4.17895698529505e-05	0.00603030126243132	0.331624971620628
AT4G02700.1	-4.49176272994096	2.4558307798416	0.000184034381429412	0.019157136201238	0.476557825569805
AT4G03100.1	-4.82450857268738	3.66436318795269	1.14805050026787e-05	0.0019692315279123	0.397431355141003
AT4G05590.2	3.45252987444131	4.00813245868074	5.30655234733504e-05	0.00730937384691255	0.276922946982716
AT4G10115.1	-10.7968529064331	1.61193690317054	1.01228713163628e-06	0.000235966725992446	0.649685276667186
AT4G10120.1.DE	3.00991015385193	8.60803341106222	0.000376952163187472	0.0350874278041362	0.285869348106853
AT4G10603.1	-7.11586531358028	1.08393600069419	0.000136772441996831	0.0152701473582127	0.777324583470525
AT4G11320.1.DE	-6.1904551958206	6.85415829792468	1.30862708827123e-09	6.60929381081873e-07	0.308061195743579
AT4G12960.2	-10.2415773172181	5.11361244900192	2.49517257785936e-17	8.50635521449479e-14	0.278130740370892
AT4G13770.1.DE	3.47072693962026	8.04151141890648	3.35755196428885e-05	0.00497665840880706	0.268807299467914
AT4G14330.1	-6.52428921399749	4.22202693122286	8.8572599389568e-11	5.75152500750402e-08	0.282515586872246
AT4G14400.1.DE	5.93441369582493	9.67152582673021	9.37595601091106e-09	3.87440073159966e-06	0.324376626752057
AT4G14730.1	-10.83549589096	1.64964541557289	7.66072504504705e-07	0.000188226084823034	0.638377771224535
AT4G15160.1	-6.78582325084734	3.32826873485992	4.24441054973689e-07	0.000114611692002945	0.475560451894087
AT4G15210.1.DE	-4.01843068029705	7.88205020081751	8.06156737189857e-06	0.00148556166847155	0.295154248565143
AT4G15650.1	-9.40665932490222	0.260559268446157	0.000134994544658923	0.0152136620515819	0.843917934999281
AT4G15980.1	-12.6032437465096	3.40048222463981	1.93553082044197e-12	1.7595910688638e-09	0.390446419220935
AT4G16260.1.DE	7.71714732397093	3.18251057132096	5.65770882125188e-09	2.48875310777423e-06	0.413635415560081
AT4G17000.1	-5.50107268226518	3.08083668937784	1.12058842153083e-06	0.000256114290637192	0.383615777709212
AT4G17030.1	3.73153864069878	4.55179271082669	6.96290119238932e-06	0.00133657524464164	0.256079322930277
AT4G17690.1	-9.47947723535987	2.58451290978225	9.56398996984711e-09	3.89311490220359e-06	0.488359506092406
AT4G18960.1	-8.01337186916001	5.53802941207659	2.91097833486513e-14	3.96955560633883e-11	0.273571195504139
AT4G19038.1	-5.92841575914318	0.862028385815452	0.000364698568023604	0.0341801513598205	0.716072849297316
AT4G19170.1	4.78406083077498	9.31439970607501	1.05192929900217e-07	3.26955607371796e-05	0.275013544297933
AT4G19370.1.DE	4.07585813212054	2.68562100369978	0.00042252678766173	0.0386866969641949	0.461467492986569
AT4G20160.1.DE	-6.96863602532144	1.90779809370035	1.98478593847264e-05	0.00316555946783416	0.650452133181266
AT4G20680.1	-9.65106211694718	0.495888647281387	7.31541760046513e-05	0.00940465722901787	0.819066281851005
AT4G20710.1	-9.49793603776852	0.348510041518881	0.000108765371309583	0.0127860257401994	0.83570019682676
AT4G20900.1	-7.09989238308912	0.257751925807987	0.000534061341163937	0.0460932118910255	0.867017769983285
AT4G21690.1	-9.44802974649275	0.301070664491653	0.000136898747699349	0.0152701473582127	0.853935625269211
AT4G22690.1.DE	4.18850623162154	7.24377433037697	7.95030799295718e-06	0.00148512842391727	0.31443748442021
AT4G23150.1	6.96912269953737	4.18963493552875	1.57256015810441e-11	1.15914684302653e-08	0.283393808748396
AT4G23160.1	6.58854095355008	3.12749088333671	1.05496621012423e-07	3.26955607371796e-05	0.411301784207265
AT4G24640.1	-7.44827100245343	4.15715814320368	6.78347329775018e-12	5.13904631248724e-09	0.294745262840417
AT4G26760.1.DE	-3.7291908287974	5.43338492289071	5.41276998075295e-06	0.00107753631886916	0.251182687060583
AT4G26770.1	-6.17564279917928	1.1399918583376	0.000387930839996756	0.0359865231266379	0.780983033402078
AT4G27330.1	-9.4600162026447	2.56519828593163	1.14226579037464e-08	4.48870168386817e-06	0.492220094339867
AT4G27370.1	-3.7400878101116	3.65671095873924	7.46897801335062e-05	0.00947448545851681	0.326821725057218
AT4G27420.1	-9.35286303015433	3.86465358921862	3.3260666842788e-13	3.59702217520474e-10	0.326442008324889
AT4G28088.1	-9.67663427415968	0.5206945140559	7.12316845996738e-05	0.00925096063850906	0.821367280875182
AT4G28580.1	-7.64413746316128	1.62685171106209	5.88727363107856e-06	0.00116350444739424	0.61569854980092
AT4G29700.1.DE	-4.82098910285233	5.76738089983534	2.98172932500048e-07	8.34280801421245e-05	0.297433455490133
AT4G30140.1	-7.41670053734768	3.40895744002176	5.86659640020277e-10	3.26529966577e-07	0.350747095334291
AT4G32280.1.DE	5.93627069655159	3.38044268392128	2.22056209528601e-07	6.37488316049845e-05	0.383338082505347
AT4G33130.1	-3.9517134535956	2.79952930559806	0.000358535486092906	0.0337184079731442	0.431303468490388
AT4G33465.1	-10.1499740636831	0.979086268026698	1.59120829300273e-05	0.00263012265303414	0.755329016670121
AT4G34950.1.DE	3.61321983090478	5.70603172112039	4.69370802435895e-05	0.00659853087362585	0.296562050232946
AT4G36880.1	-7.1277324280212	3.43107209326934	1.12965652423862e-09	5.92483122799226e-07	0.348436967861474
AT4G37420.1	-7.00959092186316	0.980674285537634	0.000139579094109445	0.0154745554213288	0.760589059035463
AT4G37810.1	-5.98179991827447	2.48985931706394	1.12337794006201e-05	0.00196396708713533	0.528361250015142
AT4G38550.1	4.510898205154	6.52152753249036	8.33927148726673e-05	0.01038524891654	0.448885815593671
AT4G38660.1.DE	-4.77141138048846	5.58161049596487	2.45097035497471e-06	0.000522229019462698	0.344531444647413
AT4G39130.1	-10.1320891288582	0.960846394195833	1.68264130614215e-05	0.0027315878775247	0.757759184668853
AT5G01690.1	-9.22284237786157	2.35775411212588	5.88644471617328e-08	1.9112024612404e-05	0.529597464961513
AT5G01910.1	-6.11481683445558	2.39022592359828	1.13369047983508e-05	0.0019643423321025	0.529762050732373
AT5G02110.1	-6.7094105744433	2.68805966343933	1.60840741808348e-06	0.00034814361518564	0.504520556257143
AT5G03620.1	-6.53073963818093	3.6793107822383	1.11153005115421e-09	5.92483122799226e-07	0.314729525521071
AT5G03640.1	5.39044284859489	1.81970104307363	0.000245781098440213	0.0245538018232964	0.627160287218035
AT5G05070.1	-5.78778194311697	1.01547295841718	0.000337786774965967	0.0318770197704042	0.694287253052922
AT5G05270.1	-3.60565485939044	6.77910472930042	0.000189413039822622	0.0196420602094387	0.350584908266498
AT5G07180.1	-3.23024762195356	5.05867977065797	6.80886630798835e-05	0.00893065424021322	0.256805260361551
AT5G07530.1	-11.0820116214859	10.0475039137407	4.41957333190637e-19	4.01783411603608e-15	0.30667872145377
AT5G07550.1	-11.0885142771099	9.16786014784696	2.7078839975242e-21	7.38521202644776e-17	0.270892348413075
AT5G08000.1	-7.00074004321944	5.79318796054303	4.55153697747117e-12	3.65100199960503e-09	0.279114935433502
AT5G09570.1	-3.59633309999423	3.08928968226212	0.000425549411112033	0.0386866969641949	0.383796468602517
AT5G10420.1	-6.44182898158156	0.96671164503792	0.0001700982422498	0.0179809665150341	0.713596436172151
AT5G11920.1	7.90405135760552	3.36761016678775	6.29178445729451e-09	2.68118496099677e-06	0.431416112398578
AT5G15510.2	-5.55736772498263	3.18558798793446	4.67593336258401e-07	0.000125026206468386	0.368965186975905
AT5G17340.1.DE	-12.7942321063722	3.59063071863724	3.98371602619076e-14	5.17370891344289e-11	0.341802512076773
AT5G19473.1	-6.43209508590432	2.0863273297517	8.76873448124057e-06	0.00158377281792632	0.544585750579253
AT5G19600.1	-6.77540034445758	3.65718726550141	1.58803838146789e-09	7.87464923232249e-07	0.339293394093516
AT5G20330.1	-8.7479172214324	2.69178196478546	2.08662373883919e-08	7.58779856391483e-06	0.487453713689793
AT5G23010.1.DE	5.44458432200651	7.34221976752277	3.54929603419457e-09	1.61155309282383e-06	0.270846334811844
AT5G25880.1	-5.48706599123477	4.29916344198898	3.60447103957224e-09	1.61155309282383e-06	0.268788539759815
AT5G26150.1	-7.28939614320012	0.475282923850685	0.000259209301313489	0.0257069646353555	0.818811280103814
AT5G26850.1	-3.71700024819592	7.16242438605549	9.72582212453234e-06	0.00173367546929654	0.265150677281289
AT5G27200.1	-7.42954567582879	0.573299940725003	0.000194084214859464	0.0200502226964476	0.8055241351116
AT5G28970.1	-7.36445855092928	0.547037667564108	0.000206295854910774	0.0211515295149682	0.807220391722027
AT5G32481.1	5.36690687638878	1.89394034567138	0.000285722361776687	0.0277313379812654	0.635413208042428
AT5G33300.1	-4.92522104248204	3.03045636374505	1.64672225452778e-05	0.00269521816130117	0.419161395996569
AT5G38390.1	-8.92262067320672	-0.19786628811373	0.000441962132471932	0.039520108980023	0.903601278841522
AT5G39650.1	-8.28292648355395	1.40283813961214	9.52761727021339e-06	0.00170951780138506	0.676700780938508
AT5G39670.1.DE	4.24403028810696	3.01727828293947	6.16945020849034e-05	0.0082480105654979	0.387834785000417
AT5G41761.1	4.79024489553252	2.40487681630222	0.00012789174082	0.0146554262495121	0.498217084090185
AT5G42170.1	-10.0678120775559	4.57522506231076	8.23391419916981e-16	1.63568815245197e-12	0.294912875873449
AT5G42610.1	9.83416021518193	0.672530459620793	4.67728913225352e-05	0.00659853087362585	0.804206776958724
AT5G42880.1	-4.77992917574241	3.32555576696304	7.15741587574706e-06	0.00134623588399483	0.373642270569325
AT5G44568.1.DE	4.69474686461588	2.73863100091372	6.92121511947092e-05	0.00903168899298231	0.454673984993761
AT5G44630.1.DE	-10.2604776251837	5.69889802389833	7.89172370637383e-18	3.07472829491334e-14	0.278787444254073
AT5G44700.1	-10.1880161776844	4.14467515191739	8.39644855143458e-16	1.63568815245197e-12	0.286869273295099
AT5G45380.1	5.06208034579486	6.63155572801301	5.86796860394092e-07	0.000148853183555927	0.336744450202529
AT5G45700.1	-6.03028012706355	3.25616949799544	3.35338562174752e-05	0.00497665840880706	0.600442264231214
AT5G45875.1	-9.52363417603614	0.373440291377559	0.00010750782954537	0.0127480914573516	0.838906182686139
AT5G45880.1	-8.35876891248429	6.32632842595328	5.33807431977822e-16	1.45585300923312e-12	0.256271863446355
AT5G45960.1	-7.75163487352547	5.42656402452342	5.65671797621453e-13	5.50984533447496e-10	0.291296265416323
AT5G46795.1	-11.3616167202367	2.16869741986891	4.79785591814315e-08	1.57652921030745e-05	0.563193452553303
AT5G46970.1.DE	-10.2834496521139	1.10932588668508	1.09887750815948e-05	0.00193352814709894	0.745099097730042
AT5G46990.1	-10.9077172191083	1.72105799209937	7.20367758562981e-07	0.000178605362538983	0.643883160615294
AT5G47220.1.DE	3.73150768752838	4.32668400865393	8.4115471516517e-06	0.00152992536400513	0.260124736737626
AT5G47600.1	-8.76712608936238	3.65903210813321	3.93937777942124e-12	3.25571667206532e-09	0.335956059804856
AT5G48310.1	-5.53166033592192	3.5691088619662	5.76374789315088e-07	0.000148296883292362	0.371904121462185
AT5G48600.2	-3.7123192458412	4.78829134125231	4.94951133834389e-06	0.000999911279486318	0.246940436399137
AT5G49180.1	-8.89993194285028	2.86452621920385	1.94395278329901e-09	9.46739718909177e-07	0.434826086286839
AT5G49270.1	-7.19232791820924	1.69583739242722	1.04869873237519e-05	0.00185721821610835	0.616200704348074
AT5G49920.1	-6.30876122407337	3.13305583506556	8.37098717292127e-08	2.65467364147769e-05	0.382076838623104
AT5G51480.1	-6.7905790622806	2.02026314120623	8.05300797116552e-06	0.00148556166847155	0.578798010224117
AT5G52390.1	-3.59807860424769	5.23088835630184	1.42993643300682e-05	0.00239255560352117	0.259829438595649
AT5G52760.1	3.8737033951899	2.76831969220036	0.000468284701075501	0.0414660021182862	0.43389484052005
AT5G54510.1	-3.33772068355586	4.69713630629629	4.44736292754257e-05	0.00638383837488782	0.257887076634515
AT5G56970.1	-7.49138438813611	2.94730604136945	1.55187009498316e-08	5.87835459728831e-06	0.419392413026751
AT5G58670.1	2.96085975824222	4.11483961641193	0.000505630814129005	0.0440577290534835	0.287597091528378
AT5G58770.1.DE	3.14379726060131	5.35887943959846	8.32453360816085e-05	0.01038524891654	0.251557931458616
AT5G59080.1	3.52489697822214	3.84180271737854	5.95446225139918e-05	0.00799980536859161	0.29034438008454
AT5G59970.1	-3.4207119019436	5.71391243577585	9.85910938052103e-05	0.0119505551171089	0.295774535379162
AT5G61160.1.DE	7.36851479997581	0.586272131467511	0.000235430850985847	0.0236933785938635	0.829781442840642
AT5G61620.1	-9.90467046808551	0.740531124867506	3.03292696511676e-05	0.00459538983997941	0.774198287263571
AT5G61850.1	-9.90541052705537	0.740869373013002	3.10493248220027e-05	0.00467849854072088	0.776425484228334
AT5G62310.1	-6.23777678595379	2.6735505423418	1.13628237330328e-06	0.000256114290637192	0.450874159367801
AT5G64770.1.DE	5.1321255841503	5.90079113657917	5.78477315822324e-09	2.50425584673369e-06	0.254272231145074
AT5G66170.2.DE	-2.95677212793397	3.96854793635699	0.000522251378259004	0.0453610249657893	0.287686503431257
AT5G66230.1	-6.39428460643531	4.26420170043809	3.61173202905692e-10	2.0887844259566e-07	0.29387439047554
AT5G66690.1	-4.80733847906939	2.1707388671271	0.000424760735413609	0.0386866969641949	0.581533044536044
AT5G67260.1.DE	-2.74142348049194	5.97541827808966	0.000562556077235182	0.048247144322123	0.258129964788421
