logFC	AveExpr	t	pvalue	padj	dispersion
AT1G01030.1	-2.54053158187695	1.46421563916387	-6.53504072531042	0.000707496748898388	0.0227068754212457	0.388755279219208
AT1G01180.1	2.94095287083727	2.40184764772341	8.16688088200338	0.000217449832466623	0.0102403066467364	0.360107232287174
AT1G01225.1	-2.23106597306215	1.65354541327964	-6.53172145705728	0.000709363271541844	0.0227068754212457	0.34157396143272
AT1G02040.1	-8.88791565942558	-0.987607975063039	-15.3175900050823	6.61079021944927e-06	0.00253261955066509	0.580242430857375
AT1G02670.1	-3.96949735138267	0.925763506110153	-8.54310390325987	0.00017048020601902	0.00904893522908866	0.464643459371715
AT1G02730.1	-5.4891063202829	4.19991189378234	-13.2325364601618	1.51116986716169e-05	0.00295780018791335	0.414818907683234
AT1G02980.1	-5.63521731162571	-0.844334958957636	-9.63607456849636	8.83696022339507e-05	0.00618343282701815	0.58480424487884
AT1G03110.1	-2.92218576254165	3.0387090496857	-9.56304393976667	9.21401310165256e-05	0.00628341049260943	0.305570671947885
AT1G03380.1	2.26860424976826	5.94736704955088	7.67042597446309	0.000304383537230032	0.0127097036990051	0.295759877915653
AT1G04030.1	-2.48740531027707	2.46933709101744	-8.01631368827933	0.000240345945916148	0.0108560103936645	0.310292911056351
AT1G04110.1	-2.941960078179	1.40002464211072	-7.71727346578576	0.000294645431611818	0.0124659352147852	0.381217549335536
AT1G04450.1	-8.98989567196528	-1.73276998206353	-15.8200472043592	5.50466644413128e-06	0.00253261955066509	0.568259724881738
AT1G05000.2	-2.82890867342755	0.551596223538293	-6.30013806957778	0.000854791058151027	0.0259475347054246	0.44902328205914
AT1G05470.1	-1.61912285146803	3.74754082475821	-5.44916775793857	0.00178075928668266	0.0443772771840413	0.297132135289691
AT1G07010.3	1.60628126867157	6.38117730418765	7.36136768601461	0.000378830562121014	0.0146152577470165	0.218204189382258
AT1G07020.1	-1.80716599924174	3.17857445354615	-6.99911368846768	0.000494476932763357	0.0174319353970422	0.25819926346094
AT1G07070.1	-2.42838087343025	3.36725447019001	-7.40460263706098	0.000367242687830428	0.0143461332730431	0.32795559633084
AT1G07340.1	-9.45120344079032	0.45174008209587	-16.9362719039058	3.73614681768137e-06	0.0024281438897673	0.558045093655512
AT1G07645.1	-7.86038154800418	-1.50001831130978	-13.5622365468532	1.3155439563564e-05	0.00287431057441125	0.579578561459907
AT1G07750.1.DE	-1.50698961018376	6.33797758120183	-6.32117624366543	0.000840246426831368	0.0256302440911711	0.238403352808576
AT1G07830.1	-2.14023740985162	3.83795184704937	-6.1427454562472	0.000973291695148176	0.0284341122511862	0.34841707589804
AT1G08930.1.DE	4.70560084828909	4.74634026683691	11.5862879570554	3.18281163689436e-05	0.00373534605745783	0.406135327011584
AT1G09070.1	1.79430247731343	6.83277685073345	7.93998270409995	0.000253014993679241	0.0112925219269191	0.225983172027177
AT1G09080.1.DE	2.51749273740187	1.66526687727095	7.17929472954369	0.000432509217682189	0.0158418093572092	0.350660173769169
AT1G09200.1	-4.64353301213699	4.8456080876607	-11.0445521393428	4.15614917739801e-05	0.0040886933530528	0.420436515084739
AT1G09380.1.DE	-9.4794066606017	-0.692752244703639	-15.903856849726	5.34199088464836e-06	0.00253261955066509	0.596044516130378
AT1G09470.1	-4.68701637734105	1.72980867751476	-12.1994192038342	2.38548627647843e-05	0.00339791716838	0.384199960590579
AT1G09610.1	-5.50638251073156	0.358650189742869	-6.62572997863398	0.000658625588773978	0.021524581380758	0.831060506312212
AT1G09690.1	-2.59098545190959	7.45013490094061	-9.99609787406674	7.22133729667193e-05	0.00547132773405103	0.25919968817347
AT1G10050.1	1.89057888772132	3.94010721808467	7.52330974535775	0.000337477778379823	0.0135786026889869	0.251296165080521
AT1G10070.1.Hnull	2.15121650330339	2.12755577441949	6.69793802637721	0.000622486059039721	0.0206539308684	0.32117593426987
AT1G10155.1	4.60052925039968	0.0503982240074171	9.05249145363549	0.000124417264439282	0.0075530703623653	0.508205865088346
AT1G11125.1	-4.02868076312416	0.293455146604183	-8.15076380155666	0.000219775836440266	0.0102982243558917	0.494270336033384
AT1G11530.1	1.86591565844757	3.65064280153595	7.64469413006094	0.000309890788140118	0.0128729468333607	0.244079831933406
AT1G11670.1	-2.40258109125764	3.06087168367053	-5.81584732189898	0.00128523729582582	0.0351114412462193	0.41310938170797
AT1G12000.1.DE	-2.72707471057997	5.67851855766957	-9.55744802124905	9.2436685868467e-05	0.00628341049260943	0.285335029237604
AT1G12150.1	-2.37453907674204	1.48574522512466	-5.93720006995463	0.00115764257407126	0.0323211054484383	0.399942573732435
AT1G12380.1	-2.58518104403952	4.40765129636753	-7.23936399470548	0.000413881533143231	0.0154302262058756	0.357100574847487
AT1G12600.1	-3.83175354590192	0.797354839091794	-8.18120334324024	0.000215406760834011	0.010221381815104	0.468360629254855
AT1G13170.2	-1.72584956327582	4.57550657387891	-5.68026330535023	0.00144731579136182	0.0381441048973515	0.3038326694557
AT1G13710.1	-8.51281930262257	0.225904419085232	-15.0780036759419	7.22863722123447e-06	0.00253261955066509	0.564585304897189
AT1G13960.1	1.71293276497737	4.25971074515212	7.5491286530845	0.000331379397530741	0.0134099282999919	0.226904699031388
AT1G14180.1	-3.21993664000461	2.63634476823297	-10.2448420781281	6.30504050246191e-05	0.00515094395831562	0.314298318651384
AT1G14820.3	-1.73100314262602	4.5995086610536	-7.13808164867598	0.000445850777046405	0.0161651971999659	0.242502569713124
AT1G15125.1.DE	8.17744428314052	3.98486305636767	18.0144124366645	2.62865384248446e-06	0.0024281438897673	0.453938995340035
AT1G15990.1	-2.66311536946634	0.060093020858378	-5.32513142885773	0.00199561051529621	0.0483838988160203	0.500103219055683
AT1G16630.1.DE	-5.9567609676534	1.76825432015406	-12.1154666832478	2.47955060977979e-05	0.00339791716838	0.491665828761668
AT1G17147.1.DE	3.53453682884233	-0.110549031902151	6.09203105893008	0.00101542601464369	0.0291295493361144	0.580190218114726
AT1G17350.2	-1.91566148859679	2.81978035720966	-6.37838464712284	0.000802115398528318	0.0248298984157283	0.300336463631259
AT1G18080.1.DE	-1.63555598756387	7.99400467479508	-6.61014548154305	0.000666739708850157	0.0216746167037463	0.247431163524417
AT1G18810.1	2.14013739324519	4.05172366436876	9.04103374897553	0.000125280107096425	0.00756917431621169	0.236713793208404
AT1G19020.1	3.99344339215526	0.487277696669144	7.8756976147577	0.000264288120063332	0.011629915166253	0.507059004483899
AT1G19090.1	-6.95732672385824	-2.74986228486123	-11.2371001970214	3.77497340651016e-05	0.00391321463549629	0.619138977305051
AT1G19570.1	-2.04615814581534	8.79538324295876	-7.17441825947494	0.000434063513804958	0.0158678082186676	0.285201959491708
AT1G19780.1	-6.36966832027149	-0.477348306358408	-11.0032787052273	4.24359151424147e-05	0.00411461447634981	0.57888821058813
AT1G19840.1	-1.97905124683197	1.78868051408177	-5.69610534181048	0.00142721605519462	0.0378776690354616	0.347439369195889
AT1G19940.1	-3.36314457155464	1.90567843858853	-7.21729816265279	0.000420614307646397	0.0155577614973933	0.465983875927122
AT1G20135.1	-9.9552412309382	-1.25071582131075	-17.261626583925	3.35257095414751e-06	0.0024281438897673	0.576726717064375
AT1G20180.1	-5.68400531551261	-2.19940415366951	-6.36167567134838	0.000813042392337216	0.0250367615735542	0.893476123140345
AT1G20510.1	2.20980844407832	5.93163272953721	9.98336355681148	7.27227233481794e-05	0.00548779105105338	0.221349090564833
AT1G20930.1	-5.41982505066065	2.12925906696985	-13.2870670959737	1.47658352608876e-05	0.00295159621863913	0.407902286600402
AT1G21250.1.DE	2.61020540239836	7.33681810182386	9.78052997149797	8.14275027008013e-05	0.00588470298364637	0.26687770601439
AT1G21270.1	3.8604917088542	5.50113252932165	12.7065843690482	1.89825586571843e-05	0.00315879810111699	0.30381820926306
AT1G21830.1	-1.26202307746694	3.66699878168083	-5.31454351182764	0.00201528521559479	0.0484280059219262	0.23746594127196
AT1G22190.1	2.19161702341287	3.84451882544705	8.85419993243286	0.000140380163712536	0.00799316144290471	0.247522875035269
AT1G22350.1.DE	4.38441773077732	2.2924428774027	10.8819066216555	4.51342854704869e-05	0.00425405880105774	0.402908964689343
AT1G22400.1	-1.71870475190574	2.89398944173994	-6.20372107265788	0.000925269357929705	0.0274970384889146	0.277044169422883
AT1G22710.1	2.09506389779509	7.37538853187673	7.86727330672077	0.000265808143596132	0.0116694743415218	0.266301146040692
AT1G23060.1	-2.07755277847107	3.7630654391953	-8.66690997887249	0.000157681454672243	0.00861289108514957	0.239710898525029
AT1G23410.1	-4.62672315137675	1.11540540848757	-10.0314420030051	7.0821285012597e-05	0.00538757872626193	0.461222140345397
AT1G23570.2	-10.6757788465735	1.30580107603463	-17.2444307957806	3.37165351779542e-06	0.0024281438897673	0.619085603520512
AT1G23670.2	-9.76081817453109	-0.183506097561316	-15.6553337577346	5.84156687243089e-06	0.00253261955066509	0.623481959923641
AT1G24090.1.DE	-3.05925910572667	0.300775114489646	-5.51197196618711	0.00168214754654388	0.0425977795142311	0.555020802807694
AT1G24148.1	3.61176174070923	3.91842211187717	13.5257843415977	1.33565274839079e-05	0.00288470288991529	0.267027896460059
AT1G25230.1	-2.5315154531777	4.14601877100307	-5.6801932726021	0.00144740536411983	0.0381441048973515	0.445674175452485
AT1G25340.1	-5.64976938647657	-2.21523927086362	-7.89089224490636	0.000261571905002668	0.0115374086737092	0.715986128200337
AT1G26770.2.DE	-3.44265650136493	3.67437702753414	-8.90116786282143	0.000136393980361327	0.00795878740967649	0.386764585773546
AT1G26810.1	-1.64711148031375	2.70818299741951	-5.82079928690478	0.00127972450372435	0.0350525122813127	0.282969983867903
AT1G27770.1.DE	1.44148786557003	5.93117466645623	6.72442356258249	0.000609807775205339	0.0203861981264418	0.2143660125146
AT1G28390.2	-2.35315810957406	1.08207264043903	-5.70463951200594	0.0014165210551782	0.0377003266668532	0.412499002719036
AT1G28610.2	1.62473298438322	4.1950891019348	6.26636757066296	0.000878748726941909	0.0265461231177467	0.259278276619086
AT1G30250.1.Hnull	1.74494265359134	3.21079164790005	5.79526226105127	0.00130844784902109	0.0354952758981736	0.301098134129102
AT1G30440.1.DE	-1.42704513224596	5.87152489431983	-6.69637177432046	0.00062324527953075	0.0206539308684	0.213107213927169
AT1G30650.1	-5.39520178680355	-1.1566180397862	-5.90656583291039	0.00118842291912575	0.0328389215446659	0.913424473615851
AT1G30755.1.DE	1.97211856189388	3.41469003055006	6.64332519442932	0.000649601140344623	0.021339170327055	0.296857146711346
AT1G30795.1	-9.81211593583841	-1.32164378667767	-17.4293806278571	3.17288831910809e-06	0.0024281438897673	0.562964120489506
AT1G31130.1	1.20015831692997	6.40578535504732	5.32078696299496	0.00200365680098886	0.0484280059219262	0.225560302503528
AT1G31850.1	-1.59127785209621	5.97118188940141	-7.45900054912907	0.000353240855667314	0.0140615269886614	0.213336604765636
AT1G32090.1	-2.23584674942377	3.84901593285004	-6.0563157028896	0.0010463592271525	0.0298800758027286	0.369176056716627
AT1G33040.1	-1.54898281538719	5.64419427532472	-6.41279825825079	0.000780139034258877	0.0245130643038868	0.241545539561338
AT1G33102.1	3.45599213014257	-0.181596562103863	5.73795370461553	0.00137564269186743	0.0368209774646567	0.602303941100574
AT1G33360.1	-1.32179751731679	4.53126078390526	-5.77475911838392	0.00133204563945628	0.0358583632741885	0.228892234328676
AT1G33720.1.DE	3.32831123881869	2.70842162065018	8.04910651734341	0.000235130073710022	0.0106975643704874	0.413500707394936
AT1G33800.1	-2.93805017999164	1.85712458948582	-6.9328898307022	0.0005197890317045	0.0180867331587547	0.423784345595761
AT1G33840.1	4.05965967948963	-1.25663747845672	6.43243094639368	0.00076791280988446	0.0242098686203507	0.631123709422122
AT1G34030.1	-1.89549420149822	6.40974417266055	-6.22922220109962	0.000905998410706957	0.0270647219987022	0.304290670697798
AT1G34065.1	-3.11214862609915	2.05144607122994	-9.44244851306604	9.87840630863691e-05	0.0066009602628159	0.329591273046678
AT1G34430.1	-1.90379600142143	6.1756580407281	-8.79770149429288	0.00014535585630839	0.00816213192689931	0.216396976262087
AT1G35710.1	5.0839900049185	6.76785426090621	16.2698803929181	4.69428214870191e-06	0.00244425928207967	0.312478634270196
AT1G35780.1	-2.52455420936683	4.92927205704926	-11.3255315978435	3.61366563811282e-05	0.003896264273193	0.222908230625353
AT1G44740.1	-5.08340365166121	-0.698197591073115	-8.24632743262787	0.00020639327200138	0.00994392200232291	0.616444555857428
AT1G45130.1	-3.12408554206605	4.28998359091243	-6.35619516485943	0.000816663699661778	0.0250737106481124	0.491502457214928
AT1G47250.1	-1.27076736826681	4.68926496496261	-5.76801246107832	0.00133991715641917	0.0360186600416541	0.220312868053209
AT1G47578.1	-3.4886207110928	0.212116109542271	-7.47391949570618	0.000349509411467684	0.0140027331374793	0.466772583394434
AT1G48100.1	-2.83875226825744	4.56046684866195	-7.15305893836348	0.000440948000135612	0.0160259437573465	0.396858503853864
AT1G48580.1	-3.41081364570155	0.888869927006895	-7.19351094409265	0.000428014627301187	0.0157385417749301	0.474151450134725
AT1G48820.1	-6.83114605570143	-2.81322980159537	-10.9362145484568	4.39029007508199e-05	0.0041874898736442	0.624635336608808
AT1G49290.1.DE	-6.00395824682623	-0.0886301693042222	-10.282448243675	6.17862641649546e-05	0.00506971136969213	0.583903570875681
AT1G49470.1.DE	2.21408882491549	3.87847704970378	6.99283281226964	0.000496815495630558	0.0174815789567382	0.316622588349409
AT1G49920.1	-5.47008450534937	-0.0548041847297619	-10.1155726599726	6.76314893574661e-05	0.00531637644346442	0.540758757731485
AT1G50240.2	-3.98843696601026	2.80060641578687	-11.3539753228987	3.56349968787726e-05	0.003896264273193	0.351281102220329
AT1G51060.1	-2.34639692663455	5.86687904679929	-8.85623430454192	0.00014020472565719	0.00799316144290471	0.264942959495912
AT1G51070.2	-1.78848530583328	5.41121090913808	-5.87473813083076	0.00122140273806341	0.0336019874790799	0.304436600577525
AT1G51340.2	1.78705886282132	3.76654148773681	5.9231885567344	0.0011716058053862	0.0326140341973432	0.301705550263045
AT1G51800.1.DE	3.69105962763846	2.49487565517664	10.213902972133	6.41130538052012e-05	0.0052150834675313	0.361376022242323
AT1G51850.1	2.63800583808104	0.129399930775741	5.31306600112827	0.00201804835747037	0.0484280059219262	0.496512905640705
AT1G52240.1	-2.67482765477738	2.27452712699804	-5.38238373086796	0.00189295466225187	0.0463722255412159	0.496959672242849
AT1G52400.1	-3.88934952710581	9.72489167075362	-7.73052649834937	0.000291956370617534	0.0124420512195814	0.503115735769907
AT1G54280.1	-7.07127623863755	0.547139062612195	-11.0676310083927	4.1081701556152e-05	0.0040886933530528	0.638915069835207
AT1G55020.1.DE	-2.355593138121	4.94658063979201	-8.97640834188297	0.000130279093760206	0.00779600054698813	0.262420452413027
AT1G56110.1	-2.25705914623078	6.4289245252586	-6.36226277786026	0.000812655553161342	0.0250367615735542	0.35475729705554
AT1G56580.1	-2.21227560563571	7.66904067355781	-8.70716010564078	0.000153763385712237	0.00844799420331269	0.25407544811339
AT1G58180.2	1.62838922502873	4.8281683495964	7.59700014183549	0.000320406623911374	0.013148430198348	0.214346346535055
AT1G58520.2	2.10070134927362	6.30304617332846	7.7035416687891	0.000297461949078893	0.0125320852537946	0.272692930030431
AT1G59590.1	3.82918031038889	0.990209861064392	8.76336379667102	0.000148479959871268	0.00825425575734063	0.436953252111193
AT1G61000.1	-1.87019423038815	3.04963624494463	-6.72227205814588	0.000610826479254218	0.0203861981264418	0.278208649428565
AT1G61563.1	-8.2838012451807	3.18112082536221	-18.2104375568289	2.47130073278345e-06	0.0024281438897673	0.454893036992089
AT1G61680.1	-7.40657375853327	2.63468502499525	-17.6754429484403	2.92930207624711e-06	0.0024281438897673	0.419031861330911
AT1G61790.1.DE	-1.64802132030278	6.07056712945277	-7.20047003294903	0.000425834150492893	0.0156890660544342	0.228876908418688
AT1G62180.1.DE	3.11401153348203	7.8284292640235	9.40862769616594	0.000100746309463357	0.00668912775553524	0.330974041490769
AT1G62560.1	3.29475400055009	4.70102942118223	11.8428621383071	2.8162490820334e-05	0.00348140264811892	0.278205889933721
AT1G62750.1	2.05755541343857	8.7286292452335	7.29142542360053	0.000398484533904158	0.0150568760688039	0.282188364263971
AT1G62940.1	-11.2640310235244	1.97005280567885	-18.0452969047231	2.60310097937421e-06	0.0024281438897673	0.624208683459025
AT1G63230.1	-2.54376926864069	1.65869188878576	-7.22783121852001	0.000417384762363555	0.0154969617382869	0.351940878492395
AT1G64360.1	5.25013515299731	4.48963636886063	12.7321537492884	1.87694397874915e-05	0.00315879810111699	0.412352478329972
AT1G64450.1.DE	-3.07128600041562	2.84088035934356	-10.3324540424465	6.01507427277769e-05	0.00500102856572977	0.297246519345601
AT1G64650.1	-1.25584888066843	6.30138249786245	-5.69258430920832	0.00143165557662793	0.0379419016711408	0.220611380078635
AT1G64690.1	-2.91488668016377	2.24114915418583	-8.36578144214574	0.000190972959980255	0.00959460405890106	0.348429695459045
AT1G64800.1	-7.45790110711049	-1.70048133115882	-12.7102125682167	1.8952146572029e-05	0.00315879810111699	0.58676446731975
AT1G65290.1	-1.81409519768976	6.38632984514743	-7.03215509865567	0.000482382094471932	0.0171018104813728	0.25797144292744
AT1G65470.1	-2.94910003637756	3.09178768388747	-10.5759081116469	5.28740230092043e-05	0.00462247102205775	0.278850762057002
AT1G65560.1	-2.95464069946776	3.23789204712878	-11.0455126864843	4.154139299142e-05	0.0040886933530528	0.267496926881734
AT1G65900.1	-3.92065332058104	3.6153664262949	-14.435205218605	9.25018721807047e-06	0.00253261955066509	0.271603573430869
AT1G66350.1	-3.20237438966346	5.75496067310774	-12.7503531659879	1.86194498197413e-05	0.00315879810111699	0.251159661852029
AT1G66620.1	-4.08475272208876	0.869883032268163	-9.35331238060872	0.000104054211200738	0.00673290526549074	0.436717235121674
AT1G66760.2	-4.87654906944289	1.08815158387009	-6.3600300661601	0.00081412779784149	0.0250367615735542	0.766749373621615
AT1G66840.1.DE	1.14010262647988	4.66904679148197	5.37595097952293	0.00190418228570447	0.0465274189185785	0.212074594954929
AT1G66880.1	2.63418543532356	5.63575614937285	11.9734296087721	2.64873708083844e-05	0.00339791716838	0.220002582500979
AT1G67470.1	1.88746425618033	2.71482384315622	5.91297275021616	0.00118190844063223	0.0327070097194102	0.319207332066824
AT1G68220.1	-1.80169516743195	4.27896839782314	-5.62275279448725	0.00152306126893121	0.0396375640487777	0.32042937566069
AT1G68400.1	-2.24924556030159	4.22849701915429	-6.8128989480343	0.000569565681750962	0.0193879332610518	0.33014515222636
AT1G68480.1	-7.92697590153369	-2.26888826245769	-12.4834687302788	2.09671428260519e-05	0.00320658442634409	0.634997857791461
AT1G68630.1	-6.43028750911887	-1.83022675115223	-7.75453196238542	0.000287157675857728	0.0123471229504959	0.829229609254303
AT1G68640.1	-6.13717793373451	-0.0287769656482706	-6.76199609142808	0.000592330063549288	0.0199460248998049	0.907598562725343
AT1G69450.1	2.60881046288877	4.97106769463128	11.6557114646565	3.0784019450027e-05	0.00371266418387304	0.223822498592166
AT1G69720.1.DE	3.21038544471159	3.40204498408907	11.5121874510066	3.29884252221808e-05	0.00380277613450784	0.278868413007893
AT1G69940.1.DE	-9.99241070811014	3.66821333637008	-21.6259342246807	9.24882292934309e-07	0.0024281438897673	0.462056834368167
AT1G70540.1	-7.22076954230514	-0.66305776303653	-11.7119229365481	2.99678148924251e-05	0.00365646260927707	0.616531510788216
AT1G70810.1	2.78374969983449	4.23367492546445	7.18130952116765	0.000431868914848588	0.0158418093572092	0.387638172624241
AT1G71160.1	-9.69223792489471	0.572174830120459	-16.3360505178093	4.58723616202996e-06	0.00244425928207967	0.593303620990176
AT1G71680.1	-10.9831887903428	0.423933250496147	-17.4926760932631	3.10803664781069e-06	0.0024281438897673	0.6278735587274
AT1G72230.1	-4.03909398124932	3.24377023357145	-8.62370513478621	0.000162016807142937	0.00874797645464308	0.468371067669797
AT1G72416.3	2.78600514013449	2.27059211038361	7.29303652531222	0.000398018732022074	0.0150568760688039	0.382008938316023
AT1G72460.1	-9.19791505218892	-1.62864108545818	-16.2998606042846	4.64542405030054e-06	0.00244425928207967	0.564294092783292
AT1G72510.1	1.34720716303496	5.53673124562575	6.28500881168709	0.000865429914156865	0.026228109817754	0.214352470044242
AT1G72900.1	2.91231731128924	3.39091046794162	10.459942461368	5.62041092714465e-05	0.00482226124753644	0.278425748711848
AT1G73010.1.DE	-2.64428548213604	3.0713297584353	-9.08327316898075	0.000122133184431395	0.00749961612897358	0.291115926268323
AT1G73540.1	-1.42575514851842	4.78072885948685	-6.18911045189915	0.00093652290310545	0.0277122288966164	0.230365116214871
AT1G73890.1	-3.18329768560199	1.99050750945785	-8.37485305193134	0.000189857566339097	0.0095641385295218	0.380101915324697
AT1G74000.1	-6.60444490611462	0.872119056601979	-13.0391495486604	1.64169054548374e-05	0.00304573677383643	0.506508870188789
AT1G74240.1	-2.26980858490839	2.07337632662268	-6.45070713085336	0.000756729427594494	0.0238973881420177	0.351869731312405
AT1G74650.1	2.00123690083973	3.35771964759205	5.6831297439504	0.00144365503089073	0.0381441048973515	0.352136409162578
AT1G75710.1	-2.51202031060119	4.64455321625877	-5.55026065207506	0.00162510191782487	0.0416053375665046	0.452595016355138
AT1G75820.1	2.12829664085116	6.53924168034691	9.72055495443275	8.42297497766181e-05	0.00601778326350819	0.218948059120906
AT1G75890.1	-4.38475763313682	1.31671857975728	-10.6657045263655	5.04527228801763e-05	0.00460197409183744	0.411108110326676
AT1G76360.1	4.9394931380006	2.9839103625376	12.8594984823429	1.77487377427412e-05	0.00314621492628402	0.384112424351767
AT1G76410.1	-2.89544703659401	2.01218745935856	-8.440889874147	0.000181962060272777	0.00947110003469661	0.343026278006809
AT1G76470.1	-7.54521109647297	1.8304123670711	-9.43752217611059	9.90670992077745e-05	0.0066009602628159	0.799490687881225
AT1G76710.1	-1.49171389595709	3.90912567389487	-6.37895301941317	0.000801746692334841	0.0248298984157283	0.233849330982268
AT1G76930.1.Hnull	-2.96793542311677	1.60894024272985	-5.40540347796418	0.00185339241683256	0.0457624750489933	0.549068249061507
AT1G77410.1	-2.9544657510618	3.03555097397853	-10.6427392095645	5.10594465558045e-05	0.00460869510194547	0.277603884947839
AT1G77690.1	-2.15238351664598	3.20525525192749	-8.18882729222208	0.000214328304153391	0.010221381815104	0.262843926222545
AT1G78040.1.DE	-1.71702825829964	8.33932248281028	-6.07013560130414	0.00103426294681739	0.0295796054348535	0.282864893155064
AT1G78120.1	-3.4535901431311	0.728959345728468	-6.85839440618823	0.000550070867988673	0.0188954874031209	0.503556654603441
AT1G78410.1	3.80280441680308	-0.295606219557035	6.74735133166886	0.000599072738263798	0.0201369888228565	0.563599585952271
AT1G78510.1	1.85503686277831	6.15547090732619	8.57999095134658	0.00016654478835285	0.00891560277250726	0.21620499057603
AT1G78940.2	-2.77298070906567	2.930404872548	-9.3958109544355	0.000101501741485577	0.00671555536096479	0.295129470198272
AT1G78950.1	-5.75328829023297	1.67491409504912	-12.1988347440459	2.38612658340919e-05	0.00339791716838	0.471626053713128
AT1G79075.1	-2.01077759447716	3.01011161672265	-6.50033976040576	0.000727293579241322	0.0231248042280304	0.309334229992871
AT1G79245.1	1.54671921628984	8.09567711564817	6.23924041573901	0.000898554453272996	0.0269709875031942	0.24790184593434
AT1G79360.1	-4.97638566128857	1.31867954581722	-9.69855440271658	8.52857155899207e-05	0.00607014619672201	0.513105918124734
AT1G79400.1	-4.51601699844892	0.58838868431964	-8.3248438061773	0.000196101965900103	0.00975288601276496	0.54247468223943
AT1G79800.1	-5.74618703565128	-0.186166177425365	-10.1005744028716	6.81876914781759e-05	0.00531637644346442	0.568897055400891
AT1G79890.1	-3.29320508358607	0.871039858691034	-7.57147818017766	0.000326203322859845	0.013322335363906	0.434948764985914
AT1G80710.1	-2.73481572876872	1.36726686456041	-7.13611227007049	0.00044650012489528	0.0161651971999659	0.383236085037338
AT2G01120.2	-2.60098695223923	2.59141134094095	-8.24657166679219	0.000206360302141963	0.00994392200232291	0.315402212862959
AT2G01290.1	1.37739167285611	5.07244215110949	6.18259423202809	0.00094159263450903	0.0277312313517628	0.222785390915793
AT2G01420.2.DE	2.2674126222913	5.3351295486597	9.06646559031538	0.000123374249757242	0.00752663036668369	0.25008782084976
AT2G01520.1	-7.55200173992933	1.44514845107431	-15.0276805436787	7.36684687767366e-06	0.00253261955066509	0.502539411719532
AT2G02060.1	1.84399645733698	1.74419883225859	5.5084043701812	0.00168757869303453	0.0426777976340765	0.334760546505833
AT2G02100.1	-5.94511412125527	5.11547637388106	-14.2467679643057	9.96341654428617e-06	0.00259008897072955	0.417295637589548
AT2G02660.1	-5.97545877171216	-2.43272180178193	-8.63140092920801	0.000161234545603959	0.00874195413409263	0.692293038027194
AT2G03220.1	-1.56610081919145	4.46760161997988	-6.88672170298922	0.000538322003195522	0.0186281223573552	0.227408756551274
AT2G03480.1	-1.96709668311961	3.94371155332276	-8.07042130675979	0.000231810218733827	0.0106236927073381	0.243741510926074
AT2G03530.1	3.13406072038214	4.1214852490891	11.1324299441054	3.97687164952985e-05	0.00403419699850571	0.281525303650495
AT2G03850.1	-9.44503887685746	2.38898264170922	-19.0608257410609	1.90450612734311e-06	0.0024281438897673	0.49552097087331
AT2G04795.1	2.47571340895196	1.97161409128386	7.5966354406448	0.000320488612604757	0.013148430198348	0.325896040200374
AT2G05518.1	3.72914704986456	-0.166259108206257	7.10186746441231	0.000457968077958785	0.0164221759252778	0.525093867007718
AT2G13116.1	-6.88129865560404	-2.7937525464645	-10.5664264369752	5.31375061609619e-05	0.00462247102205775	0.65124180787596
AT2G13810.1	4.39622392020328	-1.78517954032473	7.04033973974026	0.000479439156677418	0.0170618593825164	0.624433490814106
AT2G14080.1	2.49823074964848	5.15135300291043	11.2426624301555	3.7645832275724e-05	0.00391321463549629	0.222209887130261
AT2G14610.1.Hnull	-1.51849979181136	0.0441198550306332	-6.34230584531407	0.000825924744995645	0.0252343511519808	0.239423930167808
AT2G14710.1	-7.24491830265895	-2.60537260732367	-11.9445040845659	2.6848217121862e-05	0.00339839597648703	0.606548271185279
AT2G17000.1	-6.98959264582353	-2.73722203794459	-10.7950209884997	4.71890721105832e-05	0.00436789490127024	0.647483006588853
AT2G17770.2	-4.62664752284142	-0.369282801797037	-8.17321523780678	0.000216543488901007	0.0102403066467364	0.56607435240907
AT2G18150.1	-7.48018071087856	-2.48759390988038	-12.4887303116173	2.09176336603025e-05	0.00320658442634409	0.598954459279204
AT2G18260.1	-2.1943223607987	1.49409620376715	-5.79820170368529	0.00130510422898528	0.0354952758981736	0.378448779973282
AT2G18390.1.DE	-1.68850233598516	3.62886211537062	-7.02433244185438	0.000485214402466381	0.0171375538013972	0.240379046686948
AT2G19310.1	1.47907195675902	5.2434805522279	5.49074175677067	0.0017147651152472	0.0432489080744898	0.269375618500938
AT2G19600.1	-1.46370748008408	4.70307381631213	-6.74005080834368	0.00060246707886932	0.0202149221642045	0.217165644845306
AT2G19740.1.DE	-1.24951339390192	5.51219078782143	-5.48258279870334	0.0017274925900194	0.0434551093214656	0.227905977853619
AT2G19920.1	-6.58364345749174	0.053216974397832	-11.7699543580498	2.91515386698714e-05	0.00358011380135219	0.559360151892943
AT2G20340.1	1.6920786449829	5.60850012511654	7.97615126772767	0.000246917805734895	0.0110729965865362	0.212142246076655
AT2G20480.1	-2.93367875170754	0.369199352299494	-5.57133843103886	0.00159464609299213	0.0409896034026293	0.526566244004049
AT2G20570.2	3.73740698432	6.884995365453	11.936551398208	2.69484300423932e-05	0.00339839597648703	0.31310609401649
AT2G20610.1	1.86184851010069	6.33734898916466	6.23555850157452	0.000901282057952313	0.0270097127096076	0.298585685569393
AT2G20950.4	2.33022648391153	4.22350944237519	7.22740647629564	0.000417514436598141	0.0154969617382869	0.322415307836107
AT2G20960.1	2.23138647942231	5.4476627181349	6.37447503987653	0.000804656882115115	0.024867603314051	0.350050234013549
AT2G20970.2	-7.90485667967182	-2.27533339981488	-13.418345579079	1.39704292434781e-05	0.00289833654838277	0.589108145492731
AT2G21050.1.DE	-2.80425373529789	3.92826212706855	-7.67377403585697	0.000303675337259792	0.0127083732452372	0.365433451935716
AT2G21460.1	5.494376736205	0.43137610126953	7.27812729039733	0.000402353469451381	0.0151507448717264	0.754916274060528
AT2G22360.1	1.11462492027787	5.13821381796656	5.31609208959563	0.00201239381159684	0.0484280059219262	0.209669979656552
AT2G22430.1	1.40090491402525	8.06729916091515	5.30751110366287	0.00202847559009601	0.0485542118954192	0.263947618132808
AT2G22620.1	-3.65803356852089	1.1109465251752	-8.41859877618868	0.000184583845970839	0.00952724546383221	0.434518102806769
AT2G22670.4	-2.3090687135924	7.95218715079732	-8.83899736255172	0.000141699291849167	0.00804389635602976	0.261236497634365
AT2G23150.1	-2.08495348081663	4.26873508492121	-8.18113801048218	0.000215416029738221	0.010221381815104	0.254848833761912
AT2G23600.1	2.78968581512919	6.05843633244201	11.2693241665576	3.71524004721154e-05	0.00391321463549629	0.247546860299551
AT2G24490.1	-3.89082494221473	2.88201364278081	-13.0997921772695	1.5993936519009e-05	0.00300526067192179	0.297014249505882
AT2G24970.1	-3.25748917375057	0.173578800433005	-6.87577713727037	0.00054282661794281	0.0187295851954051	0.473763053792603
AT2G25080.1	1.52881522495972	7.72794873813658	5.3089854672921	0.0020257020325083	0.0485496698862639	0.287967491035439
AT2G25200.1	4.66391920871901	0.6745829759743	8.39302713558456	0.000187645650355551	0.0095641385295218	0.555689756910833
AT2G25510.1	3.82495694578314	9.12781987037856	10.14314805378	6.66225951151303e-05	0.00528434259513027	0.377097615602458
AT2G25880.1	-5.61886744488706	1.83355091957168	-14.0054706649839	1.09726873770414e-05	0.00267350214094416	0.401190904560973
AT2G26010.1	7.82008326832298	0.65599558821296	6.85847236180859	0.000550038131708087	0.0188954874031209	1.14020773953528
AT2G26190.1	2.16698071761664	5.57321227099271	9.68482627262224	8.59524325892121e-05	0.00609451399377847	0.223750086642485
AT2G26400.1	-2.14419689499183	2.60223699959401	-7.56454624044662	0.000327798655913614	0.0133318977156208	0.283453471872126
AT2G26450.1	-6.56346514471679	1.84945188711492	-9.47505741034487	9.69341017553496e-05	0.00650497061422506	0.692709802217219
AT2G26650.1	3.30353635491888	2.48912937188103	8.21918787980785	0.00021009528418944	0.0100450137148081	0.401929777397437
AT2G27035.1	-3.93374485089517	0.793475953594223	-9.04990293434972	0.000124611591928326	0.0075530703623653	0.434672601400429
AT2G27720.2	-2.4090778350964	6.9581921454957	-9.32344973211233	0.000105892454756006	0.00679085059681006	0.258389105354312
AT2G27740.1	-4.13990649997319	1.83267789089487	-10.1076822608433	6.7923439222319e-05	0.00531637644346442	0.409580197827447
AT2G28056.1	4.58732858058809	0.259797560994463	8.41451502699782	0.000185068898046767	0.00952724546383221	0.545168505358863
AT2G28180.1	-6.77993046543361	-0.63895838790706	-9.803988437818	8.03610609008799e-05	0.00585265245863385	0.69154819066092
AT2G28720.1	2.11727117621489	5.59677756652932	6.39118783730481	0.000793857045921812	0.0247991282676574	0.331279760525354
AT2G28760.2.DE	-2.2910844554641	3.64355219978393	-6.62638061377248	0.000658289318533993	0.021524581380758	0.345752015919859
AT2G28950.1.DE	-2.60680790671984	6.88522818112431	-5.98190481281379	0.00111435379645304	0.0313923655702437	0.435782244668257
AT2G29550.1.DE	-3.71466878144924	6.27520964247087	-11.3356051785325	3.59580535016355e-05	0.003896264273193	0.327699202904854
AT2G30100.1	1.39609084774036	5.03231517388589	6.60795894116414	0.000667887337491704	0.0216746167037463	0.21127414080064
AT2G30930.1	2.73009682605142	3.37122099534475	10.6351344373691	5.12622286485686e-05	0.00460869510194547	0.256705436318564
AT2G31110.2	2.03836100351025	4.5759420517743	8.30482668816784	0.000198667966589055	0.00982360813739037	0.245442930966202
AT2G31880.1.DE	3.49279308732692	6.12193470582838	13.929145145097	1.1316469592474e-05	0.00267350214094416	0.250754303364867
AT2G32060.1	-2.37205131511084	6.53706531687951	-7.22534064752964	0.000418145801027752	0.0154969617382869	0.328296122055069
AT2G32380.1	-2.41193349010105	2.56241876746584	-8.37866929385788	0.000189390603408825	0.0095641385295218	0.287865937359428
AT2G32390.3.DE	2.12816615613208	3.32991982772376	7.41104021085931	0.00036555260227299	0.0143098612431448	0.287161598855408
AT2G32460.1	-8.02954311151883	0.681616634376162	-14.1958890846307	1.01668793708521e-05	0.00259008897072955	0.565624531415373
AT2G32800.1	3.73389738564076	4.14641858300561	14.3072751207052	9.72761254635852e-06	0.00259008897072955	0.260978932336119
AT2G33100.1.DE	-4.88010580240994	1.11493047750278	-7.37940109129473	0.000373946534579494	0.0144875368757705	0.661314616462149
AT2G33190.1.DE	-7.01816042279973	-2.72081536091574	-11.2403834584024	3.76883628015269e-05	0.00391321463549629	0.624370195978815
AT2G33400.1	-4.21047699546465	2.00370936468346	-12.1046209227811	2.49201568958516e-05	0.00339791716838	0.347840467068281
AT2G33510.2	-1.50002532888212	3.07036641252238	-5.64760462709524	0.00148978516357592	0.0389449096248976	0.265603813993196
AT2G33770.1.DE	2.22657343351296	7.87898677169097	8.11160461835455	0.000225548516422167	0.0104521848667476	0.274492352410123
AT2G34700.1	-7.8344888893821	-2.31242397506102	-12.9339640019438	1.71819325846985e-05	0.00310431262756235	0.605729912979864
AT2G36160.1.DE	-2.34435748993824	6.74083371247505	-8.85532906858099	0.000140282758975711	0.00799316144290471	0.264739737143829
AT2G36220.1	2.99125428169969	3.44765131062056	10.8385579368958	4.61461277291756e-05	0.00429250366352084	0.275982681378405
AT2G36830.1.DE	-2.23593495287554	8.2869765744039	-5.78595265882064	0.00131910260820221	0.0356632201555676	0.386441971568309
AT2G37060.1	-2.84001079754698	1.52637437127207	-7.39652175201302	0.000369377015257331	0.0143995728561935	0.383965719667362
AT2G37190.1	-2.93141566888376	6.24144472847238	-10.5738608954094	5.29307833529562e-05	0.00462247102205775	0.277232289877809
AT2G37540.1	3.86309962357202	3.51991970450292	13.6600590394031	1.26330417944835e-05	0.00283932614457884	0.282802556887106
AT2G37620.1	-2.84420559962011	5.23822866136693	-12.6499237930475	1.94649670098411e-05	0.00318830098578562	0.22483974181594
AT2G37770.2	-4.32028482623585	2.28288591584108	-11.9657225720517	2.65829602848249e-05	0.00339791716838	0.361055072121321
AT2G37880.1	-4.49875404438708	-0.661762912359392	-7.71441890703571	0.000295228375230411	0.0124659352147852	0.583161751857178
AT2G37980.1	-3.31382986581459	1.25346980612363	-7.92811904943422	0.000255052820594547	0.011332347912789	0.417984372478751
AT2G38210.1	2.376411841466	2.96030127063699	8.28803671901785	0.000200850358248097	0.00987952416618256	0.286727957661319
AT2G38300.1	2.51411419313059	1.32194892694222	5.82135166627794	0.00127911125038747	0.0350525122813127	0.43187808214618
AT2G38370.1.DE	-2.30007863638834	3.44800989231588	-6.83371543956882	0.000560548460105197	0.0191503737552303	0.336578052851066
AT2G38540.1	-3.53073374305327	9.67126558812014	-10.0708644886555	6.93052684286274e-05	0.0053613297963736	0.350588943683091
AT2G38580.1	-1.85736282798092	3.99963829132507	-7.73711537613488	0.000290630064224139	0.0124420512195814	0.240058825245124
AT2G38700.1	-2.39871230857745	5.52392211200545	-10.8804759276292	4.51672653589543e-05	0.00425405880105774	0.22046023763412
AT2G38730.1	-1.68480473861399	3.47430152028257	-6.24118952271549	0.000897114379800379	0.0269708467143186	0.269949299325386
AT2G38910.1	-8.383315300559	-2.03588379574393	-14.5268492131549	8.92497728171018e-06	0.00253261955066509	0.577091093708567
AT2G39000.1	1.74667285988644	5.05628503769023	8.06310337799692	0.000232943847475577	0.0106238225584129	0.216625383305002
AT2G39030.1.DE	3.96173386141555	1.52280979834057	8.76903105118476	0.000147959009202568	0.00824970261992955	0.451786957793962
AT2G39060.1	-7.77855285434053	-1.53782632549254	-12.1223430719941	2.47168523029238e-05	0.00339791716838	0.641670740395979
AT2G39460.1	-2.27807588688713	7.62089475279399	-7.49497262711297	0.000344321067554221	0.0138243437165466	0.30394719236815
AT2G39700.1	-2.19706421628802	5.08580188980665	-9.3332730245622	0.000105283628998735	0.00677492941399392	0.235401258540927
AT2G40000.1.DE	2.64233497558027	6.08764741508626	11.6530292870244	3.08236089773387e-05	0.00371266418387304	0.226750908325828
AT2G40590.1.DE	-1.93340580114169	5.47104053896524	-6.84736989483212	0.000554723185650208	0.0189858809806328	0.282357435166586
AT2G40620.1	-2.74823703393055	3.13352162172896	-7.1300568051158	0.00044850360637048	0.0162065053148102	0.385443918477437
AT2G40900.1	1.53692350546813	3.69598753371036	5.9376559342613	0.0011571915029283	0.0323211054484383	0.258843476699251
AT2G41040.1	-1.67320985351169	6.03323309760667	-5.77965547408373	0.0013263661553534	0.0357567002282503	0.289499929712843
AT2G41210.1	-1.44817119546573	3.60235609792132	-5.39646827684607	0.00186863521371513	0.0460178973338234	0.268355361538807
AT2G41540.1	-4.42012690432456	5.20693247491378	-14.7063713550942	8.32584237234724e-06	0.00253261955066509	0.300558635274326
AT2G41905.1	-5.11133850747603	4.16786440318213	-17.6980432243973	2.90804673024759e-06	0.0024281438897673	0.288808115262703
AT2G42610.1	2.48857737299802	3.08402290450693	9.16451925682566	0.000116334854711119	0.00722632920130413	0.271544780829016
AT2G42690.1.DE	2.03809099486589	7.0184842597715	8.90839676738758	0.000135792210357906	0.00795878740967649	0.228783141128947
AT2G42885.1	-9.75804989880321	-1.35065425844682	-16.1885370677865	4.82990259837799e-06	0.00244425928207967	0.602775275983443
AT2G43010.1	4.39539822751398	4.7109714272041	12.0470104526496	2.55946626535657e-05	0.00339791716838	0.364853856879261
AT2G43240.1	-2.28827131493421	4.55104584535831	-10.0377353524106	7.05767002105144e-05	0.00538757872626193	0.227966890398708
AT2G43500.1	1.67776560869928	5.09213561652857	7.60811060333335	0.000317920476911856	0.0131002757920477	0.220523293649831
AT2G43690.1	-2.59117186093631	0.555398048017285	-5.79482218337708	0.00130894928387406	0.0354952758981736	0.447152954644458
AT2G43870.1	-4.04032576351356	-1.66436761146617	-5.33646627965872	0.0019747909101767	0.0480030028489266	0.757116329754444
AT2G44440.1	-1.40202685974464	3.7296229401594	-5.83902198384121	0.00125967051420036	0.0346041066693346	0.240113303841735
AT2G44740.1.DE	-3.00962872960885	2.90428531846905	-8.45715650667236	0.000180076111277898	0.00943990747512141	0.355867687589129
AT2G45100.1	-1.49416636878188	3.10440522399958	-5.6757478679879	0.00145310412588631	0.0382406533969241	0.263254535531644
AT2G45870.1	-2.9488012922739	1.64230687537893	-7.44439092594546	0.000356939692215817	0.0140615269886614	0.396110483934506
AT2G46140.1	-2.22544135486289	3.53299694431321	-7.28944043324835	0.000399059301876761	0.0150568760688039	0.305296596527805
AT2G46430.1	3.7839473447435	4.71929138120927	14.7587571731693	8.159959718942e-06	0.00253261955066509	0.256386584611781
AT2G46480.1	-3.7806920651858	-0.533745568301565	-6.76534216345582	0.000590801799448644	0.0199460248998049	0.55883235080228
AT2G46735.1	1.82739633781104	3.36192368066501	7.24761034948131	0.000411397443206785	0.0153681072720785	0.252137773651397
AT2G46810.1	-1.56432796680997	3.4699145468035	-6.13084284866475	0.000982996981077925	0.0285407498026806	0.255157081240578
AT2G46880.1	-8.56270305905549	-1.94777491509051	-14.5537047734494	8.83222157921984e-06	0.00253261955066509	0.588352120119722
AT2G46890.1	-2.85156125962394	1.8161499257324	-8.38569923767691	0.000188533890261567	0.0095641385295218	0.340050504889549
AT2G46980.2	-2.32957926891877	2.94610896689672	-8.07489064076352	0.000231121016024757	0.0106236927073381	0.288496695813889
AT2G47880.1	2.59199041701779	4.60337369715825	10.4388074416785	5.68370275163062e-05	0.0048543988501427	0.248303307777178
AT3G01530.1	-8.67504957352148	-1.88988680993503	-15.2051076774884	6.89283582327885e-06	0.00253261955066509	0.57053522786722
AT3G02180.1	-1.45087173069577	5.33283806729703	-6.11389065225936	0.000997012518802131	0.0287770587224148	0.237307438620873
AT3G02210.1	-4.08006902589639	2.31854909189145	-12.022469205404	2.58884469514275e-05	0.00339791716838	0.339370303736143
AT3G02380.1	1.3708527364586	5.66666521694692	6.1292934250368	0.000984268540294681	0.0285407498026806	0.223655916171181
AT3G02680.1	-1.80986513128437	2.26912118007321	-5.45372314158511	0.00177338801407781	0.044311118064524	0.331858637539555
AT3G03855.1	2.32804549358531	2.72655423393093	7.78360067033857	0.000281468660741418	0.0122046132126174	0.29909621423115
AT3G04380.1	-2.89618566995113	1.85603857301707	-7.8127502830353	0.000275894537003792	0.0120279776109078	0.370699889927359
AT3G04780.1.DE	-1.32876976426982	4.84196953663479	-5.63495764657295	0.00150661388180215	0.0392639040763696	0.235808296638742
AT3G05560.1	-2.34381949204072	6.78296153236643	-8.39323274994986	0.000187620797265365	0.0095641385295218	0.279251101675301
AT3G05610.1	-6.90773540779029	2.49771282746672	-12.624854414422	1.96829651064998e-05	0.00318830098578562	0.547153668552345
AT3G05630.1.DE	2.16125945539952	2.06777303561499	5.49587892741256	0.00170680654931176	0.0431060417494194	0.393250921998937
AT3G05937.1	2.67298577012316	1.25583214717708	6.76323102464843	0.000591765497143566	0.0199460248998049	0.395223194414257
AT3G05960.1	-9.64796193521323	0.550045878434452	-16.1226309902822	4.94315341772366e-06	0.00244425928207967	0.598411136558822
AT3G06560.1	-4.27188821165427	-0.925343506558409	-7.11970777995693	0.000451951743747489	0.0162685311590332	0.600008925040476
AT3G06600.1	-4.34229877707202	-0.808754190212092	-6.17915362131458	0.000944282226631251	0.0277669218128344	0.7027335850809
AT3G06680.1	-2.15889982339029	4.61831204823946	-8.62937524798497	0.000161440025786596	0.00874195413409263	0.250180315648506
AT3G07070.1	-5.29676934029477	-0.773271801255673	-8.89536457724724	0.000136879317708459	0.00795878740967649	0.595452754555217
AT3G07320.1	-5.00662176862104	3.39134340818955	-7.6333695564557	0.000312351041755499	0.012899068295793	0.655886202232517
AT3G07950.1	-1.41616717647152	4.92516174282258	-6.68765412003598	0.000627490626665468	0.0207580085828242	0.211758435925796
AT3G08010.1	1.28184685308445	5.98157162927491	6.04565135212918	0.00105580479867407	0.0300584426774028	0.212027915343316
AT3G08030.1	-3.34926000310871	5.7936857189837	-5.75824902830328	0.00135140315818935	0.0362755219176826	0.581645563893855
AT3G08770.2.DE	-8.86900133219508	5.58965982608087	-25.4868888880467	3.60332297795398e-07	0.0024281438897673	0.347982893131952
AT3G10040.1	-2.61968421327366	1.67980493524156	-7.45093582800094	0.00035527715084113	0.0140615269886614	0.351591299904741
AT3G10060.1	1.23991485732834	6.16400718816923	5.61635888511678	0.00153175989228902	0.0397928489855542	0.22076845206849
AT3G10540.1	-1.20945710765765	4.74049443490484	-5.71301283945762	0.00140611689248741	0.0375831243383194	0.211702151149457
AT3G10560.1	-4.7415157091801	-1.05108339940147	-7.73567890250096	0.00029091862276365	0.0124420512195814	0.612941122420058
AT3G10580.1	-5.99249333605841	-1.64765569774216	-9.91557032712058	7.55057718978778e-05	0.00552044145510165	0.604351856561195
AT3G11010.1	3.34453111449013	5.77060509442058	12.8237683898862	1.80284364484136e-05	0.00315879810111699	0.260807199007733
AT3G11110.1	2.72998702129072	2.65533863882698	9.35238099287085	0.000104110980753862	0.00673290526549074	0.291902887978124
AT3G11160.1	-6.92120399446653	-1.96562019724322	-11.2257551706373	3.79626958800949e-05	0.00391321463549629	0.616546850457777
AT3G12320.1	1.46455684738864	6.72828246090536	5.46126569231268	0.00176125974854271	0.0440666720041512	0.268171689476701
AT3G12410.1	-3.85984442490997	0.870416886650907	-7.99943600554337	0.000243082660811751	0.0109270889872076	0.482514570056591
AT3G13420.1	-2.91515821975255	1.07754235305844	-6.82540705710181	0.000564127549140534	0.01923767086815	0.427103936126321
AT3G13450.1.DE	-2.78405051134455	4.40801899348602	-11.2178629535982	3.81116699465578e-05	0.00391321463549629	0.248180114417563
AT3G13600.1	-3.77202385422264	0.558684645046794	-8.11043897790443	0.000225723026774882	0.0104521848667476	0.465082576232792
AT3G13650.1	-4.41416466718191	1.03757722700843	-10.14234025306	6.66518996831226e-05	0.00528434259513027	0.435221512692806
AT3G14050.1	1.90097950573486	5.89727032216126	7.54708145710167	0.000331858257557011	0.0134099282999919	0.25188273328441
AT3G14210.1	3.27043847849355	9.16104740080531	9.93440680872195	7.47202459730365e-05	0.00550833544690196	0.329203196674234
AT3G14540.1	-7.56381812101678	-2.44943114515766	-12.1616621739503	2.42726624553572e-05	0.00339791716838	0.621939502415889
AT3G14560.1	-2.27876793321741	4.16298511847896	-9.37496182775106	0.000102744731571656	0.00673290526549074	0.243069569251148
AT3G14600.1.DE	-2.23804097169759	6.35680102728536	-8.72964316481016	0.000151624078488101	0.00837946010232771	0.256372560647072
AT3G14620.1	2.19381799218932	5.70490823805602	9.78279620490173	8.13237621653056e-05	0.00588470298364637	0.224252651924825
AT3G15020.1	-2.0776844885049	5.11385513603613	-9.63468758349694	8.84395191682339e-05	0.00618343282701815	0.215646275034773
AT3G15270.1	-4.2569017938048	3.76456591605779	-14.7354386640067	8.23331751599984e-06	0.00253261955066509	0.288888705037527
AT3G15536.1	8.35526874424087	0.314175464400946	15.087097984312	7.20398477004412e-06	0.00253261955066509	0.553802245662415
AT3G15720.1.DE	-5.58096273593175	-0.375052631458808	-8.45036807694828	0.000180860388027872	0.00943990747512141	0.660440194452125
AT3G15780.1	2.2041952306046	2.92890354494489	5.38613280151148	0.00188644604059086	0.0462745706301596	0.409235217888807
AT3G16120.1	-4.18865793427348	0.638011647252635	-7.56024074180609	0.000328794081587064	0.0133435006328746	0.554037639451258
AT3G16660.1.DE	8.26143936617432	1.26050497955323	15.0849725778262	7.20973741726861e-06	0.00253261955066509	0.54766021771349
AT3G17060.1.DE	-7.14715496635199	1.41372132143021	-12.4478847774878	2.13055856825989e-05	0.00320658442634409	0.574166221338883
AT3G17410.1	1.49878370890464	5.83961617109611	6.50025593971862	0.000727342165980094	0.0231248042280304	0.230573030170489
AT3G17465.1.DE	-1.63158923533029	4.66307245476416	-5.57707999753947	0.00158646367400667	0.0408366249635883	0.292552596708335
AT3G17780.1	-1.71117113231826	3.69054666594112	-6.27792662396474	0.000870462435074862	0.0263381467875309	0.272569469956244
AT3G18010.1	-4.81122379201292	0.237254425959531	-9.35779360070107	0.000103781576516873	0.00673290526549074	0.514140832477057
AT3G18524.1	-1.89916612807949	3.65778198097969	-7.69360255106469	0.000299520016877889	0.012590561783301	0.246850043977989
AT3G18660.2	-4.24518590285048	1.88604736599133	-7.78016665753022	0.000282133881253787	0.0122046132126174	0.545642026670685
AT3G18760.1	-2.27192930959254	3.39091417110994	-7.85933399422137	0.000267249939000202	0.0117054227361627	0.289074024753623
AT3G18777.1	2.91174382365223	0.631581954905824	6.34768979504675	0.000822320578456722	0.0251651525557033	0.458709218261475
AT3G19710.1	6.34978690393295	4.62002040129929	19.8594634611402	1.50629126702859e-06	0.0024281438897673	0.319736075264965
AT3G19800.1.DE	1.87516079575702	5.88364433376433	8.73307463542202	0.000151300617164648	0.00837946010232771	0.214719428613517
AT3G20015.1	-2.52170854069703	3.29045450956689	-7.34777440726187	0.000382560879608111	0.0146558451704938	0.343193516965464
AT3G20190.1	-6.51737928840556	0.567985139511027	-10.7686915574258	4.78331298555051e-05	0.00440580642149481	0.605215522577702
AT3G20210.1	-9.28485510113507	-1.58888035690592	-15.0644919216973	7.26544661944261e-06	0.00253261955066509	0.616340408252478
AT3G20475.1	-2.64619257548286	1.05717612214442	-6.10449227590272	0.00100488179478883	0.0288711451438565	0.433482828036103
AT3G21320.1	-5.56184709637979	1.75054173815823	-13.3554413694926	1.43451463012026e-05	0.00289833654838277	0.416448018639394
AT3G21690.1	2.55015945474923	6.02565054161969	10.6099982837193	5.19391947297163e-05	0.00462247102205775	0.240354370147484
AT3G21880.1	-6.53271981963907	-1.01043045493096	-9.54131081992626	9.32981121574258e-05	0.00628341049260943	0.684677393172855
AT3G22060.1.DE	3.43676696474678	3.15554238136548	9.34973847964228	0.00010427224227024	0.00673290526549074	0.367578940547893
AT3G23560.1	-1.21445632007819	4.22837376538034	-5.37178813570522	0.00191148865732926	0.0465847884192177	0.226080457642389
AT3G24340.1	-4.89119878934987	0.67359159187025	-9.61021633368955	8.9683745927644e-05	0.00624132439252012	0.508958239806038
AT3G24440.1	-1.59105520433504	4.30746623615727	-6.79092157069766	0.000579268043834956	0.0196470154217668	0.234291500464432
AT3G24660.1	-2.90002290383678	3.24794884849483	-10.5010988007202	5.49950306692737e-05	0.00474016801043877	0.276163757609623
AT3G25760.1.DE	2.72016651096653	4.57414465485408	10.5883987452691	5.25292446040019e-05	0.00462247102205775	0.256900649135629
AT3G25860.1	-1.70569832925275	5.65484023000991	-7.44429657931004	0.000356963723980388	0.0140615269886614	0.229128207222883
AT3G26050.1.DE	-5.30945534255942	0.978942744326416	-7.53969108689636	0.00033359361984016	0.0134511247141558	0.70420064713089
AT3G26450.1.DE	1.90110669592584	5.78090817617594	8.38220168027629	0.000188959561127874	0.0095641385295218	0.226802786241619
AT3G26830.1.DE	4.27089645259442	0.926907919681974	8.5998663778735	0.00016446808523196	0.00882958663288152	0.496623582848096
AT3G27060.1.DE	-3.5936541482088	4.78451138324995	-11.4806031881988	3.34979364748839e-05	0.0038133306628562	0.313019628785951
AT3G27620.1	-3.11999731696177	-0.055699476745963	-5.94798109554028	0.00114702879872788	0.0321588097019918	0.524547281984655
AT3G27860.1	-2.81852206297284	0.787683563288367	-6.70423364398878	0.00061944508717089	0.0206371865034415	0.420409283542798
AT3G27890.1	1.34351061741469	5.18748503130451	6.38886796898855	0.000795346120028145	0.0247991282676574	0.210289306953293
AT3G28455.1	-2.86548635796827	1.66712565002246	-8.32407644279641	0.000196199622821988	0.00975288601276496	0.344240754834494
AT3G28540.1	3.36956653358802	5.38780312679608	12.1958493359546	2.38940038775647e-05	0.00339791716838	0.276287976406382
AT3G28790.1	-10.069009591197	4.69393268784468	-23.1422817030707	6.27118221414312e-07	0.0024281438897673	0.435091479759359
AT3G28900.1	-2.82881796912446	5.24703255601821	-8.82832734625065	0.000142633733055841	0.00807255374734712	0.320425133570273
AT3G36659.1	-6.15373436700339	-0.58767070263596	-10.6241028754835	5.15580566631068e-05	0.00461321849857036	0.579223906161898
AT3G42640.1	-3.92252526818293	5.62431991859625	-15.7512654905608	5.64251177823897e-06	0.00253261955066509	0.24902921422622
AT3G43110.1.DE	-5.19832232072717	-1.6038980511432	-6.3801945438583	0.000800941987587142	0.0248298984157283	0.81475921854627
AT3G43800.1	1.34425937776993	5.03839987850461	6.3867357996786	0.000796717552958462	0.0247991282676574	0.210476747423555
AT3G43920.2.DE	-2.36191902604541	4.79380180062473	-8.22062071203345	0.000209897920736608	0.0100450137148081	0.287316385073939
AT3G44260.1	2.62199100435064	3.14428796892728	8.95968917803446	0.000131609874709442	0.00782689535979953	0.292643076366835
AT3G44860.1.DE	4.32811177323553	5.01465013075464	17.2813061553508	3.33088690117177e-06	0.0024281438897673	0.250450500345741
AT3G45010.1	-2.34591623076479	6.68515693393616	-10.1590321571536	6.60494043231015e-05	0.00528434259513027	0.230919264204995
AT3G45320.1	-7.14907235807016	-2.66060211399492	-10.989421253438	4.27342961130565e-05	0.00411783294340682	0.650541297234703
AT3G45480.1	-6.9625865716834	-2.75025985845737	-10.970606517266	4.31433411300471e-05	0.00413603765221217	0.634658308155102
AT3G45930.1	-3.63359745708006	3.90887112861981	-14.4331552348527	9.25761866012859e-06	0.00253261955066509	0.251753507667247
AT3G46900.1.DE	4.03686705899608	1.97923553707572	8.28253525796721	0.000201571490124563	0.00988910783143742	0.487395095011869
AT3G47250.1	2.73362126007428	5.92872918519743	12.4227759978094	2.15482371004769e-05	0.00321342361204731	0.220049146869935
AT3G47410.1	-6.70430685183254	-2.87606938427904	-10.6997363787264	4.9569008743521e-05	0.00454342280141834	0.626586171334304
AT3G48580.1.DE	-3.22878070505612	0.239783575187559	-6.73112627679252	0.000606646690768512	0.0203188793574694	0.479679116433793
AT3G48740.1	2.7188497640127	6.16051210491414	11.3512998201271	3.56818369588946e-05	0.003896264273193	0.239518804638731
AT3G48990.1.DE	1.42205029713573	6.77749721067838	5.52492667602036	0.00166259356036918	0.0423308035221367	0.257388085041527
AT3G49320.1.DE	-2.13233682243372	1.47085353263306	-5.5486494189937	0.00162745732364986	0.0416053375665046	0.384298351078819
AT3G49580.1.DE	2.87692609995862	1.32745177547587	5.39155535411787	0.00187707740388939	0.0461082839108133	0.533598546430824
AT3G50630.1.DE	-1.16045816637108	4.76852726140119	-5.46188867359964	0.00176026226105965	0.0440666720041512	0.212464631873628
AT3G50740.1.DE	6.44600901340235	3.73645693253356	13.4898775908812	1.35581249091606e-05	0.00289496780730826	0.477840437763473
AT3G50750.1	2.84715883936048	4.72449980021005	12.1511438177879	2.43905697004366e-05	0.00339791716838	0.234312002397056
AT3G50950.2	2.07401252304423	6.98441152415589	8.95614328099652	0.000131894141010674	0.00782689535979953	0.231574290179674
AT3G51300.1	-4.88303315318035	1.83311476008096	-9.93359539652225	7.47538871186801e-05	0.00550833544690196	0.491567550143013
AT3G51330.1	4.68147167012539	1.90527854155758	12.0347414254715	2.57410466928627e-05	0.00339791716838	0.388996448250817
AT3G51420.1	1.58806117113554	6.14327958606511	7.34271224222682	0.000383960905833081	0.0146638728061049	0.216277190055581
AT3G51670.1.DE	-1.8529870744321	5.845370376542	-8.64586318041827	0.000159776322318921	0.00870202056919574	0.21432065668456
AT3G52115.1	-3.72693655742433	0.26723461500989	-8.2687612356208	0.000203390205377334	0.00992649859490938	0.450724897142893
AT3G52490.1	-1.87622633290098	2.67564157694118	-6.42925630566279	0.000769874762718183	0.0242310666523864	0.291826339424115
AT3G52620.1	-8.7313869594452	-1.06540605290141	-14.963109431106	7.54873769717349e-06	0.00253261955066509	0.58352757490993
AT3G52780.1	-7.12987444726545	-1.86094093809861	-10.388838279638	5.83667299922678e-05	0.00491798590383279	0.686301418440589
AT3G52820.1	-5.59016433145109	0.726781238539609	-7.20656155719127	0.000423936043830148	0.0156498197712544	0.775704791680131
AT3G52910.1	-4.50483415578409	2.01035014193889	-11.492277535069	3.33085462434018e-05	0.0038133306628562	0.391987936424042
AT3G52930.1.DE	-1.68429223494932	8.16918946568746	-6.53259723937559	0.000708870242412315	0.0227068754212457	0.257828880800604
AT3G53850.1	-2.07907745058365	3.55899340949037	-8.61761155540412	0.000162639334303147	0.0087564271964359	0.241259128149013
AT3G53920.1	1.38177425423967	5.77729232886536	6.38604576601291	0.000797161973052959	0.0247991282676574	0.21637399806835
AT3G54820.1.DE	-3.24997404428405	4.58390876845469	-12.5473096471261	2.03755431609679e-05	0.00320658442634409	0.259017601038359
AT3G55050.1	-1.27567166173657	4.46113300710955	-5.89481324371974	0.00120048035576795	0.0330748180130203	0.216405780640405
AT3G55540.1	-6.45815249944705	-2.99919237158598	-10.1487128324066	6.64211289048166e-05	0.00528434259513027	0.636351880883359
AT3G55710.1	-1.53298651443548	3.99588589208521	-6.76199949348998	0.000592328507396917	0.0199460248998049	0.226706097199703
AT3G55780.1	-6.59008069603387	-1.3503813662043	-10.873815070895	4.53211794772592e-05	0.00425405880105774	0.606050466470866
AT3G55970.1.DE	-2.25438957822738	1.9209690141756	-5.31345694383069	0.00201731682123386	0.0484280059219262	0.424279259634332
AT3G56200.1	2.5368827203933	4.96900524790124	8.17062992687751	0.000216912874684611	0.0102403066467364	0.310488021498581
AT3G56360.1	2.22626635828234	5.71399410869275	9.96292871562397	7.35488481102435e-05	0.00550590779279472	0.223455012258703
AT3G56400.1.DE	1.95483423912913	5.98177124159302	7.80887059309631	0.000276628999815621	0.0120320808021656	0.250335079295253
AT3G56410.2	4.72141049013357	2.89648781036104	13.6485740514455	1.26931025090273e-05	0.00283932614457884	0.345927015696817
AT3G56810.1	-2.38563668240584	2.27889301666926	-6.67043070133481	0.000635976610440066	0.0209311418355448	0.35764357493864
AT3G57240.1	5.98472211574995	0.980209983295744	9.94303807429495	7.43634823128701e-05	0.00550833544690196	0.601900754179131
AT3G57670.1	-3.23032953851154	1.71466495617252	-8.5095330522331	0.000174155937625919	0.009218000191524	0.379613019737179
AT3G57810.2	-2.26707597403018	5.41210307931153	-9.24092383793875	0.000111172149286688	0.0070334164481376	0.245330013945431
AT3G58100.1	-2.39756221134498	2.11512887205492	-7.56864386860668	0.000326854529151711	0.013322335363906	0.316775667208972
AT3G58865.1	-2.30430982906401	1.68144999412176	-6.01548105533973	0.00108306266423038	0.0307878176412842	0.383063267570024
AT3G60260.1	-1.39546661917938	3.92780777400066	-6.1706440391433	0.000950972393588057	0.0278529255901848	0.22614602468191
AT3G60490.1	-3.45074567049727	-1.05628971463874	-6.1697809653767	0.000951653977056872	0.0278529255901848	0.559297921573231
AT3G60780.1	-8.24110392611678	-0.690177477775181	-9.57201367022865	9.16670872330623e-05	0.00628341049260943	0.860958227812468
AT3G61450.2	-2.95497371561783	-0.30111708482007	-5.60325356464261	0.00154976770761024	0.0401103790991687	0.527367480612365
AT3G61610.1	-3.4451841043413	2.41986721268845	-11.0996644416282	4.04264117639438e-05	0.0040620977382059	0.310386329466002
AT3G61640.1	-2.15160822395395	3.47575923924893	-8.87567823343814	0.000138540729590932	0.00799316144290471	0.242416203851104
AT3G61760.1	-4.02910841220208	2.0729293583517	-10.5789117598197	5.27908732856674e-05	0.00462247102205775	0.3808622761658
AT3G61930.1	-3.59413974389177	-1.11395914617375	-5.91790980985821	0.00117691647756509	0.0326650821468953	0.607332632529235
AT3G62100.1	-3.61001470126277	-0.85500067601653	-6.24237346197811	0.000896240938186059	0.0269708467143186	0.578308030311088
AT3G62170.1	-9.23434829710743	4.28783818887706	-22.5791205642308	7.22298259923782e-07	0.0024281438897673	0.408977323578147
AT3G62230.1	-7.21662551504544	2.81483893825804	-16.8266707328431	3.87675980271523e-06	0.0024281438897673	0.428880176573473
AT3G62250.1	-2.1176808744218	7.80077752694104	-7.72108964336232	0.000293868192695394	0.0124659352147852	0.274272281794103
AT3G62410.1	2.45930822184451	8.34322527899276	9.30747693124928	0.000106891176127862	0.006831582311029	0.264229311553546
AT3G62610.1	-2.75803167431987	0.809393702927713	-6.23206468339723	0.000903879136299914	0.0270444091896105	0.442555046270221
AT4G00160.1	-7.32840681937284	-2.56484687605476	-11.9898661410224	2.62848467928799e-05	0.00339791716838	0.611216733629682
AT4G01390.1	9.08939669149646	1.49098308987219	14.490065875436	9.05387608526269e-06	0.00253261955066509	0.627284704544035
AT4G01900.1	-2.00196816097195	5.01414820472858	-9.29191027723429	0.00010787505653608	0.00687109258411168	0.215452808006216
AT4G02410.1.DE	3.94681700374709	4.24163677863542	14.4910961937615	9.05023607909798e-06	0.00253261955066509	0.272361521238553
AT4G02840.2	-1.48050082136902	4.7957536196236	-5.3738588457184	0.00190785027046862	0.0465565020546823	0.275500504176549
AT4G02930.1	-2.3654158342259	5.84904785588921	-8.0729924095866	0.000231413445909627	0.0106236927073381	0.293003599435693
AT4G04330.1	2.72362708019344	2.87931674569748	8.89756491600179	0.000136695064326704	0.00795878740967649	0.306109267637389
AT4G04890.1.DE	-1.24495370301715	7.01550751473797	-5.53607016124041	0.00164598159461803	0.0420217311995555	0.22488040555075
AT4G05150.1	2.01329372560942	6.00538194476839	6.39360359715549	0.000792309834162087	0.0247991282676574	0.314891859499255
AT4G08690.2	-1.28556758179716	3.78514736412002	-5.53084771512973	0.00165374307641445	0.042162594851869	0.232435902778604
AT4G08850.1.DE	2.5938013029438	6.58338880636918	11.6029526935388	3.15737676430759e-05	0.00373126474222262	0.223546658462908
AT4G08950.1.Hnull	-1.4869365207322	2.90658002565107	-5.43757841045142	0.00179967121718203	0.0446708351001986	0.273455646703724
AT4G09644.1	-7.93270535659726	-2.27000262740287	-12.076233190566	2.52498951863776e-05	0.00339791716838	0.656885738410077
AT4G09960.3	-11.077772933088	-0.689314268454968	-17.9524570213663	2.68080412750771e-06	0.0024281438897673	0.617061660133971
AT4G10010.1	-8.05631954223611	-0.779974012571484	-10.3130966599923	6.07778040611651e-05	0.00503090281193521	0.781173667603547
AT4G10120.1.DE	3.08788501335764	7.89328385006131	9.97479503468145	7.30678033134388e-05	0.00549177609703806	0.309568768342743
AT4G10260.1	-7.32711586225493	0.872094860290464	-13.9297717916737	1.13135962909902e-05	0.00267350214094416	0.526004012975617
AT4G10290.1	-6.69495383543171	-0.133907170044871	-11.9890622953055	2.62947093272091e-05	0.00339791716838	0.558421807354625
AT4G10440.1	-6.48370100359057	1.35440033659203	-12.1002432800158	2.49706763506226e-05	0.00339791716838	0.5358322848185
AT4G10950.1	-8.1465320317462	-2.15615539157266	-13.6187199998193	1.28507910275665e-05	0.00284078074597616	0.598186322345585
AT4G11310.1	-8.45987265309382	-1.99747675105627	-14.7198195666487	8.28288480826153e-06	0.00253261955066509	0.574726654412374
AT4G11320.1.DE	-6.27856106095224	4.62259420064379	-11.8683434574483	2.78260880548643e-05	0.00346259731490662	0.529017472696408
AT4G11810.1	-4.72430026147929	0.985144966061468	-9.03146230153785	0.000126006236691756	0.00758864483153237	0.52309361471562
AT4G11850.1	1.75059766153434	5.00667679524791	7.09572141610698	0.000460062129511859	0.0164658426924339	0.246711723710088
AT4G12290.1	1.98807129012563	6.91793831130255	7.11131867505927	0.000454769368659784	0.0163386547554825	0.279564365059066
AT4G12870.1	-9.02750624353055	1.09387125473316	-14.8590747294285	7.85295637210286e-06	0.00253261955066509	0.607541613991046
AT4G13370.1	-4.28972037336422	2.14725234215561	-12.2143936137952	2.36914918276076e-05	0.00339791716838	0.351202074290396
AT4G13510.1.DE	2.2578992190825	4.50727359882287	8.10963925864084	0.000225842844912163	0.0104521848667476	0.278421659345291
AT4G13770.1.DE	3.45798387208152	7.1691625237405	12.5421459705551	2.04226631172348e-05	0.00320658442634409	0.275709107532294
AT4G14090.1.DE	2.99900551185183	2.57610504077665	6.6719754007023	0.00063521015437582	0.0209311418355448	0.449492891046354
AT4G14120.1	-5.36103764585941	-0.337770800468271	-8.2702276603336	0.000203195676419234	0.00992649859490938	0.648233381962687
AT4G14400.1.DE	6.10132644137551	7.54219253615849	19.6062759615316	1.62093885247776e-06	0.0024281438897673	0.311192520871714
AT4G14420.1	-2.17244711574928	5.79439885117076	-7.03644223937464	0.000480837978843052	0.0170792922919867	0.308742265173821
AT4G14680.1	1.51715126105449	4.9414864135272	6.97661837073702	0.000502911945163759	0.0176300661373639	0.217462269029661
AT4G15200.1	-4.21869650072978	1.42524340860659	-6.95522414241935	0.000511088678844031	0.0178501046012627	0.606550761606703
AT4G15210.1.DE	-4.17259438305511	6.70981823559649	-9.93480071639151	7.47039209172325e-05	0.00550833544690196	0.419997793833017
AT4G15233.2	2.49626711191942	2.90934454024342	5.65589212996417	0.00147887430175788	0.0387559946025531	0.441356916744315
AT4G15480.1	-4.8207203105296	1.93062176938714	-12.9467213577877	1.70869622893797e-05	0.00310431262756235	0.372350665261661
AT4G16230.1	-8.71557062014043	-1.87039882894491	-15.1057968430628	7.15360481129172e-06	0.00253261955066509	0.57696861083783
AT4G16260.1.DE	7.36442383154228	0.297759319279374	11.5550266165263	3.23117233608245e-05	0.00374776099969069	0.637335081600719
AT4G16590.1	-7.08373188491465	4.51885555290346	-7.8298162022485	0.000272690508325979	0.0119159410498724	0.904712409836696
AT4G16750.1	2.50058338979315	2.23310876407272	7.6816847849865	0.000302009582136374	0.0126668751079073	0.325525384051221
AT4G16770.1	1.68466609489377	4.63284101079776	7.7201101152261	0.000294067465865302	0.0124659352147852	0.218217884168668
AT4G16860.1	3.31495991984767	6.87661863523292	12.7829085952363	1.83546208971942e-05	0.00315879810111699	0.259327514950942
AT4G17210.1	-5.84204581419452	-0.740923202378158	-10.0389262403602	7.05305282490234e-05	0.00538757872626193	0.581939310472002
AT4G17250.1	4.41848385375439	3.16102227301321	14.0101414540555	1.09520486240804e-05	0.00267350214094416	0.315377533356407
AT4G17480.1	-7.81771845687539	0.0267021023411666	-8.85797498030952	0.000140054817276353	0.00799316144290471	0.882562715999252
AT4G17920.1	-6.06433136016916	-2.38913925664135	-8.38586692365135	0.000188513509982844	0.0095641385295218	0.723160934388957
AT4G18100.1	-2.40315868078585	7.22091517980703	-6.4615068794502	0.000750209220990017	0.0237313657616202	0.371919232714696
AT4G18250.1	5.551882007155	2.10843780859904	11.3849666297435	3.50976233664014e-05	0.00387931966502755	0.487650266154542
AT4G18540.1	-4.01973269347617	-1.19642895017516	-5.51416335484277	0.00167882140329012	0.0425709233034027	0.728983244565266
AT4G18590.1	-1.75787342806313	3.80543123599421	-7.29857107447966	0.000396423374275689	0.0150480711164448	0.240851724279256
AT4G18790.1	-6.3679510306999	-0.478428106550713	-11.256822935332	3.73828172515936e-05	0.00391321463549629	0.565697005920979
AT4G19370.1.DE	4.04602453506109	1.50332845695608	10.1151471251632	6.76471970990019e-05	0.00531637644346442	0.399996607562524
AT4G19530.1	2.78222314775969	4.69595695193078	6.20067340989828	0.000927603855807582	0.0274970384889146	0.448696934000485
AT4G19630.1	-5.94582779854651	-2.45301187074339	-7.32918412620995	0.000387731516067941	0.0147778401357335	0.811253707937777
AT4G19645.1	-2.55849047850178	3.38172275241173	-5.56760404950249	0.00159999399270547	0.0410708840477265	0.459531686476591
AT4G20140.1	-4.09078977326384	-0.508138420861896	-7.15650589296378	0.000439828489846383	0.0160162351244448	0.571618305699416
AT4G20160.1.DE	-7.48016121722414	-0.877780475705462	-8.48692237907186	0.000176683492660262	0.00931620491075784	0.8813750006327
AT4G20260.4	1.65814733958239	7.3194247724788	6.1228747691055	0.000989556309556451	0.02864986603477	0.270811898350263
AT4G20460.1	-4.40002828676238	3.19936378180176	-13.0227481108807	1.65335365051259e-05	0.00304573677383643	0.337872486613335
AT4G21210.1	1.3187241162488	6.89738486448998	5.59362566650462	0.00156315195244389	0.0404011350569749	0.235754802854524
AT4G21320.1.DE	-2.65089702342924	1.36004820176305	-7.09155287685432	0.000461488713601435	0.0164854998642034	0.373810513643822
AT4G21370.1	-4.53072549018762	0.114556927889776	-8.55990666995331	0.000168674307147944	0.00900394952076669	0.529296131941627
AT4G21530.1	-1.90130303357406	2.79841951046938	-5.96023097326878	0.00113510442260308	0.0318813334838742	0.318998213676831
AT4G21903.2	4.4007430011802	0.443685047773061	7.92427823440651	0.000255716631986297	0.011332347912789	0.555349379590505
AT4G21960.1.DE	3.14965058438074	10.4614998897172	6.58691814841225	0.000679048062194394	0.0219609519597808	0.47816756082508
AT4G22130.1	-1.93376475313879	4.69460540123789	-8.13094925303593	0.000222675115772539	0.0103822963408586	0.237827674599834
AT4G22680.1	-3.41684530685386	-0.113598886001735	-5.39924103914864	0.00186388978445826	0.0459612717191216	0.632838075218185
AT4G22690.1.DE	4.26244679714838	5.94468314388028	16.8572286550979	3.83694237225879e-06	0.0024281438897673	0.252855726428042
AT4G22753.1	-2.11086983436727	4.7943874146006	-7.77113658287444	0.000283891855306904	0.012234697158754	0.271629485835969
AT4G22970.1	-2.29753250069585	2.52247450995148	-7.46655625343622	0.000351345332358402	0.0140463378617327	0.307709795883275
AT4G23200.1	5.60562901354959	-0.356809204488762	9.72892543935933	8.38319903461896e-05	0.00601222556719429	0.576181722070915
AT4G23450.2	3.46769902572281	0.155152932293436	5.99621002556445	0.00110089678177639	0.0311458701391562	0.578315137551637
AT4G23610.1	3.85110483849432	0.510568875526585	8.02982881457399	0.000238180205819367	0.0107841110056528	0.479599867870737
AT4G23750.1	-2.05348580681333	3.25547690907063	-6.61109694215721	0.000666241035140436	0.0216746167037463	0.310611964214108
AT4G23810.1.DE	2.68589676412109	3.28407486824678	8.71001781402203	0.000153489533475399	0.00844799420331269	0.308368687811079
AT4G24080.1	-5.42469592488265	-2.32311127587848	-6.46427556776433	0.000748548105517795	0.0237187502574694	0.839180797293699
AT4G24570.1	1.89097942614166	2.19066292070186	6.20043436654002	0.000927787248641399	0.0274970384889146	0.304975315333734
AT4G24580.1	-6.04827037217249	0.854863029459318	-8.43656141627698	0.000182467755988755	0.00947118545588039	0.716911793056272
AT4G24790.1	-1.91118321169834	3.71631994603981	-7.25950690866118	0.000407844104213349	0.0152657185620893	0.263266257026099
AT4G25000.1.Hnull	1.70592224970066	1.49803238544561	5.51639109452336	0.00167544780592807	0.042542789558633	0.309246066942985
AT4G25010.1	-6.36971766010651	1.39350127934674	-10.3702149358982	5.89490744914634e-05	0.00494487995399374	0.614231980675414
AT4G25120.1	-1.8425456985676	2.36173086914108	-5.75440615448017	0.0013559549951171	0.0363457836779605	0.320197366870439
AT4G26110.1	-1.61466227291493	6.18908848572372	-5.93036867953638	0.00116442639475161	0.0324622729338023	0.272270133640521
AT4G26440.1	-7.40122993128541	-1.72552452141896	-11.4363941233266	3.42266030809432e-05	0.00384396866048094	0.647164643984178
AT4G26760.1.DE	-3.72761519560517	4.45121074598396	-13.4412790980843	1.38366676544552e-05	0.00289833654838277	0.27732592771892
AT4G26850.1.DE	1.89046857572917	9.43905251320994	6.17651317223833	0.000946352314058897	0.0277843124705729	0.306073754400183
AT4G27030.1	2.13804884053443	4.5316887825236	7.6406347290574	0.000310770099842243	0.0128729468333607	0.279826076805296
AT4G27090.1	-2.29517687420574	8.1258556211483	-7.9459382863371	0.000251999118929886	0.0112739605826013	0.288849068731412
AT4G27310.1.DE	1.63197216394081	6.20374375735426	7.26382700386837	0.000406562546531675	0.01524812425016	0.224671122133236
AT4G27420.1	-9.67772528759892	0.0183412887991304	-12.4712949898079	2.10822175972411e-05	0.00320658442634409	0.776000030109782
AT4G27585.1	-1.34642825074464	4.6880761744124	-5.61149836345161	0.00153841052723223	0.0398713569747497	0.239940950444555
AT4G27595.1	-1.56402501758379	5.01994142002654	-7.38153735769682	0.000373372806018762	0.0144875368757705	0.211883370874356
AT4G27800.1	1.69703962744615	7.21488262901515	7.44840007651607	0.000355920218678886	0.0140615269886614	0.227839483649209
AT4G27980.1	-7.70069235898588	-0.178838728721385	-12.471223374772	2.1082896730662e-05	0.00320658442634409	0.617476900827833
AT4G28280.2	-3.69233662340656	0.698816242671043	-8.41529294440581	0.000184976386040988	0.00952724546383221	0.43876507304016
AT4G28580.1	-7.24915881853653	-1.01819128323947	-12.704923731435	1.89964973616934e-05	0.00315879810111699	0.570578696242025
AT4G29240.1	-3.78012515057711	2.31401607303798	-9.92318325450293	7.51871429184481e-05	0.00551861881030328	0.380938762655801
AT4G29700.1.DE	-4.96655823467537	4.19294795843074	-11.6043185331872	3.15530265657334e-05	0.00373126474222262	0.427992235862151
AT4G29880.1	-4.87592761057379	1.10738724642362	-8.37972379728132	0.000189261807413496	0.0095641385295218	0.581872115183046
AT4G29900.1	1.17837514553043	6.76167677755086	5.44731690421031	0.00178376425459185	0.0443932852235509	0.216322120826062
AT4G29980.1	-10.4171984081997	-1.01908241402398	-18.5576420965012	2.21882419357121e-06	0.0024281438897673	0.561342780188855
AT4G30250.1	-4.70821665455692	1.85904124945595	-11.8802519561577	2.76704814477355e-05	0.00346259731490662	0.396306128180775
AT4G30410.2	-2.62936742988394	2.16132075478977	-5.70869472643012	0.00141147131512805	0.0376192142003633	0.460589951974572
AT4G30810.1	-1.84512057464977	6.5498071295928	-7.16684562029588	0.000436489990913358	0.0159255280179845	0.257452256181512
AT4G31615.1	-5.49728240179281	-1.09180589602806	-8.33500669522919	0.000194813912407228	0.00973551439928674	0.65954145003139
AT4G32280.1.DE	5.90105662656942	1.28018560056796	13.1866149648473	1.54103127711691e-05	0.00298515233989966	0.447503520979447
AT4G32630.2	-6.32394721954106	-0.534606901540858	-8.29037823561283	0.000200544340564031	0.00987952416618256	0.762805633206865
AT4G32780.1	-4.00043525384548	-0.902313864957829	-6.87475947129615	0.000543247681293017	0.0187295851954051	0.581901849882648
AT4G33010.1.DE	2.82790621344088	11.0248137322302	6.55277461215598	0.000697619902040535	0.0224841817484419	0.431558596292151
AT4G33360.1	-1.2290955712587	4.62614529358803	-5.78168238763024	0.00132402319381674	0.035744821568702	0.212584415548028
AT4G33410.1	-1.32271995683353	4.55552923537558	-5.94657505177869	0.0011484066689748	0.0321588097019918	0.222433912851717
AT4G34215.1	-1.12541114184505	5.01589475299064	-5.27612620525614	0.00208855915866603	0.0498653450969947	0.213302543961875
AT4G34610.1	2.06559151616489	4.01276581545021	8.86587399306394	0.000139376883618394	0.00799316144290471	0.232982277639054
AT4G34710.1	-1.50174278201408	7.84697701091514	-5.89973719719614	0.0011954116553401	0.0329835315768584	0.254544013032951
AT4G34950.1.DE	3.58070332229877	4.67744848295374	14.1876069588535	1.02004568299088e-05	0.00259008897072955	0.252382472441154
AT4G35090.1.DE	2.8483114389762	9.86405286455019	7.57276100273005	0.000325909077810152	0.013322335363906	0.376125885651132
AT4G36070.2	-6.52461914836271	-2.96587719702451	-10.3011212458465	6.11695462063977e-05	0.00504112181236058	0.633389219740859
AT4G37000.1	1.30422354088133	6.07570891304974	5.99472113727214	0.00110228864515907	0.0311458701391562	0.217562003472076
AT4G37560.1	2.39599446956681	5.48998232192493	10.4175811331229	5.74810510865282e-05	0.00486517545007146	0.229995278073592
AT4G37660.1	-2.1906441141969	2.90954146078285	-7.63942170617359	0.000311033414707066	0.0128729468333607	0.286755228138091
AT4G37925.1	1.96528922163519	6.63382407255287	8.81565749911399	0.000143752624438644	0.00811144688649288	0.222931666961053
AT4G37930.1.DE	1.84188361536843	10.7318797069723	5.28008932912223	0.00208086098020238	0.0497447554936421	0.348835692079972
AT4G38400.1	-2.62747552736798	1.94499572271942	-5.44204754797762	0.00179235120169485	0.0445479882008548	0.482810101198841
AT4G38560.2	5.03351256885737	1.18092295753292	9.6330371350804	8.85228009828569e-05	0.00618343282701815	0.52252602146907
AT4G38660.1.DE	-5.00317582649257	3.90772360361386	-8.03822662306552	0.000236845892854203	0.0107495998230205	0.622422837910051
AT4G38680.1	-1.46584938208411	6.71594362986705	-6.51620149050995	0.000718166296498529	0.0229106022261585	0.224954581932271
AT4G39340.1	-3.3135070741708	-0.560082637235952	-6.1179921872696	0.000993600533031816	0.0287226984856428	0.541600409537232
AT4G39670.1	-3.52277064811175	2.03821051909474	-10.5314902959124	5.41216259742321e-05	0.00468638411085632	0.334498779292332
AT4G39790.1	-3.99166939622825	-0.792459275057706	-6.95867541870842	0.000509759292462475	0.0178368288740594	0.573624886353606
AT4G40000.1	-2.93889370690871	1.75592099441872	-8.25176356278262	0.000205660876926274	0.00994392200232291	0.356153407032141
AT5G01220.1.DE	1.9885280191207	5.74258486153694	9.20063700787075	0.000113860383472762	0.00713145535151065	0.216129385108835
AT5G01740.1.Hnull	-2.3529659420298	-0.109457766875069	-7.02830456177215	0.00048377384338963	0.0171188521982884	0.334784288493684
AT5G01870.1	-8.82791528084456	-1.0173398192005	-15.1244768420311	7.10368638762499e-06	0.00253261955066509	0.583684009242004
AT5G02580.1.Hnull	1.71540037282941	-0.226255486927793	5.92042114167573	0.00117438651589244	0.032643080818963	0.289742964525642
AT5G03300.1.DE	-1.52808651654876	6.35423226727004	-6.31903214936174	0.000841715617719224	0.0256334464456146	0.241822874204416
AT5G04340.1	3.10807113379894	3.49582108439901	7.12399368091843	0.000450520042129689	0.0162481220568462	0.436282129520116
AT5G04370.2	-3.96032375582173	-1.57404526110534	-5.58799483100828	0.00157104106124432	0.0405492603582153	0.708720010592268
AT5G04390.1	-2.64149514481375	0.529703257564983	-5.71011083747237	0.00140971277604515	0.0376192142003633	0.462599627222478
AT5G04950.1.DE	4.13223534766847	-0.735944497798416	5.7905368226651	0.00131384367528577	0.0355722228510369	0.71361869792352
AT5G05080.1.DE	-1.24724670916471	6.26620349477838	-5.3149099978873	0.0020146005076889	0.0484280059219262	0.234669394149759
AT5G05240.1	-3.65761480492373	1.98129993132557	-10.1807352802866	6.52754862107946e-05	0.00528434259513027	0.359268235959942
AT5G06550.1	-2.69750463790683	2.62170050445807	-5.68880840758129	0.00143643406474592	0.0380149240515151	0.474177445370097
AT5G06760.1	-2.49913038505846	2.18299129172552	-7.26621820348301	0.000405855199259794	0.01524812425016	0.343938251656209
AT5G06839.3	-9.42221389693312	-1.51659907558073	-16.6763955382731	4.07974496288698e-06	0.00244425928207967	0.56500302330373
AT5G07030.1	-5.70324862219888	4.8579393015702	-7.90143749132299	0.000259705835984159	0.0114820533132761	0.721798866150865
AT5G07090.1	-2.34986543420386	7.54914056392993	-9.16278896530057	0.000116454959629961	0.00722632920130413	0.256457443590897
AT5G07460.1	2.59121482019597	4.67365384523924	10.3515467089723	5.95396254252235e-05	0.00497222027439977	0.250321511658736
AT5G07490.1	-8.24687343173721	-2.11255174823481	-12.6330854601759	1.96110768862651e-05	0.00318830098578562	0.652799623475546
AT5G07600.1	-10.5109905377498	0.189116662804761	-14.4214461432994	9.30019952080317e-06	0.00253261955066509	0.728844419159274
AT5G07660.1	-5.09120766858187	1.66341496580946	-12.5995601809556	1.99058123567134e-05	0.00319683943745849	0.404078205545403
AT5G07690.1	4.82359163776165	2.23574560557238	13.814502434863	1.18567745747099e-05	0.00275047894146665	0.349168684178489
AT5G07720.1	-2.69360530618594	1.67187709989269	-7.31894301181126	0.000390614465901724	0.0148575826200271	0.368032009791443
AT5G08000.1	-7.07667104012789	3.21308903266494	-16.2923274137087	4.65764456083123e-06	0.00244425928207967	0.434356053646052
AT5G08040.1	-2.09705517936488	4.6794628499752	-8.25277827879015	0.000205524501172514	0.00994392200232291	0.254102934614681
AT5G08610.1.DE	-1.16204597852262	4.98892488210915	-5.39147649854838	0.00187721326193572	0.0461082839108133	0.215533904086477
AT5G09480.1	-5.10811431121122	-0.208591835592038	-9.58292453176733	9.10954759982736e-05	0.00628341049260943	0.533043362104946
AT5G09560.1	-4.70299888591595	-1.92098566430646	-6.94057065792524	0.000516777795734764	0.0180153149941674	0.677609827449235
AT5G09970.1	-4.61111348203325	0.73326227312936	-8.15474172445149	0.00021919907447442	0.0102968765234359	0.56545181169958
AT5G09995.2	-1.97833025420194	3.90910884520821	-7.64734225829704	0.000309318726914011	0.0128729468333607	0.258695137131535
AT5G10180.1.DE	2.57512101009304	5.852247045521	8.24637597091987	0.000206386719193742	0.00994392200232291	0.312273054148147
AT5G10200.1.DE	-2.48208472682301	4.07991425923289	-10.6402637766524	5.11253514797088e-05	0.00460869510194547	0.233272856662573
AT5G11060.1	2.40424761671384	6.10462564822164	10.0625916399318	6.96202485532282e-05	0.0053613297963736	0.238929264223838
AT5G11400.2	-7.18546456993846	-1.83364099667258	-11.5747321646948	3.20058922432523e-05	0.00373534605745783	0.620788841391553
AT5G11510.1	-4.91816117141041	2.17473591093507	-9.10949151043009	0.000120226085854156	0.00740671525639209	0.539894149501019
AT5G11670.1.DE	2.39846806048921	7.77360715271175	9.38887129748148	0.000101913520415284	0.00671914052141472	0.255458615257894
AT5G11920.1.Hnull	1.84511564714941	0.543312916112806	5.41097761773294	0.00184395543335309	0.045589371832506	0.340994876989062
AT5G12270.1	-7.6489759094793	-1.60225524069799	-11.2691709204035	3.7155214990498e-05	0.00391321463549629	0.678752320246593
AT5G12950.1	-1.84629663660797	6.96027941432538	-7.77805284097435	0.000282544265433132	0.0122046132126174	0.237372601389615
AT5G13180.1	2.56533711849249	5.95147715439298	8.48409149753917	0.000177002935238986	0.00931620491075784	0.302370279627061
AT5G13220.1	-4.49966129612937	2.61526425438151	-11.1241345442583	3.993404160309e-05	0.00403419699850571	0.404495403954987
AT5G13360.3	1.61904468757577	3.3883653051405	6.4910377677893	0.000732708394943438	0.0232560654408568	0.249427710251512
AT5G13400.1	-2.1936969247992	5.39100601962532	-7.38860930685882	0.000371480775207183	0.014451602000296	0.296902547379627
AT5G13490.1	-3.06231198107214	5.02749579831625	-10.4290438831447	5.71322123245166e-05	0.00485753063157315	0.293633051637784
AT5G13770.1	2.04056178889218	6.01982051339489	9.0081003094698	0.000127799208989166	0.00767203558117071	0.226525207179036
AT5G13850.1	-1.45122808565027	5.96869358813621	-6.13110163797186	0.00098278478574991	0.0285407498026806	0.23669940107702
AT5G14120.1	1.67624330073202	5.67121802251956	6.10682685910827	0.0010029203950833	0.0288606707603648	0.274486789850923
AT5G14520.1.DE	-1.64011678546366	5.64016442895381	-5.61525782254483	0.0015332635798585	0.0397928489855542	0.292082187015299
AT5G14580.1	-2.19811603097926	2.32840611827946	-6.20945044264845	0.000920898964355212	0.027422649033652	0.353995261139683
AT5G14780.1.DE	2.34628405388858	7.3127766783671	7.35863648292695	0.000379576678049177	0.0146152577470165	0.318847664147059
AT5G16010.1	1.9853530834194	5.18260046908135	9.21603128328464	0.00011282433746367	0.0070901983309109	0.215423865478873
AT5G16240.1	-2.07081379946041	5.04725974133384	-6.62447927678336	0.000659272550506013	0.021524581380758	0.31260023813765
AT5G16570.1	4.59205599267374	4.70883983203236	11.4689145406521	3.3688817990108e-05	0.0038133306628562	0.400391508402732
AT5G17160.1	-5.46555399146381	2.35420338511178	-12.4451642943212	2.13317218357111e-05	0.00320658442634409	0.439170899009969
AT5G17165.1	-4.2769085636101	0.981560427260156	-9.11320404440899	0.000119958846753667	0.00740671525639209	0.469308987571063
AT5G17340.1.DE	-10.8143526655017	-0.820234946621335	-19.6361826098868	1.60687751559579e-06	0.0024281438897673	0.550735999982842
AT5G17450.1.DE	1.95370563921283	2.26503962963951	5.99022950038425	0.00110649985218161	0.0312179162499885	0.326148712513854
AT5G18470.1.DE	2.62566321733648	2.79801386598693	8.9119191285615	0.000135500109599061	0.00795878740967649	0.294623770644594
AT5G18820.1	-1.722476865153	2.79852767557689	-6.14120940564224	0.000974537961136984	0.0284341122511862	0.280478445104066
AT5G19190.1.Hnull	-1.30411892421274	4.97958578582288	-5.31832260617351	0.00200823746968061	0.0484280059219262	0.245212451515995
AT5G19780.1	-1.7421929089215	7.07641619337903	-7.45229032489126	0.000354934200836604	0.0140615269886614	0.233779527228352
AT5G20230.1.DE	-2.67183235973598	5.00907783407817	-9.24768651436582	0.000110728162226126	0.00702899381158413	0.288919002129389
AT5G20710.1	-8.50553960136305	2.95289362754015	-18.2749823941495	2.42192041740057e-06	0.0024281438897673	0.465419852009597
AT5G20790.1.DE	-2.7659073483533	0.723015870267232	-6.58791358505029	0.000678515226649045	0.0219609519597808	0.419845723937526
AT5G20970.1	-1.61384006587423	2.30422864247498	-5.3204702194771	0.00200424488410792	0.0484280059219262	0.303326585677768
AT5G21950.1	-2.18532016571086	3.93478756922389	-8.92608952799504	0.00013433234614269	0.00793743642773946	0.244823912964014
AT5G22020.1	-2.10813669256803	5.77976641655223	-9.74123717550482	8.32509102526373e-05	0.00599342760018029	0.216413649989872
AT5G22200.1	-6.35412671719562	0.118550241722401	-11.4014146516602	3.48162637346402e-05	0.00387099168978633	0.557310378696768
AT5G22260.1	-8.93823553318295	-0.96180220422464	-14.1311993507824	1.04326228902022e-05	0.002613719788092	0.632517828905165
AT5G22270.1	2.27156923237636	2.83993665956921	6.62340756448977	0.000659827507999819	0.021524581380758	0.342960811373737
AT5G22290.1	1.85446953459289	4.85375777487354	6.30034257813923	0.000854648283493038	0.0259475347054246	0.294344237887552
AT5G22460.1.Hnull	-2.99924474048174	1.16852480210194	-5.67054836127383	0.00145980228757494	0.0383631957811651	0.528916173427713
AT5G22600.1	-3.84925210647723	-1.73674426576491	-5.96649467111625	0.00112906224737541	0.0317591012397963	0.64514464834963
AT5G22800.1.DE	1.30961615991009	6.82823739658313	5.81453296022843	0.00128670508924969	0.0351114412462193	0.225231530867209
AT5G23010.1.DE	5.43449333627319	5.56339688213698	16.5049237177188	4.32673164880397e-06	0.00244425928207967	0.329264977482992
AT5G23020.1	4.34551829474959	2.46583462782868	8.23863681616776	0.000207434582830002	0.00996853148689449	0.527455984735462
AT5G23530.1	-5.52515045538437	3.38820329300994	-17.4089368659719	3.19417200800205e-06	0.0024281438897673	0.317374374892704
AT5G23920.1	1.59372324456133	6.0577563970419	6.90085001804013	0.000532570696449801	0.0184631058787671	0.230945932804659
AT5G24390.1	-2.79942868134892	0.53914637955994	-5.9974843842943	0.00109970707241396	0.0311458701391562	0.466767148019564
AT5G24790.1	-9.96636910661069	-1.2442588696357	-17.9367208353909	2.69424204288912e-06	0.0024281438897673	0.555640531960897
AT5G25320.1	-9.61365205328194	-1.42058862666084	-17.2462900070882	3.36958419330671e-06	0.0024281438897673	0.55743305077966
AT5G25440.1	2.68135662465217	3.17862056875654	8.30802021582643	0.000198255987069916	0.00982360813739037	0.322743151195552
AT5G26660.1.DE	-3.75661553563844	0.801212545434811	-6.07795065042811	0.0010274938091191	0.0294308059044937	0.618072727420687
AT5G26717.1	-8.68659787135222	0.0695346916972365	-14.4586384436582	9.16573227208672e-06	0.00253261955066509	0.600789479950121
AT5G27220.1	-3.21352220156879	2.87717460831535	-9.22050908668027	0.000112525038548547	0.0070901983309109	0.348518956096575
AT5G27330.1	-4.1385445500788	3.07119900622726	-9.56812464533355	9.18718380549025e-05	0.00628341049260943	0.432534556507602
AT5G27850.1.DE	-2.38143765322558	7.75012983335961	-7.45321616067677	0.000354700005565025	0.0140615269886614	0.319518125046482
AT5G28030.2	1.84569239504928	4.66794820487821	8.3529901611965	0.000192558650505226	0.00964847211464855	0.220961878253296
AT5G29560.1	-7.12683074416663	-1.86333115665386	-11.6336483118806	3.11114478844914e-05	0.00372346564171716	0.612604967341886
AT5G35090.1	-8.10659840923407	-2.17418031548679	-13.9147608511619	1.13826594611779e-05	0.00267350214094416	0.582589847999951
AT5G35110.1	-8.79390313178437	-1.0339190458278	-14.8039640839291	8.01990772121907e-06	0.00253261955066509	0.594023538690617
AT5G35480.1	3.74007317572147	4.30708623717971	15.0668953314365	7.258883139557e-06	0.00253261955066509	0.24823117792011
AT5G35560.1	1.46797254836277	5.5428685285965	6.85087877615385	0.000553237533972987	0.0189695862469935	0.214275072779335
AT5G37300.1	-2.91560920988634	5.18487467763808	-12.2432132804893	2.33807289043682e-05	0.00339791716838	0.238140849390627
AT5G37360.1	1.53749102454222	6.42107327075285	6.98565085755536	0.000499505234825353	0.017543370770782	0.220092738084575
AT5G38130.1	-2.87515786954211	1.79674620231134	-6.80595361851906	0.000572611418069234	0.0194563626501282	0.422447467423048
AT5G38200.1	-3.65982254272254	0.847024273860845	-7.35478113952476	0.000380632785085773	0.0146259509851977	0.497611346047345
AT5G38240.1	3.66101242405114	1.91480859124401	9.36544700593996	0.000103317866575056	0.00673290526549074	0.390906319979086
AT5G38690.1	-1.67543890416263	3.98302316387422	-5.42226643194557	0.00182501152046656	0.0452180555139207	0.308992360517678
AT5G39080.1	4.46012160882177	3.05524620210905	11.1919755353279	3.860512925337e-05	0.00394233901451534	0.398510664604585
AT5G39670.1.DE	4.20891238812443	1.81904569043366	11.3170565323066	3.62877194150492e-05	0.003896264273193	0.371908753491626
AT5G40580.1	-1.27374270496334	5.43402985032899	-5.38100027441374	0.00189536291727801	0.0463722255412159	0.236711139194676
AT5G40730.1	-6.0146573896988	1.71753721407788	-14.2220529654533	1.00616507982009e-05	0.00259008897072955	0.422910630716181
AT5G40760.1	-1.68705617176715	6.51182524708316	-5.69887060907825	0.0014237405165463	0.0378388745486633	0.296033422671448
AT5G41180.1	-1.60887067951326	3.5680816506134	-6.67025048932532	0.000636066098355301	0.0209311418355448	0.241200938718569
AT5G42050.1	2.11325731255603	7.38661507700874	8.1403828030741	0.00022128929468749	0.0103433478785521	0.25960171206666
AT5G42110.1	-1.64716539523362	2.6409875352987	-6.10675432654569	0.00100298126697809	0.0288606707603648	0.2697284526534
AT5G42250.1	4.18276257198281	3.28755520900509	13.3809700491119	1.41916752325642e-05	0.00289833654838277	0.312590384451268
AT5G42650.1	3.6790567211371	6.48867184162718	15.5413533374408	6.08884036995455e-06	0.00253261955066509	0.236726920832169
AT5G42690.2	-2.57843877827466	1.20113395491759	-5.47333190338716	0.00174205449452114	0.0437609678503372	0.471091251871461
AT5G42800.1.Hnull	2.97856605341072	1.34316434919904	5.54958205770564	0.00162609345495671	0.0416053375665046	0.53671898576127
AT5G43070.1	-2.2362583761395	3.24340394779871	-8.45170569111547	0.000180705538441542	0.00943990747512141	0.264592551831316
AT5G43110.1	-7.89794317671753	-2.28027099692363	-13.1371357526528	1.57398043729192e-05	0.00299362663442865	0.601192171978789
AT5G43260.1	1.71659011544138	4.86844794101236	7.43915773152985	0.000358275513241256	0.0140836755100486	0.230750600725382
AT5G43330.1	-1.47892907669001	5.47619047447572	-6.25350868952188	0.000888073744164181	0.0267847602774398	0.236495885768584
AT5G43630.1	2.15401348279233	5.24803372966678	9.55216462476502	9.27176981824974e-05	0.00628341049260943	0.225500037678142
AT5G44340.1	-2.03606964056963	7.77509081852396	-6.69894744483527	0.000621997322022698	0.0206539308684	0.303938739232741
AT5G44540.1	-9.70175771158047	1.87363255210112	-18.4267093652942	2.31031833965341e-06	0.0024281438897673	0.526505168082438
AT5G44568.1.DE	4.60151556219868	1.28054612437554	10.1616315582104	6.59561505201999e-05	0.00528434259513027	0.452832356284436
AT5G44582.1	2.73604358135321	-0.33707072921131	5.32975179834502	0.00198709375799797	0.0482396533756872	0.513352907391072
AT5G44630.1.DE	-10.1348010247606	1.58610849337447	-15.3342073109279	6.57027670454238e-06	0.00253261955066509	0.660927612315376
AT5G44700.1	-9.7846565210825	0.249879641891641	-17.7955050078699	2.81842719254298e-06	0.0024281438897673	0.549838654017143
AT5G45290.2	-1.34708594016023	4.69225121912518	-6.35141295318488	0.00081983878788075	0.0251301318503741	0.212092324981758
AT5G45775.2	-2.54235161521054	6.57861613230772	-8.69272829369158	0.000155155075914409	0.00849960313828496	0.292468777271637
AT5G46290.3.DE	-1.7400946665495	6.70516085571046	-7.4311414713322	0.000360332973877547	0.0141349824199564	0.234162500238009
AT5G46970.1.DE	-8.2166991985056	-2.12575677142093	-12.8921509326471	1.7497552521858e-05	0.00313122868462582	0.637341219586426
AT5G47220.1.DE	3.70806858745607	3.35450753831684	13.2394123678204	1.50675706597937e-05	0.00295780018791335	0.280078034012209
AT5G47470.1	-7.62807797599661	-0.80600838142032	-10.0631722749276	6.95980871735915e-05	0.0053613297963736	0.758019217757206
AT5G47740.2	-8.07602981445162	-2.18985821420253	-13.7748089240015	1.20508307540765e-05	0.00276140377889143	0.586289788773749
AT5G48450.1	-2.5225154730729	2.09385209272633	-5.66090194760452	0.0014723231071734	0.0386381999773578	0.445603102901355
AT5G48760.1	-2.23794763270405	5.81197808607716	-7.73024058851919	0.000292014081311091	0.0124420512195814	0.289505560283312
AT5G49152.1	-5.23680192657984	-2.41683131936292	-7.34629027597177	0.00038297072797831	0.0146558451704938	0.712849850721032
AT5G50100.1	1.16314795805174	5.38311742251275	5.4506325950809	0.00177838514742317	0.0443769680213564	0.213396874172269
AT5G50740.3	-2.65915165294693	4.02086732073194	-8.95426490802949	0.000132045014851328	0.00782689535979953	0.296970402401476
AT5G51350.1	-1.49485416477186	3.81796429184117	-5.64289094024005	0.00149603211196859	0.0390422824776246	0.264909277992934
AT5G51550.1.DE	-1.88745442642613	5.84264716828572	-5.52145291212388	0.00166781122826702	0.0424061880637852	0.341840174400781
AT5G52360.1	-8.64629269627878	0.47393575313882	-12.1071637402326	2.48908666931241e-05	0.00339791716838	0.714146837508009
AT5G52740.1.Hnull	1.89364665837857	-0.359637990410409	6.18476596668271	0.000939899486393195	0.0277312313517628	0.306179193938724
AT5G53760.1	-1.94343188400455	4.46769568193365	-8.77938594908239	0.000147012630182435	0.00822133131288082	0.221363076560915
AT5G54100.1	-1.40160866075421	3.20438288766202	-5.42135645125427	0.0018265302892531	0.0452180555139207	0.258534681007729
AT5G54490.1.DE	2.77336194109933	1.09178457243983	6.13308079895847	0.000981163706344048	0.0285407498026806	0.452197196157975
AT5G54940.1	2.5281588369514	7.51996720186368	9.54507413412947	9.3096389184617e-05	0.00628341049260943	0.264865290874137
AT5G55400.1.DE	-2.22130986658064	4.30653030601285	-9.16172499141979	0.000116528884938539	0.00722632920130413	0.242455418456782
AT5G55730.1	-3.60357939952089	4.9333011221954	-6.92797029549254	0.000521728363423874	0.018120657945905	0.520149372156726
AT5G56530.1	-2.76718305980035	3.91919283859343	-11.0011349182618	4.24819163603972e-05	0.00411461447634981	0.251536144257885
AT5G56740.1.DE	-1.25203241053709	4.60653971514516	-5.79467887221339	0.00130911262359948	0.0354952758981736	0.216065883571362
AT5G56840.1	2.16508034441599	3.8428044015834	8.08173040356955	0.000230070872114858	0.0106216994767523	0.26789811541594
AT5G57655.2	-1.6360145665487	7.40986788198017	-6.04644178302907	0.00105510134760008	0.0300584426774028	0.270574765333986
AT5G57685.1	-2.29474260850777	4.66414606248389	-7.04646894506824	0.00047724887234754	0.0170161410083686	0.325658514412929
AT5G58460.1	-8.73479168606542	-1.06296137784726	-13.3802354193291	1.41960647358749e-05	0.00289833654838277	0.652813004578915
AT5G58530.1	-1.56306796426199	3.48552188862933	-6.40343225052885	0.000786050639331182	0.0246575818247628	0.24409846206039
AT5G58710.1	-1.73663658812156	6.21311998959076	-5.3497185184398	0.00195076381983486	0.0474803784646335	0.324622049204196
AT5G58770.1.DE	3.1254923855129	4.61463584910022	11.0556064680112	4.1330871230998e-05	0.0040886933530528	0.282706552060834
AT5G59290.2	-2.0874686297319	5.91025215172208	-7.92620539614085	0.000255383308946618	0.011332347912789	0.263362924047901
AT5G59320.1.Hnull	2.78115031744425	1.83547322524391	5.47087027412291	0.00174595300966152	0.0438003431929773	0.508356107546367
AT5G59660.1	2.21753790172797	2.11917644806633	5.91413887102558	0.00118072716091711	0.0327070097194102	0.374955331636206
AT5G59740.1	-3.01294032270798	1.80954396218173	-8.0644068217815	0.000232741459766327	0.0106238225584129	0.373609663958198
AT5G59750.2	1.2321852390007	5.03403163339111	5.57703940573853	0.00158652135302924	0.0408366249635883	0.220938951539922
AT5G59850.1	-2.5527181266336	6.41605950930248	-8.54707420619744	0.000170051475430734	0.00904893522908866	0.298665726428657
AT5G60740.1	-7.63287556700386	-0.456608495635615	-13.1322623378538	1.57727002026842e-05	0.00299362663442865	0.581230816947822
AT5G61160.1.DE	6.77217379055009	-2.00482281696889	8.01123239750948	0.000241166100639705	0.0108669329281057	0.845334831711463
AT5G61310.1	-1.61452002465656	3.32083979288606	-5.48253588732815	0.00172756608106093	0.0434551093214656	0.294484168975204
AT5G61980.1	-4.56671766774018	1.61169018349384	-11.024137171728	4.19913532264948e-05	0.00410946628711373	0.414247173869695
AT5G62290.1	-1.77411175987883	3.64401156779135	-6.18354496994291	0.000940850979690891	0.0277312313517628	0.286908523913462
AT5G62370.1	-2.63312212651493	1.05488570412858	-5.64726949793584	0.00149022831401285	0.0389449096248976	0.466264648336223
AT5G62480.1	3.64422707159279	-0.985039227289795	5.99565213434795	0.00110141808063001	0.0311458701391562	0.607811625813931
AT5G62630.1	2.10964455257973	4.11456837597418	8.89112583473883	0.000137235078272229	0.00795878740967649	0.237275300315407
AT5G62710.1	-2.56496114213815	3.53170184617487	-8.79588000389931	0.000145519648510445	0.00816213192689931	0.291609383143139
AT5G62880.1	-1.43068451000635	4.95301150134309	-5.81383813727904	0.00128748179982145	0.0351114412462193	0.246082618095717
AT5G63400.1	-1.41904431603699	6.28786022252708	-6.57580932702764	0.000685027234699957	0.0221162572852443	0.215797667703728
AT5G63790.1	1.76250871213399	4.54672750917206	7.36959458739985	0.000376593353253606	0.0145600598922536	0.239159521087827
AT5G64690.1	-4.65383303043675	0.61385159600501	-9.66662938777134	8.68455474747407e-05	0.00613469111673074	0.481432859764338
AT5G64760.1	-1.48891822750781	4.39208785920016	-6.21063468018927	0.000919998587659237	0.027422649033652	0.239736887480626
AT5G64770.1.DE	5.10075633586243	4.2823461616139	17.0083625484397	3.64690842558824e-06	0.0024281438897673	0.299896966644232
AT5G65120.1	-2.05391487351016	2.81716347565679	-6.53247965656848	0.000708936413688339	0.0227068754212457	0.314415808619461
AT5G65350.1.DE	-4.23125931898276	0.499309645615747	-9.07534210583426	0.000122716994143278	0.00751091960896483	0.466236894393503
AT5G66170.2.DE	-3.00418955986261	3.28720975503443	-9.55914695280877	9.23465340244251e-05	0.00628341049260943	0.314273812788272
AT5G67260.1.DE	-2.78837864330458	5.38156676997066	-12.0461721294382	2.56046338739215e-05	0.00339791716838	0.231474248694355
AT5G67265.1	-6.81159177966212	-2.02334333767979	-11.4279044291685	3.43686394337838e-05	0.00384396866048094	0.596049067603005
AT5G67460.1	-3.76369198379636	2.79512848816778	-10.8658329610362	4.5506429963417e-05	0.00425405880105774	0.346378597691735
ATCG00270.1	2.94194426361716	1.52299016324536	6.51739212503828	0.000717486517471477	0.0229106022261585	0.451398996281795
