logFC	logCPM	pvalue	padj	dispersion
AT1G02040.1	-9.4088397109588	2.49159789962429	1.18578637126511e-08	3.59369772839862e-06	0.486830401815023
AT1G02730.1	-5.41074569605626	6.02163745068568	1.09840790712458e-08	3.38345648768374e-06	0.284999688304842
AT1G02980.1	-5.82461933920466	1.03503112804708	0.000435351032397781	0.0309857799195239	0.725135270445907
AT1G03110.1	-2.91594442064792	3.68803522339887	0.0007309148522725	0.0463982772777036	0.295178314867294
AT1G04450.1	-10.9735835183317	1.78166226713042	4.74868702538595e-07	9.49232225606404e-05	0.628309947077653
AT1G07340.1	-9.71907026843702	4.18278642276444	7.25555215342293e-16	8.30825595790457e-13	0.27597702010515
AT1G07645.1	-8.41470483879173	1.50434031676312	1.54532363216657e-05	0.00191030467423749	0.727523585586775
AT1G08930.1.DE	4.85656669124783	6.31424292192303	2.41540825449694e-07	5.15744557977245e-05	0.296492965816529
AT1G09200.1	-4.32174007509627	6.38860716174678	3.67815902477713e-05	0.0039719889698599	0.384056184699458
AT1G09380.1.DE	-9.97981712847162	3.10621123251549	4.27319108493201e-11	2.11298053910191e-08	0.395154403549016
AT1G09470.1	-4.70877608929488	3.14781169066886	6.64839478705218e-06	0.000939273218411356	0.35913598378013
AT1G09610.1	-5.02659999606924	2.40105033428647	0.000385962562304986	0.0281094439756228	0.63025421635161
AT1G12000.1.DE	-2.73559478677144	6.26562012661144	0.000654184908912704	0.0426810223557976	0.263316625652006
AT1G12380.1	-2.60591509703411	4.96975674132159	0.000684348734525292	0.0443410783507939	0.242955015479224
AT1G13710.1	-8.66236427360624	3.56028606312661	9.44888017398049e-12	5.07269881340267e-09	0.343030188026873
AT1G14180.1	-3.2006561742209	3.45010182873121	0.000677299845982236	0.0440362079792603	0.341709841244729
AT1G15125.1.DE	8.45123532202191	7.62572317327305	3.71107289057325e-10	1.51589260030155e-07	0.436719309247225
AT1G16630.1.DE	-5.91399205837503	3.83218082345625	1.09252642350021e-08	3.38345648768374e-06	0.315154828581117
AT1G19090.1	-8.93469134600532	-0.191154704018189	0.000464251520683905	0.0323084669394465	0.911214954912882
AT1G19780.1	-6.5242920217088	1.74540320854162	2.49276880943388e-05	0.00282163409212425	0.6085427222639
AT1G20135.1	-11.9625938437766	2.75993031668765	1.66950889276844e-10	7.29536560351606e-08	0.437650407991227
AT1G20930.1	-5.44859766221348	3.90509940055288	1.57746724936126e-08	4.63134525242158e-06	0.288183815852362
AT1G21270.1	3.74339897317143	6.54987023399206	2.2703858255805e-05	0.00261721163574587	0.291431124251097
AT1G22350.1.DE	4.31063428245709	3.60093091218739	1.1789591278702e-05	0.00152776841466766	0.33388846110747
AT1G23410.1	-4.6908835850809	2.57226106012249	8.50499999425421e-05	0.0078337720535312	0.46447817472892
AT1G23570.2	-10.8290376536897	5.66638855624018	1.1350720774743e-19	1.06640021678711e-15	0.259536105630671
AT1G23670.2	-9.82898137174196	3.81251522425614	4.75420839504787e-13	3.3085768793685e-10	0.343079927471073
AT1G24148.1	3.61597277497595	4.92338089344221	1.33340295744646e-05	0.00170439738574279	0.259757122279143
AT1G26770.2.DE	-3.34329946830087	4.59952199173554	9.5122855902158e-05	0.00864146940906405	0.282559353006192
AT1G30795.1	-11.842644621293	2.64079208668075	7.67641208873426e-10	3.06893155632589e-07	0.467357137633047
AT1G33720.1.DE	3.23582706076044	3.5431333470029	0.000487287333915719	0.0336622389863101	0.330857616293321
AT1G35710.1	4.87720649900912	8.41345667731782	1.19849200210724e-06	0.000208515414070325	0.337513403225426
AT1G35780.1	-2.52135275668973	5.42764910302622	0.000796100686966191	0.049058070174721	0.235316096329571
AT1G45130.1	-3.04814418576569	5.09566350939639	0.000292547464422562	0.0226355731617506	0.280737940994991
AT1G48100.1	-2.80141564265101	5.21682280883179	0.000447929824679071	0.0317607600215839	0.258190941559141
AT1G48820.1	-8.80846963560425	-0.309526472057012	0.00059130683571769	0.0393994873870049	0.920459259907293
AT1G49290.1.DE	-6.14050438491208	1.97491885504868	2.265001918582e-05	0.00261721163574587	0.561781193784237
AT1G49920.1	-5.56863146210641	1.73342919327697	0.000125809955286255	0.0109443012029108	0.5968494573787
AT1G50240.2	-4.0534488325326	3.95247048362981	7.0398080082141e-06	0.000979836981291429	0.291447659953233
AT1G51800.1.DE	3.74894420855375	3.50408633628854	6.46105664448021e-05	0.0062258079153735	0.322566904800972
AT1G54280.1	-7.04977688228884	3.14556981632952	8.32640652859421e-09	2.7447926082857e-06	0.385000515009719
AT1G61563.1	-8.31956235162911	6.35975597566838	4.85218341666718e-15	4.34154887615125e-12	0.27279281535833
AT1G61680.1	-7.44844625822106	5.35859766727234	7.49868582879208e-15	6.40455939650014e-12	0.238022705551585
AT1G62180.1.DE	3.07560268757775	8.55087665069204	0.000254151219476712	0.0204081257007155	0.280622553306728
AT1G62560.1	3.29785620593775	5.50291784487597	2.60239818289246e-05	0.00291065844384222	0.239485709430685
AT1G62940.1	-11.4669888600263	6.6444780741766	8.86412363941564e-20	1.06640021678711e-15	0.285694842419789
AT1G64360.1	5.47342350875095	6.42943452209227	9.79102039727478e-08	2.29966591580992e-05	0.332320348161913
AT1G64450.1.DE	-3.08777942743188	3.57792122957898	0.00059750525826858	0.0396718155578326	0.314767464066545
AT1G64800.1	-8.01146490290771	1.10944745995751	5.17856869980981e-05	0.00517581414199076	0.767981613092285
AT1G65470.1	-2.94158666983751	3.77417255109172	0.000750375410154361	0.0473139394523505	0.302224569202521
AT1G65560.1	-2.95418138708683	3.91358670635158	0.000471903045430298	0.0327197720429347	0.283282178588489
AT1G65900.1	-3.92159837815013	4.6816641695454	1.12711034035736e-06	0.000201699079002998	0.237426201872622
AT1G66350.1	-3.15420091397051	6.51622492954737	0.000147304345660395	0.0122471179422957	0.272255980996251
AT1G66760.2	-4.48775119975577	2.97206938999157	0.000618655016971684	0.0406452019891536	0.570050350879927
AT1G68480.1	-10.0743584848641	0.90007101386864	3.60349789811904e-05	0.0039138569656449	0.818754584304368
AT1G68630.1	-6.39877114198907	0.47566660528202	0.000761767188923056	0.0477120182662141	0.858276580398271
AT1G68640.1	-5.64710089889603	2.17419005366701	0.000132120897182864	0.0112332654211132	0.622445404498512
AT1G69450.1	2.60792042908203	5.50900894727916	0.000617032078381558	0.0406452019891536	0.239809815111613
AT1G69720.1.DE	3.19844993970275	4.18345172145438	0.000131471946686691	0.0112288994465587	0.272002488715769
AT1G69940.1.DE	-10.0052460923867	7.66600814866715	2.61300676086938e-18	9.81967940734713e-15	0.27889607978761
AT1G70540.1	-7.45696455988862	1.97881194228593	2.61687784575387e-06	0.000423889092428579	0.574496925672281
AT1G70810.1	2.88871962724602	4.927447194176	0.000269081021410556	0.021333470009723	0.253052252694878
AT1G71160.1	-9.93481914306919	4.42410119466673	2.45769790181503e-17	4.61801435751044e-14	0.258149531282269
AT1G71680.1	-11.0227397465075	4.93833832001112	2.32629331659927e-19	1.45703504729668e-15	0.253836855332397
AT1G72230.1	-3.82374663096488	4.54299996510613	0.000101101816254469	0.00908948864794961	0.354007735792112
AT1G72460.1	-11.1819497765149	1.98709693920669	1.25296095967835e-07	2.87111419906782e-05	0.585866218566915
AT1G72900.1	2.94061027034337	4.10719761573232	0.000617985536999512	0.0406452019891536	0.293210987639198
AT1G74000.1	-6.68021379675982	3.19809611082808	9.16220756160316e-09	2.91793017089023e-06	0.357295058489229
AT1G75890.1	-4.40354529224265	2.5850477841182	0.000113254711054951	0.00994418701272213	0.438799700108347
AT1G76360.1	4.82952130951406	4.6192104467937	3.92592398983621e-07	8.01827301837199e-05	0.301747020266437
AT1G76470.1	-7.34023466892507	4.73862749814452	1.88872509068438e-11	9.85809568165542e-09	0.308856162048054
AT1G77410.1	-2.95846526896601	3.69389418091538	0.000580174646980698	0.0387953082447235	0.292084353941887
AT1G78950.1	-5.85576797141153	3.65996159894713	1.32247842236359e-08	3.94434437400187e-06	0.314453086109957
AT1G79360.1	-4.90662085049915	2.88308391506182	1.52167578760897e-05	0.00189352900987897	0.410746388410534
AT1G79800.1	-5.90062153086391	1.7660513131917	6.70682046457978e-05	0.0063970130217997	0.600379947943482
AT2G01520.1	-7.64170469088888	4.24745151350481	1.79472812522094e-13	1.34891765891606e-10	0.263696905889749
AT2G02100.1	-5.66524200265884	7.22314298081175	1.94848902376626e-07	4.30730691253741e-05	0.366511629285868
AT2G03530.1	3.22812216298758	5.11947673692639	0.000456976454562827	0.0319203999302436	0.329137438197319
AT2G03850.1	-9.51756173682759	6.11532878896077	6.81855006858476e-18	1.8302936541244e-14	0.260950056729667
AT2G13116.1	-8.90315926139963	-0.219816413082814	0.000530618344095196	0.0357427921601111	0.926771121097813
AT2G14710.1	-9.22294138118042	0.0813556027557833	0.000249772579093772	0.0201426041252017	0.884726472003019
AT2G17000.1	-9.08238684374803	-0.05360751275582	0.00039702737654897	0.0288036463527226	0.923150632904501
AT2G18150.1	-9.45975840014004	0.307421478812538	0.000143391572518395	0.0119747895449806	0.861329706675529
AT2G19920.1	-6.71732982320149	2.39030276227296	1.17562357027031e-06	0.000206448288648402	0.489047968809232
AT2G20570.2	3.59500710819808	7.86667618965504	5.6003389643276e-05	0.00553844048103766	0.301146400722451
AT2G20970.2	-9.88579777229497	0.718044384322999	4.19918495077955e-05	0.00441614132141026	0.801889443917865
AT2G21050.1.DE	-2.74559171840974	4.57805089885538	0.00069274385010899	0.0447307798747351	0.266142615523801
AT2G21460.1	4.91650527389244	2.68057948084247	0.000796312474895684	0.049058070174721	0.673819843183441
AT2G23600.1	2.8034155182099	6.66185283977836	0.000515086190900996	0.0352143735357726	0.264894407934174
AT2G24490.1	-3.90839209751449	3.98984183198644	1.62520641997385e-05	0.00198296289813692	0.297968027566115
AT2G25200.1	4.62640359161008	2.09774247658373	0.000333670305146901	0.0248796231496439	0.536712041003226
AT2G25510.1	3.7910392238459	10.1555760158362	1.39389079140412e-05	0.0017577991926499	0.283565565820205
AT2G25880.1	-5.65670738082478	3.72814876982418	2.56008527826919e-08	6.87200033981116e-06	0.310610087511468
AT2G26010.1	9.01262257602131	5.03284770891083	4.97062391778377e-08	1.21296134305399e-05	0.60080165222209
AT2G26450.1	-6.64005988055111	4.33581818181961	3.66041879147323e-10	1.51589260030155e-07	0.310332644405788
AT2G26650.1	3.43126387553286	3.45479973526778	0.000522024120456515	0.0355392508093403	0.366687091854254
AT2G27740.1	-4.09595223864476	3.06478324258644	0.000111728253802238	0.0098562154410519	0.395319669912981
AT2G28056.1	4.73123433794783	1.72732446200398	0.000705783416834033	0.0454166794599709	0.616698620478354
AT2G28180.1	-7.02942199080769	1.88335973529688	1.11326700368935e-05	0.00146281727267992	0.609318285522858
AT2G29550.1.DE	-3.52781540941075	7.25341656171868	8.29011027141435e-05	0.00770613331856221	0.305568549575866
AT2G31880.1.DE	3.41790753445342	7.0286595359278	9.51987316485502e-05	0.00864146940906405	0.294860687213751
AT2G32460.1	-8.07621448903265	3.75037317310786	8.64389059587394e-12	4.8780940007344e-09	0.32243941842783
AT2G32800.1	3.73574308543114	5.17410989783182	6.05790788018443e-06	0.000868916710447828	0.254128680971314
AT2G33100.1.DE	-5.16342146023779	2.93602036238505	2.14952265707336e-05	0.00252434567040052	0.461698905231542
AT2G33190.1.DE	-9.00437749564064	-0.125171751802639	0.000408520710358674	0.0292981074337385	0.907551520536483
AT2G33400.1	-4.21748309624655	3.24284154707098	3.95938000410764e-05	0.00420320623034929	0.364937633082672
AT2G34700.1	-9.83165608384235	0.666014844060544	5.17856339161523e-05	0.00517581414199076	0.81364872477167
AT2G36220.1	2.97886561971949	4.12037635287063	0.000276316259056121	0.0217237761826967	0.266235450650057
AT2G37190.1	-2.97032719430665	6.91732304548184	0.000317874019724901	0.0240741886505248	0.272686726186706
AT2G37540.1	3.87318879185309	4.55418917930373	1.4767897492077e-06	0.000252262539887389	0.237686764638025
AT2G37620.1	-2.85217237901991	5.85847238110138	0.000260152848541157	0.0208011575493121	0.247182372703788
AT2G37770.2	-4.35582406445314	3.53907297688525	4.05172891132702e-06	0.000613967630998667	0.308740169821999
AT2G38540.1	-3.40648828057977	10.5641411865743	9.70733378062165e-05	0.0087692693143212	0.294196516996312
AT2G38910.1	-10.3667746615666	1.18606075245895	1.06512936440311e-05	0.00141941707497407	0.754084887945976
AT2G39030.1.DE	4.00806236135369	2.67907874678272	0.000374822945892431	0.0274043702463766	0.442605717704505
AT2G39060.1	-8.24291306377896	1.40627693343261	1.99142117321009e-05	0.00236827872434289	0.733066432830939
AT2G41540.1	-4.39240159272395	6.49367138335395	5.16220092053731e-07	0.000101039328434267	0.269272503456034
AT2G41905.1	-5.11656864373901	5.77012724088516	2.78641804803952e-09	1.00686144466659e-06	0.243062792766991
AT2G42885.1	-11.809091973853	2.60772659200547	1.35944847413546e-09	5.21306874061332e-07	0.48069961395448
AT2G43010.1	4.25264243198711	6.01139069115924	2.76991332555327e-06	0.000441073486331745	0.292093142390392
AT2G46430.1	3.7494705977393	5.87176457969502	5.22491017114306e-05	0.00519450064104646	0.318796818652595
AT2G46880.1	-10.5589188897567	1.37438417141921	5.92780577830047e-06	0.000856795927494353	0.735858047873789
AT3G01530.1	-10.6666796290631	1.47972782834296	4.13845118080296e-06	0.000622091981498301	0.724178042828233
AT3G02210.1	-4.08472745011205	3.44563849153019	1.7572158226831e-05	0.0021165439300138	0.31996477499526
AT3G05610.1	-7.11526658108991	5.18432900948505	8.82677999068491e-12	4.8780940007344e-09	0.290629065200357
AT3G05960.1	-9.89224113485844	4.3817887971692	4.32116465672054e-17	7.3813348999799e-14	0.260805231369483
AT3G07070.1	-5.46264735977908	0.952672355185831	0.000794876003166788	0.049058070174721	0.733267598519329
AT3G07320.1	-4.91110366912914	5.11078730696961	5.04019855076087e-07	9.96898218618913e-05	0.317091967431346
AT3G08770.2.DE	-8.89481974164354	9.07013872539216	7.51678293157944e-16	8.30825595790457e-13	0.286309765771825
AT3G10580.1	-6.4052462589111	0.421095200098759	0.000571274607504299	0.0383366066964492	0.806948154660792
AT3G11010.1	3.22926098202819	6.65605964775697	0.000319024639381622	0.0240741886505248	0.313842543847712
AT3G11160.1	-7.45033067180023	0.564983028598147	0.000222797652087305	0.0181228046871015	0.820414087123582
AT3G12710.1	-3.70740824270757	4.82710130846195	0.00040474417700207	0.0291384792562027	0.404943317430413
AT3G13450.1.DE	-2.81480873515503	5.03288927076216	0.000265334296338171	0.0211255568991281	0.241236054221487
AT3G13650.1	-4.41825117066891	2.36080947720027	0.000273879252961796	0.0216226519460174	0.492335604074148
AT3G14210.1	3.34384802514267	9.99274610233438	8.32541279227317e-05	0.00770613331856221	0.280138748781083
AT3G14540.1	-9.57521019881722	0.418932800794004	0.000108632509526414	0.00967395665403471	0.849056033573236
AT3G15270.1	-4.22068590251163	5.02452964748971	8.70747333053479e-07	0.000158847984350242	0.261943136289045
AT3G15536.1	8.59193740071635	3.50140752903951	3.45423036534065e-12	2.09370930854035e-09	0.324652150474473
AT3G15720.1.DE	-5.33024307981979	1.56533124363827	0.000771089444656891	0.0481354507146279	0.734979133350922
AT3G16660.1.DE	8.35905430915257	4.3994640541898	2.1283361411042e-15	1.9995718045674e-12	0.253540822911925
AT3G17060.1.DE	-7.13742451197325	4.0601361901551	2.2296152785936e-11	1.13228300229118e-08	0.295423563580259
AT3G18010.1	-4.80962788780425	1.78125414516643	0.000625780273545455	0.0409700743551188	0.616878459612163
AT3G18660.2	-4.21384827585355	3.19078659111596	7.51439648063248e-05	0.0070952517523158	0.393515150234499
AT3G19710.1	6.37926682743258	6.84963685775945	6.19482742051522e-11	2.91002018078703e-08	0.277051391984164
AT3G20190.1	-6.68165598669819	2.94577115384694	8.42986897777128e-08	2.00502833028256e-05	0.406184567655852
AT3G20210.1	-11.3519989441139	2.15528653024386	5.37892323970144e-08	1.29576881633321e-05	0.566598829445589
AT3G21320.1	-5.58290484548556	3.57927129632885	3.49559197657262e-08	8.87596935672966e-06	0.309996395384097
AT3G21880.1	-6.81833293593826	1.358329386049	8.6908580990685e-05	0.00796591335031693	0.722081510967689
AT3G22060.1.DE	3.35755291296506	4.02563024326163	0.000129016129661075	0.011120243469411	0.294008939640773
AT3G24340.1	-4.8997537557881	2.22088605026677	0.000135107810129309	0.0114354763618456	0.516306185726816
AT3G24660.1	-2.90945599853722	3.88740026280952	0.000496793581272841	0.034193228542552	0.277516626209871
AT3G25760.1.DE	2.73566813701654	5.1591955661801	0.00031793444001785	0.0240741886505248	0.235725832101035
AT3G26050.1.DE	-5.09716604894923	2.77101118384508	3.27446712892882e-05	0.003598084055706	0.471823216120152
AT3G26830.1.DE	4.40133025740894	2.26509693440718	0.00045216116280665	0.0318206301465804	0.518225625791475
AT3G27060.1.DE	-3.48874959336222	5.74624988500159	4.6458940963868e-05	0.00474436685169065	0.280123039601216
AT3G28540.1	3.43215531647292	6.26573856528529	4.27747589407487e-05	0.00441614132141026	0.270648628330074
AT3G28790.1	-10.0238806714153	8.7501655833665	1.08218858679788e-17	2.54179044324151e-14	0.293334002633409
AT3G28900.1	-2.81583479591918	5.87415959108012	0.000401038271933244	0.0289827274216372	0.256986235543861
AT3G36659.1	-6.41947025319875	1.64368226672628	5.97543802918159e-05	0.00584783752960011	0.655538532538071
AT3G42640.1	-3.93998705788036	6.69366737712079	3.75441149377554e-06	0.000587576712304484	0.26687568999896
AT3G44860.1.DE	4.33976771249368	6.26623207343044	4.50391824284841e-07	9.09985201969049e-05	0.261518596877591
AT3G45320.1	-9.18808847813841	0.0493913247501874	0.00029647158825014	0.0227375556866128	0.902573207461206
AT3G45480.1	-8.96118705770643	-0.165603907897404	0.000455134612607689	0.0319103707869346	0.916293008215693
AT3G45930.1	-3.64102441466163	4.91480980965771	9.98111500478185e-06	0.00133960822099894	0.255227522284453
AT3G46900.1.DE	4.1859736295547	3.25157664506195	7.07525595166207e-05	0.00671434643089547	0.385087425164556
AT3G47250.1	2.73566440378099	6.52236229877297	0.000758854181962607	0.0476885286925665	0.269573524613137
AT3G47410.1	-8.67873845345188	-0.430773945781038	0.000729548556291084	0.0463982772777036	0.925712163367603
AT3G48740.1	2.75002870293173	6.75315165876122	0.000774989207720552	0.0482186993810237	0.272997581270614
AT3G50740.1.DE	6.63298962727233	6.19053028665594	2.25108282060224e-10	9.61314686343546e-08	0.309348141218838
AT3G50750.1	2.85470707826526	5.34188068289194	0.00017073792211073	0.0141328879139234	0.233527997218906
AT3G51300.1	-4.82839110012552	3.35013926331823	3.7998305000038e-06	0.000587576712304484	0.355742654048384
AT3G51330.1	4.73075763752248	3.39756121377831	5.82676473786209e-06	0.000848720228096347	0.359796791255954
AT3G52620.1	-9.25147092750508	2.33478690695139	4.6279418102714e-08	1.14419771861842e-05	0.518374835464087
AT3G52780.1	-7.57622308741301	0.760689098363995	0.000131422610939201	0.0112288994465587	0.798223385321399
AT3G52820.1	-5.55049471749471	2.75646136798705	1.14464139881244e-05	0.00149359804747818	0.479784431350102
AT3G52910.1	-4.51267562778871	3.34109385260131	6.99814592316149e-06	0.000979836981291429	0.3413600016016
AT3G54820.1.DE	-3.2336337663524	5.36509802899567	3.57979705681639e-05	0.00391072015683604	0.239601989165357
AT3G55780.1	-7.02884483292936	1.01974955776854	0.000114490537219475	0.0100059404388555	0.747114420790804
AT3G56410.2	4.67329148675267	4.56054533463316	4.23896513115565e-06	0.000632144085828688	0.347861305903709
AT3G57240.1	5.96083615545779	3.03855099024407	3.32565136683916e-07	6.94322102032308e-05	0.389972531309453
AT3G60780.1	-7.91307985614513	2.46629401030919	2.1766869511514e-07	4.70114342668215e-05	0.518551333992573
AT3G61610.1	-3.45273199153692	3.29756786360879	0.000339308538601993	0.0252000294084247	0.347499054614414
AT3G61760.1	-4.01424276755394	3.22248765935953	7.55537338919503e-05	0.00709827329914873	0.366158743843824
AT3G62170.1	-9.27374221570932	7.92819100700901	5.97219832208345e-17	9.35146720599567e-14	0.278214727399496
AT3G62230.1	-7.23635898236729	5.45424384236016	4.17292521736239e-14	3.26705270142664e-11	0.24374371488966
AT4G00160.1	-9.31223884238373	0.166766942072683	0.000211187258823479	0.0172530808404051	0.881657586252458
AT4G01390.1	9.31346144289074	5.15772479491558	9.60321844113388e-17	1.38803441929927e-13	0.266136883909733
AT4G02410.1.DE	3.911116050492	5.51669431703407	3.8623228859397e-05	0.00412346858106858	0.329423862126973
AT4G09644.1	-10.0301841573311	0.858965270017101	3.71294691262479e-05	0.00398664414218399	0.814384347439165
AT4G09960.3	-13.172554316734	3.96359869761855	1.81030606679924e-15	1.79029742079778e-12	0.322726053729109
AT4G10010.1	-7.85678198472362	2.28941443366795	6.54143363473815e-07	0.000124155088885586	0.545081072904184
AT4G10120.1.DE	2.9879163814549	8.60362235661638	0.000450058786943156	0.0317917466415861	0.289693290860108
AT4G10260.1	-7.42456421422952	3.55394892608654	5.20192915332276e-11	2.50626278951115e-08	0.313114566960571
AT4G10290.1	-6.84631382085708	2.26430006202914	1.70707105707045e-06	0.000288971758219403	0.509158011122717
AT4G10440.1	-6.46051822184502	3.63104375614833	1.63179849835435e-09	6.13229875681565e-07	0.317641370096746
AT4G10950.1	-10.1438463723469	0.968951958521677	2.14017545206209e-05	0.00252434567040052	0.780026214748109
AT4G11310.1	-10.4490777225976	1.26646149513294	8.16604066700535e-06	0.00111188336328283	0.744621831431974
AT4G11320.1.DE	-6.24474010006806	6.86729390767145	1.15975686418969e-09	4.53996489127591e-07	0.309738023340058
AT4G11810.1	-4.6750088094759	2.43038345769797	0.00013694026924698	0.011538599368389	0.483280077387285
AT4G12870.1	-9.28241183554763	4.70381475613099	1.58919488607142e-16	2.13292656494871e-13	0.262339407534032
AT4G13370.1	-4.30541222263679	3.3728505779551	1.10978340342165e-05	0.00146281727267992	0.331692330677856
AT4G13770.1.DE	3.44483405425065	8.02922024607428	4.96217119849626e-05	0.0050128600440723	0.277119106600354
AT4G14400.1.DE	5.92848099344765	9.68463189281568	1.76021109270907e-08	5.08836406646205e-06	0.336015797399136
AT4G15200.1	-4.36497972861195	2.79844979259497	0.000140051502533553	0.0117480702348458	0.444199498607509
AT4G15210.1.DE	-4.06659889178384	7.89119783788512	7.63796056089952e-06	0.00104757137911899	0.299254585472698
AT4G15480.1	-4.82264325769492	3.44420306471568	2.14037607716739e-06	0.000349718839043263	0.340368325030433
AT4G16230.1	-10.7014556619161	1.51409757634145	3.66727794555467e-06	0.000579060105856909	0.720307183743155
AT4G16260.1.DE	7.6680594423651	3.14177821858533	3.22425383354616e-09	1.1430892364591e-06	0.396974111288631
AT4G16590.1	-6.46028738831321	7.33842298720777	7.35830003060503e-07	0.000136893522351553	0.484240664594561
AT4G17210.1	-6.03374253804581	1.23617839509369	0.000246043859403271	0.0199274315439115	0.706231871384333
AT4G17250.1	4.41021099410114	4.58354903393875	2.02760063921395e-06	0.000337155893901152	0.298687564192042
AT4G17480.1	-6.8863854816796	3.07068443564647	6.0624431565455e-07	0.00011623806827703	0.494372609921295
AT4G18250.1	5.72116448027869	4.09850606465474	2.14757618602528e-08	6.02282933364402e-06	0.314615816695419
AT4G18790.1	-6.553354306127	1.74070270849566	2.30008563509617e-05	0.00263528104167421	0.602822028710011
AT4G19370.1.DE	4.07514588040971	2.69855485323369	0.000304030690393839	0.0232225067987815	0.442795851047433
AT4G19530.1	2.8253615910789	5.38125386938449	0.000515378005446379	0.0352143735357726	0.267646628710197
AT4G20160.1.DE	-6.94527025054798	1.91644586326543	2.22104844279834e-05	0.00259214287206092	0.659468588467898
AT4G20460.1	-4.37333029826223	4.47083553557028	2.02278377605008e-07	4.41954734325361e-05	0.24744053130103
AT4G22690.1.DE	4.18706932922529	7.26031176890983	1.20766185762206e-05	0.00155424426744648	0.326933155552954
AT4G23200.1	5.65391350348165	1.51676270578882	0.000332837913376851	0.0248796231496439	0.68982682603275
AT4G24580.1	-6.33096879356232	3.20898502909567	3.18239739243179e-07	6.71879179817902e-05	0.427626517099649
AT4G25010.1	-6.19937014885914	3.66731091350697	2.38062333345943e-08	6.48288586024677e-06	0.35018723662788
AT4G26440.1	-7.92503370985333	1.0248622396433	6.0585488267925e-05	0.00589845245883062	0.768329788752411
AT4G26760.1.DE	-3.75388416710059	5.44334284140372	2.68586147854815e-06	0.000431344762238631	0.238735645782975
AT4G27420.1	-9.3503721400167	3.87486904034197	1.87328450139637e-13	1.35380829927838e-10	0.319686912799858
AT4G27980.1	-7.78061628317314	2.69181418540917	2.6167142586661e-08	6.92507900286422e-06	0.445044514778858
AT4G28580.1	-7.66070180208997	1.63427117328042	8.68362717889351e-06	0.00117385147260007	0.641360081187864
AT4G29240.1	-3.78851025220627	3.34216104344855	0.000103206290548399	0.00923450571144961	0.346588067550701
AT4G29700.1.DE	-4.873788792994	5.77466837428633	1.06723799256773e-07	2.47572862720342e-05	0.28147863998203
AT4G29880.1	-4.73971392445441	2.65511875974685	8.23911547400169e-05	0.00770213829634288	0.469538702746893
AT4G29980.1	-12.4070670682576	3.20144745075488	1.88310136631801e-12	1.17944915577051e-09	0.377558436045083
AT4G30250.1	-4.7258977652626	3.28824090030274	3.84775264120737e-06	0.000587798960392574	0.345600253817794
AT4G32280.1.DE	5.90432253504649	3.34970786255033	1.64515915092611e-07	3.68006433879781e-05	0.372231921630516
AT4G32630.2	-6.36467241767112	1.76066672164096	6.17691781078593e-05	0.005982695137354	0.645712869298555
AT4G34950.1.DE	3.61851613846218	5.72652400969997	4.22641140221547e-05	0.00441614132141026	0.29399223428282
AT4G38560.2	4.89927704362837	2.85902595250635	4.42660322492573e-05	0.00454512975936363	0.45620020596057
AT4G38660.1.DE	-4.83888667014212	5.59149277833471	8.13094052498293e-07	0.000149784678886695	0.32180534893644
AT4G39670.1	-3.53455881089765	2.95163905351453	0.000530720543516286	0.0357427921601111	0.384368982814964
AT5G01870.1	-9.34590508947007	2.42880055425779	2.18130042117234e-08	6.0274463108571e-06	0.500913584349759
AT5G04340.1	3.32730728431898	4.49212459385837	0.00028250323904306	0.0221176494234129	0.322378953419223
AT5G05240.1	-3.67857830948391	2.96502568831374	0.000369114799560492	0.0270924495458658	0.388127345210995
AT5G06839.3	-11.4455207622915	2.24739820529752	2.11273937295814e-08	6.01490497240659e-06	0.53867192947013
AT5G07030.1	-5.51844688983676	6.89640918267275	3.44544211542077e-07	7.11427003832487e-05	0.367356268242563
AT5G07490.1	-10.3508309327997	1.17124015905546	1.5981306692872e-05	0.00196267158666055	0.786810796706885
AT5G07600.1	-10.5471834392337	4.4628548042125	2.08840692002414e-17	4.36012955858374e-14	0.268414049414033
AT5G07660.1	-5.12284255268151	3.26135053214299	9.41980085643544e-07	0.000170190440473483	0.345529686239379
AT5G07690.1	4.82396163364564	3.79136816678223	1.22975827910238e-06	0.000211992275819575	0.326625264801331
AT5G08000.1	-7.04437706606087	5.80101688968181	9.04259896805626e-13	6.06822980749204e-10	0.264635190154996
AT5G09970.1	-4.76337170136353	2.24198186292316	0.000196102880277024	0.0160907123161803	0.52515047209714
AT5G11400.2	-7.70795733262778	0.814080624545627	0.000109206097571967	0.00967916308196825	0.789153445486056
AT5G11510.1	-4.8888410522301	3.77852980530393	1.14075170680315e-06	0.000202214382743691	0.332060254782095
AT5G12270.1	-8.19507331303692	1.28845336062347	2.83616962418448e-05	0.00315335072416724	0.743731643888049
AT5G13220.1	-4.40958835047694	4.04364797799489	6.57909187509602e-06	0.000936523760098895	0.32989665958324
AT5G13490.1	-2.96284982297052	5.74883951716844	0.00029393719273375	0.0226355731617506	0.26818386768629
AT5G16570.1	4.83821606487875	6.38376138629766	1.89135009411546e-06	0.000317307752396692	0.344962816832478
AT5G17160.1	-5.40237577724079	4.19243057631023	3.03008165905957e-08	7.90767144079575e-06	0.297523490492507
AT5G17165.1	-4.35399391459706	2.25217592736149	0.000367397805470529	0.027072175548201	0.500393645707909
AT5G17340.1.DE	-12.8084426370661	3.60084253681447	1.35307806760508e-14	1.10540595175215e-11	0.32833588526542
AT5G20710.1	-8.52516064513346	6.2319779125403	1.02816920664829e-15	1.07329441071786e-12	0.267310035810962
AT5G22200.1	-6.47336726740765	2.32370894833161	2.08306869097719e-06	0.000343340883363696	0.48817143059652
AT5G22260.1	-9.39991326163192	2.53530707156298	8.73420775536248e-09	2.82958213315967e-06	0.481101274094546
AT5G23010.1.DE	5.413110081638	7.32373072652394	5.62409557160825e-09	1.8870849248307e-06	0.275611962771084
AT5G23020.1	4.47657912409884	3.86892331782305	3.81502708361613e-06	0.000587576712304484	0.321303257061688
AT5G23530.1	-5.5330643251339	5.18279253708809	1.35704248850682e-10	6.21922642903493e-08	0.232697124524622
AT5G24790.1	-11.968653067903	2.76584804958527	1.50532873926215e-10	6.73455405017519e-08	0.435730869435815
AT5G25320.1	-11.6037567056807	2.40409889209511	5.54205995824131e-09	1.8870849248307e-06	0.506404373336697
AT5G26717.1	-8.92788210998954	3.42558147820807	6.44418523658933e-12	3.78394501860980e-09	0.342594575854106
AT5G27220.1	-3.12963705411605	3.70165298682146	0.000712276884703873	0.0455227301482509	0.331836172570419
AT5G27330.1	-4.04958164171578	4.24773433221549	4.85512449118428e-06	0.000718329048735061	0.281911442557781
AT5G29560.1	-7.65447109158961	0.762270277893672	0.000128809436706698	0.011120243469411	0.797146922596626
AT5G35090.1	-10.0906356701904	0.916758623049824	2.36410087845038e-05	0.00269220942461107	0.780739056681311
AT5G35110.1	-9.30394550197407	2.38696289308654	3.12103740097474e-08	8.03346476223498e-06	0.509418551822619
AT5G35480.1	3.76920314207909	5.42086370044236	1.77442161199752e-05	0.00212365491015499	0.28656522899652
AT5G37300.1	-2.93317558764524	5.84149757905496	0.000193689644166568	0.0159624053240781	0.249263305295824
AT5G38240.1	3.60920605978415	2.92764331759061	0.000711494770803238	0.0455227301482509	0.413643120199182
AT5G39080.1	4.37911068876755	4.37171173847047	6.01039019840289e-07	0.00011623806827703	0.267782772778601
AT5G39670.1.DE	4.22323726552068	3.00580321890771	4.26503916850518e-05	0.00441614132141026	0.367061501847789
AT5G40730.1	-6.04824211952487	3.75575281964053	1.94606719962556e-09	7.16992209430674e-07	0.295241621381121
AT5G42250.1	4.15805160195761	4.46634451364976	6.79995413661356e-07	0.000127771138226969	0.249599917380641
AT5G42650.1	3.68396070495893	7.44220507651482	1.37787058483372e-05	0.00174933704655579	0.270316430715894
AT5G43110.1	-9.89079039345345	0.723191732144375	4.26931572000298e-05	0.00441614132141026	0.804622753023416
AT5G44540.1	-9.81734572447665	5.77782155398158	6.61345270957426e-18	1.8302936541244e-14	0.265726530068938
AT5G44568.1.DE	4.65213974564556	2.70555196977833	4.80492750990592e-05	0.00488024799519633	0.431030603627659
AT5G44630.1.DE	-10.2621452770004	5.70183444846507	1.40402490557551e-18	6.59540699394094e-15	0.266100241323537
AT5G44700.1	-10.2087596152583	4.15482473330665	3.86973679032822e-16	4.84749028601781e-13	0.280111061738989
AT5G46970.1.DE	-10.2879247783132	1.10973806892177	1.72029973975924e-05	0.00208544723290813	0.783481022659433
AT5G47220.1.DE	3.71409887023567	4.31840887630711	5.48525249419589e-06	0.000805217924733912	0.248258327985614
AT5G47470.1	-7.24919699705088	2.06155352033784	7.16735609292012e-06	0.000990254566073301	0.607424649693212
AT5G47740.2	-10.0577022196074	0.884889601061451	2.56171263848778e-05	0.0028823102082147	0.782944569529952
AT5G50740.3	-2.63137580725948	4.59243012048451	0.000750050236213076	0.0473139394523505	0.250009361432601
AT5G52360.1	-8.61335013121389	3.82430973905521	1.15714683747475e-12	7.49751347453467e-10	0.317786958316142
AT5G55730.1	-3.53132577580302	5.93660240002539	6.50927542431488e-05	0.0062402696542284	0.296886161419145
AT5G56530.1	-2.76023917918731	4.5025231267525	0.000341409425265158	0.0252562326800485	0.24136522602758
AT5G58460.1	-9.18731128601028	2.32669682468492	4.61540654729042e-08	1.14419771861842e-05	0.517513827097444
AT5G58770.1.DE	3.11376763022185	5.34296237549715	5.97151542647112e-05	0.00584783752960011	0.237987054874318
AT5G60740.1	-7.86954712862547	2.38268191674267	1.5498368823786e-07	3.50860662890288e-05	0.497053640171243
AT5G61160.1.DE	7.31979965975162	0.551403612866592	0.000288188672615794	0.0224691500350654	0.84801377259899
AT5G61980.1	-4.60157008987877	2.97934518434825	1.45672510878499e-05	0.00182479098627133	0.376240923015037
AT5G64690.1	-4.68822156542997	2.01465606250924	0.00032477008816399	0.0244097198264055	0.540650543362245
AT5G64770.1.DE	5.10308786672427	5.88179042205184	4.93676720468384e-09	1.71781214400017e-06	0.249728822126988
AT5G66170.2.DE	-2.95502921464739	3.97804675878871	0.000528018312319908	0.0357427921601111	0.28789277287106
AT5G67260.1.DE	-2.77130556044266	5.97832682395305	0.000434326928246572	0.0309857799195239	0.253043221541915
AT5G67265.1	-7.37980387502399	0.497186898090727	0.000293146201369432	0.0226355731617506	0.840045946500311
AT5G67460.1	-3.76676075605888	3.80744712842822	2.86874651226627e-05	0.00317080864502843	0.297290724491506
