logFC	AveExpr	t	pvalue	padj	dispersion
AT1G01030.1	-2.54474724801318	1.46201521965198	-7.14742857030921	0.00104548079934046	0.0499212504273516	0.356036751256835
AT1G01180.1	2.94221902024499	2.39964722821153	8.37440466145827	0.000517801872413116	0.0339371828157298	0.351334708458267
AT1G02040.1	-8.84836598975747	-0.989808394574924	-14.2693122859787	4.52918098482587e-05	0.0166200910684104	0.620097578104871
AT1G02670.1	-3.97390717299541	0.923563086598269	-9.08216956694406	0.000359556527357638	0.0281714166169235	0.437550427098284
AT1G02730.1	-5.48744679392814	4.19771147427046	-12.8692380497388	7.30637200517543e-05	0.0167263694245081	0.426400286692925
AT1G02980.1	-5.63006317109928	-0.84653537846952	-10.6522724660521	0.000174237343234393	0.0204766429451971	0.528531652663018
AT1G03110.1	-2.92210055671418	3.03650863017381	-9.96222701942977	0.000236463069100742	0.0231081203549524	0.29331800520256
AT1G03380.1	2.26067878349737	5.945166630039	7.41561734074561	0.000889026275512686	0.0455738090266452	0.304853753857541
AT1G04030.1	-2.48891864680856	2.46713667150555	-8.5852694922186	0.000463181106111904	0.0322588330058124	0.289905709898149
AT1G04110.1	-2.94660827523503	1.39782422259884	-8.18902901383708	0.000572310987240631	0.0354637706070814	0.359823890018721
AT1G04450.1	-8.99071665844879	-1.73497040157541	-14.1428406028346	4.7201786180022e-05	0.0166200910684104	0.635707981934465
AT1G06320.1	-5.0053736063875	-2.9083127206928	-7.41520377185072	0.000889245054178443	0.0455738090266452	0.675014977388577
AT1G07010.3	1.60475996479128	6.37897688467577	7.99670092731692	0.000636303966609837	0.0373093067733703	0.200677751910088
AT1G07020.1	-1.80658704689864	3.17637403403427	-7.41846518631956	0.000887521507300543	0.0455738090266452	0.243525716105021
AT1G07070.1	-2.42466807011965	3.36505405067812	-7.38844659180486	0.000903537535282238	0.0459607292900564	0.328170210069469
AT1G07340.1	-9.43889343044505	0.449539662583986	-17.547941709992	1.72876071030078e-05	0.0160968050928014	0.537891770239381
AT1G07645.1	-7.8326067781844	-1.50221873082167	-12.8215248045721	7.43282546475251e-05	0.0167263694245081	0.610895107841723
AT1G08930.1.DE	4.70254884322934	4.74413984732503	11.3296593752282	0.00013137738524561	0.019412237012055	0.415065333165379
AT1G09070.1	1.79310608247855	6.83057643122156	8.62049019092616	0.000454745654219864	0.0320298323038769	0.208005118359273
AT1G09080.1.DE	2.51338414433224	1.66306645775906	7.57027950199644	0.000811539322709544	0.0429643099683024	0.332006783061233
AT1G09200.1	-4.62156243070968	4.84340766814882	-10.5795553638109	0.000179777227190261	0.020751035238383	0.436839004266522
AT1G09380.1.DE	-9.43087879902271	-0.694952664215523	-14.6384868270323	4.02269777745631e-05	0.0162929267147755	0.644252299466299
AT1G09470.1	-4.68574692858071	1.72760825800287	-13.454967292979	5.94711823856154e-05	0.0166200910684104	0.34825405566209
AT1G09690.1	-2.59857463588638	7.44793448142873	-11.2326350046699	0.000136664450287485	0.019412237012055	0.231341500440995
AT1G10050.1	1.88939224577307	3.93790679857279	7.82427861958152	0.000701087196477761	0.0396080346154045	0.241478139728378
AT1G10155.1	4.6039589818396	0.0481978044955331	10.3839907261278	0.000195762170442798	0.0215144128772847	0.443370868028155
AT1G11110.1	-5.99554576685598	-3.23496596062805	-8.45032055923913	0.000497289791249581	0.0332926501654415	0.709505127625102
AT1G11125.1	-4.03181081559089	0.291254727092299	-9.19255889005228	0.000340467068118527	0.02754550330045	0.438595048866525
AT1G11530.1	1.86499885010599	3.64844238202406	8.08566195762629	0.000605691989485502	0.0366098241813155	0.230655060758129
AT1G12000.1.DE	-2.72659022217517	5.67631813815768	-9.39979460116723	0.000307814428743641	0.0263383092926342	0.290069127876113
AT1G12600.1	-3.82617205183787	0.79515441957991	-8.76116017063972	0.00042284130745813	0.0308255835503901	0.436719792506486
AT1G13710.1	-8.48383607968433	0.223703999573348	-15.879756020731	2.7548446016108e-05	0.0160968050928014	0.534254812769711
AT1G13960.1	1.71180814777257	4.25751032564024	7.96021812593912	0.000649391970956809	0.0378326326669603	0.215045382009631
AT1G14180.1	-3.22392668225876	2.63414434872109	-10.6622124682793	0.000173496140706604	0.0204766429451971	0.302369390203968
AT1G14820.3	-1.73167869125184	4.59730824154172	-7.34520271010114	0.000927221890672258	0.0466433668804043	0.235756419475045
AT1G15125.1.DE	8.17122902074194	3.98266263685579	18.8044646567086	1.25118614431574e-05	0.0160968050928014	0.434536647009879
AT1G16630.1.DE	-5.97495428546116	1.76605390064218	-12.5465682075218	8.21522988947579e-05	0.0168630353353511	0.47622219770655
AT1G18080.1.DE	-1.63619295654947	7.99180425528319	-7.59306319219046	0.000800819839715018	0.04256209148115	0.21548522844276
AT1G18810.1	2.14048408062597	4.04952324485688	9.50343048357568	0.000292901611570519	0.025956043981389	0.225232781396703
AT1G19020.1	4.00804341619525	0.48507727715726	8.47040464806036	0.000492027168138363	0.0332057444041893	0.473182047697456
AT1G19090.1	-6.95750060982282	-2.75206270437312	-10.3701999729847	0.000196952677186017	0.0215144128772847	0.67091286840637
AT1G19470.1	-5.61774419576276	-3.42352799847066	-7.81920597424977	0.000703109802085302	0.0396080346154045	0.718454561021046
AT1G19570.1	-2.04700364230083	8.79318282344688	-8.66824396944069	0.00044360099430784	0.0316617306539352	0.236149749536054
AT1G19780.1	-6.36477072020785	-0.479548725870292	-12.0616120089633	9.85226877050999e-05	0.0181636163245606	0.527688232342247
AT1G20135.1	-9.95573489657143	-1.25291624082264	-15.3415650605917	3.23448358641083e-05	0.0160968050928014	0.648938674590966
AT1G20510.1	2.21059414493226	5.92943231002533	10.6796217542226	0.000172207096347987	0.0204766429451971	0.206991801377068
AT1G20750.1	-5.23529579025455	-3.61346040799638	-7.24702393017503	0.000983807632555971	0.0482834791767879	0.722406306464081
AT1G20930.1	-5.41557501503692	2.12705864745796	-14.2177450890657	4.60591002314302e-05	0.0166200910684104	0.380902525759997
AT1G21250.1.DE	2.60107808666986	7.33461768231198	10.1609035877474	0.000216136170084976	0.0223297835743297	0.255988856129527
AT1G21270.1	3.85346025685583	5.49893210980976	12.5241933452009	8.28316946218875e-05	0.0168630353353511	0.307681313330445
AT1G22190.1	2.18993042398936	3.84231840593517	9.35622985075157	0.000314354730037461	0.0263383092926342	0.234061204023696
AT1G22350.1.DE	4.38719890743137	2.29024245789082	11.2660649614733	0.000134814323254968	0.019412237012055	0.38941714985972
AT1G22710.1	2.08421890010387	7.37318811236485	8.09795157515376	0.000601603210590446	0.0366098241813155	0.257376063657715
AT1G23060.1	-2.07828250439693	3.76086501968342	-9.14524929165426	0.00034849534730842	0.0277828235215324	0.227252690234866
AT1G23410.1	-4.6150828090858	1.11320498897569	-10.6821488062436	0.000172020944346856	0.0204766429451971	0.432036933092369
AT1G23570.2	-10.6363483837308	1.30360065652275	-17.6861770894326	1.66653870153397e-05	0.0160968050928014	0.601393298842741
AT1G23670.2	-9.64562981475535	-0.1857065170732	-14.6837202273426	3.96545701863323e-05	0.0162929267147755	0.65689278094486
AT1G24148.1	3.60979091436464	3.91622169236529	14.4468755480118	4.27651867693615e-05	0.0162929267147755	0.249866547432218
AT1G25340.1	-5.5605111959293	-2.21743969037551	-7.52646295141859	0.000832641319428575	0.0438261883672202	0.738794734235854
AT1G26770.2.DE	-3.4487112957119	3.67217660802226	-8.51869489244791	0.000479644708038805	0.0324504043788537	0.404840335198445
AT1G27770.1.DE	1.44151310766881	5.92897424694435	7.17460770865828	0.00102820293968399	0.0497679720411991	0.200918735379665
AT1G30440.1.DE	-1.42766464944165	5.86932447480794	-7.14813823842404	0.00104502526974161	0.0499212504273516	0.199725383284755
AT1G30795.1	-9.81299536170412	-1.32384420618956	-15.4597509429364	3.12102123310258e-05	0.0160968050928014	0.634744725055722
AT1G31850.1	-1.59267158920246	5.96898146988953	-7.94300628158188	0.000655678506951436	0.0380363287064487	0.200512442360208
AT1G32320.1	-6.18855980235286	-3.14136708193268	-8.52134650404964	0.000478975683651422	0.0324504043788537	0.726242008749655
AT1G33720.1.DE	3.33099348249903	2.7062212011383	7.89091501912395	0.000675153791933338	0.0389176916216966	0.422130193320576
AT1G34065.1	-3.11377976097603	2.04924565171806	-10.1412388091282	0.000218051740451132	0.0223297835743297	0.307041360486777
AT1G34430.1	-1.9048947356071	6.17345762121622	-9.434161429049	0.000302770142318054	0.0261235061085498	0.201914579258913
AT1G35710.1	5.06458558519369	6.76565384139433	16.5314101843987	2.28398902085342e-05	0.0160968050928014	0.306361376839668
AT1G35780.1	-2.52459378565046	4.92707163753738	-11.9769000490687	0.000101772184949659	0.0185241316587595	0.210788582630508
AT1G44740.1	-5.09206502073609	-0.700398010584999	-9.28224486775967	0.000325848934103884	0.0270038637943538	0.548581199190567
AT1G47578.1	-3.49048845692315	0.209915690030387	-8.36230866847279	0.000521163150329757	0.0339940509419637	0.417407272955953
AT1G47880.1	6.22713311316848	-3.07799159404029	8.57785179509898	0.000464981528380132	0.0322588330058124	0.725954849992443
AT1G48580.1	-3.41591601144716	0.886669507495011	-7.69129209558833	0.000756501104220659	0.0412520052131525	0.444127718593148
AT1G48820.1	-6.83108834045547	-2.81543022110725	-10.1184009153103	0.000220302107959543	0.0223297835743297	0.675115405846317
AT1G49290.1.DE	-5.99926358618107	-0.0908305888161063	-11.6779154865645	0.000114322898494545	0.0185241316587595	0.513727265202701
AT1G49920.1	-5.4712531045528	-0.0570046042416458	-11.8225331961523	0.000108032386778866	0.0185241316587595	0.462781792512409
AT1G50240.2	-3.98852810095731	2.79840599627499	-11.662072582757	0.000115038529235213	0.0185241316587595	0.342008512865421
AT1G51060.1	-2.35188307581994	5.86467862728741	-9.10966394363433	0.000354684231963212	0.0280303350274695	0.258174515588294
AT1G51800.1.DE	3.68802601170339	2.49267523566476	10.6758215394231	0.000172487491044702	0.0204766429451971	0.345455944358422
AT1G52400.1	-3.8308568557381	9.72269125124174	-7.73017739301394	0.000739772058474452	0.0405017774584457	0.495571661680131
AT1G54280.1	-7.04351843815482	0.544938643100311	-11.6508030139842	0.000115550867842455	0.0185241316587595	0.604552186634746
AT1G54400.1	-3.84847032647592	-1.41849270945192	-7.37892783686923	0.00090868818198862	0.0459654606343594	0.521548714333107
AT1G55020.1.DE	-2.35920203900775	4.94438022028012	-8.9421075609002	0.000385661992404201	0.0292899003423413	0.263830648752591
AT1G56580.1	-2.21746087371401	7.66684025404593	-10.0603957483141	0.000226144554767935	0.0224212046754463	0.220414875238444
AT1G58180.2	1.62749055675333	4.82596793008451	8.01052224934188	0.000631428353540288	0.0372638399551428	0.203169095109503
AT1G58520.2	2.10110266391236	6.30084575381657	7.67719428872347	0.000762677826483179	0.0413887100100517	0.273681059107561
AT1G59590.1	3.82909679558216	0.988009441552508	9.63698134999818	0.00027494414000225	0.0253660620192787	0.397333631405532
AT1G61563.1	-8.27925346297295	3.17892040585032	-19.4986856373879	1.05591190377527e-05	0.0160968050928014	0.424605720454195
AT1G61680.1	-7.40845758292285	2.63248460548336	-19.5556381419468	1.04158904510197e-05	0.0160968050928014	0.378839981040135
AT1G61790.1.DE	-1.65061827270282	6.06836670994088	-7.6525269112243	0.000773631333868031	0.0414595251013745	0.215695846855734
AT1G62180.1.DE	3.10332239881026	7.82622884451162	9.80827690720683	0.000253809949666313	0.024196252719063	0.316398326451207
AT1G62560.1	3.2962507915647	4.69882900167034	11.8756623257066	0.000105826729969714	0.0185241316587595	0.277563532976976
AT1G62750.1	2.05524946826591	8.72642882572162	8.37820601530253	0.000516750912659837	0.0339371828157298	0.24530901538015
AT1G62940.1	-11.2843650648977	1.96785238616697	-19.3025822364989	1.10708583364513e-05	0.0160968050928014	0.584603910846721
AT1G63230.1	-2.54074688404605	1.65649146927387	-7.75778022595549	0.000728165363469135	0.0403921103601548	0.327509520770566
AT1G64360.1	5.25110478368624	4.48743594934875	12.5560628936112	8.18660319476988e-05	0.0168630353353511	0.418212685630789
AT1G64450.1.DE	-3.07278072722049	2.83867993983167	-11.0297496269308	0.000148572846585091	0.019412237012055	0.278590251923564
AT1G64690.1	-2.9195921104969	2.23894873467395	-8.61601624551519	0.0004558068928628	0.0320298323038769	0.338856384122604
AT1G64800.1	-7.4299122419257	-1.70268175067071	-12.0596684564104	9.85958267388582e-05	0.0181636163245606	0.616095895901374
AT1G65290.1	-1.82063621217436	6.38412942563555	-7.35252003036816	0.000923162522124498	0.0466111595661564	0.247620707547151
AT1G65470.1	-2.94974597768841	3.08958726437558	-11.1309146966205	0.000142485163573989	0.019412237012055	0.26500481389764
AT1G65560.1	-2.95487500073585	3.2356916276169	-11.7397436138523	0.000111580923131244	0.0185241316587595	0.251698426978358
AT1G65900.1	-3.92091431857973	3.61316600678302	-15.4107251100453	3.16749460227584e-05	0.0160968050928014	0.254427633390457
AT1G66350.1	-3.20185076958202	5.75276025359586	-13.3397677974665	6.18857933557368e-05	0.0166200910684104	0.240022976276252
AT1G66620.1	-4.09566273257344	0.867682612756279	-10.1502956464097	0.000217166976042199	0.0223297835743297	0.403501816621679
AT1G66880.1	2.6332293402279	5.63355572986096	12.875011140045	7.2912483116036e-05	0.0167263694245081	0.204522490239857
AT1G68480.1	-7.9248459237653	-2.27108868196957	-11.345977040979	0.000130512584060849	0.019412237012055	0.6984718808387
AT1G68630.1	-6.32048415282716	-1.83242717066411	-7.19105606560016	0.00101791240913918	0.0493832416996082	0.878936848102527
AT1G69450.1	2.6076739400331	4.9688672751194	12.3952940495643	8.68802878251415e-05	0.0170416622126078	0.210376125778538
AT1G69720.1.DE	3.20919612366775	3.39984456457718	12.2176059625613	9.28598968901831e-05	0.0177050705504255	0.262669800736885
AT1G69940.1.DE	-9.9929929873911	3.66601291685819	-24.4081803611885	3.68139790002788e-06	0.0160968050928014	0.409411633293278
AT1G70540.1	-7.21508283401406	-0.665258182548414	-11.8959319153128	0.000104999567241235	0.0185241316587595	0.606516823177729
AT1G71160.1	-9.68248348138219	0.569974410608575	-16.6308304295602	2.22100350877481e-05	0.0160968050928014	0.582200842128255
AT1G71680.1	-10.8584975479144	0.421732830984263	-16.557787241799	2.2670703671616e-05	0.0160968050928014	0.655794001296436
AT1G72230.1	-4.0563927524672	3.24156981405957	-8.17460219805572	0.000576835016779151	0.0356630538151555	0.49621897851274
AT1G72416.3	2.77932247893865	2.26839169087173	7.49123074665525	0.000850086695862202	0.0442320873333644	0.37101012809939
AT1G72460.1	-9.19883044133505	-1.63084150497006	-14.5372332532637	4.15448702626726e-05	0.0162929267147755	0.632777247298407
AT1G72900.1	2.90970813486026	3.38871004842973	11.1389537507911	0.000142014416226808	0.019412237012055	0.261219159353597
AT1G73010.1.DE	-2.64553155858417	3.06912933892341	-9.45644793659797	0.000299552052247617	0.0260713257635529	0.279759543575082
AT1G73890.1	-3.18483915415984	1.98830708994597	-8.80803737413006	0.000412811101096367	0.0305819332250672	0.361583292495327
AT1G74000.1	-6.60236750249696	0.869918637090095	-15.0990958062826	3.48326242609676e-05	0.0160968050928014	0.43726906479723
AT1G74990.1	-5.5124226537079	-3.48241701885158	-7.21156064903704	0.00100525605542453	0.0489412189980844	0.764386922883881
AT1G75820.1	2.12729001843408	6.53704126083502	10.5524061102575	0.000181899777075868	0.020751035238383	0.20159288755635
AT1G75890.1	-4.38433904409985	1.3145181602454	-11.7810984496886	0.000109791089684515	0.0185241316587595	0.372150276379001
AT1G76360.1	4.94590173518753	2.98170994302571	13.2173489461864	6.45826151077065e-05	0.0166200910684104	0.374197712061962
AT1G76410.1	-2.8965133813056	2.00998703984668	-9.07053246449091	0.000361642938623382	0.0282500144694054	0.319332232440024
AT1G76470.1	-7.57397328630784	1.82821194755922	-9.22797662830656	0.000334601958825689	0.0271515547838762	0.820762079422144
AT1G77410.1	-2.95481509424069	3.03335055446665	-11.3918694030304	0.000128116902331814	0.0192989355915851	0.259379298489383
AT1G77690.1	-2.15371397298008	3.20305483241561	-8.59521243636099	0.00046078086052311	0.0322133081081092	0.25057134875097
AT1G78410.1	3.79843700685779	-0.29780663906892	7.53885714757845	0.00082660636723122	0.0435926936219714	0.503847855517184
AT1G78510.1	1.85409215166118	6.1532704878143	9.24449332034078	0.000331908366823449	0.0271196925026134	0.200561792562671
AT1G78640.1	-5.94108822876568	-3.26007326301338	-8.52907025607385	0.000477033285763715	0.0324504043788537	0.696569268442223
AT1G78940.2	-2.7733393788962	2.92820445303612	-9.93189163653532	0.000239765545791354	0.023265590883338	0.279235767000742
AT1G78950.1	-5.75265151771088	1.67271367553723	-12.892832075121	7.24480063820107e-05	0.0167263694245081	0.446189904917141
AT1G79245.1	1.54758515995315	8.09347669613628	7.16111784691762	0.00103673547230872	0.0498587700981271	0.216109438922204
AT1G79360.1	-4.98282973503237	1.31647912630533	-10.1208138351489	0.000220063031240029	0.0223297835743297	0.492334886916639
AT1G79400.1	-4.54362724238889	0.586188264807756	-8.66302810131289	0.00044480218852066	0.0316645735509551	0.52448487864195
AT1G79800.1	-5.74903132567444	-0.188366596937249	-11.735426277087	0.000111769797259941	0.0185241316587595	0.48988687670419
AT1G79890.1	-3.29470499503886	0.86883943917915	-8.22805221968482	0.000560285410787486	0.0351478887661052	0.400423442519798
AT1G80710.1	-2.73214191917244	1.36506644504852	-7.67383377181013	0.000764159082364415	0.0413887100100517	0.356033502994159
AT2G01120.2	-2.60171507677019	2.58921092142906	-8.70378119780496	0.000435519730180103	0.0312485406404224	0.298917794191142
AT2G01420.2.DE	2.26859130086613	5.33292912914781	9.15566496830616	0.000346708486279587	0.0277828235215324	0.247780069358068
AT2G01520.1	-7.55426964956123	1.44294803156242	-17.2519797780807	1.8716873209099e-05	0.0160968050928014	0.437878420142783
AT2G02100.1	-5.91752505753542	5.11327595436918	-13.9465560291572	5.03624605905908e-05	0.0166200910684104	0.424300095676956
AT2G02660.1	-5.92995130951842	-2.43492222129381	-8.15368157753415	0.000583471815926426	0.0359105170682483	0.727272858662672
AT2G03480.1	-1.96639244713014	3.94151113381087	-8.40615433055979	0.000509102102972699	0.0336909437804627	0.233922953327362
AT2G03530.1	3.12952389752726	4.11928482957721	11.6223079011039	0.000116858633607432	0.0185241316587595	0.269268713594312
AT2G03850.1	-9.44560572511898	2.38678222219734	-22.2599086092568	5.67488604467739e-06	0.0160968050928014	0.424332637250406
AT2G04795.1	2.47877458295847	1.96941367177198	8.1621721255818	0.000580767318496216	0.0358249342506772	0.30369055501654
AT2G05518.1	3.73000481058588	-0.168459527718141	8.03627297896582	0.000622463382530648	0.0370555985255418	0.46414610608037
AT2G05642.1	-5.72381685867506	-3.36932515120237	-8.09217560404571	0.000603520752842005	0.0366098241813155	0.707327316996608
AT2G13116.1	-6.87689042806083	-2.79595296597638	-9.74297285227303	0.000261628426683994	0.0244291063477366	0.705830810814222
AT2G13810.1	4.37489022681538	-1.78737995983661	7.65285182131605	0.0007734858388588	0.0414595251013745	0.571667964957805
AT2G14080.1	2.49673454240372	5.14915258339855	11.9428373939385	0.000103115137000346	0.0185241316587595	0.209057065758168
AT2G14710.1	-7.24564151873741	-2.60757302683555	-10.9622616808404	0.000152808545862149	0.019412237012055	0.660962284033157
AT2G17000.1	-6.98707742312052	-2.73942245745647	-9.97633896442673	0.000234945424813877	0.0230909252477206	0.70036487814165
AT2G17770.2	-4.63036305903053	-0.371483221308921	-9.48755750176064	0.000295128412173532	0.025956043981389	0.488045849331743
AT2G18150.1	-7.48102814109964	-2.48979432939226	-11.4131491000594	0.000127024050802366	0.0192989355915851	0.655474494857928
AT2G18390.1.DE	-1.68787120147792	3.62666169585873	-7.39909320070649	0.000897817916509923	0.0458472719904016	0.228118656664137
AT2G19440.1	-5.74330654415249	-3.35848922513495	-8.19415269348374	0.000570714524212373	0.0354454020561511	0.70090304135042
AT2G19920.1	-6.58221257985958	0.051016554885948	-13.6191361669742	5.62235135292061e-05	0.0166200910684104	0.483306172958395
AT2G20340.1	1.69113287455117	5.60629970560466	8.51938214504503	0.000479471200719772	0.0324504043788537	0.198504169170854
AT2G20570.2	3.72823421406235	6.88279494594111	11.8628875008564	0.000106352081859722	0.0185241316587595	0.314277128042663
AT2G20970.2	-7.90567651657696	-2.27753381932676	-12.1849328175242	9.40127893446825e-05	0.0178004076491859	0.648807558890033
AT2G21050.1.DE	-2.81267869948054	3.92606170755667	-7.3150868976017	0.000944155356899487	0.0471683420452543	0.384503798636035
AT2G22620.1	-3.65969533055758	1.10874610566332	-9.00677925027247	0.000373334760174631	0.0288264974238667	0.40632674887051
AT2G22670.4	-2.30744997835552	7.94998673128544	-10.1139707117503	0.000220741875128936	0.0223297835743297	0.228144815139196
AT2G23150.1	-2.08534348858967	4.26653466540932	-8.39595156789687	0.000511878522293448	0.033711033599833	0.24837488302854
AT2G23160.1	-5.66477098940784	-3.40062037960427	-7.85517082458669	0.000688918963267843	0.0392191667164019	0.72115185218851
AT2G23600.1	2.78746355653804	6.05623591293012	11.8599924085578	0.000106471576215685	0.0185241316587595	0.235030804448634
AT2G24490.1	-3.88778871690609	2.87981322326893	-14.0352078546909	4.89042819853113e-05	0.0166200910684104	0.277002575035374
AT2G24970.1	-3.27251479410114	0.171378380921121	-7.45712077988037	0.000867394672002159	0.0447060788887313	0.438844279273379
AT2G25200.1	4.66507209195447	0.672382556462416	8.73117750648533	0.000429410154307434	0.0311436882117212	0.534300452429166
AT2G25510.1	3.82581825460941	9.12561945086668	10.6643836050227	0.000173334749642398	0.0204766429451971	0.358747246564494
AT2G25880.1	-5.61467951026222	1.8313505000598	-15.5126540940616	3.07179290745025e-05	0.0160968050928014	0.361941900864764
AT2G26190.1	2.16651905922168	5.57101185148083	10.2821190746391	0.000204765391608279	0.0218083140710927	0.210707446927493
AT2G26400.1	-2.1441608349858	2.60003658008213	-8.06110539693562	0.000613962226033955	0.03673935477932	0.265988438235888
AT2G26450.1	-6.57859654936513	1.84725146760304	-9.18547037187213	0.000341655702896965	0.0275598897617921	0.716195935867389
AT2G26650.1	3.2925593147681	2.48692895236914	8.31397623845406	0.000534857867179455	0.0344804154379775	0.396027029706827
AT2G27035.1	-3.93771251149822	0.791275534082339	-9.97172618042032	0.000235440206083489	0.0230909252477206	0.394887749648601
AT2G27240.1	-4.97259630088665	-2.16985631697495	-7.85830069831396	0.000687700295067015	0.0392191667164019	0.632782644974829
AT2G27720.2	-2.41875764148859	6.95599172598381	-10.1406441745712	0.000218109982009046	0.0223297835743297	0.238521103773062
AT2G27740.1	-4.14877994862064	1.83047747138299	-10.4304626889409	0.00019181367523228	0.0215144128772847	0.397756079700995
AT2G28056.1	4.57881483148677	0.257597141482579	9.23646345850571	0.000333214633719989	0.0271196925026134	0.495732468607367
AT2G28180.1	-6.76007706556602	-0.641158807418945	-9.79019289155675	0.000255946575670108	0.0242274713182655	0.690494777829765
AT2G29550.1.DE	-3.69436598909747	6.27300922295898	-11.1692664484469	0.000140256145463924	0.019412237012055	0.330761738575159
AT2G30930.1	2.73096843169931	3.36902057583287	11.3202113967717	0.000131881263810944	0.019412237012055	0.241247123042076
AT2G31110.2	2.03745270376041	4.57374163226242	8.58012056976178	0.000464429961667705	0.0322588330058124	0.237462013172733
AT2G31460.1	-5.29280202878112	-3.58787368508695	-7.13715624809834	0.00105210116464993	0.0499722918028266	0.741584161085357
AT2G31880.1.DE	3.48730013693642	6.11973428631649	14.4804548042312	4.23066969522056e-05	0.0162929267147755	0.24082808061508
AT2G32060.1	-2.3840495732033	6.53486489736762	-7.22976202091513	0.000994178677661495	0.0486647785393908	0.329754916732589
AT2G32380.1	-2.41168195079229	2.56021834795396	-8.97170199325401	0.000379961202046639	0.0290186055288561	0.268809859333901
AT2G32390.3.DE	2.12305248710046	3.32771940821188	7.76470970607217	0.000725285917552513	0.0403921103601548	0.273423291722057
AT2G32460.1	-8.004563331236	0.679416214864278	-15.8755730230468	2.75822713322641e-05	0.0160968050928014	0.504206262011182
AT2G32800.1	3.7322445174211	4.14421816349373	15.2955647608064	3.27998836759577e-05	0.0160968050928014	0.244008284478953
AT2G33100.1.DE	-4.86174443540609	1.1127300579909	-7.15505268403684	0.00104059934143819	0.0499212504273516	0.679484086295102
AT2G33190.1.DE	-7.0172855513417	-2.72301578042763	-10.3537575435722	0.000198383501720007	0.0215144128772847	0.677752547498873
AT2G33400.1	-4.2106393860077	2.00150894517158	-13.2159231766897	6.46148501109629e-05	0.0166200910684104	0.318603500467863
AT2G33770.1.DE	2.20234610356571	7.87678635217908	8.28769525134911	0.000542485513341598	0.0346390340076316	0.265736858894179
AT2G34700.1	-7.83410988841899	-2.3146243945729	-11.7563547761046	0.000110857798706123	0.0185241316587595	0.666372360958537
AT2G36160.1.DE	-2.35223186717213	6.73863329296317	-9.3746230673292	0.00031157321520922	0.0263383092926342	0.250914820817673
AT2G36220.1	2.99043781090711	3.44545089110868	11.3930601154963	0.000128055453002093	0.0192989355915851	0.262478893343121
AT2G37060.1	-2.83981077665031	1.52417395176018	-7.93733433314311	0.000657766112833368	0.0380764184000038	0.357778903780379
AT2G37190.1	-2.93854208893231	6.2392443089605	-10.9332484089209	0.000154674106565036	0.0194340530668004	0.268771181173806
AT2G37540.1	3.86238202842937	3.51771928499104	14.5715817132644	4.10920361926139e-05	0.0162929267147755	0.26506264758571
AT2G37620.1	-2.84528457532307	5.23602824185505	-13.4501494319202	5.95698625567061e-05	0.0166200910684104	0.211542971304882
AT2G37770.2	-4.32181307634177	2.2806854963292	-12.7843265711433	7.53324575434841e-05	0.0167263694245081	0.338055591140556
AT2G37880.1	-4.50040415915525	-0.663963331871276	-8.99831491165359	0.000374920968103672	0.0288264974238667	0.500138548532775
AT2G37980.1	-3.31512013105477	1.25126938661174	-8.46026214846612	0.000494676406368386	0.0332768914255361	0.391846029458533
AT2G38210.1	2.37582497068263	2.95810085112511	8.6434853840318	0.000449337655369576	0.031779653606989	0.274868859623664
AT2G38540.1	-3.5196225318864	9.66906516860826	-11.7573732635389	0.000110813645515328	0.0185241316587595	0.299354494664315
AT2G38580.1	-1.85777269275235	3.99743787181319	-8.1005186928264	0.000600753307730814	0.0366098241813155	0.229339967377341
AT2G38700.1	-2.39934063190647	5.52172169249356	-11.5267832077912	0.000121374750843413	0.0188027419417367	0.208153531532085
AT2G38910.1	-8.38425711811793	-2.03808421525582	-13.0989258071262	6.7327465520917e-05	0.0167263694245081	0.640072112902314
AT2G39000.1	1.7457190201585	5.05408461817835	8.52196235274225	0.000478820459994494	0.0324504043788537	0.204849417059059
AT2G39030.1.DE	3.95596466035131	1.52060937882868	8.91511165155547	0.000390952025943284	0.0294380753731031	0.443736973239263
AT2G39060.1	-7.72799169675202	-1.54002674500442	-11.2194743082497	0.000137401189581461	0.019412237012055	0.688801585923651
AT2G39460.1	-2.29332142409272	7.61869433328211	-8.01534399670756	0.000629737974830362	0.0372457467741933	0.286116406860983
AT2G39700.1	-2.19933604473565	5.08360147029477	-9.56084597266984	0.000285013721584978	0.0256619968812923	0.230035715565606
AT2G40000.1.DE	2.64325342857791	6.08544699557437	12.5227027565254	8.28771954864128e-05	0.0168630353353511	0.211076912066811
AT2G41540.1	-4.41679317242733	5.20473205540189	-14.7567462033646	3.87510688952516e-05	0.0162929267147755	0.299306711083795
AT2G41905.1	-5.11160204402745	4.16566398367025	-18.8524443251711	1.23635664925868e-05	0.0160968050928014	0.271137363190757
AT2G42610.1	2.48807456357097	3.08182248499505	9.78299350607672	0.000256803198642168	0.0242274713182655	0.254326506710395
AT2G42690.1.DE	2.03707629405962	7.01628384025961	9.87068419988439	0.000246599432047189	0.0237580689567725	0.206376402365652
AT2G42885.1	-9.7577750425485	-1.3528546779587	-14.428002124506	4.30255170901829e-05	0.0162929267147755	0.676308123490978
AT2G43010.1	4.39492562853949	4.70877100769221	11.7281706217527	0.0001120880851508	0.0185241316587595	0.374732408853947
AT2G43240.1	-2.28844732873707	4.54884542584642	-10.4695742826464	0.000188564646813455	0.0213328427193729	0.218580743300157
AT2G43270.1	-5.23529579025455	-3.61346040799638	-7.24702393017503	0.000983807632555971	0.0482834791767879	0.722406306464081
AT2G43500.1	1.67723957551655	5.08993519701669	8.00501794249387	0.000633364671119668	0.0372973817669066	0.209523524814739
AT2G44740.1.DE	-3.01771344255148	2.90208489895717	-8.32596431880472	0.000531421263389118	0.0344804154379775	0.362446117590942
AT2G45870.1	-2.95025372651798	1.64010645586705	-7.77841437710021	0.000719631187767961	0.040289002740233	0.379287292176614
AT2G46130.1	-6.24875250224956	-3.1069579821363	-9.02592919559677	0.000369775727440367	0.0286418613882432	0.692311269769097
AT2G46140.1	-2.22710127813737	3.53079652480132	-7.39885762708615	0.000897944003039592	0.0458472719904016	0.301006099912542
AT2G46430.1	3.78124749305508	4.71709096169739	15.6591734839823	2.94026736561911e-05	0.0160968050928014	0.241471716047013
AT2G46480.1	-3.78149393131053	-0.535945987813449	-7.74213936832213	0.00073471517654226	0.0403921103601548	0.488430103284236
AT2G46735.1	1.82662627093878	3.35972326115312	7.64673164530921	0.000776231971097454	0.0414595251013745	0.238876732657318
AT2G46880.1	-8.56242866034214	-1.9499753346024	-13.092128945138	6.74892338515471e-05	0.0167263694245081	0.654013468414694
AT2G46890.1	-2.85049782289968	1.81394950622051	-9.08209889744517	0.000359569153958898	0.0281714166169235	0.31385892788522
AT2G46980.2	-2.33025193233125	2.94390854738484	-8.55335806566622	0.000470986588640307	0.0324279023719141	0.272437084293833
AT2G47880.1	2.59177183475592	4.60117327764636	10.8890417645736	0.000157569630431771	0.0196170592407408	0.238016520717918
AT3G01530.1	-8.67608853313313	-1.89208722944692	-13.647467913977	5.56849170340168e-05	0.0166200910684104	0.635728809755802
AT3G02210.1	-4.08036559953251	2.31634867237957	-13.0897997884778	6.75447766617182e-05	0.0167263694245081	0.311721009142112
AT3G03855.1	2.3262278526994	2.72435381441905	8.29959403851634	0.000539016024433896	0.0346390340076316	0.280282124873091
AT3G04380.1	-2.89563209403892	1.85383815350519	-8.26815405889015	0.000548241693699816	0.0348433794375885	0.350215062928763
AT3G05560.1	-2.35352082695453	6.78076111285455	-8.775788864887	0.000419680145355857	0.0308255835503901	0.268183392192951
AT3G05610.1	-6.90148631278967	2.49551240795483	-12.5466142902002	8.2150906578881e-05	0.0168630353353511	0.550067624074507
AT3G05937.1	2.67386377206579	1.25363172766519	7.31434380004751	0.000944577838133463	0.0471683420452543	0.365564409489259
AT3G05960.1	-9.63977581522832	0.547845458922568	-16.3841584188651	2.38129182918604e-05	0.0160968050928014	0.588359534178383
AT3G06560.1	-4.27493130536775	-0.927543926070293	-8.22341733325482	0.000561697755677561	0.0351478887661052	0.519848517000382
AT3G06680.1	-2.16069431320931	4.61611162872758	-8.87247186583142	0.000399486240626716	0.0299230559084819	0.243527885563696
AT3G07070.1	-5.30888632980973	-0.775472220767557	-10.0618576963162	0.000225995029936977	0.0224212046754463	0.527624867101172
AT3G08770.2.DE	-8.87240897458289	5.58745940656899	-29.5255844410068	1.5032575434986e-06	0.0160968050928014	0.300499012722688
AT3G10040.1	-2.62047356784258	1.67760451572968	-8.08828784819913	0.00060481555950754	0.0366098241813155	0.323983717818108
AT3G10560.1	-4.75409827632953	-1.05328381891336	-8.60906904591979	0.000457460694995014	0.0320634083522855	0.552219787176954
AT3G10580.1	-6.00053873350058	-1.64985611725404	-10.0741189250786	0.000224745648940821	0.0224212046754463	0.595639060658972
AT3G11010.1	3.33705071310497	5.76840467490869	13.0346418714459	6.887637515449e-05	0.0167263694245081	0.256013993020799
AT3G11110.1	2.73001691121735	2.6531382193151	10.0301368838322	0.000229266257022898	0.022648349629454	0.272181421134733
AT3G11160.1	-6.88259012231205	-1.9678206167551	-10.6271264990074	0.000176129506744703	0.0205765167556316	0.647643567897202
AT3G12410.1	-3.86437323253437	0.868216467139023	-8.56324402516419	0.000468551740129083	0.0324240182604555	0.451274449400066
AT3G13420.1	-2.91591499287083	1.07534193354655	-7.34654808789099	0.00092647392740429	0.0466433668804043	0.396909536014201
AT3G13450.1.DE	-2.78579017738409	4.40581857397414	-11.5455575646455	0.000120470775687744	0.0188027419417367	0.24128676001882
AT3G13600.1	-3.787221398481	0.55648422553491	-8.72566309733738	0.000430631595665465	0.0311436882117212	0.43403250345944
AT3G13650.1	-4.42044807691138	1.03537680749654	-11.0671969228433	0.000146283577412912	0.019412237012055	0.399418941194343
AT3G13898.1	-5.03054648041201	-2.90762397364667	-7.74155718511268	0.000734960332206644	0.0403921103601548	0.649810672468576
AT3G14050.1	1.90453332712083	5.89506990264938	7.75095303498302	0.000731015703028741	0.0403921103601548	0.245716019504304
AT3G14210.1	3.27797197787733	9.15884698129343	11.3622673020252	0.000129656067245125	0.019412237012055	0.288496291342579
AT3G14530.1	-5.55896511555218	-3.45108133762123	-7.84547353234277	0.000692711222922433	0.0393474406103753	0.708556990554552
AT3G14540.1	-7.56218142205661	-2.45163156466954	-11.0940386796953	0.000144668770091169	0.019412237012055	0.681643686342756
AT3G14560.1	-2.27933600962158	4.16078469896708	-9.7931126408978	0.000255600147291488	0.0242274713182655	0.232748881096564
AT3G14600.1.DE	-2.24076844577928	6.35460060777348	-9.08939757315876	0.000358267899465633	0.0281714166169235	0.246525518082334
AT3G14620.1	2.1946429511991	5.70270781854413	10.391177850458	0.00019514516496358	0.0215144128772847	0.211202520328566
AT3G15020.1	-2.07870987855562	5.11165471652425	-10.2430031875719	0.000208354267587468	0.0220185236657842	0.202939493475681
AT3G15270.1	-4.25701167416982	3.76236549654591	-15.3377849620383	3.23819409094989e-05	0.0160968050928014	0.277550616644197
AT3G15536.1	8.35697624723998	0.311975044889062	16.3030983396716	2.43699274445203e-05	0.0160968050928014	0.512600493055011
AT3G15720.1.DE	-5.48852043443629	-0.377253050970693	-8.64101250994339	0.000449915506777837	0.031779653606989	0.635170985821458
AT3G16120.1	-4.23209389914015	0.635811227740751	-7.67174811780645	0.000765080133690302	0.0413887100100517	0.551646617453105
AT3G16660.1.DE	8.26087112713094	1.25830456004135	17.6157355645401	1.69790109581312e-05	0.0160968050928014	0.468948406773305
AT3G17060.1.DE	-7.17212102855301	1.41152090191832	-13.102571050849	6.72408998233195e-05	0.0167263694245081	0.547382723644021
AT3G18010.1	-4.82630078766949	0.235054006447646	-10.3695615180859	0.000197008003455286	0.0215144128772847	0.465429592104908
AT3G18524.1	-1.90040048301536	3.65558156146781	-8.09573532665074	0.00060233810965121	0.0366098241813155	0.234740935361281
AT3G18660.2	-4.25787629287139	1.88384694647944	-7.54404219227302	0.000824097216266161	0.0435445941889474	0.564402502577798
AT3G18760.1	-2.26955719405009	3.38871375159806	-8.05452154068569	0.000616202521814899	0.0367631548299414	0.281774303114829
AT3G19710.1	6.35326925490687	4.61781998178741	21.1544213882394	7.20697516760669e-06	0.0160968050928014	0.300328197983184
AT3G19800.1.DE	1.87421760504702	5.88144391425245	9.3528360149347	0.00031487121893415	0.0263383092926342	0.200390298948282
AT3G20015.1	-2.52275553658798	3.288254090055	-7.22406089440162	0.000997632622677741	0.0486871461838449	0.349215707545188
AT3G20190.1	-6.51868497999179	0.565784719999143	-11.6260412870034	0.000116686280505644	0.0185241316587595	0.560696871709799
AT3G20210.1	-9.28333908482332	-1.5910807764178	-13.4712083798635	5.91399799927398e-05	0.0166200910684104	0.689124451426339
AT3G21320.1	-5.56573631280189	1.74834131864635	-14.6450538645427	4.01432588875019e-05	0.0162929267147755	0.380042051349305
AT3G21690.1	2.55402622335161	6.0234501221078	11.1655938887982	0.000140467768552022	0.019412237012055	0.228740741315508
AT3G21880.1	-6.55261398676887	-1.01263087444285	-9.59476378046985	0.000280473957866233	0.0254904082040761	0.682936457498487
AT3G22060.1.DE	3.43700563775537	3.1533419618536	9.23867947624698	0.000332853524348974	0.0271196925026134	0.372023474414504
AT3G24340.1	-4.90578598653874	0.671391172358366	-10.3374703283634	0.000199813170742344	0.0215332256928459	0.474563489007411
AT3G24660.1	-2.90090463521724	3.24574842898294	-11.0783244594198	0.00014561152070387	0.019412237012055	0.261854095882762
AT3G25760.1.DE	2.72184102121675	4.5719442353422	10.7293069172379	0.000168591144363946	0.0204766429451971	0.253682837317646
AT3G25860.1	-1.70688093479735	5.65263981049803	-7.66507754178111	0.000768034881402568	0.0414595251013745	0.22268280072751
AT3G26050.1.DE	-5.33846604039976	0.976742324814532	-7.49500340570442	0.000848197875498384	0.0442320873333644	0.712269995279344
AT3G26450.1.DE	1.90051958007443	5.77870775666405	8.72635988589835	0.000430477027050366	0.0311436882117212	0.217790648669629
AT3G26830.1.DE	4.26223325604123	0.92470750017009	9.1465562547031	0.0003482705253075	0.0277828235215324	0.4659932260133
AT3G27060.1.DE	-3.58894886235689	4.78231096373807	-11.2590376369686	0.000135200722063203	0.019412237012055	0.318761600953595
AT3G27860.1	-2.81948464987097	0.785483143776483	-7.38160718708205	0.000907234828428766	0.0459654606343594	0.381960808589913
AT3G28455.1	-2.8636893897707	1.66492523051057	-9.02833910058424	0.000369330737165664	0.0286418613882432	0.317188948915907
AT3G28540.1	3.36946065852679	5.38560270728419	12.4935797837414	8.37722640941489e-05	0.0168819963268644	0.269695372891575
AT3G28790.1	-10.0681984583374	4.6917322683328	-26.0421391843135	2.71447445960496e-06	0.0160968050928014	0.386611805853569
AT3G28900.1	-2.83110506522142	5.24483213650633	-8.71105694772077	0.000433887065587438	0.0312135378449643	0.325001326729034
AT3G29380.1	-6.15510291605355	-3.15567963599874	-8.68285098910929	0.000440257715372941	0.0315055816526069	0.708880403887359
AT3G36659.1	-6.17123358573878	-0.589871122147844	-11.6530628257601	0.000115447911918797	0.0185241316587595	0.5295803925554
AT3G42640.1	-3.92337142235053	5.62211949908436	-16.5668101206443	2.26131773713835e-05	0.0160968050928014	0.236821174008721
AT3G43920.2.DE	-2.35831257497264	4.79160138111285	-8.22224118430843	0.000562056831176302	0.0351478887661052	0.28682113819202
AT3G44260.1	2.62454534836523	3.1420875494154	9.30315692549776	0.000322549595824456	0.0268119351529079	0.28211341261717
AT3G44860.1.DE	4.32695151142192	5.01244971124276	18.6479379672909	1.30108346033907e-05	0.0160968050928014	0.232033778695078
AT3G45010.1	-2.34651770753637	6.68295651442427	-11.044648462684	0.000147656902149973	0.019412237012055	0.21245743723437
AT3G45320.1	-7.14425887960743	-2.6628025335068	-10.0809224352428	0.000224055977212554	0.0224212046754463	0.708690987903171
AT3G45480.1	-6.96041952973125	-2.75246027796925	-10.1100945635068	0.000221127510180415	0.0223297835743297	0.688462356707863
AT3G45930.1	-3.63278263919347	3.90667070910793	-15.4190808485984	3.15951510984881e-05	0.0160968050928014	0.235603060575668
AT3G46900.1.DE	4.028419369426	1.97703511756383	8.28831857130194	0.000542303100106382	0.0346390340076316	0.486035778520179
AT3G47250.1	2.73261819214748	5.92652876568555	13.4212095347114	6.0166789586564e-05	0.0166200910684104	0.203604465385931
AT3G47410.1	-6.70470171433169	-2.87826980379093	-9.93175017059777	0.000239781076039537	0.023265590883338	0.675077564292795
AT3G48580.1.DE	-3.22787423942233	0.237583155675674	-7.47089723654666	0.000860353971508247	0.0445473259019278	0.432059783078261
AT3G48740.1	2.71839664250409	6.15831168540226	12.0662358170744	9.83489490414664e-05	0.0181636163245606	0.225289533845958
AT3G50740.1.DE	6.43575557748131	3.73425651302168	13.3715716448484	6.12075410331288e-05	0.0166200910684104	0.481301356969564
AT3G50750.1	2.84583942314098	4.72229938069817	12.8753918321901	7.29025234485946e-05	0.0167263694245081	0.221029344988633
AT3G50950.2	2.06964892402563	6.98221110464401	9.6126073071131	0.00027812058084209	0.0254461665659717	0.21530567700338
AT3G51300.1	-4.88374664053888	1.83091434056908	-10.1279377629072	0.000219358997926559	0.0223297835743297	0.482205435584844
AT3G51330.1	4.67805684116737	1.90307812204569	13.2348263990261	6.41890423929492e-05	0.0166200910684104	0.353465674586529
AT3G51420.1	1.58668815070242	6.14107916655323	7.80021136697865	0.000710745831094313	0.0398734261003836	0.203416045547111
AT3G51670.1.DE	-1.85420180972333	5.84316995703012	-9.31820538674381	0.000320200189402835	0.0266980371989856	0.198987007987733
AT3G52115.1	-3.72543167449091	0.265034195498006	-9.26270450548181	0.000328968571849199	0.0270397346880892	0.402196968745591
AT3G52620.1	-8.69086639678048	-1.0676064724133	-13.9395307335287	5.0480244438415e-05	0.0166200910684104	0.623469079620909
AT3G52780.1	-7.07717688406711	-1.86314135761049	-9.62642317448152	0.000276314704556236	0.0253660620192787	0.735182399089607
AT3G52910.1	-4.50260523164808	2.008149722427	-12.2581847911253	9.14516865002079e-05	0.0176613015725785	0.367314191160496
AT3G52930.1.DE	-1.68502951991896	8.16698904617558	-7.51097530548483	0.000840256806083657	0.0441418146779786	0.224342305943741
AT3G53850.1	-2.07846549673334	3.55679298997849	-9.11492168326006	0.000353761559882568	0.0280303350274695	0.228028892508263
AT3G54820.1.DE	-3.24910835819631	4.58170834894281	-12.8132635334475	7.4549874114806e-05	0.0167263694245081	0.253573833841385
AT3G55540.1	-6.45853436167059	-3.00139279109787	-9.47417748997847	0.000297021299181858	0.025956043981389	0.681698687669959
AT3G55710.1	-1.53349977308958	3.99368547257333	-7.13177010324863	0.00105559247777127	0.0499722918028266	0.215023724950283
AT3G55780.1	-6.60988089531262	-1.35258178571618	-10.9819129935531	0.000151560344889895	0.019412237012055	0.601887931473588
AT3G56200.1	2.52891217435798	4.96680482838936	8.07798950426442	0.000608261520415768	0.0366098241813155	0.313062077268477
AT3G56360.1	2.22625505383821	5.71179368918086	10.6070637752029	0.000177656933787672	0.0206119842541314	0.209884196137552
AT3G56400.1.DE	1.95274067778836	5.97957082208114	7.86884644626545	0.000683613098851268	0.0391569561768484	0.248160984093816
AT3G56410.2	4.72262102096543	2.89428739084916	14.6129303539479	4.05547936765039e-05	0.0162929267147755	0.323180971001449
AT3G57240.1	5.98505848192744	0.978009563783861	10.2538213806176	0.000207354179938164	0.0219981000623114	0.583690534461696
AT3G57670.1	-3.23084580640254	1.71246453666064	-9.15806163036092	0.000346298885984795	0.0277828235215324	0.352787078402224
AT3G57810.2	-2.26697561696169	5.40990265979965	-9.55036443538858	0.000286434466263262	0.0256895911929863	0.237370587509884
AT3G58100.1	-2.39505347720931	2.11292845254303	-8.08036529893655	0.00060746446456077	0.0366098241813155	0.296404109047461
AT3G60780.1	-8.05071825300512	-0.692377897287065	-8.77074218809353	0.000420767482386159	0.0308255835503901	0.917906156668718
AT3G61610.1	-3.44456270892366	2.41766679317657	-11.9722549096585	0.000101954077016879	0.0185241316587595	0.287712108948231
AT3G61640.1	-2.15166265115475	3.47355881973705	-9.35251701809701	0.000314919817692968	0.0263383092926342	0.230062414961802
AT3G61760.1	-4.03553775112032	2.07072893883981	-10.9964656393584	0.000150643906571178	0.019412237012055	0.366984982581711
AT3G62100.1	-3.6063769817588	-0.857201095528414	-7.13422067064255	0.0010540022995981	0.0499722918028266	0.505503985403635
AT3G62170.1	-9.23556099311412	4.28563776936518	-25.1101545225001	3.22197924093955e-06	0.0160968050928014	0.367801838289706
AT3G62230.1	-7.22064771465616	2.81263851874616	-17.9452016824632	1.55707472935463e-05	0.0160968050928014	0.402372057022491
AT3G62250.1	-2.12304286816373	7.79857710742916	-8.55404085648651	0.000470817934293739	0.0324279023719141	0.248191808267298
AT3G62410.1	2.458290345656	8.34102485948088	10.9430731826533	0.000154039315434209	0.0194340530668004	0.224643507781052
AT4G00160.1	-7.32824146992258	-2.56704729556664	-10.982017806828	0.000151553720411929	0.019412237012055	0.667294626436164
AT4G01390.1	9.0947557806134	1.48878267036031	15.9609983979516	2.69013191538763e-05	0.0160968050928014	0.569811208162305
AT4G01900.1	-2.00214476712167	5.01194778521669	-9.8493594812185	0.000249035233643078	0.0238243706851878	0.203276646663117
AT4G02410.1.DE	3.9441663962254	4.23943635912353	15.3508422652361	3.22539892420662e-05	0.0160968050928014	0.256934852699091
AT4G02930.1	-2.36577554676381	5.84684743637733	-8.06169826314593	0.000613760970313414	0.03673935477932	0.293458706781294
AT4G03975.1	-5.88233096223615	-3.2954764588992	-7.94392071995637	0.000655342684165658	0.0380363287064487	0.740482083042296
AT4G04330.1	2.72159206009245	2.8771163261856	9.48253011343066	0.000295837937708566	0.025956043981389	0.287011169754969
AT4G05500.1	-5.48592466853795	-3.48810599736851	-7.68400508251458	0.000759686280224048	0.0413430068469235	0.713940791244595
AT4G08850.1.DE	2.59423558011564	6.58118838685729	12.6866407426516	7.80485279968114e-05	0.0168630353353511	0.204485618592004
AT4G09644.1	-7.92790957331995	-2.27220304691476	-10.9580681824805	0.000153076506788624	0.019412237012055	0.723476934191275
AT4G09960.3	-11.0783854923879	-0.691514687966852	-15.9614196092095	2.68980121906113e-05	0.0160968050928014	0.694072693007571
AT4G10010.1	-7.86185732837386	-0.782174432083368	-9.6306968225804	0.00027575895184573	0.0253660620192787	0.816333176426105
AT4G10120.1.DE	3.08119933052704	7.89108343054943	10.2990117819688	0.000203238514187777	0.0217305807424696	0.299174269896603
AT4G10260.1	-7.3277964745712	0.86989444077858	-16.4296337999156	2.35071665145239e-05	0.0160968050928014	0.446010943628508
AT4G10290.1	-6.69353715832891	-0.136107589556754	-13.7318871200815	5.4116595828465e-05	0.0166200910684104	0.487444813651307
AT4G10440.1	-6.4890100429476	1.35219991708014	-13.0019357517875	6.9680912994196e-05	0.0167263694245081	0.4990803036429
AT4G10950.1	-8.14622107960371	-2.15835581108455	-12.3254080103856	8.9175053297927e-05	0.0173668416297713	0.660929120783631
AT4G11310.1	-8.46091025277446	-1.99967717056815	-13.256727530284	6.36999304097477e-05	0.0166200910684104	0.638235208006361
AT4G11320.1.DE	-6.27106877658614	4.62039378113191	-11.2774371261265	0.000134191837035923	0.019412237012055	0.556072155973977
AT4G11810.1	-4.72868353069342	0.982944546549584	-9.49837594464702	0.000293608507910431	0.025956043981389	0.497841268681132
AT4G11850.1	1.75172151527101	5.00447637573603	7.29310996462422	0.000956746222354103	0.0475149102959647	0.240188551080111
AT4G12290.1	2.01608651359996	6.91573789179067	7.25733212906103	0.000977676091685858	0.0482502402733135	0.277799951517557
AT4G12870.1	-9.07728182943811	1.09167083522127	-16.4223841773601	2.35555898535333e-05	0.0160968050928014	0.552738368035016
AT4G13370.1	-4.29072640567266	2.14505192264372	-13.3240344990022	6.22246749805057e-05	0.0166200910684104	0.322029067546618
AT4G13510.1.DE	2.25445195266136	4.50507317931099	8.02338797328274	0.000626930020380999	0.0372401895548757	0.280985035270451
AT4G13770.1.DE	3.45865184761473	7.16696210422862	13.2159138273267	6.46150615533285e-05	0.0166200910684104	0.261703571376445
AT4G14120.1	-5.27775033392947	-0.339971219980155	-8.44226222210862	0.000499420279393566	0.0332926501654415	0.625158304146024
AT4G14400.1.DE	6.08555645895303	7.5399921166466	21.2269649053536	7.09218646916514e-06	0.0160968050928014	0.286689900609305
AT4G14680.1	1.51607889450347	4.93928599401532	7.33778745290508	0.000931357389396714	0.0467473549651107	0.206612538756931
AT4G15210.1.DE	-4.15537044049002	6.70761781608461	-9.45156961439476	0.000300252935622799	0.0260713257635529	0.439648715506616
AT4G15480.1	-4.82248445123968	1.92842134987525	-14.1758769946056	4.6693638649364e-05	0.0166200910684104	0.340189496076667
AT4G16230.1	-8.71601815506244	-1.87259924845679	-13.5556388471049	5.74536291984878e-05	0.0166200910684104	0.642980995095185
AT4G16260.1.DE	7.43553867917142	0.29555889976749	12.4597099775911	8.48279294619628e-05	0.0168819963268644	0.596766593487676
AT4G16560.1	-5.29280202878112	-3.58787368508695	-7.13715624809834	0.00105210116464993	0.0499722918028266	0.741584161085357
AT4G16590.1	-7.04505489404641	4.51665513339158	-7.24566702252778	0.000984618170632461	0.0482834791767879	0.972312814285057
AT4G16750.1	2.49915889259971	2.23090834456084	8.22313420395313	0.000561784169242497	0.0351478887661052	0.303918047622072
AT4G16770.1	1.68362569775822	4.63064059128588	8.13830260936767	0.000588409028601206	0.0361328201910178	0.206876762707283
AT4G16860.1	3.30116866344598	6.87441821572103	13.2202784830342	6.45164425272501e-05	0.0166200910684104	0.249704926237554
AT4G17210.1	-5.8368577460855	-0.743123621890042	-11.0760878246622	0.000145746304977384	0.019412237012055	0.52697828317044
AT4G17250.1	4.41695296387837	3.15882185350133	15.1053806180551	3.47652834243797e-05	0.0160968050928014	0.292409246450824
AT4G17480.1	-7.42210938850706	0.0245016828292825	-8.39742413733773	0.000511476680924343	0.033711033599833	0.883855485577524
AT4G17920.1	-6.01949402836465	-2.39133967615323	-7.87709235945169	0.000680437505874821	0.0390571128372147	0.764177154929747
AT4G18250.1	5.5418474877922	2.10623738908715	11.6578267403802	0.000115231232231744	0.0185241316587595	0.475375694905159
AT4G18590.1	-1.75743080521453	3.80323081648232	-7.64614621407087	0.000776495266140914	0.0414595251013745	0.229845304550991
AT4G18790.1	-6.36506092422218	-0.480628526062597	-12.5288888666177	8.26885585869042e-05	0.0168630353353511	0.508030759310302
AT4G19370.1.DE	4.04359222625924	1.5011280374442	11.1477292135197	0.000141502683528303	0.019412237012055	0.3627278837519
AT4G19980.1	-6.37766460286984	-3.04687975130917	-8.81647580303716	0.000411036019883758	0.0305819332250672	0.723380265011652
AT4G20140.1	-4.09025566248683	-0.51033884037378	-8.21081452423044	0.000565559728653489	0.0352601769243326	0.49815467764085
AT4G20160.1.DE	-7.23649338324536	-0.879980895217346	-7.76583329273901	0.000724820312994238	0.0403921103601548	0.931837332899152
AT4G20460.1	-4.40016032282588	3.19716336228988	-13.5192040789625	5.81741362259029e-05	0.0166200910684104	0.325474805848448
AT4G21320.1.DE	-2.65140396151138	1.35784778225117	-7.74956112523037	0.000731598461383244	0.0403921103601548	0.342136015016277
AT4G21370.1	-4.53176613339797	0.112356508377891	-9.5595746936056	0.000285185587934405	0.0256619968812923	0.474055204195357
AT4G21903.2	4.39228849890091	0.441484628261177	8.42614571831434	0.000503714152735686	0.0334969911569231	0.521268993646076
AT4G22130.1	-1.93382167038655	4.69240498172601	-8.26367835216384	0.000549570378254902	0.0348465961933021	0.234014634642717
AT4G22690.1.DE	4.25516296320705	5.9424827243684	17.8919389219179	1.57885644042231e-05	0.0160968050928014	0.23782570361865
AT4G22753.1	-2.10750779746548	4.79218699508872	-7.65387146509558	0.000773029454190257	0.0414595251013745	0.275351866970393
AT4G22970.1	-2.29952499960841	2.5202740904396	-8.00061482261416	0.000634918735060492	0.0373083174815179	0.287418536024092
AT4G23200.1	5.58060554539756	-0.359009624000646	10.9098475031979	0.000156198801576019	0.019535597820964	0.511520032132603
AT4G23610.1	3.85220093401468	0.508368456014701	8.92807974653859	0.000388400036128126	0.0293344237812559	0.431470264981467
AT4G23810.1.DE	2.68342933702112	3.28187444873489	8.99035486256958	0.000376420063303126	0.0288289129942689	0.298478689444541
AT4G24420.1	-5.68670340144763	-3.38679187774694	-8.08274562702664	0.000606667142920717	0.0366098241813155	0.703560852197642
AT4G24580.1	-6.02862490408496	0.852662609947434	-8.31368109683403	0.000534942810572693	0.0344804154379775	0.725145075191872
AT4G24790.1	-1.91257806993105	3.71411952652792	-7.38473751495533	0.000905540372390756	0.0459654606343594	0.258990663657003
AT4G25010.1	-6.39684800393287	1.39130085983486	-10.6619349098642	0.000173516786002177	0.0204766429451971	0.599970648668529
AT4G26440.1	-7.3482035443392	-1.72772494093084	-10.6209697393637	0.000176596549452331	0.0205765167556316	0.691858062367422
AT4G26760.1.DE	-3.72896423004283	4.44901032647208	-13.6865938708874	5.49513177707943e-05	0.0166200910684104	0.272453779605069
AT4G26850.1.DE	1.89044218837652	9.43685209369805	7.45992873285181	0.000865954041227333	0.0447060788887313	0.253412901929136
AT4G27030.1	2.1372372072038	4.52948836301172	7.49693996604644	0.000847230267368607	0.0442320873333644	0.285081275411477
AT4G27090.1	-2.30402622287957	8.12365520163642	-8.9101596933824	0.000391931830567996	0.0294380753731031	0.258584167081851
AT4G27310.1.DE	1.6287247574861	6.20154333784238	7.81107339755477	0.000706367092609214	0.0397094820205984	0.208514844835022
AT4G27420.1	-9.47390336439909	0.0161408692872461	-11.5353655946197	0.000120960502977343	0.0188027419417367	0.821291989984076
AT4G27595.1	-1.56501228885515	5.01774100051465	-7.82201945229413	0.000701987127777326	0.0396080346154045	0.200077780220317
AT4G27800.1	1.69582668204001	7.21268220950326	8.2436592105992	0.000555560848181583	0.0350633484390529	0.205712856234961
AT4G27980.1	-7.66170206808555	-0.181039148233269	-12.7797437033111	7.54573056744727e-05	0.0167263694245081	0.599519227142286
AT4G28130.1	-6.56172160829348	-2.95172875075543	-9.44488104436968	0.000301217109594623	0.0260720142638013	0.694738406706041
AT4G28280.2	-3.69231352722754	0.696615823159159	-9.36120856422171	0.000313598888567937	0.0263383092926342	0.394427012484207
AT4G28580.1	-7.25239153740372	-1.02039170275135	-12.7832476437895	7.53618276318715e-05	0.0167263694245081	0.567335605121221
AT4G29240.1	-3.78711780312638	2.31181565352609	-10.1150847942303	0.00022063118564419	0.0223297835743297	0.374402971420128
AT4G29700.1.DE	-4.96407985890534	4.19074753891885	-11.1339119517227	0.000142309432213555	0.019412237012055	0.445852264723298
AT4G29880.1	-4.89029627806762	1.10518682691173	-8.54816259486083	0.000472272285354008	0.0324345185394887	0.572087419231787
AT4G29980.1	-10.4180682997006	-1.02128283353586	-16.4375618678561	2.34543491538219e-05	0.0160968050928014	0.63379644642271
AT4G30250.1	-4.71113039093893	1.85684082994406	-12.7457395736861	7.63914959406908e-05	0.0167968882001849	0.369623933056437
AT4G30420.1	-5.49083825593353	-3.49272268453321	-7.20870691505808	0.00100700619321201	0.0489412189980844	0.761695311050011
AT4G30810.1	-1.84188015297226	6.54760671008092	-7.30828387907217	0.000948031602586587	0.0472542626042473	0.252026355769598
AT4G31615.1	-5.43502877215918	-1.09400631553995	-8.65113709687557	0.000447555267124575	0.0317775894743529	0.628244439002369
AT4G32280.1.DE	5.90980480517869	1.27798518105608	14.8879662928167	3.71892086691931e-05	0.0162929267147755	0.396951785686816
AT4G32630.2	-6.24698533238545	-0.536807321052743	-8.20795982717299	0.000566438932435638	0.0352601769243326	0.761088682683899
AT4G32780.1	-3.98259680450174	-0.904514284469713	-7.57073268638434	0.00081132443641682	0.0429643099683024	0.526051700605449
AT4G33010.1.DE	2.82142602384765	11.0226133127183	7.33535606560569	0.000932718177187612	0.0467473549651107	0.384633819900967
AT4G34610.1	2.06509340685786	4.01056539593832	9.26090918324206	0.00032925699308438	0.0270397346880892	0.222990352890483
AT4G34950.1.DE	3.57923095211134	4.67524806344186	15.1220175422375	3.45877787189589e-05	0.0160968050928014	0.236690041002409
AT4G35090.1.DE	2.84461783979652	9.8618524450383	8.29321833263029	0.000540871754328497	0.0346390340076316	0.343005299716294
AT4G36070.2	-6.52505368113326	-2.9680776165364	-9.60239856972033	0.000279464089083406	0.0254835732068865	0.679523312197121
AT4G37560.1	2.39669254409761	5.48778190241304	10.8670310884251	0.000159035651787684	0.0196203938732634	0.220547132385627
AT4G37660.1	-2.18848723915144	2.90734104127097	-7.98691942466632	0.000639781766959899	0.0374327250561408	0.274008929198991
AT4G37925.1	1.96443576889261	6.63162365304099	9.63752965190822	0.00027487318804871	0.0253660620192787	0.203831878068842
AT4G38560.2	5.05091435735875	1.17872253802104	10.086825442052	0.000223459651564365	0.0224212046754463	0.500743706369843
AT4G38660.1.DE	-5.00477611526583	3.90552318410197	-7.46953563154326	0.00086104679076897	0.0445473259019278	0.670025067439407
AT4G39670.1	-3.52119474084123	2.03601009958286	-11.4283675050145	0.000126249370711373	0.0192989355915851	0.308110037526901
AT4G39790.1	-3.99327167485305	-0.79465969456959	-8.05965148917247	0.000614456107807443	0.03673935477932	0.495464559505793
AT4G40000.1	-2.94220231490646	1.75372057490684	-8.76629004817052	0.000421729531696343	0.0308255835503901	0.33562684998319
AT5G01220.1.DE	1.98697631528576	5.74038444202506	9.76696037609724	0.000258723330965103	0.0242408646692905	0.203438555986006
AT5G01250.1	6.23295098338815	-3.07848239018369	8.24935340437872	0.00055384900039243	0.0350364106628761	0.755568427954574
AT5G01740.1.Hnull	-2.34332104668032	-0.111658186386953	-7.49242886865384	0.000849486298942175	0.0442320873333644	0.312758531013101
AT5G01870.1	-8.78659662686575	-1.01954023871239	-14.0753137230626	4.82613727756342e-05	0.0166200910684104	0.624255828306603
AT5G05240.1	-3.65253452086164	1.97909951181368	-10.8380879678665	0.000160988490476002	0.0197718522199469	0.337009122982846
AT5G06760.1	-2.49295464675358	2.18079087221363	-7.50434973762051	0.000843540127705625	0.0442290799651805	0.332201287775275
AT5G06839.3	-9.42307022228899	-1.51879949509261	-14.834748046981	3.78133093991939e-05	0.0162929267147755	0.635202579271759
AT5G07030.1	-5.68426077139427	4.85573888205831	-7.30059365308729	0.000952436303672693	0.0473871821526204	0.778602541313952
AT5G07090.1	-2.35473476142118	7.54694014441804	-10.3085908519556	0.000202378780470994	0.0217238482265419	0.228424504885115
AT5G07460.1	2.59469973524178	4.67145342572736	10.5604696443207	0.000181266229246207	0.020751035238383	0.245699274997413
AT5G07490.1	-8.24194501307086	-2.11475216774669	-11.4174519419584	0.000126804438918959	0.0192989355915851	0.721872538195867
AT5G07600.1	-10.3722168079151	0.186916243292877	-13.3579939090662	6.14959984757637e-05	0.0166200910684104	0.776480127070228
AT5G07660.1	-5.09276772738293	1.66121454629758	-13.9056087417045	5.10536702714732e-05	0.0166200910684104	0.366238387831892
AT5G07690.1	4.82633729802515	2.2335451860605	15.150453135752	3.42869172020194e-05	0.0160968050928014	0.318560590549994
AT5G07720.1	-2.69953798569705	1.66967668038081	-7.64495028659676	0.000777033461463501	0.0414595251013745	0.353113870528356
AT5G08000.1	-7.081743956332	3.21088861315305	-16.7821308284309	2.12912757384807e-05	0.0160968050928014	0.421981214944092
AT5G08040.1	-2.09897684554698	4.67726243046332	-8.44378519755157	0.000499016792538034	0.0332926501654415	0.248582454010746
AT5G08315.1	-5.32046357896756	-3.57451387034659	-7.1523648634843	0.00104231714532036	0.0499212504273516	0.743874743601332
AT5G09480.1	-5.09359231558177	-0.210792255103922	-10.5673104970178	0.000180730828604357	0.020751035238383	0.482014067535843
AT5G09560.1	-4.69969981507291	-1.92318608381835	-7.1305144246164	0.00105640840111465	0.0499722918028266	0.659096880703068
AT5G09970.1	-4.60838621682501	0.731061853617476	-8.36297247461513	0.000520978012079828	0.0339940509419637	0.551046440821521
AT5G09995.2	-1.98012225829248	3.90690842569633	-7.72109986923615	0.000743637379842309	0.0406318099426865	0.256455983192506
AT5G10180.1.DE	2.57521417324735	5.85004662600912	7.97714619922296	0.000643279397921729	0.0375567725574645	0.322823991053116
AT5G10200.1.DE	-2.48209729879196	4.077713839721	-11.2416659526639	0.000136161647762515	0.019412237012055	0.220794436451279
AT5G11060.1	2.39937371277212	6.10242522870975	10.3484330971241	0.000198849515682221	0.0215144128772847	0.231858648575399
AT5G11400.2	-7.14172056811317	-1.83584141618446	-10.8744857405346	0.000158537302360793	0.0196203938732634	0.656740993414742
AT5G11510.1	-4.93005114275549	2.17253549142319	-8.85194392952839	0.000403674538252931	0.0301539350286744	0.556945590935091
AT5G11670.1.DE	2.40998617724376	7.77140673319987	10.3586622911423	0.000197955383851713	0.0215144128772847	0.232654189267716
AT5G12270.1	-7.5964102517816	-1.60445566020987	-10.3873753613361	0.000195471311766725	0.0215144128772847	0.731311807606085
AT5G12950.1	-1.84118302356997	6.9580789948135	-8.31431973707894	0.000534759026740263	0.0344804154379775	0.221447223800997
AT5G13180.1	2.56179674578312	5.94927673488109	8.45703706096077	0.000495522388364851	0.0332768914255361	0.302918945171572
AT5G13220.1	-4.51549603297671	2.61306383486962	-11.0633053989246	0.000146519490535621	0.019412237012055	0.408150717182194
AT5G13400.1	-2.19093114541199	5.38880560011344	-7.16092571785949	0.00103685760666195	0.0498587700981271	0.305956412862623
AT5G13490.1	-3.05953398019591	5.02529537880437	-10.4580097892479	0.000189518372566093	0.0213521422645228	0.292554132368615
AT5G13770.1	2.04053225526369	6.01762009388301	9.477403904326	0.000296563522340714	0.025956043981389	0.215304979703596
AT5G14780.1.DE	2.3358248264662	7.31057625885522	7.22311505612673	0.000998207031607163	0.0486871461838449	0.323381921555427
AT5G16010.1	1.98488193618922	5.18040004956947	9.76996420808839	0.000258362280319274	0.0242408646692905	0.203161638457792
AT5G16570.1	4.59154623134746	4.70663941252047	11.236145024447	0.000136468762902718	0.019412237012055	0.408640705629682
AT5G17160.1	-5.47729650784122	2.3520029655999	-12.6640464008146	7.86934696502652e-05	0.0168630353353511	0.43250761521917
AT5G17165.1	-4.27810930837156	0.979360007748272	-9.72395829958223	0.000263959156533234	0.0245626157094833	0.439955538327983
AT5G17340.1.DE	-10.8153943052149	-0.82243536613322	-17.3409385210327	1.82727427972018e-05	0.0160968050928014	0.623691404712437
AT5G18470.1.DE	2.62452832299007	2.79581344647505	9.50260179824038	0.000293017366015194	0.025956043981389	0.276190498004037
AT5G19780.1	-1.74457570380595	7.07421577386715	-8.27494366689688	0.000546233437160289	0.0347968566919983	0.210826293692482
AT5G20230.1.DE	-2.66571165215166	5.00687741456628	-9.0649742356837	0.000362644601661173	0.0282500144694054	0.294067206684191
AT5G20710.1	-8.51259459881486	2.95069320802826	-19.7225483359391	1.00094585035037e-05	0.0160968050928014	0.431617377927929
AT5G20790.1.DE	-2.7657436496368	0.720815450755348	-7.27140457174935	0.000969379094070124	0.0479675517238148	0.38035892822993
AT5G21950.1	-2.18628341463641	3.932587149712	-9.39056789896758	0.000309185862704072	0.0263383092926342	0.232816954007305
AT5G22020.1	-2.10946686725749	5.77756599704034	-10.489764325377	0.000186913379306237	0.0212341386949356	0.201097641646173
AT5G22200.1	-6.35564122964682	0.116349822210518	-13.4118067234186	6.03622878776141e-05	0.0166200910684104	0.473884045655767
AT5G22260.1	-8.88028354993386	-0.964002623736525	-12.9412518983513	7.1203921117748e-05	0.0167263694245081	0.686199729337253
AT5G23010.1.DE	5.43640671400858	5.5611964626251	16.6742329980631	2.19416591254007e-05	0.0160968050928014	0.326036388878582
AT5G23020.1	4.3397078343374	2.46363420831679	8.0152933451001	0.000629755703755845	0.0372457467741933	0.541428447779811
AT5G23530.1	-5.52568424408779	3.38600287349806	-18.95033852789	1.20675325559014e-05	0.0160968050928014	0.291587627099928
AT5G23920.1	1.59139334268337	6.05555597753002	7.28329521894826	0.000962434020012295	0.0477104791920641	0.218499085213956
AT5G24790.1	-9.9673908099842	-1.24645928914758	-15.895300018294	2.74231895818185e-05	0.0160968050928014	0.627065283354995
AT5G25320.1	-9.61469024241519	-1.42278904617272	-15.320624236458	3.25510365946161e-05	0.0160968050928014	0.627565175806312
AT5G25440.1	2.68075125514884	3.17642014924466	8.35542352295557	0.000523088107207012	0.0340381795775637	0.320839661542444
AT5G26717.1	-8.67879129458588	0.0673342721853523	-14.6886221954489	3.95931304903308e-05	0.0162929267147755	0.590851284695369
AT5G27220.1	-3.21813330961625	2.87497418880347	-9.51710715902097	0.00029099910936635	0.025956043981389	0.338141964343217
AT5G27330.1	-4.14141060924929	3.06899858671537	-9.42529676260768	0.000304061709071713	0.0261521845357737	0.43939312613256
AT5G27850.1.DE	-2.39368325203472	7.74792941384773	-7.85492569205303	0.000689014518876087	0.0392191667164019	0.304736587700181
AT5G28030.2	1.8444053390253	4.66574778536633	8.80936218109623	0.000412531810755697	0.0305819332250672	0.209368771666938
AT5G29560.1	-7.08723117170291	-1.86553157616575	-10.9781304008761	0.000151799648374184	0.019412237012055	0.645577244294465
AT5G35090.1	-8.10759195064241	-2.17638073499867	-12.5999542358418	8.05582288227173e-05	0.0168630353353511	0.643462015725391
AT5G35110.1	-8.7473016670457	-1.03611946533969	-13.7232898050666	5.42738551511601e-05	0.0166200910684104	0.637405592339543
AT5G35480.1	3.7411343824069	4.30488581766783	16.0072928989029	2.65407780526628e-05	0.0160968050928014	0.233714370445694
AT5G35560.1	1.46553915795553	5.54066810908461	7.17255900802603	0.00102949335159495	0.0497679720411991	0.204325841908809
AT5G35715.1	-4.71051856660249	-2.30053276534695	-7.16283285215683	0.00103564602357355	0.0498587700981271	0.657633462043454
AT5G37300.1	-2.91804914991405	5.18267425812619	-12.9394952120506	7.12486042046714e-05	0.0167263694245081	0.225514913997298
AT5G37360.1	1.53688224464595	6.41887285124096	7.47862197707131	0.000856436029119023	0.0444775777789146	0.205503400139474
AT5G38080.1	-5.21253121446986	-3.62389157862514	-7.25572115147353	0.000978631317481839	0.0482502402733135	0.718402913459715
AT5G38200.1	-3.66266257069845	0.844823854348961	-7.74761353148647	0.000732414805046642	0.0403921103601548	0.472747195741412
AT5G38240.1	3.66255805300581	1.91260817173213	9.9099050210524	0.000242193842233724	0.0234163656329875	0.369585585858305
AT5G39010.1	-5.1143753934415	-2.86221117397163	-7.83524958447177	0.000696736550776248	0.0394938088501339	0.652739308212642
AT5G39080.1	4.46324556949947	3.05304578259717	11.1252512836157	0.000142817927934405	0.019412237012055	0.401181551384152
AT5G39670.1.DE	4.20823881051675	1.81684527092177	12.4232807308909	8.5981329242491e-05	0.0169875430564965	0.338738124145647
AT5G40730.1	-6.0133603844715	1.715336794566	-15.9404360898789	2.70633543639095e-05	0.0160968050928014	0.377239389848913
AT5G42050.1	2.11653888808721	7.38441465749686	8.79763270614254	0.000415012480956349	0.0305819332250672	0.240580501458016
AT5G42250.1	4.18236280890013	3.28535478949321	13.9749748258299	4.98893721317449e-05	0.0166200910684104	0.299275158705108
AT5G42650.1	3.67764512400043	6.4864714221153	17.2817607351484	1.85667525619725e-05	0.0160968050928014	0.212805001779748
AT5G43070.1	-2.23588151820482	3.24120352828683	-8.96227372291113	0.000381766321912696	0.0290750244886862	0.249477039792818
AT5G43110.1	-7.89783182868781	-2.28247141643552	-11.9308594690572	0.000103592447826715	0.0185241316587595	0.661966713225558
AT5G43260.1	1.71514942329841	4.86624752150047	7.73840951235066	0.000736287505923233	0.0403921103601548	0.221641077609165
AT5G43630.1	2.15120828298976	5.2458333101549	10.128320790036	0.000219321221498589	0.0223297835743297	0.212395354332188
AT5G44540.1	-9.70449223778177	1.87143213258924	-21.4033512284023	6.82217855466323e-06	0.0160968050928014	0.453409941939553
AT5G44568.1.DE	4.59351769095634	1.27834570486365	10.7005734935953	0.000170671011367393	0.0204766429451971	0.429277710555021
AT5G44630.1.DE	-10.1436215216377	1.58390807386259	-16.179661985407	2.52486868677145e-05	0.0160968050928014	0.62693655348218
AT5G44700.1	-9.78573446487708	0.247679222379757	-17.7783855638639	1.6265363102132e-05	0.0160968050928014	0.550428745609356
AT5G45775.2	-2.55238134581515	6.57641571279584	-8.93043273367038	0.000387939138747335	0.0293344237812559	0.285807129613318
AT5G46290.3.DE	-1.73967428101691	6.70296043619857	-7.88561691814293	0.000677173162505664	0.0389517431977151	0.220613592959903
AT5G46970.1.DE	-8.21311499483355	-2.12795719093281	-11.6565198488938	0.000115290625459942	0.0185241316587595	0.704594089942975
AT5G47220.1.DE	3.70747317552529	3.35230711880496	14.1876052427496	4.6514831148366e-05	0.0166200910684104	0.2613177567384
AT5G47470.1	-7.38932126394485	-0.808208800932204	-9.56713387453418	0.000284165478333745	0.0256619968812923	0.772365199531049
AT5G47740.2	-8.07676825297473	-2.19205863371441	-12.4787617270353	8.42321573101741e-05	0.0168819963268644	0.647241162997479
AT5G48760.1	-2.24189025845032	5.80977766656528	-7.7601473132783	0.00072718021743414	0.0403921103601548	0.288897899478564
AT5G49152.1	-5.14276335708077	-2.4190317388748	-7.1287644660826	0.00105754675849004	0.0499722918028266	0.721410194087506
AT5G50740.3	-2.66352541613346	4.01866690122005	-8.79857307810196	0.000414812942278536	0.0305819332250672	0.302722429249635
AT5G52360.1	-8.59158834478198	0.471735333626936	-12.0726431638527	9.8108804385474e-05	0.0181636163245606	0.711657607052154
AT5G53760.1	-1.94420262720288	4.46549526242176	-9.26783581682478	0.000328145891172753	0.0270397346880892	0.209779571588157
AT5G54940.1	2.53173346727216	7.5177667823518	10.3877605883871	0.00019543824025248	0.0215144128772847	0.243722739442271
AT5G55400.1.DE	-2.22214405761927	4.30432988650097	-9.36509873952953	0.000313009822731532	0.0263383092926342	0.23727929832066
AT5G56430.1	-6.45235644126435	-3.00890709956191	-8.99613255009795	0.000375331251988728	0.0288264974238667	0.717236702030818
AT5G56530.1	-2.76739684935786	3.91699241908155	-11.5880530559611	0.00011845442783738	0.0186685547687061	0.238814651261393
AT5G56840.1	2.1626661710456	3.84060398207152	8.53311931607195	0.00047601878955107	0.0324504043788537	0.253443798327333
AT5G58460.1	-8.6758849568807	-1.06516179735915	-12.2427989385828	9.19825719166019e-05	0.0176613015725785	0.708652081962965
AT5G58770.1.DE	3.12628617276415	4.61243542958834	11.0087412128616	0.000149876049726687	0.019412237012055	0.283982165836699
AT5G59290.2	-2.08677144987312	5.9080517322102	-7.90724104865938	0.000668976337327227	0.0386433047398874	0.263906391247162
AT5G59740.1	-3.01757869543885	1.80734354266984	-8.40651836981414	0.000509003373277463	0.0336909437804627	0.358957009631274
AT5G59850.1	-2.5637784162121	6.4138590897906	-8.71173432904628	0.000433735436635053	0.0312135378449643	0.294290243409291
AT5G60740.1	-7.61976998366886	-0.458808915147499	-13.4753003379711	5.905688453272e-05	0.0166200910684104	0.565461978030845
AT5G61160.1.DE	6.76288951160181	-2.00702323648077	7.3894257180156	0.00090300970842658	0.0459607292900564	0.915211786365714
AT5G61980.1	-4.56943913983721	1.60948976398196	-11.8179263552444	0.000108226238358238	0.0185241316587595	0.386653208226283
AT5G62630.1	2.10800240426275	4.11236795646229	9.38564983951312	0.000309919870930408	0.0263383092926342	0.224598449793872
AT5G62710.1	-2.56829682238851	3.52950142666299	-9.12494486259309	0.000352010583362548	0.0279812494325944	0.281458886717992
AT5G63790.1	1.7612748593817	4.54452708966017	7.63127504036634	0.000783219501904142	0.0417079682019852	0.230796931058738
AT5G64690.1	-4.65123614691098	0.611651176493125	-10.7405497908941	0.000167785644565401	0.0204766429451971	0.433053822892225
AT5G64770.1.DE	5.10145375797492	4.28014574210202	17.8108574641451	1.61272612762035e-05	0.0160968050928014	0.286423815823838
AT5G65350.1.DE	-4.22634184340914	0.497109226103863	-10.1198811143724	0.000220155409972449	0.0223297835743297	0.417627617918044
AT5G66170.2.DE	-3.0054567814716	3.28500933552255	-9.86161081714312	0.000247632314846738	0.0237735741700574	0.30476327216716
AT5G67260.1.DE	-2.78774203411268	5.37936635045878	-12.6105066777108	8.0247570432008e-05	0.0168630353353511	0.221065029769189
AT5G67265.1	-6.78923065589079	-2.02554375719167	-10.9788997942588	0.000151750936312011	0.019412237012055	0.618388980965203
AT5G67460.1	-3.76872530649428	2.79292806865589	-11.0512899631312	0.000147250791123011	0.019412237012055	0.341021303310956
