baseMean	baseMeanA	baseMeanB	foldChange	log2FoldChange	pvalue	padj	dispersion
AT1G01370.1	243.630322327145	476.904483509681	10.3561611446092	0.0217153780320854	-5.52513912161254	1.23865386659797e-05	0.00246600614682188	0.118648735866605
AT1G02810.1	149.725914334765	288.182965769553	11.2688628999779	0.0391031540323208	-4.67657121080295	0.000161982459896199	0.0194796643949144	0.0263062539271288
AT1G02970.1	109.649455041586	213.585368174295	5.71354190887731	0.0267506241542483	-5.22428363643912	6.16204104364215e-05	0.00949546155171411	-0.00351412589689376
AT1G04020.1	376.582798649944	717.612715548105	35.5528817517826	0.0495432717139462	-4.3351670460667	0.00023863112879233	0.0266355679126118	0.0150680971216694
AT1G04760.1	192.109692232598	373.92402190383	10.2953625613667	0.0275333007731036	-5.18267861494715	3.23966772731413e-05	0.00555735454481087	0.0149821901485453
AT1G05040.1	29.1894801951538	57.3080377171622	1.07092267314546	0.0186871286438193	-5.74181127984424	0.000351172914803596	0.0380088938542384	0.334527468602836
AT1G09380.1.DE	310.33841568717	620.141370037766	0.53546133657273	0.000863450436374082	-10.1775990127386	1.09008981971866e-09	7.43304995820659e-07	0.248465766882936
AT1G09460.1	183.987609603912	359.584370616083	8.39084859174096	0.0233348534514021	-5.42136978292261	2.08333368802537e-05	0.00383938691492514	0.230717137062182
AT1G09600.1	196.097686496506	382.295562726087	9.89981026692481	0.0258956975496417	-5.27114376906017	3.29589525365158e-05	0.00561847144020918	0.175757959508903
AT1G09610.1	189.937057582031	368.386232763064	11.487882400997	0.0311843423540362	-5.00303435550295	6.55428762130539e-05	0.00993156638172803	0.00239716864424683
AT1G09720.1	21.9640962503389	43.9281925006779	0	0	-Inf	0.000130611753066228	0.016883580876215	0.590661444151917
AT1G10640.1	2108.77116915435	4109.41135512945	108.13098317924	0.0263130102670954	-5.24807988429706	1.52043251480195e-05	0.00287984700286272	0.0599162629240587
AT1G11620.1	22.0334880810155	44.066976162031	0	0	-Inf	0.000133946439720194	0.0172329676573976	0.206400124643237
AT1G12110.1	3945.12760306068	507.69870192495	7382.55650419642	14.5412160326692	3.86207601689202	0.000485929854487134	0.0490879140042096	0.00312108286027614
AT1G13140.1	2559.14808734253	5089.1563800528	29.1397946322512	0.0057258595445143	-7.44829200323819	1.72167106794816e-08	7.6981276029977e-06	-0.000101526132234184
AT1G13890.1	139.269299925697	278.538599851394	0	0	-Inf	9.88891940866942e-09	4.90400503402652e-06	0.00199730476524715
AT1G13970.1	1145.62823843555	2177.3987798569	113.857697014191	0.052290695699606	-4.25730192518005	0.000185412097457717	0.0217043560436019	-0.000165971250794272
AT1G14182.1	77.2616486330314	154.523297266063	0	0	-Inf	2.04654132903235e-07	6.97742684366967e-05	0.0417686300069059
AT1G15460.1	1403.89128521115	2806.33440733036	1.44816309194142	0.000516033687275013	-10.9202471300284	7.46080291457094e-12	2.17987583026223e-08	0.413324868945301
AT1G16630.1.DE	515.14635174006	1013.23118821238	17.0615152677435	0.0168387190073026	-5.89207379912017	2.96228039285838e-06	0.000748112941807523	0.000693950795913936
AT1G16760.1	173.088498872787	346.176997745573	0	0	-Inf	3.54619248126784e-09	2.14938666503512e-06	0.0740248552628104
AT1G18250.2	1671.07284262435	3318.15979635681	23.9858888918971	0.00722867202424445	-7.11205364993485	5.74967040839551e-08	2.27278638244909e-05	0.157807644784513
AT1G18520.1	209.773908215656	419.091465553627	0.456350877684347	0.00108890520373995	-9.84290592110048	6.41086151731135e-09	3.49712495769334e-06	0.0267490949482985
AT1G18990.1	343.278448154067	682.054186114533	4.50271019360104	0.00660168984410415	-7.24294892418158	1.09055337373057e-07	3.96597910246685e-05	0.00341551806329347
AT1G19460.1	35.7174893966558	71.4349787933117	0	0	-Inf	1.15515676776006e-05	0.00231668388534233	0.155849489738623
AT1G20610.1	418.692900760637	820.464195295662	16.9216062256127	0.0206244298320841	-5.59950195355784	6.63996593428279e-06	0.00146052476498035	0.0167974499626007
AT1G21090.1	611.166681241499	1175.99214354087	46.3412189421256	0.0394060616787742	-4.66543861894444	7.9201529490137e-05	0.0114905410470398	0.0186720646813663
AT1G21130.1	5988.78650003235	18.8418300518547	11958.7311700129	634.690533621264	9.30990951482884	8.58577456505401e-05	0.0121335233814429	1.16920821537122
AT1G21540.1	1537.53473924562	2925.25089851148	149.818579979756	0.0512156342062802	-4.28727191179824	0.000187383816539238	0.021841425624392	0.387336001532129
AT1G22110.1	183.017404684244	362.68213230692	3.35267706156719	0.00924411974817107	-6.75724833608831	9.2704258019056e-07	0.000263386316403099	0.0570778875486473
AT1G22350.1.DE	445.862712101388	42.0097257493805	849.715698453395	20.2266423618804	4.33818494617753	0.000168612261002022	0.0200552665721188	0.0578253545800946
AT1G23690.1	239.848941293855	479.69788258771	0	0	-Inf	6.7646276992981e-10	5.76578814057361e-07	0.0161996720947071
AT1G23700.1	87.0781744251698	172.251834880714	1.90451396962577	0.0110565670951759	-6.49895267070725	7.86258552966545e-06	0.001715616162573	0.0221017702538457
AT1G24600.1	294.873375593308	562.213340564083	27.533410622533	0.048973243137397	-4.35186245149172	0.00021450874832278	0.0243780254604326	-0.000599681393639021
AT1G24620.1	266.280698791317	531.569585368377	0.991812214257077	0.0018658182137523	-9.06597585307783	6.18035382386625e-09	3.44018674583576e-06	0.0373307026251738
AT1G24657.1	40.9461866853748	81.3569120341768	0.53546133657273	0.0065816329944749	-7.24733870362874	2.55875207748462e-05	0.00464853713765419	0.115973779838316
AT1G25330.1	462.52880313176	924.065794049262	0.991812214257077	0.00107331341625681	-9.86371286834844	4.25792787352956e-10	4.14767795537567e-07	0.10991307498836
AT1G26720.1	1040.87903226221	2081.30171364673	0.456350877684347	0.000219262240881336	-12.1550549924515	3.22372198437408e-12	1.38152855131545e-08	1.2776109738631e-06
AT1G27040.1	102.154185584575	203.395669413782	0.912701755368693	0.00448732147542394	-7.79992974107878	7.87264519831436e-07	0.000235963074487939	0.0760107648165751
AT1G28550.1	129.131123046822	255.128588533095	3.133657560548	0.0122826594172197	-6.34723322575685	3.00531104221083e-06	0.00075201705207615	0.243988149353187
AT1G32320.1	18.0745578904585	36.1491157809171	0	0	-Inf	0.000344630031425326	0.0374493390722142	0.304420909836863
AT1G32361.1	35.2912669068152	69.5116111404849	1.07092267314546	0.0154063854307893	-6.02032776612795	0.000151558556031504	0.0187047946414446	-0.010455880082614
AT1G33500.1	20.206101035315	40.41220207063	0	0	-Inf	0.000200828426688635	0.0230151064619013	0.358276170475333
AT1G43630.1	99.1472789209306	197.302745627604	0.991812214257077	0.00502685459901839	-7.63612832475331	8.97506910379571e-07	0.000257678957690556	0.0243449086277507
AT1G44160.1	114.894344356462	226.356901192467	3.43178752045558	0.0151609582141151	-6.04349525110312	9.09852699434912e-06	0.00190894095208363	-0.00742303576564185
AT1G48180.1	27.0072447995239	53.4790282624752	0.53546133657273	0.0100125479831961	-6.64204703328774	0.000208778785702006	0.0238261145607624	0.0154853959685418
AT1G48590.2	276.532792608384	537.178277913008	15.8873073037592	0.0295754835163533	-5.07945443504084	2.57352560141442e-05	0.00464853713765419	0.149683035463919
AT1G49290.1.DE	140.708388885875	277.528639373611	3.88813839813992	0.0140098636555692	-6.15741327429088	5.57284234469558e-06	0.00125619235497167	0.105029519926773
AT1G49830.1	37.580293292928	74.6251252492832	0.53546133657273	0.00717534925112737	-7.12273522979267	4.64469365025688e-05	0.00740842218191557	0.323146809996535
AT1G50990.1	80.1555281863935	159.775595036214	0.53546133657273	0.00335133370306876	-8.22104893718482	8.95178184406642e-07	0.000257678957690556	0.0235613129630136
AT1G51460.1	1444.56066956697	2749.58567279622	139.535666337731	0.0507478882066726	-4.30050840170649	0.000161896524175692	0.0194796643949144	0.212528002515423
AT1G51790.1	193.282281931991	10.4721669847484	376.092396879233	35.9135217598201	5.16645522871146	3.8047940977509e-05	0.00632779018391194	0.413765255554591
AT1G52430.1	90.5928035650824	177.297468732025	3.88813839813992	0.0219300276870654	-5.5109485563329	4.23740820073554e-05	0.0069623679924736	-0.0095207060644922
AT1G56600.1	5881.57490096296	30.3386602189746	11732.811141707	386.72805776601	8.59517562792558	0.000239256247061041	0.0266355679126118	1.21341913562635
AT1G59540.1	490.372418327894	959.33883211222	21.4060045435678	0.0223132889309164	-5.48595301036525	8.69361988950655e-06	0.00185248814442415	0.0623817494534078
AT1G61566.1	3249.10066456889	6479.91067027912	18.2906588586658	0.00282267145171585	-8.46872307035014	8.40620601317848e-10	6.38815163345488e-07	0.27827242400743
AT1G65200.1	40.0456527832541	79.1786038111396	0.912701755368693	0.0115271261608213	-6.4388233116783	8.20261636627894e-05	0.0118373736185322	-0.0215037998302129
AT1G67000.1	284.80868209532	12.418161390071	557.199202800569	44.8697021481844	5.48766970210725	7.10659381925537e-05	0.0104719545966527	0.566355686118588
AT1G69560.1	111.417793724165	221.843775234073	0.991812214257077	0.00447076873448709	-7.80526136509285	5.03151457692134e-07	0.000157740873661528	0.0445130271741648
AT1G69940.1.DE	7367.62754250527	14720.7551422155	14.4999427950602	0.000984999930708578	-9.98758875646916	7.99221202662595e-12	2.17987583026223e-08	0.000618663248796621
AT1G72970.1	9637.23658302575	18495.2727552357	779.200410815786	0.0421297063918783	-4.5690183281935	8.3225324314157e-05	0.0119472143193086	0.124338444937554
AT1G73620.1	331.415052279587	648.804824517444	14.0252800417299	0.0216171019569118	-5.53168306506646	9.6734583413791e-06	0.00199881497167511	0.014232366916947
AT1G74000.1	331.219506950699	656.031789738171	6.40722416322681	0.00976663671402875	-6.67792245034547	4.46158749232754e-07	0.000143164469239098	0.0482428103779806
AT1G75870.1	255.636980351948	508.456744978901	2.81721572499446	0.00554071856222768	-7.49571119666593	1.23985679536682e-07	4.33552488379873e-05	-0.00267805285703784
AT1G75910.1	13125.8357848933	26236.9342956148	14.7372741717253	0.000561699549409189	-10.7979137339507	6.24560633429747e-13	5.62114213711417e-09	0.00673538611464192
AT1G76360.1	902.694235639526	60.4223798677386	1744.96609141131	28.8794664366242	4.8519721828068	3.46200728122432e-05	0.00582878077749342	0.317349351093829
AT1G76370.1	257.140912951111	508.489173534456	5.79265236776569	0.011391889285472	-6.45584915943192	1.22155813135118e-06	0.000336545434672763	0.0806814510300191
AT1G78865.1	190.897750473859	379.890986978092	1.90451396962577	0.0050133170696561	-7.64001880371262	1.51024170406664e-07	5.21415727574907e-05	0.0853781914516772
AT1G78960.1	5588.41645130284	10736.4551075495	440.377795056216	0.0410170573662213	-4.60763219565173	6.79606142472136e-05	0.0101623329569048	0.399757824330966
AT1G79250.1	235.784193841752	471.032926346931	0.53546133657273	0.00113678111788377	-9.78082978816517	3.84823595614406e-09	2.23320501497509e-06	0.0140591634004631
AT1G79800.1	121.474487679204	238.981726501379	3.96724885702831	0.0166006368566653	-5.91261760047188	1.1510514040987e-05	0.00231668388534233	0.187534524169174
AT1G80660.1	4648.94322776041	9272.25755886792	25.6288966529072	0.00276404063305985	-8.49900546029516	7.29004636487584e-10	5.84811807652908e-07	0.0308233209913878
AT2G03000.1	21.3759603537581	42.7519207075162	0	0	-Inf	0.000162122229794521	0.0194796643949144	-0.0073758462537036
AT2G03250.1	46.8111684906115	91.7178230115972	1.90451396962577	0.0207649277652933	-5.58970733668933	0.000169118654870296	0.0200552665721188	0.151294299577643
AT2G03850.1	2513.87833227074	5020.89308950057	6.86357504091115	0.00136700282570523	-9.51476805954788	5.69080407000761e-11	7.05530368224807e-08	0.0060567617718003
AT2G05990.1	5594.88752741699	10502.232339873	687.542714960977	0.0654663401751871	-3.93310286089705	0.00046340134032644	0.0475160584864799	0.0372530513789028
AT2G13116.1	29.2042526024644	58.4085052049288	0	0	-Inf	3.20729148969866e-05	0.00553663768237538	0.28859374202234
AT2G14560.1	11125.3770701681	522.597243368411	21728.1568969678	41.5772512631689	5.3777224774204	7.98180280310248e-06	0.00172780691630651	0.457683979687393
AT2G14710.1	36.4557223308377	72.9114446616754	0	0	-Inf	1.11189455131416e-05	0.00228021984113487	-0.0272869284883755
AT2G16570.1	191.705745011144	373.176926044164	10.2345639781243	0.0274255005169132	-5.18833823964108	2.73939848993142e-05	0.00485175933849866	0.0196298527273609
AT2G16580.1	115.266062854629	226.723097770006	3.80902793925154	0.0168003523977761	-5.89536469503308	1.26118696455398e-05	0.00249267206218912	0.116507459995094
AT2G18460.1	56.7775927138115	112.107022335682	1.44816309194142	0.0129176840287952	-6.27450875284461	3.17814746341603e-05	0.00553289066465638	-0.00859668260405332
AT2G20590.1	308.429414861905	592.58067382831	24.2781558955001	0.0409702121040389	-4.6092808280609	8.73800845647926e-05	0.01228500931188	0.161356619154841
AT2G24615.1	24.4312851723304	48.8625703446608	0	0	-Inf	8.48470671770309e-05	0.0120531445690287	-0.0291026814527779
AT2G25130.1	35.5171682498114	69.9634138264773	1.07092267314546	0.015306895626928	-6.02967446851518	0.000146637322447022	0.0183464815125803	-0.00705641390484665
AT2G25200.1	156.746925991894	11.8679276461877	301.625924337599	25.4152142926562	4.66762049005102	0.000118851486591439	0.0159688389004015	0.0679022834172551
AT2G26410.1	384.653321252172	764.426691891946	4.879950612397	0.00638380457427407	-7.29136779726867	1.0564045262842e-07	3.89370722356776e-05	0.356176081239533
AT2G26450.1	730.160442888732	1445.62023535703	14.7006504204334	0.0101690956316773	-6.61966480809252	8.45225534104205e-05	0.0120531445690287	0.74027196327905
AT2G28550.3	2190.31719960564	90.2590829942	4290.37531621708	47.5340007220412	5.57088792676005	4.53608897405625e-06	0.00103967921653264	6.23880443357052e-05
AT2G28620.1	1176.99412333693	2309.49074311812	44.4975035557422	0.0192672361594594	-5.69770655457172	3.45925501500195e-06	0.000847757623201573	0.124687685332325
AT2G29460.1	284.283608072906	28.3877649121227	540.179451233689	19.0286009802417	4.25009759065261	0.000366200810270109	0.0393233350398315	0.212228456695143
AT2G31100.1	46.8720849570035	93.2878190363226	0.456350877684347	0.00489185922019103	-7.67540139863299	1.41576168810455e-05	0.00274771449788758	0.0257748762220373
AT2G31432.1	86.2711135764286	172.542227152857	0	0	-Inf	1.18295801923742e-07	4.19028311359748e-05	-0.00610101025049599
AT2G32670.1	264.614231183192	512.763207018455	16.4652553479284	0.0321108361960452	-4.96079595510096	4.56319057168699e-05	0.00736455756466051	0.0739426438900215
AT2G33190.1.DE	31.3269328218376	62.6538656436753	0	0	-Inf	2.33695954620721e-05	0.00427789071293971	0.0458529924238064
AT2G34340.1	202.060542854226	387.874849861542	16.2462358469092	0.041885252041241	-4.57741383492762	0.000128136889990376	0.0166821712048417	0.363584735268806
AT2G34370.1	22.6531136555753	45.3062273111507	0	0	-Inf	0.000122672373921624	0.0163214097498161	-0.0202938561513086
AT2G37390.1	115.417422813262	222.285776117007	8.54906950951773	0.038459813573576	-4.700504420262	0.000154706768693429	0.0189220946910909	0.0397712392020484
AT2G38620.2	283.725344742643	559.455393187986	7.99529629729904	0.0142912131952806	-6.12872779632758	2.31462587135726e-06	0.000601251625154946	0.186762009544295
AT2G39590.1	40.8858912380822	79.4109176288543	2.36086484731012	0.0297297263122456	-5.07195000771933	0.000465348798366355	0.047537035488548	0.215553275424572
AT2G42350.1	46.496414915561	1.45383911586796	91.5389907152541	62.963631749999	5.97644685295962	9.85280153774979e-05	0.0136413787787881	0.380478639072502
AT2G42885.1	219.37960945846	438.759218916921	0	0	-Inf	9.0093262052109e-10	6.46656242755598e-07	0.374307423195054
AT2G43470.1	32.2797537227678	64.5595074455356	0	0	-Inf	1.99659561578036e-05	0.00370456771567411	0.0563899701439919
AT2G44190.1	162.056630036434	313.20332571604	10.9099343568278	0.034833392435683	-4.84338520545755	8.8322390199922e-05	0.0122907815954228	0.0112154108811807
AT2G44560.1	151.078937911176	301.166063608095	0.991812214257077	0.00329324028867912	-8.24627650378305	1.12724597198367e-07	4.04547814287562e-05	0.12779647491406
AT2G45406.1	21.897154870427	43.7943097408541	0	0	-Inf	0.000149441722121421	0.0185369340276564	-0.0418668845405456
AT2G45580.1	369.25126751215	734.991637044956	3.51089797934396	0.0047767862957728	-7.70974394980922	3.92915124420066e-08	1.59951642068019e-05	0.33196514459331
AT2G46860.1	1398.12270322533	2791.0490140027	5.19639244795054	0.00186180623195086	-9.06908135287714	2.2907769589509e-10	2.31410894649577e-07	0.0869913219141262
AT2G47030.1	3811.02462836386	7586.04588705456	36.0033696731624	0.00474599945863779	-7.7190723486942	7.91096998688082e-09	4.07116427155046e-06	0.214672207169139
AT2G47550.1	180.376028722452	357.02213996454	3.72991748036316	0.0104473002171059	-6.58072601939355	6.81835721764834e-05	0.0101623329569048	0.678820481048917
AT3G02310.1	3170.00351180072	6320.80366298742	19.2033606140345	0.00303812009325383	-8.36260538568537	1.22906756976187e-09	8.17629706469632e-07	0.0656369761224393
AT3G07120.1	81.3238498597826	159.672263076794	2.97543664277123	0.0186346494089597	-5.74586851322008	3.02835632091084e-05	0.0053289302356673	0.00641043714385122
AT3G07820.1	7689.36107752352	15336.3906716695	42.3314833775008	0.00276019855543316	-8.50101223337045	6.0213309110564e-10	5.3901698570895e-07	0.0489675220882346
AT3G07840.1	135.41370169456	270.827403389121	0	0	-Inf	1.23438382117862e-08	5.90663486362227e-06	0.0777451432228264
AT3G08770.2.DE	19516.1708510253	38948.78628172	83.5554203305642	0.00214526377603144	-8.86462923601611	1.81402263169263e-10	1.90297951074679e-07	0.254749912469425
AT3G10560.1	48.8408215465144	94.7062064502576	2.97543664277123	0.0314175464765766	-4.99228567064122	0.000390585259873893	0.0414521905177448	0.348066900173931
AT3G12143.1	173.491200235798	342.418891694752	4.56350877684347	0.0133272692819518	-6.22947498301356	4.02931035638722e-06	0.00095320799370495	0.00923027855663727
AT3G12660.1	117.360831679022	234.721663358044	0	0	-Inf	2.30645807909433e-08	1.01465555011771e-05	0.0569993306722779
AT3G14540.1	46.57206723672	93.1441344734401	0	0	-Inf	2.84618464821048e-06	0.00072551108672842	0.193975804683477
AT3G15720.1.DE	105.557474316585	206.015978519753	5.0989701134162	0.0247503623265188	-5.3364065444675	5.26125339759379e-05	0.00820003922396403	0.097863959744863
AT3G16660.1.DE	779.488226743384	4.5583794633857	1554.41807402338	341.002342281713	8.41363783866231	2.66281494385061e-09	1.68902971147734e-06	-0.00126591322418671
AT3G17060.1.DE	603.324203919466	1198.11765020506	8.53075763387177	0.00712013351310843	-7.13387999053594	1.00600261768012e-07	3.81093352739241e-05	0.0255047097624879
AT3G17675.1	289.670964999941	578.429228244514	0.912701755368693	0.00157789701972473	-9.30778123265702	3.48116787529152e-06	0.000847757623201573	0.764183603660277
AT3G17680.2	511.182227492575	1006.19732959713	16.1671253880208	0.0160675494880253	-5.95970627389506	2.08322698244468e-06	0.000551650640254162	0.0597052716413224
AT3G18010.1	122.941265950473	237.351774267074	8.53075763387177	0.0359414108456285	-4.7982091482045	0.000136759356958376	0.0175122603804681	0.119255867742602
AT3G18845.1	35.9545277609812	71.4527046442781	0.456350877684347	0.00638675442666943	-7.29070130530108	4.67634723702467e-05	0.00741554481917721	0.464964100403069
AT3G19660.1	106.250232172729	6.56245232313692	205.938012022322	31.381258389681	4.97183130048055	0.000103032915746183	0.0139812078456574	0.0430832621408154
AT3G21945.1	34.5299042272463	69.0598084544926	0	0	-Inf	1.44795061382169e-05	0.00276173797146759	-0.0145501939071273
AT3G21970.1	568.168449725216	1135.88054857275	0.456350877684347	0.000401759567287034	-11.2813799996734	4.74160358476849e-11	6.1584398940267e-08	0.440064809158922
AT3G22235.1	8384.50165442244	804.598656096954	15964.4046527479	19.8414508050387	4.31044561419633	0.000145964419702076	0.0183464495270697	0.232977816547987
AT3G23270.1	292.117722783064	583.699984229555	0.53546133657273	0.000917357120164229	-10.090228906152	1.38965853249967e-09	9.02450868426871e-07	0.0673059351284106
AT3G23770.1	1434.68266882894	2867.83806410705	1.52727355082981	0.000532552228085915	-10.8747893603037	6.16857744882404e-12	2.10309937395844e-08	0.0529596529180159
AT3G24220.1	24.9337801090962	49.3320988816196	0.53546133657273	0.0108542176131135	-6.52560045151039	0.000294053773155468	0.0324709176632202	0.233014173200073
AT3G25770.1	3159.991548693	271.688778402492	6048.29431898352	22.2618481136652	4.47650146087109	0.000114307170003133	0.0154342973358191	0.00893292710319823
AT3G26050.1.DE	245.859192031949	477.656480270876	14.0619037930218	0.0294393656818963	-5.08610960321137	2.66761982517452e-05	0.00478679807444968	0.051712866603959
AT3G26110.1	390.499123961963	774.511913301811	6.48633462211519	0.00837473834903764	-6.89974016745119	0.000195812810364486	0.0225751691826933	0.863341344643769
AT3G26210.1	1252.08734383885	97.967256310095	2406.20743136761	24.5613434732852	4.61831757128096	7.07201692469172e-05	0.0104719545966527	0.26405203545291
AT3G26934.1	190.337702327176	375.41821362316	5.25719103119296	0.0140035588056739	-6.15806267554442	3.4206084636341e-06	0.000847757623201573	0.00844237978259941
AT3G28820.1	1645.35270624734	3289.25724940274	1.44816309194142	0.000440270548071113	-11.1493220412317	2.87579398482816e-12	1.38152855131545e-08	0.165828985289561
AT3G44230.1	18.0656949649753	36.1313899299506	0	0	-Inf	0.000370988589745325	0.0396812305306029	-0.0526099861506477
AT3G44860.1.DE	2838.69947522612	262.53354462741	5414.86540582484	20.6254229855071	4.36635180129241	0.00013842339898903	0.0175604567787246	0.0668525561386279
AT3G46770.1	202.22319775773	391.534524854472	12.911870660988	0.0329776043780229	-4.92236959019514	4.6174000212239e-05	0.00740821091640481	0.219483651033719
AT3G52780.1	59.5443895432669	118.553317749961	0.53546133657273	0.00451662886147196	-7.79053791454666	4.05397350209988e-06	0.00095320799370495	-0.0104338423329648
AT3G52910.1	366.216156854013	701.229784188372	31.2025295196537	0.044496868534711	-4.49015237972732	0.000122031849349168	0.0163157778970518	0.123488445815131
AT3G53190.1	2283.05996420664	4454.39893679581	111.720991617472	0.0250810475672923	-5.31725858291965	1.13519971903928e-05	0.00231063972662659	0.00915593212886353
AT3G55590.1	30.3786601125995	59.8446184698303	0.912701755368693	0.0152511918148299	-6.03493420230181	0.000304851206271157	0.0333928379560073	0.0215186850869481
AT3G56100.1	342.192132054512	681.329717007364	3.05454710165961	0.00448321425796051	-7.80125083557225	3.05613608696597e-08	1.32311288526979e-05	-0.00111814613937234
AT3G56230.1	120.281357111816	237.745498498638	2.81721572499446	0.0118497121618923	-6.39900417433507	4.36443317265086e-06	0.00101461755698219	0.100649753822235
AT3G57240.1	303.422670922919	9.31362104255323	597.531720803285	64.1567568696651	6.00352931014798	2.271834958928e-06	0.00059581056254578	0.204049653721363
AT3G57510.1	191.524317587893	382.513173839214	0.53546133657273	0.00139985070631269	-9.48051131231135	1.03285064329986e-08	5.03053594571494e-06	-0.00216013324093032
AT3G57920.1	334.799281168088	653.887787825839	15.7107745103365	0.0240267134557971	-5.37921686986688	1.4204500245725e-05	0.00274771449788758	0.115708473988151
AT3G58240.1	129.049623060395	258.099246120789	0	0	-Inf	1.39016188510878e-08	6.53735610626587e-06	0.111762465884229
AT3G62570.1	314.304338891088	599.961857778901	28.6468200032749	0.0477477353465892	-4.3884238813745	0.000231063514893505	0.0259352155091373	0.217673826815141
AT4G01470.1	484.755014949685	968.061866807428	1.44816309194142	0.00149594064346045	-9.38473135213984	8.46396904487819e-10	6.38815163345488e-07	0.0657243175228734
AT4G02060.1	847.379578261565	1617.1487465218	77.6104100013263	0.0479921282246004	-4.38105839857939	0.000191477361210351	0.0222235958596269	0.296436600445168
AT4G02290.1	6381.67276841091	12740.7894991462	22.5560376756017	0.00177037990283987	-9.14172530563478	3.54807260707602e-05	0.00593703560478518	1.0368522698216
AT4G08300.1	879.111318043012	93.5653863590289	1664.657249727	17.7913789971366	4.15310643209317	0.000229917478707015	0.0259132199658423	0.260599928236309
AT4G10115.1	109.304187636555	218.60837527311	0	0	-Inf	3.24619110467725e-08	1.36215172892418e-05	0.142301790805301
AT4G11030.1	355.397292197557	701.272014546985	9.52256984812885	0.0135789959539172	-6.20247938072641	1.63020146623613e-06	0.000440235098926639	-0.00122895889242301
AT4G11320.1.DE	4232.66196402324	8352.12401254208	113.199915504401	0.0135534284853066	-6.20519834682346	8.18661282558774e-07	0.000242706374802071	0.296987500456672
AT4G12470.1	68.8364580344848	0	137.67291606897	Inf	Inf	3.90773215846728e-07	0.000128413728460476	0.156198663594258
AT4G12530.1	36.9322495102532	72.9517972651376	0.912701755368693	0.0125110249450271	-6.32065620502425	0.000125992784474764	0.0166012231717352	-0.00670003348344369
AT4G12860.1	87.0536611380266	174.107322276053	0	0	-Inf	1.04654949414405e-07	3.89370722356776e-05	0.209832040150443
AT4G12960.2	1256.48730499446	2510.99098556041	1.98362442851415	0.00078997672230649	-10.3059022365227	1.95761614575373e-11	3.55959869169553e-08	0.446651884038497
AT4G14400.1.DE	30289.8813422607	963.232285650711	59616.5303988707	61.8921637978494	5.95168485544752	1.14177021982463e-06	0.00031777329332364	0.365704019333741
AT4G14730.1	112.700059133792	225.400118267583	0	0	-Inf	3.13388147100384e-08	1.33557214252546e-05	0.0468909072381004
AT4G14805.1	27.5380996156941	54.6198483537039	0.456350877684347	0.00835503743491079	-6.90313799233742	0.000196161873374824	0.0225751691826933	-0.0357122984467512
AT4G14815.1	1794.29692758423	3588.13750429077	0.456350877684347	0.000127183218909151	-12.9408040516447	2.56572430212178e-13	5.62114213711417e-09	0.0366635562852346
AT4G15210.1.DE	8621.46286715569	16245.9456404787	996.980093832683	0.0613679323996129	-4.02637121257394	0.000411095072727805	0.0431254542640419	0.119229801844688
AT4G15710.1	22.9700598528072	45.4046583690416	0.53546133657273	0.0117930925109179	-6.40591410291283	0.000460831803677239	0.0474308960199876	-0.0311403337207623
AT4G16260.1.DE	327.503472702349	3.00610928962683	652.000836115071	216.891926838764	7.7608325437234	3.18483532301027e-05	0.00553289066465638	0.810425597143979
AT4G16807.1	70.2796768556553	135.381273139006	5.17808057230458	0.0382481302786085	-4.70846696494222	0.000327452020314247	0.0357250154162844	0.420633703804563
AT4G18960.1	1692.38060567819	3371.4721002766	13.2891110797839	0.00394163459893192	-7.98699024413631	3.67053161740938e-09	2.17638586662697e-06	0.0152831430785855
AT4G19370.1.DE	236.846799210253	26.0932997802281	447.600298640277	17.1538403502129	4.10045969367443	0.000444933217115292	0.0461427889612912	0.337381939763894
AT4G20110.2	726.011266444931	65.6067973804027	1386.41573550946	21.1321965233376	4.40137082660077	0.000137797630715027	0.0175604567787246	0.239900499046749
AT4G20160.1.DE	135.037197726556	267.932550106822	2.14184534629092	0.0079939721599223	-6.9668717362735	8.82615759111719e-07	0.000257678957690556	-0.00576912324858349
AT4G20320.1	6460.09435050379	12114.0109796066	806.177721401011	0.0665491985072638	-3.90943489879246	0.000387114716868246	0.0412443511819586	0.0546452149322793
AT4G20710.1	44.4316611663803	88.8633223327607	0	0	-Inf	3.80527823088512e-06	0.000910429506556067	0.0245345376742118
AT4G21690.1	42.8390383891592	85.6780767783185	0	0	-Inf	4.38954616769565e-06	0.00101461755698219	0.236901296800894
AT4G22080.1	541.314225248216	1082.09298915986	0.53546133657273	0.000494838560028436	-10.9807544536202	7.32400604413268e-11	8.68531586320517e-08	0.0920158853267361
AT4G22690.1.DE	5633.33730911166	578.039991887175	10688.6346263361	18.4911680443425	4.20876445421879	0.000221538708834852	0.0250724825040273	0.456648533274864
AT4G22960.1	510.749842905448	994.069560479202	27.4301253316941	0.0275937685069756	-5.17951368940635	1.40477471238931e-05	0.00274771449788758	0.0904898434420809
AT4G23560.1	471.582234685364	942.251767615359	0.912701755368693	0.000968638942093523	-10.011753374921	4.59201542503975e-10	4.31886967992962e-07	0.200249730415192
AT4G25010.1	459.082796388704	905.710072994105	12.4555197833036	0.0137522151455466	-6.18419216953015	1.03713896006692e-06	0.000291628506554898	0.000417116044690466
AT4G25040.1	709.326208138688	1418.65241627738	0	0	-Inf	3.54562781272526e-12	1.38152855131545e-08	0.00173755983134007
AT4G25780.1	417.277257738529	798.009821511019	36.5446939660396	0.0457947922205304	-4.44867264526912	0.000178583904949303	0.0210860433224772	0.0195295207477567
AT4G26830.1	225.719492080836	433.82369568171	17.6152884799622	0.0406047172049502	-4.62220884923956	0.000128239252793734	0.0166821712048417	0.0391362537076849
AT4G27250.1	44.4675226811327	87.5659927292123	1.36905263305304	0.0156345242072077	-5.99912087421159	0.000101882521791476	0.0139812078456574	0.060537006833714
AT4G27300.1	2614.78473558603	126.435726429142	5103.13374474292	40.361485545803	5.33490737017706	8.87186568549516e-06	0.00187581501218512	0.358160785596482
AT4G27420.1	530.251974909013	1058.89756580831	1.60638400971819	0.00151703437762836	-9.36453050568756	6.12631587790191e-10	5.3901698570895e-07	0.0384670734680157
AT4G28000.1	800.717717312547	1595.56367179844	5.87176282665408	0.00368005547533914	-8.08605677017506	6.60861318817556e-09	3.53431224916644e-06	0.245052638136413
AT4G28397.1	603.704718588254	1206.95308629882	0.456350877684347	0.000378101587265307	-11.3689384737975	3.91016553442582e-11	5.33248824757322e-08	0.0476147234182108
AT4G29030.1	4523.43366326769	9031.41219527736	15.4551312580254	0.00171126407740608	-9.19072187505888	1.13123344588104e-10	1.23417568945621e-07	0.0760141065462054
AT4G29700.1.DE	1986.19413999357	3837.80067181481	134.587608172323	0.0350689417407077	-4.83366229407047	4.38526018125289e-05	0.00716215397866303	0.00885359580708512
AT4G30140.1	385.990099432968	767.635709590112	4.34448927582427	0.00565957161912656	-7.46509142707324	6.6117530219579e-08	2.53993751653383e-05	0.0224142870779634
AT4G32280.1.DE	377.530344414012	11.8856534971542	743.175035330871	62.5270655508183	5.96640890680102	2.80007261896503e-06	0.000720490383795012	0.379813468818141
AT4G33230.1	169.644466155873	336.769846546659	2.51908576508688	0.00748014049036267	-7.06271891791199	5.68643346059473e-07	0.000174266823188451	0.161026347519512
AT4G35670.1	193.33383727907	386.211323680455	0.456350877684347	0.00118160926338329	-9.72503124320238	9.06941208469497e-09	4.58089286314917e-06	0.207170798749942
AT4G37840.1	105.029787970594	210.059575941189	0	0	-Inf	3.89907368699521e-08	1.59951642068019e-05	0.252827124767285
AT4G38590.2	61.9183749468694	121.774015006336	2.06273488740254	0.0169390398049634	-5.88350409242923	4.043985681046e-05	0.00668483087578968	-0.0135263184638462
AT4G38660.1.DE	1748.65460159266	3375.65177754963	121.657425635689	0.0360396846750583	-4.79426980125701	5.56916763994014e-05	0.00863062769200951	0.149682374743382
AT4G39130.1	69.3196499262324	138.639299852465	0	0	-Inf	4.18994796074231e-07	0.00013604860789196	0.277263430290643
AT4G39630.1	162.308356407494	312.118706324089	12.4980064909001	0.0400424781907264	-4.64232492581975	0.000139080235185282	0.0175620991420304	0.380356687763068
AT5G01420.1	65.0626234014007	129.212545047433	0.912701755368693	0.00706356921484403	-7.14538692448421	6.45385827008317e-06	0.00143112995379283	0.429339163043096
AT5G02390.1	90.1062868536776	175.472532137089	4.74004157026619	0.0270130117377175	-5.21020169184407	6.43263462061177e-05	0.00980168208252436	-0.000763461383321375
AT5G03620.1	466.002315423422	922.007398245384	9.99723260145915	0.0108428984631623	-6.52710572833388	4.90352490984979e-07	0.000155515862693201	0.0215585460240108
AT5G05810.1	173.582557759479	336.017849785464	11.147265733493	0.0331746237308826	-4.91377608724386	6.62269077153122e-05	0.00997977297201735	0.0517482325826522
AT5G06150.1	1108.37881713414	2175.09565831318	41.6619759551018	0.0191540890608054	-5.70620377475211	3.67364648127216e-06	0.000886714228112373	0.0500516522264969
AT5G07100.1	344.934057203572	8.01629143900487	681.851822968139	85.0582626837208	6.41037948308432	0.000154199081998895	0.0189220946910909	0.759890856105614
AT5G07280.1	1202.77517735287	2334.93684282442	70.6135118813212	0.0302421507024167	-5.0472954477892	1.99241620324136e-05	0.00370456771567411	0.0288049757763522
AT5G07572.1	17.5065982956088	35.0131965912176	0	0	-Inf	0.000459336825768747	0.0474308960199876	0.14694820855705
AT5G07700.1	25.5223183805499	0	51.0446367610998	Inf	Inf	7.35776641062345e-05	0.0107317154465109	0.641750916571329
AT5G08480.2	171.239141587657	324.783884236463	17.6943989388506	0.0544805324329701	-4.19811538703685	0.000400780273787393	0.0422057218824369	0.0423047238024942
AT5G10660.2	186.613790745833	362.159426217062	11.0681552746046	0.030561555142212	-5.03213823217093	4.50505643436178e-05	0.00731401275281057	-0.00420523882994393
AT5G11080.2	22.5763356212435	44.6172099059143	0.53546133657273	0.0120012286223606	-6.38067408088654	0.00047532720319186	0.0483751845785745	0.172824149763098
AT5G13580.1	326.973623421892	633.867808225672	20.0794386181112	0.0316776437571704	-4.98039116074189	5.16450847234022e-05	0.00809551543580917	0.00362252814486328
AT5G14345.1	37.7013859546759	75.4027719093519	0	0	-Inf	8.55040026904943e-06	0.00183631627825451	0.265749173726628
AT5G15150.1	156.73478510658	297.241646241896	16.2279239712632	0.0545950548196632	-4.19508591097854	0.000483250239367474	0.0489986999209957	0.0115660726376614
AT5G15230.1	7291.33861142368	14114.3550450255	468.322177821908	0.0331805581146243	-4.91351803637942	3.34256419857513e-05	0.0056626359326793	0.173042087987886
AT5G16500.1	571.977633865878	1136.93347177307	7.02179595868792	0.0061760834147466	-7.33909204675354	4.84809332001442e-08	1.94458448975578e-05	-0.00119037864751515
AT5G16960.1	3578.10311169862	7146.74445213235	9.46177126488642	0.00132392746491213	-9.56096020245515	3.90952229744244e-11	5.33248824757322e-08	0.021038353454345
AT5G17340.1.DE	438.185213029314	876.370426058628	0	0	-Inf	3.66888391414731e-11	5.33248824757322e-08	0.0418460342417737
AT5G17480.1	338.86708338081	677.734166761619	0	0	-Inf	1.05816066493115e-10	1.20255550566655e-07	0.409927478811106
AT5G19360.1	126.081169865824	250.635066180818	1.52727355082981	0.00609361480858377	-7.35848597782929	6.76487679301089e-07	0.00020501334947708	0.268633202640858
AT5G20100.1	44.2214450364054	87.0738374397578	1.36905263305304	0.0157228930446556	-5.99098948889818	0.000102675558614394	0.0139812078456574	0.13942574680321
AT5G20710.1	2725.05289032201	5435.16779884692	14.9379817970986	0.00274839385828487	-8.50719552043392	9.25367482705900e-10	6.47164053610344e-07	0.0164445596580501
AT5G20740.1	2559.37236191042	5105.71125599336	13.0334678274728	0.00255272324931681	-8.61374714663521	7.12607866276009e-10	5.84811807652908e-07	0.0393158224767383
AT5G22260.1	208.358112756043	416.180764175513	0.53546133657273	0.00128660760579245	-9.60221216233496	7.2283109902784e-09	3.79138812038161e-06	0.0512456865332961
AT5G22430.1	18914.990945014	37806.3974163869	23.5844736411507	0.000623822296036283	-10.6465772625441	8.17734221860617e-13	5.62114213711417e-09	0.139453139848863
AT5G23010.1.DE	5943.19145170315	266.291650678231	11620.0912527281	43.6367089359817	5.44747039313962	5.19153168221764e-06	0.00117999188860405	0.0774747343603572
AT5G23960.1	464.66377255443	926.650238425996	2.67730668286365	0.00288923109479939	-8.43509868235622	4.89458992110823e-09	2.78124875204639e-06	0.431204641381872
AT5G23970.1	649.547790777733	1296.73471670816	2.36086484731012	0.00182062284358617	-9.10135219707744	8.66587022686821e-10	6.38815163345488e-07	0.00962725539268421
AT5G23980.1	122.588837800803	7.3676266372307	237.810048964375	32.2777009033891	5.01246591596262	8.83028842072099e-05	0.0122907815954228	0.139245336577681
AT5G25530.1	71.1936256951951	141.930900512706	0.456350877684347	0.00321530319356702	-8.28082949882537	1.54648590374467e-06	0.000421804030246359	0.00527673722061864
AT5G28237.1	352.546671739758	674.170632044125	30.9227114353921	0.0458677817834228	-4.44637505099312	0.000149518807922434	0.0185369340276564	0.179339663939694
AT5G36110.1	34.2504726215134	67.5882434876582	0.912701755368693	0.0135038537513607	-6.210485005123	0.000182866067455598	0.0214985861631528	0.00377233339969946
AT5G38250.1	146.850891044007	0.550233743883263	293.15154834413	532.776391130103	9.05738634359124	6.24234871584666e-05	0.00956517197891673	0.923556178794774
AT5G39670.1.DE	295.388204816955	29.3139970366032	561.462412597308	19.153389825899	4.259527842245	0.000267398792622968	0.0296475693853311	0.00570406109594711
AT5G40645.1	30.93548268612	61.4146144945556	0.456350877684347	0.00743065606517488	-7.07229469029271	0.000102025313188926	0.0139812078456574	0.245463454976181
AT5G40730.1	488.494049696266	962.269137096452	14.7189622960794	0.0152960972441581	-6.03069258945413	1.76278173150867e-06	0.000471371291440187	0.0481233306122529
AT5G41780.1	192.905324273399	376.129857780892	9.68079076590562	0.0257378949467633	-5.27996212666114	2.73145809870159e-05	0.00485175933849866	-0.00503830630069632
AT5G42340.1	178.017799460322	355.579248042959	0.456350877684347	0.00128340132388494	-9.60581190812114	1.50716984669492e-08	6.85134292810065e-06	-0.00527583908471017
AT5G42930.1	23.7066397102424	46.9569285428005	0.456350877684347	0.0097184993108821	-6.68505072843366	0.000396855990505703	0.0419544462831126	-0.0356724770044662
AT5G43530.1	47.0266121600884	91.9904894327742	2.06273488740254	0.022423349414941	-5.47885439765228	0.000158911420307363	0.0193495937003719	0.00188353696668184
AT5G44540.1	1990.37455146593	3976.40461365603	4.34448927582427	0.00109256720528493	-9.83806226008563	3.04031167143809e-11	4.87791181402788e-08	0.294512855254337
AT5G44568.1.DE	240.899585146208	17.8397936219791	463.959376670437	26.0069923734334	4.70082766068792	0.00012844201477605	0.0166821712048417	0.490674289996804
AT5G44620.1	2278.87366814259	4556.29917319325	1.44816309194142	0.000317837577580861	-11.6194226765601	8.24365482986496e-13	5.62114213711417e-09	0.411851143280827
AT5G44630.1.DE	1888.00854622384	3772.96254534603	3.05454710165961	0.00080958850371505	-10.2705235758698	1.03501818478145e-11	2.35614819779305e-08	0.2498734157955
AT5G46540.1	116.017556622932	229.297007979758	2.73810526610608	0.0119413039456136	-6.38789580768148	6.15150699185711e-06	0.00137526519018773	0.270467293124389
AT5G46970.1.DE	76.3934949629796	152.786989925959	0	0	-Inf	2.74115469121512e-07	9.23024619788795e-05	0.523268928091451
AT5G48210.1	1240.11112213267	2478.69497071452	1.52727355082981	0.000616160346018514	-10.6644065411243	1.10145324616844e-11	2.35614819779305e-08	0.0277443282385321
AT5G49340.1	25.0888128995878	50.1776257991756	0	0	-Inf	7.14127792842307e-05	0.0104719545966527	0.102448681583769
AT5G51950.1	3033.78051730323	6033.04831473283	34.5127198736245	0.00572061055591809	-7.44961515182144	1.45224089488173e-08	6.71353735727103e-06	0.000808637412961287
AT5G52160.1	2308.18894999008	4611.33972844999	5.03817153017377	0.00109256134374364	-9.83807000005731	2.20641995549889e-11	3.76125651788951e-08	0.38688238587909
AT5G53660.1	155.384782168752	295.515140704851	15.2544236326521	0.0516197701284201	-4.27593247289392	0.000363989069092075	0.039240323555282	-0.00427030742362816
AT5G55520.1	661.128248477597	1309.08312008559	13.1733768696036	0.0100630560943619	-6.63478767959984	3.30890052853031e-07	0.000110061295019103	0.110090912295613
AT5G60330.1	40.5899770453101	79.196329662106	1.98362442851415	0.0250469237271141	-5.31922276783814	0.00029594932532181	0.0325484590651305	0.0638476812172011
AT5G60510.1	1009.73040347981	2018.38988428647	1.07092267314546	0.000530582659714452	-10.8801348527819	1.20938862581495e-11	2.35614819779305e-08	0.00313168161949191
AT5G60900.1	2210.58229615297	191.640875530073	4229.52371677586	22.0700500614867	4.46401799697325	0.000124990439763753	0.0165490982745455	0.464701383523991
AT5G61160.1.DE	52.5792965155849	0.550233743883263	104.608359287287	190.11621960699	7.57073780933808	1.99375093131221e-05	0.00370456771567411	0.601836444713415
AT5G61630.1	94.4390136262238	188.878027252448	0	0	-Inf	6.59558947237222e-08	2.53993751653383e-05	0.424967091987869
AT5G62080.1	2029.97609215319	4056.52039678593	3.43178752045558	0.000845992916287233	-10.2070667962043	1.18945774459769e-11	2.35614819779305e-08	0.35781297383858
AT5G62250.1	51.8018536860684	101.08462160705	2.51908576508688	0.0249205638309596	-5.32651947988283	0.000163443544431587	0.0195522924314541	-0.00358899113890243
AT5G62750.1	616.061717454292	1228.69164738813	3.43178752045558	0.0027930421174024	-8.483946955903	3.18522047987801e-09	1.97447474065165e-06	-0.00126750258170532
AT5G64770.1.DE	2186.33435699837	120.754252725494	4251.91446127125	35.2113020063729	5.13796666952971	1.44447323356045e-05	0.00276173797146759	0.0860229966832302
AT5G64820.1	26.6991615277754	53.3983230555507	0	0	-Inf	5.01748294050404e-05	0.00791051139897386	0.37204189783328
AT5G65350.1.DE	118.515255079206	225.286984505104	11.7435256533082	0.0521269601042668	-4.26182646125027	0.00044256208496373	0.0460720643793348	0.171885609284515
AT5G65420.3	131.420224967293	249.886092566002	12.9543573685844	0.0518410497981707	-4.26976125621114	0.000430949962344669	0.0450350966396584	0.123615457844255
AT5G66940.1	63.7341568297107	127.468313659421	0	0	-Inf	5.55048320373779e-07	0.000172033442479487	0.0900786297300948
AT5G67265.1	49.2851574485201	98.1139640193559	0.456350877684347	0.00465123269909182	-7.7481711656063	9.59998631113648e-06	0.00199877577584922	0.270792105608663
