logFC	logCPM	pvalue	padj	dispersion
AT1G01370.1	-5.49740281308543	2.75186332092226	1.48278623957832e-05	0.00229935174878258	0.483651169897249
AT1G02640.1	-3.40903264522176	4.85928468110822	0.000186534284860958	0.0195681639214716	0.317748607142962
AT1G02970.1	-5.18675881978405	1.61133267238236	0.000371978618006323	0.0354414644427966	0.623959919791994
AT1G04020.1	-4.31778380525241	3.37425037072619	9.41432163094564e-05	0.0109719821484836	0.418840041225379
AT1G04760.1	-5.18013805829674	2.40971546835528	3.72633593454164e-05	0.00518550064360322	0.481059708585168
AT1G05010.1	3.12754865604677	7.15501207157956	0.000148437807674118	0.0158770243306336	0.268807432263052
AT1G08090.1	7.57631636633105	0.783268543893033	0.000243183835723248	0.0246573944957309	0.876413225172688
AT1G08930.1.DE	4.83772440591444	6.28583110248266	1.15377052532462e-07	3.0852050076695e-05	0.280261149073242
AT1G09380.1.DE	-9.97028506013828	3.09038067190393	1.29115673450131e-10	6.52153702472654e-08	0.417144188200258
AT1G09460.1	-5.41337138247052	2.34205023347194	2.80019382833672e-05	0.00399870610826619	0.495743185263118
AT1G09600.1	-5.23656184254241	2.43424625978452	6.71122483939958e-05	0.00839672740801026	0.528160393855692
AT1G10640.1	-5.2255833891493	5.85013309154122	4.79507720887065e-06	0.000871904872479646	0.417462798423157
AT1G12110.1	3.85175049871327	6.73990593176267	5.62335919446351e-06	0.0009959553378506	0.266773047746338
AT1G13140.1	-7.45988886093937	6.13065296814954	1.86918182901024e-14	1.49946865841925e-11	0.248897764757556
AT1G13890.1	-11.1458986376913	1.95109879715723	1.71967931635748e-07	4.42492956166511e-05	0.597054074485298
AT1G13970.1	-4.27992050817117	4.97176988264243	2.86092682199826e-07	6.90546717433651e-05	0.24611135914279
AT1G14182.1	-10.2977001895406	1.11839881831669	7.88840697349501e-06	0.00131192865976876	0.720773343509824
AT1G14370.1	5.28820690588675	4.52064769494302	4.21140770307686e-08	1.24854505545023e-05	0.295085193750402
AT1G15125.1.DE	8.42310063611096	7.57645938989503	1.25037818514792e-10	6.43472924526596e-08	0.413115672822765
AT1G15460.1	-10.7887148145971	5.25971128852773	1.80095964023076e-18	4.91211741872941e-15	0.271630508641014
AT1G16630.1.DE	-5.87299027000455	3.82316823664149	2.64104188519269e-08	8.18572925211711e-06	0.3289011692398
AT1G16760.1	-11.4558591241142	2.25722038376614	2.20759637783839e-08	6.92094151787841e-06	0.541726122611488
AT1G18250.2	-7.09532638550777	5.52027166986208	3.92663955180702e-11	2.14198187551073e-08	0.310120644345625
AT1G18520.1	-9.43755994236336	2.53611542705928	1.46010425378658e-08	4.79811367735288e-06	0.497896992655646
AT1G18990.1	-7.23322993654739	3.24035591894898	2.37176060475672e-09	9.37532905720862e-07	0.365579368827681
AT1G19460.1	-9.18796051117129	0.048465611329057	0.000248703431261553	0.0250725536845535	0.877849776692713
AT1G20610.1	-5.59438902656712	3.52596369255122	9.85912232575262e-08	2.68907561434903e-05	0.334210255098749
AT1G21000.1	3.30075685735305	6.63724047253859	6.79452296721735e-05	0.00846212848999329	0.267435685778414
AT1G21090.1	-4.66486442329468	4.06686944358685	4.17943397427734e-07	9.79865421757623e-05	0.285846964903765
AT1G21130.1	9.26077513873479	7.31768532294244	2.24289698826504e-15	2.26574130944181e-12	0.30769652936696
AT1G21540.1	-4.30578247706491	5.38969707690244	6.22436487210446e-07	0.000140305414782355	0.263889955284613
AT1G22110.1	-6.70010558007115	2.34186240664711	2.1021490454283e-06	0.000403775459253921	0.50854504109424
AT1G22170.1	-3.90892622406407	4.07084822131144	2.63460220540982e-05	0.00378204079750278	0.313316239981593
AT1G22350.1.DE	4.32366341882698	3.59402317547618	1.48372468482396e-05	0.00229935174878258	0.343387213369683
AT1G23690.1	-11.9276495555809	2.72469901175298	6.16628864744579e-10	2.85060208235735e-07	0.468516024969129
AT1G23700.1	-6.39340406832302	1.28280300075261	9.49363074992531e-05	0.0109719821484836	0.670461496655569
AT1G24070.1	-3.91918014145594	6.34081398820373	0.000107967543495157	0.0122192722865139	0.372885425712249
AT1G24600.1	-4.36034050511273	3.02063339722331	4.28812603621573e-05	0.0058188376934221	0.387702134968804
AT1G24620.1	-8.91948184068702	2.87755931383336	1.78903451301224e-09	7.17587005035424e-07	0.434127403163609
AT1G24657.1	-7.04149695848459	0.23492770738236	0.000516109384931669	0.0468410764021305	0.85642643196023
AT1G25330.1	-9.71846832026174	3.67089668367192	3.80600322862303e-13	2.35928950137939e-10	0.332325818570929
AT1G26720.1	-11.742710402037	4.83493739127506	4.95410044733516e-19	1.68903862126333e-15	0.266568284709215
AT1G26770.2.DE	-3.29606387892709	4.59496767048883	0.000209378076656565	0.0216317690939689	0.304710148576161
AT1G27040.1	-7.55738640414444	1.50751975864637	1.89481832821174e-05	0.00287117610566529	0.677003255217871
AT1G28550.1	-6.35814315377937	1.84699194369184	4.07900666730134e-05	0.00561893468942647	0.629444638148945
AT1G29660.1	4.59871774107593	6.44834538077183	1.09726667596709e-05	0.00178865241047498	0.373429801023303
AT1G30250.1	6.30542251467034	3.77067735789593	7.36825270407455e-06	0.0012329392178137	0.553336738529675
AT1G43630.1	-7.48623731956624	1.46607811088632	1.23779715417394e-05	0.00199768741894049	0.640855375650715
AT1G44160.1	-6.00525428476867	1.67698301291292	5.43688389189305e-05	0.00706147657863728	0.595945600112887
AT1G45130.1	-2.99667423151222	5.08665250863191	0.000551188592869786	0.0496160688796152	0.29886030551171
AT1G48590.2	-5.11317239101129	2.93242223601259	1.38403211362796e-05	0.00219473697088387	0.435674461851614
AT1G49290.1.DE	-6.1147476983316	1.96146254710309	2.38480561747705e-05	0.00349707382885411	0.563406946606396
AT1G50990.1	-8.01110110834748	1.16572767658823	2.46194811729215e-05	0.00359088956679911	0.712542883150013
AT1G51460.1	-4.33109896727213	5.30084118439091	1.10804797542674e-06	0.000232476988690494	0.278123623466764
AT1G51790.1	5.12111771363764	2.38810054791367	5.17126960501886e-05	0.0067515909551884	0.495608097003565
AT1G51800.1.DE	3.74371148096697	3.48879055316437	8.7805995725564e-05	0.0103675694087219	0.33284014605957
AT1G52200.1	5.17639277177201	2.23987619299987	8.51743158073161e-05	0.0101891580125225	0.533396990669327
AT1G52430.1	-5.47261638965711	1.34064402976277	0.000296157167775737	0.0290564271621699	0.644229750527068
AT1G56600.1	8.56462627959566	7.29119867467441	1.23208725418597e-12	7.15003826764307e-10	0.347012581646096
AT1G59540.1	-5.47431470230566	3.75419825133526	1.4454008145951e-07	3.7907026171232e-05	0.335253285657262
AT1G61566.1	-8.46442815514408	6.47981451983305	3.39075940545998e-15	3.18906768220417e-12	0.276655943629939
AT1G62180.1.DE	3.0755139045435	8.54510111128987	0.000199523167084513	0.0207709709245424	0.271669513122318
AT1G63180.1	-3.814220906627	4.49238493752494	7.19224821712611e-06	0.00121091709951923	0.266525611640276
AT1G65060.1	-3.60425769269932	5.77528732197006	7.04665861808629e-05	0.00873625517310471	0.309736782756181
AT1G65900.1	-3.89982686092898	4.6751257190745	2.98962853914535e-06	0.00056626471114715	0.255149563461345
AT1G66100.1	8.55579466254108	5.98801205439494	1.87390814048541e-08	5.94312145717902e-06	0.539019773818447
AT1G67000.1	5.45618549091551	2.94013275209145	6.23989629828832e-06	0.00107717197174566	0.440285159584215
AT1G67750.1	-4.64457714886055	5.74535048515467	1.3179073681252e-06	0.000266266099745295	0.314473909706921
AT1G68540.1	-3.35385428306462	5.78027987858133	4.31316573512897e-05	0.00582384135770508	0.260316938925521
AT1G69560.1	-7.65486989903938	1.63091842191223	6.09325571790485e-06	0.00106534326734522	0.619082366388691
AT1G69720.1.DE	3.20591601489925	4.17476492326843	0.000142924702656603	0.0154693304165034	0.275871802345767
AT1G69940.1.DE	-10.0019697637075	7.65595126688336	3.32697000731993e-19	1.29633009928073e-15	0.264559367308731
AT1G72910.1	3.76845640137652	5.51755582880756	5.84797725762671e-06	0.00102905535291464	0.257515485254271
AT1G72970.1	-4.56265972490062	8.04658497561308	5.46635970699147e-06	0.000980887901369687	0.34680614264514
AT1G73620.1	-5.52194454215963	3.18797237132447	6.15830988746215e-07	0.000139973251817109	0.372641789586849
AT1G74000.1	-6.66879821171447	3.19042430511368	1.66484089236828e-08	5.34218062815821e-06	0.37018239874222
AT1G75870.1	-7.40701426947383	2.81701868119316	8.80515910998211e-08	2.47588365695631e-05	0.458171023865756
AT1G75910.1	-10.8224841190075	8.48793141196716	5.63052886553629e-20	5.11908916025008e-16	0.280644817793977
AT1G76360.1	4.83407658141851	4.6014939179975	6.31400593025542e-07	0.000141159435858784	0.312486072341487
AT1G76370.1	-6.42324594015633	2.82290172747949	4.73748280877604e-07	0.0001095041047537	0.436914339608097
AT1G78865.1	-7.53632889557242	2.40255090830095	3.77170489801478e-07	8.94550009507418e-05	0.507239649686396
AT1G78960.1	-4.63195063952837	7.25016209966897	4.20327238664132e-07	9.79865421757623e-05	0.2879110475786
AT1G79250.1	-9.5756263077714	2.70024494242938	4.39345029432278e-09	1.61934265915748e-06	0.475282180789522
AT1G79800.1	-5.88547095700402	1.75126393520471	5.9790934232544e-05	0.00767728262298666	0.590389867347789
AT1G80660.1	-8.50697068983369	6.99001034295017	2.53638100528597e-16	3.45898959595874e-13	0.259240878327277
AT2G03850.1	-9.50129123387676	6.10588830724844	2.96208874022903e-18	6.73258086581222e-15	0.254987396952442
AT2G05990.1	-3.93987560522302	7.26015661374081	4.8716250204124e-06	0.000879957433322837	0.273178650660572
AT2G13116.1	-8.89954015753385	-0.223651452936734	0.000506536356484668	0.0465177748253175	0.919334007346418
AT2G14560.1	5.35655741319339	8.21961525131378	1.21606726618243e-07	3.22021695972096e-05	0.328128018159162
AT2G14710.1	-9.21322639376717	0.0718332423841773	0.000218776651050112	0.0224328314187662	0.866708860398033
AT2G16570.1	-5.21390848332207	2.40625958674545	4.81640412314164e-05	0.00637705934265477	0.504168266542037
AT2G16580.1	-5.84301272387794	1.68488902487979	0.000101857868479036	0.011672997322545	0.618502506121333
AT2G18460.1	-6.15598275011692	0.685327071066685	0.000391201059665765	0.0369204460290095	0.744514209491577
AT2G20590.1	-4.63821592893349	3.08886067367269	2.22827502811896e-05	0.00330305442347526	0.396734721016866
AT2G25200.1	4.65581649478022	2.10834531395515	0.000357516668100961	0.0343354476142736	0.545131808855437
AT2G25440.1	8.30605891193877	2.3416994814931	1.1290219550567e-06	0.000235069265833371	0.614468000660454
AT2G26410.1	-7.25757999331184	3.39745282796593	1.39564382982944e-09	5.76760385736335e-07	0.358194169144393
AT2G26450.1	-6.59007031346254	4.31641529194403	1.31723057092724e-09	5.52730212646778e-07	0.327107249392289
AT2G28550.3	5.55128779371253	5.89077963891903	4.36842803801071e-10	2.09033113573232e-07	0.248759129943652
AT2G28620.1	-5.69616859550628	5.01484110869592	1.59274845006002e-09	6.48391253363987e-07	0.273962152633083
AT2G29050.1	-3.17607375894136	4.51255945814545	0.000130667902271656	0.014313120620319	0.269332452224695
AT2G29460.1	4.20391239190739	2.94473358804142	0.000200930521907442	0.0208379467111235	0.440839018879915
AT2G29550.1.DE	-3.48520923204982	7.24940199199562	9.36282313431474e-05	0.0109601287977869	0.303921819825456
AT2G31100.1	-7.27349137074467	0.41574973341883	0.000294301057633172	0.0289785608192952	0.823810680209737
AT2G31432.1	-10.4551708088625	1.27219196446961	4.1391339188414e-06	0.000767992364873463	0.695563904454491
AT2G31880.1.DE	3.42551923700604	7.01717276782831	5.99545810704366e-05	0.00767728262298666	0.28035291974271
AT2G32670.1	-4.95842745068716	2.86908734588004	1.76328447035928e-05	0.00268679239827092	0.426261538412347
AT2G33100.1.DE	-5.13063317068197	2.91214531392533	3.70168415721033e-05	0.00517761207117497	0.486263160448705
AT2G33190.1.DE	-8.99762083362576	-0.131887787114436	0.000372931266547484	0.0354414644427966	0.893856660542499
AT2G34340.1	-4.58865573166106	2.48596714580528	0.000172688250797815	0.0183271285622973	0.485848479094306
AT2G38110.1	-4.23055477721577	6.89813633158968	5.56226610157207e-06	0.000991573907976328	0.308741601940661
AT2G38620.2	-6.09398468235932	2.97078020561783	1.26470976933896e-06	0.000259360593674587	0.449632794214753
AT2G39030.1.DE	4.04964159325649	2.70729545717729	0.000471614817715403	0.043604386959958	0.468986733144773
AT2G40550.1	-3.89623085452496	4.02505563547044	4.1993199105626e-05	0.00572682252802974	0.32813563287072
AT2G42885.1	-11.8060370176912	2.60420729817088	2.91307897805796e-09	1.11907364966945e-06	0.503816713991074
AT2G43470.1	-9.04092387226536	-0.0909944466268886	0.000336841135523093	0.0325792268489091	0.88890448516013
AT2G44190.1	-4.84680160987775	2.16408386647058	0.000147572286147462	0.0158770243306336	0.51281410233446
AT2G44560.1	-8.09449379179204	2.06246657295911	7.41997944505093e-07	0.000160618999495051	0.561246149425274
AT2G45580.1	-7.68571565873719	3.33893693084159	6.58916098103048e-10	2.99532276262677e-07	0.367176367954038
AT2G46860.1	-9.09953716882981	5.26225967440318	7.6292667873991e-16	8.32353006505242e-13	0.278395954164257
AT2G47030.1	-7.72689857563049	6.70077501760299	2.00234347600172e-14	1.51416778093363e-11	0.262261157434279
AT2G47230.2	-3.49993476600287	3.57996563549932	0.000147888499009479	0.0158770243306336	0.319129623299652
AT2G47550.1	-6.49882872368292	2.31102152359604	1.26575864492537e-05	0.00201892204914266	0.576323721950469
AT3G01140.1	-3.55342440723077	3.56499773110797	0.000117998009102572	0.0130829093425718	0.317520169893271
AT3G01420.1	-7.30713232443101	0.486772853309755	0.000350708707508296	0.0338006360328225	0.861808031977823
AT3G02310.1	-8.35465292074251	6.44183339028597	2.73037055845258e-15	2.6596734636355e-12	0.27013808101084
AT3G05200.1	3.1337254596498	4.00406777913855	0.000277670524513139	0.0274400853481734	0.290065564562328
AT3G05730.1	7.12628706360451	5.15722493800039	4.36536634116002e-08	1.28027276295849e-05	0.449855454348553
AT3G06830.1	-3.53507341155294	3.81011817610467	7.52640859905462e-05	0.00916441047050066	0.299379788269013
AT3G07120.1	-5.71022194415416	1.18922070552797	0.00025136632274463	0.0252059428413963	0.662335602642347
AT3G07820.1	-8.5146593212648	7.7193335815329	3.12854125893859e-16	3.87868012897954e-13	0.262356663447023
AT3G07840.1	-11.1017658048971	1.90743071887287	2.11084785959293e-07	5.38068928695302e-05	0.60203980551572
AT3G08770.2.DE	-8.87569326035998	9.06542375393616	4.4483969744973e-16	5.27521858606147e-13	0.281204060182583
AT3G11480.1	-5.21493540820041	5.05774822163008	7.83646184666179e-08	2.24988944071263e-05	0.303308046120709
AT3G12143.1	-6.15021072528191	2.26241688446337	7.1093104285355e-05	0.00877404714652967	0.663954547989616
AT3G12660.1	-10.9006080827468	1.70945697413293	6.12354014958642e-07	0.000139973251817109	0.633727205528825
AT3G13450.1.DE	-2.8026596060276	5.01887506953526	0.000376325102079063	0.0356398165250224	0.251661406486958
AT3G13510.1	-3.23861820097234	6.96071378144586	9.19660964745536e-05	0.0108119624195838	0.268617115320198
AT3G14540.1	-9.57048138655093	0.413947207673642	9.54567382252817e-05	0.0109855803168547	0.833885087865765
AT3G14890.1	-3.9283459539432	4.44330069852773	1.43279056409969e-05	0.00225892269571209	0.297903748968986
AT3G16660.1.DE	8.37285231560725	4.40190658112372	1.43607532285503e-14	1.19245058725221e-11	0.270707081971601
AT3G17060.1.DE	-7.09798388451627	4.04832674836063	4.7153072615564e-11	2.52176481488139e-08	0.305080054633562
AT3G17675.1	-9.0699934475233	3.00450304414912	3.83515910342786e-09	1.43293102117801e-06	0.464578988949729
AT3G17680.2	-5.96358998812742	3.81362332254629	3.44358419167522e-09	1.30449665038808e-06	0.29971308959505
AT3G19660.1	4.93126574235079	1.54569078038252	0.000465853513745108	0.0432182128823055	0.610634631164853
AT3G21945.1	-9.1361864874579	-0.00113495974515894	0.000263170049885806	0.0261969456592532	0.874823733162222
AT3G21970.1	-10.8762788546089	3.96958421490484	1.03169469724479e-14	9.07724931204891e-12	0.320540992994627
AT3G22060.1.DE	3.37871505938239	4.02644562457019	0.000126471194336596	0.0139092815545591	0.296301952476149
AT3G22235.1	4.28990916472701	7.81602886344693	1.84429628529088e-06	0.000361893389793588	0.287416398838846
AT3G23270.1	-9.88496730886057	3.00584248366821	2.28246524027749e-10	1.11168284693872e-07	0.423558003339992
AT3G23770.1	-10.8101144571342	5.29471140402317	2.21540009642908e-19	1.15116711900295e-15	0.258042103802641
AT3G25760.1.DE	2.76308801036633	5.17270993437097	0.000414776680361267	0.0390104619201847	0.249215046869361
AT3G25770.1	4.45151106952523	6.41733863258833	2.66599419795065e-07	6.49240997759857e-05	0.261777785082391
AT3G26050.1.DE	-5.12675209165563	2.76238451874151	5.17353807381989e-05	0.0067515909551884	0.495638622468967
AT3G26110.1	-6.88949392709037	3.41590561321262	9.59677574193397e-09	3.19209827269816e-06	0.376599990510213
AT3G26165.1	3.65214057344577	4.97903763825967	2.49748574811622e-05	0.00362334700956755	0.281040157289045
AT3G26210.1	4.59508406041891	5.07389257525394	1.63327168577207e-07	4.2426176408984e-05	0.263880679986048
AT3G26830.1.DE	4.38697504932379	2.24033629336946	0.000462286724785429	0.0430336874352306	0.524314176282362
AT3G26934.1	-6.11902612422825	2.39660064421613	6.23666093225807e-06	0.00107717197174566	0.50131967777153
AT3G27060.1.DE	-3.44692069654416	5.74256112249225	8.62537030542114e-05	0.0102285641339288	0.294804579976961
AT3G28820.1	-11.0272947030186	5.49795201357413	2.53235663208716e-19	1.15116711900295e-15	0.2663315713433
AT3G28890.1	3.35494848586253	4.56232421465109	0.000161831903637034	0.0172420514519535	0.303201821229391
AT3G44705.1	-9.87074465566814	0.701494025247125	0.00011352825939522	0.012742729526768	0.911958467758993
AT3G44860.1.DE	4.34533761348722	6.25904844248299	2.44534632813166e-07	6.11897441282488e-05	0.250691360369809
AT3G46770.1	-4.9592699793093	2.48520971320243	0.00011535483044961	0.0128420530633188	0.523189526024453
AT3G46900.1.DE	4.16522264756231	3.22213410752135	8.42518914821875e-05	0.0101266394319468	0.392033548236864
AT3G50740.1.DE	6.60956150220867	6.15664658524856	9.64412640449908e-11	5.05852976312909e-08	0.295473260767502
AT3G52780.1	-7.58093216190491	0.749746638331929	0.000104932365045225	0.0119750219941778	0.773253891855165
AT3G52910.1	-4.50763142302752	3.33506224469358	8.94883705527125e-06	0.00147035861856942	0.349126898847449
AT3G53190.1	-5.2996374516136	5.96754833295784	1.64202756664619e-06	0.00032453841942228	0.389400570537771
AT3G53650.1	-3.97754126244986	3.11081040513176	0.000181731234307377	0.0192120907586578	0.399146298287291
AT3G54150.1	6.28994481830534	0.831704932600822	0.000448360269234217	0.0418802272032989	0.792720621472493
AT3G54820.1.DE	-3.20569640677214	5.35820148931956	6.42247479621571e-05	0.00814758139845505	0.252189936367778
AT3G56100.1	-7.7893904482039	3.2354751515538	8.14866819955408e-10	3.64352336299734e-07	0.374995830775412
AT3G56230.1	-6.31746245843185	1.74516905535933	5.03824322443297e-05	0.00663855478001978	0.628625094749998
AT3G56710.1	4.32738644187709	5.06220727628695	7.39319875521811e-07	0.000160618999495051	0.269000726211032
AT3G57240.1	5.99556395539349	3.05596797672545	7.18288216358139e-07	0.00015799444436426	0.415974256710944
AT3G57510.1	-9.27624733290341	2.40481739967659	3.56038261566799e-08	1.07899373158161e-05	0.516045415773429
AT3G57920.1	-5.37882525253732	3.20035876303399	7.91018904123026e-07	0.000169882209527209	0.367009372321876
AT3G58240.1	-11.0383510895897	1.84514120442182	3.18356001472731e-07	7.6168069650603e-05	0.615224545964358
AT3G62570.1	-4.37569638448132	3.10895660601888	6.46133524366551e-05	0.00815893142458225	0.408649366811167
AT4G01470.1	-9.26235074669823	3.73765707730159	4.54802848689565e-13	2.75661059955731e-10	0.323730289312067
AT4G02060.1	-4.36754628864604	4.53378702463998	3.90435145679596e-06	0.000729391684822669	0.311601513724304
AT4G02290.1	-9.12432090716407	7.43926871037228	1.44274498182669e-14	1.19245058725221e-11	0.320521562176377
AT4G02410.1.DE	3.90311585148659	5.48690932955966	3.84596518117041e-05	0.00532480712266106	0.328079724361863
AT4G08300.1	4.15139450860532	4.58608559526221	1.94245300147854e-06	0.000378431468680908	0.271396394903468
AT4G10115.1	-10.7993239328118	1.60990388496897	1.05835622993824e-06	0.000223772605981128	0.652709340757403
AT4G10120.1.DE	3.00608281390764	8.60191285806848	0.000331338940525303	0.0322759628672416	0.280078376136424
AT4G11030.1	-6.17616154933416	3.28992538487834	7.98543096384171e-08	2.26877739102899e-05	0.376136204837561
AT4G11320.1.DE	-6.19577510223771	6.85145530422164	1.01515891387413e-09	4.39499355173285e-07	0.304186717468696
AT4G12470.1	10.1210412010067	0.946971009997884	1.69830523357675e-05	0.00260231883403404	0.756119122539758
AT4G12860.1	-10.4719608122174	1.28886340270345	4.3993757035171e-06	0.000810763326442087	0.702169569883073
AT4G12960.2	-10.2462797430464	5.11184117165302	1.95715028634237e-17	2.96562633666601e-14	0.276273989814409
AT4G13770.1.DE	3.46632048466917	8.03500817553441	2.92878030979786e-05	0.00416054598696545	0.264371943748958
AT4G14365.1	2.94424678136216	4.81819506906292	0.000184926162069242	0.0194743670673304	0.248371333004474
AT4G14400.1.DE	5.93170837226752	9.6658828728589	7.16964988697981e-09	2.44440250834218e-06	0.319267969264569
AT4G14730.1	-10.8375270867417	1.64718366197267	8.0130259501823e-07	0.000170746314680642	0.641312369945443
AT4G14815.1	-12.5299939300024	5.62088607191248	1.49154507485602e-20	4.0681891916698e-16	0.270469082645158
AT4G15210.1.DE	-4.02372628253585	7.87924778926743	6.50316523244638e-06	0.00111555869003129	0.289972588304078
AT4G16260.1.DE	7.7114952306299	3.17456668367587	5.88650349715723e-09	2.03233396056916e-06	0.414254592883148
AT4G16990.2	3.77568826468517	8.10875587129017	1.25726139822523e-05	0.00201716497862313	0.278805060842262
AT4G18197.1	3.37329278951022	4.72976705648081	0.000132032254858445	0.0144047190050564	0.298573045537522
AT4G18205.1	5.35405247476244	5.75337606815587	2.53445586231484e-07	6.28065832414939e-05	0.343000587303597
AT4G18960.1	-8.01682281480033	5.53586803159724	2.03613221000807e-14	1.51416778093363e-11	0.270372873968829
AT4G19370.1.DE	4.07279725823841	2.68012260716993	0.000442557231059374	0.0414802353166475	0.464610156393892
AT4G20110.2	4.37927357707585	4.28981962702001	1.30613539190454e-06	0.000265857035926838	0.285062377728912
AT4G20160.1.DE	-6.97101141499071	1.90547492069463	2.07558248214622e-05	0.00311052264838122	0.653941062443417
AT4G20320.1	-3.95480232703336	7.46126461386185	8.42803721742224e-05	0.0101266394319468	0.367623271065759
AT4G20710.1	-9.50028457244889	0.346263055088896	0.000107968638718601	0.0122192722865139	0.834834639779871
AT4G21690.1	-9.45058341622961	0.299009700553108	0.000134953633598783	0.0146647822964415	0.852170820788764
AT4G22080.1	-10.7779257699801	3.89102875121979	5.79632373614061e-15	5.26982433010784e-12	0.309994689980793
AT4G22690.1.DE	4.18588004440423	7.23837547024482	6.98289160163931e-06	0.00118297123251374	0.310392734573179
AT4G22960.1	-5.22173428300125	3.81201512209134	6.83285332197477e-07	0.000151517133623465	0.349316453994435
AT4G23560.1	-9.75765253795143	3.69155835690356	9.33671700035061e-13	5.5360642648818e-10	0.346010743778046
AT4G25010.1	-6.22072712222014	3.65607570044665	3.1735644957071e-08	9.72572714836079e-06	0.36048957263858
AT4G25040.1	-13.4935687309035	4.28314346684874	9.52216528886166e-18	1.62323161408564e-14	0.284962916942258
AT4G25780.1	-4.42978023059994	3.51914122186133	4.1935332072046e-05	0.00572682252802974	0.397560319486541
AT4G26760.1.DE	-3.73351310752125	5.43059875157602	4.55949313730181e-06	0.000834632049126891	0.247896623422385
AT4G26830.1	-4.62254375949596	2.63671832357245	7.49924734501402e-05	0.00916441047050066	0.449489472587139
AT4G27300.1	5.30822634486205	6.13314876478786	4.95418474277556e-09	1.80167185145605e-06	0.264849318807693
AT4G27420.1	-9.35594726151574	3.86226088411949	3.18423914739493e-13	2.01977029639992e-10	0.325987984444299
AT4G28000.1	-8.06127731235241	4.45243123337226	7.8820148393717e-14	5.24346231082593e-11	0.274836184829799
AT4G28397.1	-10.9592380109512	4.05276109890625	9.99919148676445e-16	1.04895364539039e-12	0.299128315473629
AT4G29030.1	-9.163877645328	6.95470047287599	2.05404978531784e-14	1.51416778093363e-11	0.324045410436404
AT4G29700.1.DE	-4.82678349499698	5.76487701329537	2.55601493668408e-07	6.28065832414939e-05	0.294852337984283
AT4G30140.1	-7.42140678232066	3.40656303524789	5.47169529577056e-10	2.57311188262314e-07	0.349602627974518
AT4G32280.1.DE	5.93042377977541	3.37297476685171	2.28116524976881e-07	5.7609983506893e-05	0.383709587354924
AT4G33230.1	-7.02472008479149	2.22714237502329	1.63957198713391e-06	0.00032453841942228	0.525400414001255
AT4G34950.1.DE	3.61063100732505	5.70088669118644	4.35404202629571e-05	0.0058500737077446	0.293970297295994
AT4G35670.1	-9.32285478411104	2.42218692739018	4.01752140652697e-08	1.20415270728597e-05	0.522174420035249
AT4G37840.1	-10.7429718624085	1.5545954877529	1.4819936105418e-06	0.000297215997996526	0.665967557834529
AT4G38190.1	-7.08887987696742	3.24016724414672	9.77261316261483e-08	2.68907561434903e-05	0.449155095989557
AT4G38590.2	-5.85393449408032	0.805304685556048	0.000516926269369067	0.0468410764021305	0.744491455785621
AT4G38660.1.DE	-4.77746605002674	5.57887264651956	2.08364422513802e-06	0.000403059547805955	0.340722078530187
AT4G39130.1	-10.1339040864105	0.958142572123959	1.65163579721333e-05	0.00254510544457591	0.756143252708504
AT4G39630.1	-4.63538283144457	2.1739956895912	0.000336438210492327	0.0325792268489091	0.542465668736741
AT4G39860.1	-2.96564709284499	5.63650100716592	0.000277271600624124	0.0274400853481734	0.266170798560021
AT5G01420.1	-6.91508995044921	0.881756713605619	0.000229988701569455	0.0234941641771793	0.795462657695698
AT5G03620.1	-6.53460128524897	3.67691087704644	1.13526207868948e-09	4.83816768691493e-07	0.315194898941117
AT5G04340.1	3.30142982574663	4.4544704618136	0.000363550021620385	0.0347923748761263	0.329610625598908
AT5G05810.1	-4.93028382303079	2.26072919295627	0.000114491579178665	0.012798187795484	0.513022995975938
AT5G06150.1	-5.69688657685756	4.92726576082303	5.64201417876166e-09	1.97289662468877e-06	0.292883507386214
AT5G06530.2	2.98178006738194	7.59631600022069	0.000249116848708121	0.0250725536845535	0.265489230561421
AT5G07100.1	6.35772913280352	3.21219313794218	9.19087171491087e-08	2.5579696533081e-05	0.392243329108019
AT5G07180.1	-3.2340646847597	5.05567305182576	6.33010535898446e-05	0.00806792633954679	0.255302020920689
AT5G07280.1	-5.07289843879986	5.04045667523722	9.28974331255573e-09	3.12812035617231e-06	0.255490168002624
AT5G08480.2	-4.20565768723841	2.24590697446218	0.000521964512104315	0.0471410002239907	0.501691438661171
AT5G10390.1	-3.84194443362124	4.75626415395647	9.45771136356336e-05	0.0109719821484836	0.354036766716988
AT5G10660.2	-5.04665993104933	2.36677927598509	5.69724144467105e-05	0.00736456210442668	0.488461712909574
AT5G14345.1	-9.26690409284916	0.123686584540238	0.000215910825736881	0.0222225198942394	0.874969506698379
AT5G15230.1	-4.91128013625833	7.63687788810109	1.13856047560482e-07	3.07467692793283e-05	0.287478994105423
AT5G16500.1	-7.34436283851057	3.97314858463371	5.30483824038565e-12	3.0143638126358e-09	0.285821476245351
AT5G16960.1	-9.56502817806209	6.61277337858792	2.17178475396019e-18	5.38503901493311e-15	0.258565858023403
AT5G17340.1.DE	-12.7962813301595	3.58823061415482	4.14812222970041e-14	2.90102650807894e-11	0.342436951798421
AT5G17480.1	-12.4334003274676	3.22717383045617	7.34132338117874e-12	4.08642031064592e-09	0.404119183413479
AT5G19360.1	-7.28632044295627	1.80344575137162	6.88101516382469e-06	0.00117299805370824	0.605799521955576
AT5G20710.1	-8.49468082038361	6.22027174501676	6.19526860498741e-16	7.04066463337631e-13	0.262904624525581
AT5G20740.1	-8.5996180587884	6.12921071520622	2.92148989210205e-16	3.7944588955754e-13	0.260677188183557
AT5G22260.1	-9.39552199053772	2.52242931765608	1.65826315141917e-08	5.34218062815821e-06	0.500855967086829
AT5G22430.1	-10.6702943210454	9.01910837224557	5.03910507019288e-20	5.11908916025008e-16	0.276766498748535
AT5G23010.1.DE	5.44003765151215	7.33525174138272	2.64570036120199e-09	1.03087824788263e-06	0.266380624802914
AT5G23960.1	-8.45513699995403	3.66820553706756	2.17128328075215e-10	1.07675911786391e-07	0.392201401097154
AT5G23970.1	-9.00117878426337	4.15695979250248	2.54091668856418e-14	1.82377638633127e-11	0.291118089278479
AT5G23980.1	4.95988872875059	1.74539262857024	0.000326091894331821	0.0318786968383527	0.584435714857298
AT5G25530.1	-7.88034123679982	1.00256427540826	4.40439752272515e-05	0.0058887226682514	0.73552924496065
AT5G28237.1	-4.46982019737944	3.27269276477659	1.95784904988566e-05	0.00295029463180285	0.371715333778224
AT5G38250.1	8.81881953199176	1.98930602593026	1.21138849898472e-06	0.000250307737195516	0.627048495292489
AT5G39670.1.DE	4.23949401865113	3.01073948242625	6.52055140467627e-05	0.00819576219182237	0.389956543115098
AT5G40730.1	-6.03420033568533	3.74815846014383	5.05535172778364e-09	1.8142726102013e-06	0.307749528660785
AT5G41400.1	3.07598354254396	4.62922454767046	0.000110791038427993	0.0124868825335682	0.250038075660002
AT5G41780.1	-5.26632255356402	2.41445388304448	3.34069325176868e-05	0.00469677363103045	0.485453457147166
AT5G42340.1	-9.19937105377032	2.2998371386471	6.94937675273901e-08	2.01642820139315e-05	0.530486746772404
AT5G44540.1	-9.79941373318155	5.7735150520731	2.33658183840808e-17	3.35422471803054e-14	0.275234244374619
AT5G44568.1.DE	4.68923118253667	2.7311355193829	7.25843822313294e-05	0.00891774335747527	0.456751827782995
AT5G44620.1	-11.4880169224607	5.95786000224064	1.57419520838776e-19	1.07340435771941e-15	0.279477689437662
AT5G44630.1.DE	-10.2646782567589	5.69701105985269	5.44224645564364e-18	1.09590099062673e-14	0.276034649577563
AT5G46260.1	3.71216590043665	4.27916053477365	2.10747352018427e-05	0.00314105684497409	0.282738909122935
AT5G46540.1	-6.2751701556736	1.68579599279662	0.000187732647103223	0.0196184212633732	0.729154215138322
AT5G46780.1	3.76628705556222	3.68390119630813	4.73056403289027e-05	0.00629395775595523	0.314715775940503
AT5G46970.1.DE	-10.2861605583636	1.10749370894723	1.101718075013e-05	0.00178865241047498	0.745310885414585
AT5G47220.1.DE	3.72707171133526	4.32034540212013	8.78885314701194e-06	0.0014528240580894	0.260967556639934
AT5G48210.1	-10.6033289398742	5.08840001828053	1.08305031719902e-18	3.28224415573369e-15	0.261417488029744
AT5G51950.1	-7.47902368211164	6.37631303969844	1.19862865513251e-13	7.78395156398551e-11	0.266810082955206
AT5G52160.1	-9.84379679118616	5.98773075131719	1.53436868441172e-17	2.46175916866646e-14	0.276084105922481
AT5G54670.1	-3.10344795153014	5.07636429188623	8.55478344589423e-05	0.0101891580125225	0.246659554680948
AT5G55520.1	-6.60873054752107	4.18453424364834	9.20979437941965e-10	4.05156680159147e-07	0.321261597719323
AT5G56530.1	-2.75244925416321	4.493470282855	0.000514537346713772	0.0468410764021305	0.254859638900947
AT5G58770.1.DE	3.13917138605197	5.35229114903571	7.60635973974234e-05	0.0092205983067321	0.248212660016312
AT5G60510.1	-10.826499336087	4.79028490191561	6.28065165588488e-18	1.14203182609507e-14	0.272357691572273
AT5G60900.1	4.44238341251331	5.88935782821279	2.84573710054456e-06	0.000542779576345125	0.313113741633783
AT5G61160.1.DE	7.36375522160094	0.578667858519306	0.000234312250832702	0.0238465173188879	0.829202453436319
AT5G61630.1	-10.5911353679656	1.40569479855228	3.1795049760679e-06	0.000598075849808634	0.695568601878714
AT5G62080.1	-10.1719606716789	5.8024059294974	5.62515632219034e-18	1.09590099062673e-14	0.27491182677076
AT5G62360.1	-4.09336618402623	3.84445041421223	3.0332348619574e-05	0.00428660522590093	0.341751013538299
AT5G62750.1	-8.4433838844596	4.0796450391482	7.47098525211285e-14	5.09427806878445e-11	0.283295134242594
AT5G62960.1	-3.16583917726781	4.34094863829005	0.000124198387698839	0.0137146195323313	0.265998038941012
AT5G63650.1	-3.79978622428159	4.20247655054017	1.46867289623722e-05	0.00229935174878258	0.282677526297112
AT5G64770.1.DE	5.12734112255462	5.89382947971812	5.5359467659344e-09	1.96094737715404e-06	0.253016413818988
AT5G65360.1	-3.82556766738255	6.64359678233834	2.57254286568702e-05	0.00371249241595838	0.305798279006983
AT5G66170.2.DE	-2.96022565354354	3.96583178843224	0.000498646250215743	0.0459478934953865	0.286942740588322
AT5G66940.1	-10.0211575790653	0.849223465455709	2.24575997559454e-05	0.00331097855861304	0.765444056791659
AT5G67260.1.DE	-2.7465158222093	5.97261161955261	0.000509005119327168	0.0465876329853977	0.255074153337054
AT5G67265.1	-7.35357185938664	0.493310291971985	0.000253995738104927	0.0253763141275161	0.822207989305373
