logFC	logCPM	pvalue	padj	dispersion
AT1G01280.1	-9.57308233683235	4.77626114007411	1.77295383906513e-17	3.70547352364612e-14	0.254574426778098
AT1G02040.1	-9.39028347205208	2.49281691327081	9.43393564444184e-09	2.24623201863229e-06	0.479194741298517
AT1G02810.1	-4.66363739793983	2.0638590842635	0.000514684031352812	0.0310177325989614	0.575180932519937
AT1G02900.1	-4.98198284207634	2.11820237510101	0.000222332714069346	0.0155467596715405	0.565899937171312
AT1G02930.1	4.26630899483746	6.00941334973283	5.48797848786921e-06	0.000674698531743921	0.312082767775002
AT1G03390.1	-5.8115095494389	2.53996935679265	4.27366858059558e-06	0.000543160175682451	0.454351024893945
AT1G05010.1	3.130062549341	7.1707481242384	0.000225303851239716	0.0156809100112236	0.284213093914097
AT1G05490.1	-6.28576712459739	4.06254322723182	2.00537011708592e-10	7.6981656943645e-08	0.277045584937511
AT1G06420.1	-7.45022995830312	3.723387268967	1.5911394371635e-11	7.87614021395934e-09	0.300311071440294
AT1G06990.1	-10.6616788699313	3.76036090277717	1.3126360418359e-14	1.26262094167975e-11	0.312164173115578
AT1G07540.1	-9.18438262541937	3.12124047752447	1.18215533502482e-10	4.94140930040376e-08	0.390941250758319
AT1G07850.1	-8.69974162189957	1.807311434597	1.87230852288655e-06	0.000262821815787283	0.627624848722545
AT1G08150.1	-6.82656058335663	1.73265712008114	3.27906838891715e-05	0.00313092773581378	0.658971911788465
AT1G08930.1.DE	4.84729460556149	6.30600488500532	2.3431460003277e-07	4.23859055122882e-05	0.295216211406902
AT1G09380.1.DE	-9.97497542365362	3.10636125354014	3.11741454094336e-11	1.46596418787862e-08	0.388666967176417
AT1G09450.1	-6.29308090064827	2.80698914482986	2.50508059401747e-07	4.41964065740636e-05	0.404465471187744
AT1G10385.1	-10.8751071114553	1.6925680605654	7.43423234939508e-07	0.000116531592076768	0.641612437223501
AT1G11000.1	-3.3129007207577	4.20014551396586	6.9764537044751e-05	0.00575557430619196	0.267597172569656
AT1G11765.1	-7.7892559457872	2.95201829318332	3.31431231595149e-09	9.1679727445658e-07	0.396007180317056
AT1G12000.1.DE	-2.71891703725631	6.26812194786897	0.000777579260590729	0.0440007936499727	0.267737172402266
AT1G12220.1	2.85058585894239	4.09995299346361	0.000869198028737834	0.048515177805812	0.293254875136926
AT1G13290.1	-8.85532458200601	-0.258628086718352	0.000508251914953045	0.0308822353100069	0.908287188750628
AT1G13340.1	4.53657923456908	2.55943846865638	7.21446892222875e-05	0.00590018088813578	0.433523550696594
AT1G14880.1	8.8564393366103	6.41117961799591	1.53425002222859e-15	2.21994176293229e-12	0.283788964650107
AT1G15125.1.DE	8.43084286351617	7.60494697185335	3.20362767918327e-10	1.11593030824884e-07	0.431881237367466
AT1G15460.1	-10.8005449107323	5.27714544262534	1.7396609326523e-18	1.05090359697613e-14	0.271651908627099
AT1G16360.1	-5.06088394745363	1.94087489530842	0.000169843504465977	0.0121473624296769	0.55324481068283
AT1G16630.1.DE	-5.88619126064405	3.83346957987922	1.0295393259191e-08	2.39081910130102e-06	0.313656689619235
AT1G17920.1	-3.57457366296487	4.13393766786902	2.23307179066752e-05	0.00222243811547386	0.267203836881533
AT1G18280.1	-11.4975427373259	4.59520800057962	8.83254006639168e-19	8.30700393244138e-15	0.261198408432739
AT1G18710.1	3.48540400588541	3.92661230314313	5.51574114225577e-05	0.00472444953904991	0.282778854999236
AT1G21070.1	-3.36435777232714	3.99313292239209	0.000393031971734655	0.0248920248765281	0.343300381493938
AT1G21090.1	-4.67556845326154	4.07894386590212	2.87837073312344e-07	4.96717004495889e-05	0.279737520675967
AT1G22130.1	-7.13476202230023	2.58543898179611	1.37276520056655e-07	2.60825388107644e-05	0.448776343034982
AT1G22350.1.DE	4.31629325240646	3.60598762928446	8.56667421658696e-06	0.00099468606181482	0.325732298996683
AT1G22760.1	-10.0697974245617	5.24085702022025	3.39956404341733e-18	1.06576332761133e-14	0.26072097752087
AT1G23610.1	-8.77552079763046	1.88284841964291	8.82273496928469e-07	0.00013492328843272	0.596396403191297
AT1G23690.1	-11.9318846617731	2.73711378984765	1.42281097957699e-10	5.69427117571133e-08	0.431769345445128
AT1G23830.1	4.44239156289556	2.40880343532395	0.000166141316161081	0.0119279318969081	0.460984304535964
AT1G24030.1	-3.80260356366304	2.9664380809718	0.000176988894703385	0.0125628721108327	0.371013419995634
AT1G25240.1	-6.68970567305506	2.56098863351295	4.54223320962052e-07	7.56100944008512e-05	0.455431088001489
AT1G26330.2	-4.75897523876878	2.11168522999111	0.000233592602527088	0.0160360469107099	0.533356986191036
AT1G26770.2.DE	-3.31141548067749	4.60330799888703	0.000121998208911158	0.00925317060330196	0.286766209286139
AT1G28335.1	-12.0379406861894	2.84243353026392	6.05873005908624e-11	2.65034214910261e-08	0.420152846015998
AT1G31310.1	-9.80629126659059	2.90709753380755	1.41435047767676e-10	5.69427117571133e-08	0.405131251688074
AT1G33720.1.DE	3.24842860648139	3.55424914745528	0.000443710117428053	0.027820624362739	0.327391862128946
AT1G35490.1	-7.3591084743993	4.953653652482	1.83330571812938e-14	1.56747638900062e-11	0.239563575313411
AT1G45201.1	5.36413713510424	5.74085068271591	1.28425025733709e-09	4.09436395601874e-07	0.249769194158234
AT1G48020.1	-6.74685982800909	3.02765130474096	1.35803704327177e-08	3.07767190167975e-06	0.367200968931414
AT1G49290.1.DE	-6.12425697287438	1.97559742925051	1.96930468030096e-05	0.0019808888254792	0.552794578768681
AT1G49450.1	-3.09288582305851	4.89735748853017	6.36464226027091e-05	0.0053927441853917	0.236638157800155
AT1G50240.2	-4.04427261203965	3.95296224393123	7.31891359135898e-06	0.000871321295275079	0.290622240895935
AT1G50610.1	-8.03921551084252	1.98132014422151	1.66610958804428e-06	0.00023742061629631	0.590215211062659
AT1G50810.1	-5.68465378451353	1.76885192786937	0.00013354027880257	0.0100075404154436	0.628486380141725
AT1G51090.1	4.0764981857318	3.54866276453998	0.00013332661292645	0.0100075404154436	0.400690095900313
AT1G51800.1.DE	3.74781153055767	3.50375545764631	5.30842541481585e-05	0.00464425497919471	0.314583254186467
AT1G52030.2	-7.62491865461614	8.25596063912087	3.76016579714268e-09	1.01041026634648e-06	0.432273252023139
AT1G61130.1	-6.85403766983683	0.0730551428798388	0.000787623753918938	0.0443553700774561	0.878162987049571
AT1G62180.1.DE	3.08002587969546	8.55602156474283	0.000257954744686849	0.0176441045365804	0.281871140546826
AT1G62450.1	-9.6813768300793	2.78259262354154	5.96195568085787e-10	2.00257832780244e-07	0.428181426132517
AT1G62560.1	3.31561801447719	5.51954642367826	2.95533355216374e-05	0.00286545485135052	0.244853355419046
AT1G64450.1.DE	-3.08371490677252	3.57853762151224	0.000516137708850342	0.0310177325989614	0.308176709765151
AT1G65486.1	4.66439194148715	2.20982949789094	0.000164598809241433	0.0118624659073998	0.496740585754885
AT1G65730.1	-3.85859980984776	3.74224686261656	0.000119590570835945	0.00918162709152706	0.364464933470407
AT1G66210.1	-6.67599646248961	3.0864522166331	1.08017609452629e-07	2.16150131255739e-05	0.416513520434131
AT1G66350.1	-3.1546323442468	6.51667503889031	0.000152779231783982	0.0110529898071412	0.273594713186493
AT1G67865.1	2.99419811771226	7.62808033020935	0.000372514611314785	0.0239146752178536	0.282787999020775
AT1G68480.1	-10.0662766714644	0.900019936856843	3.48973951247956e-05	0.00326577115570848	0.814630734315715
AT1G69450.1	2.61335587631827	5.51405026822205	0.000651940325026157	0.0377323000422831	0.242754377727392
AT1G69720.1.DE	3.2025870783196	4.18734171722632	0.00012039688251327	0.0091890901187006	0.269531212385914
AT1G69940.1.DE	-10.000770401512	7.66674124658461	2.88774157229762e-18	1.06576332761133e-14	0.279439325687564
AT1G70000.1	2.61966082373403	5.02732314780263	0.000584355992415208	0.0342421689013398	0.239073334464405
AT1G73050.1	-7.02209660706716	1.89836593432307	6.89948959465049e-06	0.000826620377550164	0.582503184579764
AT1G74870.1	-5.20942725952337	2.04168305377715	0.000314971136004174	0.0206432302029217	0.621315896569364
AT1G75090.1	-3.76901147348803	4.12988355279384	8.82192821523643e-06	0.00101183213249145	0.265582217393002
AT1G75240.1	-4.92229420757618	6.17402413840312	3.19693261893703e-08	6.6815891735784e-06	0.264517185652533
AT1G76540.1	-5.20592535923771	4.55475125458444	2.64709892254457e-08	5.72321042908775e-06	0.280752706098346
AT1G79530.1	-3.11446634002066	5.69095675973761	0.000119278148173304	0.00918162709152706	0.258841382705664
AT1G79640.1	-2.71305334339274	4.63775358629767	0.00058368466914964	0.0342421689013398	0.253765661516404
AT1G80280.1	-3.39016545672283	6.34279002556127	8.82993207185398e-05	0.00697861438115854	0.288176996611586
AT2G01810.1	-8.92908038338432	-0.19003343437067	0.00048127893862587	0.029681497821484	0.916856237596261
AT2G02100.1	-5.62739738504461	7.22522257783103	2.9751384055236e-07	5.08748667344536e-05	0.373955382619386
AT2G02850.1	-5.36548128496823	5.1964465481225	7.25112796298262e-09	1.77134697381433e-06	0.273805465118152
AT2G04032.1	5.07890905969535	2.16015950883732	7.90196682915661e-05	0.00635196564343743	0.503069602710584
AT2G07170.1	-6.35452550520964	3.60365988367722	2.33231339573932e-09	6.64709317785707e-07	0.316870325270161
AT2G13570.1	-6.10729038578481	3.91950647119407	6.90814017209579e-10	2.24038132132969e-07	0.284572686870179
AT2G13680.1	-7.36181037636735	5.14734144687498	5.35073733419747e-13	3.72768034282424e-10	0.271395099671579
AT2G14560.1	5.3522053620892	8.23720677919858	2.5375927219558e-07	4.41964065740636e-05	0.344699407669462
AT2G16130.1	-11.282507762089	2.09409780002887	4.32026817064462e-08	8.93013673514564e-06	0.550724310858826
AT2G16570.1	-5.20517337036352	2.41599793008607	3.34515155151878e-05	0.00317789397394284	0.484156450662777
AT2G16850.1	-3.63247532608225	4.10932526725584	7.94285370862386e-05	0.00635766290464744	0.316194478748129
AT2G19030.1	-9.142346966293	0.0132855585215182	0.000293442318449312	0.0194689729020957	0.890108358142011
AT2G19110.1	-3.1297409464311	7.19691584982711	0.00022842580743849	0.0157966523452868	0.284698020290441
AT2G19500.1	-11.5828881080964	2.39107495524095	6.56623954814104e-09	1.63818397467965e-06	0.510338588958836
AT2G19670.1	-4.51469890821315	3.00466598004328	1.54656758064765e-05	0.00165289410181717	0.365758052528912
AT2G19800.1	-5.08293191382592	3.60865655525345	2.3435056742573e-07	4.23859055122882e-05	0.309395018460004
AT2G20430.1	-8.36566655084425	1.47797245327699	1.52166174430861e-05	0.00163556899488257	0.721583852688688
AT2G20570.2	3.60284925591884	7.87366302848623	5.52567197549697e-05	0.00472444953904991	0.301756055357262
AT2G20590.1	-4.62935846498652	3.09613901013855	1.1369884736716e-05	0.00126548835442384	0.370425407706627
AT2G21050.1.DE	-2.71710622750793	4.58247554985848	0.000892557162316341	0.0495250744046324	0.271938813926567
AT2G23600.1	2.80793376593859	6.66659800484391	0.000565699981806357	0.0334773677191917	0.269418508677898
AT2G23910.1	-5.83183722436753	2.41295744651969	7.65918973422746e-06	0.000906096596860494	0.485657165175285
AT2G23945.1	-5.9683517676841	1.18726550124869	0.000372060795878079	0.0239146752178536	0.738156010408772
AT2G25625.1	2.87059072383137	4.12716789866504	0.000450755084869909	0.0281684489913721	0.26808438283643
AT2G26010.1.Hnull	-5.32188794632737	5.08879978763627	0.000571476123922938	0.0336973852382146	0.732149149374367
AT2G26490.1	-9.01051623355744	3.4927009876385	1.44878481130891e-12	8.79085235507118e-10	0.324673187142813
AT2G27120.1	-7.9872974721043	1.96534021683191	1.13572572846851e-06	0.00016821260592514	0.569070757698613
AT2G28640.1	-7.95176755799349	1.12358861123312	4.6092149325018e-05	0.00410897312229189	0.758706691779873
AT2G29040.1	-8.21621764264229	1.38073034780576	1.90424443395986e-05	0.00193615339474513	0.724265309807127
AT2G29550.1.DE	-3.49807549128331	7.25682141536508	0.000112657706849235	0.00872054101166304	0.312685308560629
AT2G29770.1	-8.87226539224536	-0.242094587374271	0.000495081596854979	0.0303082694150925	0.907086037388535
AT2G30370.1	-6.01828302008516	2.7819745697064	5.10234274131515e-07	8.27371266932223e-05	0.405839072780186
AT2G31210.1	-9.90092645829953	3.00147513357995	5.0765469930908e-11	2.27356783190567e-08	0.39086865345357
AT2G31230.1	4.13338727282505	4.23704500549014	4.08802325726772e-06	0.000530315292891075	0.286455050348595
AT2G31425.1	-11.3605483634679	4.45816444291983	7.61296472086511e-18	1.78999832999341e-14	0.27230177623467
AT2G31880.1.DE	3.42059163279807	7.03096057350452	9.47513881392397e-05	0.00742614004541291	0.295075332426604
AT2G32290.1	3.09798090574929	5.27309431188032	0.000136216908697484	0.0101274310379434	0.260562971699524
AT2G32590.1	-5.69668059631564	3.07716615381598	4.37968078865389e-07	7.42178339050268e-05	0.376696500329635
AT2G32680.1	7.51130861327995	6.23176049153046	1.31505123861857e-11	6.68543616173388e-09	0.320707765135039
AT2G32870.1	7.97338926205552	6.23167457712546	1.71128187764406e-09	5.27692001942374e-07	0.433640733788531
AT2G33100.1.DE	-5.14851535919314	2.93566016082147	1.94240479453928e-05	0.00196433517125182	0.456011198958901
AT2G33160.1	-9.71595176981691	0.562135742837371	6.68371286484901e-05	0.00556286013220398	0.820756160630816
AT2G33190.1.DE	-8.99770905228984	-0.123605430337178	0.00039130628387354	0.0248664567556124	0.901040109979887
AT2G33670.1	-9.04054605334104	2.14552999390323	1.28257977834111e-07	2.46176792148942e-05	0.53788298283641
AT2G34370.1	-8.53111575167668	-0.55943166222405	0.00087864832011828	0.0488975588799552	0.920277692288707
AT2G37010.1	-11.6144912193135	2.42246383895207	3.45378763829696e-09	9.41532543135736e-07	0.492410677300749
AT2G37370.1	-6.17294131731648	1.62359933349587	6.84086934310057e-05	0.00566857939840184	0.62995767813002
AT2G37460.1	3.05650828354748	5.18337712195407	0.000173376212051581	0.0123530551086752	0.262515045031169
AT2G37620.1	-2.84383020347492	5.85992184757311	0.000293949404795065	0.0194689729020957	0.250127729964715
AT2G38540.1	-3.3810468776414	10.567420189205	0.000135256986690327	0.0100959679350994	0.302661689594939
AT2G38910.1	-10.3597012088199	1.18692367265065	9.84482435935003e-06	0.0011223099769659	0.746983547207168
AT2G39030.1.DE	4.03552817533734	2.7054409177671	0.000286035010341851	0.0191470410837375	0.434301257490233
AT2G40010.1	-4.02254418877527	2.95435358517659	8.66192613572263e-05	0.00688977867332078	0.371433560925612
AT2G40850.1	-3.73355149988717	4.15428730603395	1.31181685645711e-05	0.00144299854210282	0.272007907998287
AT2G41445.1	-10.5319800982513	1.35533659956134	5.76180527280516e-06	0.000703763358321202	0.729843858352361
AT2G41650.1	-3.73489722189461	5.54990869820989	4.12823744489582e-06	0.000531864016017058	0.245905769476252
AT2G41970.1	-7.09840967368502	1.601889123127	1.85646659440925e-05	0.0019156407230767	0.639136593708506
AT2G42410.1	-10.8475716576147	1.66548013361677	8.73900349659337e-07	0.000134738242435181	0.647440018841573
AT2G43570.1	4.03078020420406	4.22870716247148	1.64631848947432e-06	0.000236391227381771	0.255150183102392
AT2G44560.1	-8.10085860391855	2.07701805808566	4.92397567193573e-07	8.05391151209661e-05	0.543205159444986
AT2G45800.1	-4.93469542999158	4.28768141026815	2.40742686582887e-07	4.31273327107058e-05	0.300645900158585
AT2G46430.1	3.74301016960042	5.86532493240486	5.10406904144465e-05	0.00450739618167014	0.317224308464332
AT2G47000.1	3.06934507959847	4.17954794375712	0.000304591718858027	0.0200327630479702	0.283840847702567
AT2G47050.1	-7.21853689304468	6.39364434101544	3.03789604393156e-13	2.19780094562895e-10	0.263362138455167
AT2G47460.1	-5.54924806487609	2.9177438322552	8.23986767024714e-07	0.000128092488328387	0.378273691742187
AT3G01020.1	-10.6076164174431	1.42985181266401	4.31208069969462e-06	0.00054436401316279	0.719110089889925
AT3G01140.1	-3.55566552131362	3.57724195101503	7.01681630019429e-05	0.00576359452430806	0.298544366580559
AT3G02020.1	6.31623932425581	6.54854651572193	8.8617360821087e-11	3.78839217510147e-08	0.277599707207942
AT3G03080.1	-6.72634957645052	1.92461247501458	7.80168621912095e-06	0.000917185736135407	0.563501995855094
AT3G03430.1	-9.64052124550357	4.12006492623275	4.24168124300624e-15	4.98662651130921e-12	0.289597225428426
AT3G04960.3	-5.30600158925113	4.60888887300708	4.43531223009285e-09	1.17504539504291e-06	0.260309878159214
AT3G07070.1	-5.45434681711773	0.954077216487347	0.000766415086856052	0.0435536791050222	0.727746502026311
AT3G07195.1	5.23265630812303	2.22127267224437	3.53088420303194e-05	0.0032879174187639	0.488685155303728
AT3G08770.2.DE	-8.87814063711564	9.07146497723618	1.26136774638865e-15	2.15693884632459e-12	0.290249175503888
AT3G09930.1	-8.68456429126446	1.83693715057742	1.22248622453784e-06	0.000179648170965287	0.607904265037844
AT3G10460.1	-11.7066466733199	2.51384671118729	1.51971296299212e-09	4.7643001389803e-07	0.475555431956304
AT3G11210.1	-2.65156129023075	4.99381261421952	0.000679387101741975	0.039200218968609	0.250046044919109
AT3G11520.1	-5.33332817133717	2.85740957066884	2.88807118270202e-05	0.00281474709568005	0.498940826135424
AT3G12160.1	-6.42216359523626	1.31212436991667	0.000146850724634359	0.0107064423657841	0.712265538612662
AT3G12470.1	-6.80834603497248	0.817284483283065	0.000177859112665336	0.0125771801099059	0.752427625227481
AT3G12870.1	-6.74110811572104	3.4332035959139	6.61892515022081e-09	1.63818397467965e-06	0.36197061249631
AT3G13450.1.DE	-2.80787196494383	5.03390751678661	0.000279046874385372	0.0188131602408202	0.242103925348219
AT3G13510.1	-3.24565660493142	6.9690495640345	0.000120664819740513	0.0091890901187006	0.278662874259371
AT3G13950.1	5.02292081384925	2.93905416211035	1.48323716324497e-05	0.0016034305195769	0.42706141361876
AT3G14395.1	-5.21308170487003	3.41571444482851	5.42483564797948e-07	8.72146654175162e-05	0.339539355218892
AT3G15400.1	-8.30142422694133	9.85939632482259	1.37586396336143e-14	1.26262094167975e-11	0.287487549387208
AT3G15720.1.DE	-5.2946363619993	1.56756958038443	0.000709594575592805	0.0406935181917703	0.724605891183943
AT3G16360.2	5.86018346270427	3.65719764931862	6.54590272214201e-09	1.63818397467965e-06	0.300969870016975
AT3G16660.1.DE	8.36902736476066	4.41010641858788	1.94996980804248e-15	2.61992372066278e-12	0.253045494595083
AT3G17060.1.DE	-7.1118672836898	4.06088534383169	3.07983777252234e-11	1.46596418787862e-08	0.299404556244528
AT3G18362.1	-8.29155513178992	1.40531391577944	1.74303276383899e-05	0.00182146923821175	0.721256303204924
AT3G19050.1	-5.61228047208543	5.19276220647217	1.92782818418151e-09	5.75594414991336e-07	0.271538018983115
AT3G19390.1	-8.40908924481588	5.27204719912956	1.40678011646025e-15	2.20512783255144e-12	0.261154283552611
AT3G19590.1	-2.70090796153639	4.23960540374837	0.000633431476893696	0.0367742162974396	0.254456368704898
AT3G20150.1	-4.94402170596823	4.26849450330071	2.05896275224629e-08	4.50338248485497e-06	0.255271670530777
AT3G20865.1	-7.84920084403887	5.92198555303643	1.40962465578281e-14	1.26262094167975e-11	0.262112765308016
AT3G21320.1	-5.56463677057807	3.58046720116833	2.95161784824439e-08	6.30908315062238e-06	0.30626378811258
AT3G21910.1	-7.76171135748481	0.939889044880398	7.80350237675984e-05	0.00629973732647436	0.776321477589631
AT3G22060.1.DE	3.36854152687287	4.03546052848894	0.00011194669111028	0.00870131099084447	0.290578543349955
AT3G22360.1	-6.6885970254039	1.5988820177469	3.4059279108135e-05	0.00321937206042221	0.640982142232417
AT3G22910.1	-5.15360737489798	5.42906175808244	2.10590717161857e-09	6.18939279658519e-07	0.24115779723264
AT3G23480.2	3.19698079656622	4.19337166263878	8.68090135872953e-05	0.00688977867332078	0.258190366115601
AT3G24620.1	-8.39620084621556	1.55620112791414	8.41843501696292e-06	0.000983545109745792	0.689247905714719
AT3G25130.1	-4.41829644875856	3.72095981985973	2.12948292083877e-06	0.000290257780731719	0.298756726014226
AT3G25760.1.DE	2.75459224741626	5.17635204718664	0.000332771132859615	0.0216822876943278	0.240292169387303
AT3G26010.1	-8.82715257043715	-0.284961650594047	0.000529836545200381	0.0316388108419656	0.908904885437278
AT3G26050.1.DE	-5.11196924484835	2.77154636889425	2.72110001315665e-05	0.00266582766913941	0.461934116867753
AT3G26830.1.DE	4.39418452353776	2.25907620028986	0.000338697698441934	0.0219686334748027	0.502731305065821
AT3G26934.1	-6.12787551450094	2.40629676854786	3.66542919234539e-06	0.000485540303577582	0.477401206486457
AT3G27060.1.DE	-3.4593380592853	5.74973192351171	6.64169425805987e-05	0.00556286013220398	0.287436777546169
AT3G28770.1	-7.42074584607397	5.81246616249379	1.53300569820625e-13	1.20149321596915e-10	0.263940710217926
AT3G28820.1	-11.028528857206	5.5049661394887	9.22375634603257e-20	1.73498856868873e-15	0.259356341871373
AT3G44860.1.DE	4.344211640094	6.27094281235508	4.90839128494259e-07	8.05391151209661e-05	0.263370564997765
AT3G45930.1	-3.61880228087336	4.91795566401659	1.41032593001314e-05	0.00153342374240157	0.26142410766207
AT3G46900.1.DE	4.17565670082515	3.24266257034644	5.38037990811033e-05	0.00468541416997941	0.373651012269291
AT3G46940.1	-4.23484584230109	3.96338604764389	7.58022025650606e-05	0.00617246506601208	0.399582064582375
AT3G48740.1	2.75207466874067	6.75550107177358	0.000795929276641481	0.0445578264691258	0.27451468909404
AT3G50580.1	-11.477724747523	2.28692423197608	1.66635680839309e-08	3.73144899593738e-06	0.533185395809511
AT3G50740.1.DE	6.62067627642034	6.17902727864486	2.45600960663153e-10	9.05316993449252e-08	0.309503737278115
AT3G51740.1	-3.95046599479608	4.74015856092653	6.10423198976958e-06	0.000736029511074139	0.277782591735875
AT3G53065.1	-9.7583371014048	0.603349058919866	6.54850502630606e-05	0.00552364930694246	0.825916809111243
AT3G53750.1	-2.87333095721459	6.11551015326825	0.00071596255919841	0.040933908019824	0.290542722151177
AT3G54260.1	-4.83929488519323	3.21241567721193	3.29218463070401e-06	0.000439514346977193	0.354216498182148
AT3G54820.1.DE	-3.21402360423724	5.36778569127106	4.98644479672129e-05	0.00442429370878903	0.246013167849452
AT3G56070.1	-2.85849009105228	5.44885304596886	0.00033313031066777	0.0216822876943278	0.256142262566729
AT3G56100.1	-7.78711492568033	3.24612603285305	2.8636238879971e-10	1.01631632704199e-07	0.354998324750623
AT3G56220.1	-6.1211664379818	3.27703574495201	9.35185676802159e-07	0.000141466680037019	0.440727195507644
AT3G56710.1	4.33207097388037	5.08053004997909	4.51293841277327e-07	7.56100944008512e-05	0.259377746134173
AT3G57240.1	5.98122516645136	3.05841277054528	2.52373536138458e-07	4.41964065740636e-05	0.383550607333331
AT3G58290.1	-7.37310666046616	0.513090553031285	0.000272357806528625	0.0184282386359836	0.832270328353712
AT3G60020.1	-9.0391485891038	-0.0837936265351662	0.000386764900213756	0.0246611788915958	0.909384558015633
AT3G61950.1	-3.63197678509224	3.57638428828172	0.000125414266399126	0.0094740656665364	0.332258613550602
AT3G62710.1	-6.93385506185893	4.88958692045127	9.37728038416323e-13	6.08229806986587e-10	0.255262364483385
AT4G00970.1	7.04568063876517	4.15120166363862	3.43586467075618e-12	1.90084160167423e-09	0.269963995219145
AT4G01010.1	3.56523531074159	3.53861234346213	0.000301972892101754	0.0199302108787157	0.360447970214165
AT4G01430.1	-4.97532102124088	3.85257951156843	3.84022112562237e-06	0.000505136778831866	0.375886043920024
AT4G01470.1	-9.26507777196987	3.74611907467956	9.87199122070881e-14	8.07357195050143e-11	0.304784183281961
AT4G02060.1	-4.38900348756184	4.54946989413216	2.02832272674972e-06	0.000278487229855198	0.29721886344114
AT4G02110.1	-4.47525809222446	3.11418023710977	1.87388566212713e-05	0.0019156407230767	0.369870155134956
AT4G02410.1.DE	3.9023670831778	5.50794457440317	3.77498621624738e-05	0.00348075934939281	0.327494897748581
AT4G04077.1	-10.3345482336743	4.81228682830851	7.30783048163408e-18	1.78999832999341e-14	0.264381305079745
AT4G08630.1	-11.4464382436827	2.25619647159764	1.08669222931816e-08	2.49276595530178e-06	0.515014338172548
AT4G09987.1	-9.89256188064739	0.733049844173674	4.50061182459811e-05	0.00403126230574717	0.81000773846805
AT4G10120.1.DE	2.9973505620803	8.61191037428982	0.000458784137263281	0.0285752636487494	0.292065676529302
AT4G11320.1.DE	-6.21570777727041	6.86773436440508	1.75798686252532e-09	5.33350530388729e-07	0.314309513007214
AT4G11820.2	-3.04593749094772	7.12850443619055	0.000221032184769776	0.0155134902817891	0.270778937308394
AT4G12890.1	-8.82903181947284	1.93555466969305	9.8530145759862e-07	0.000147091431884365	0.608387350493837
AT4G13370.1	-4.29158157061592	3.37429423855945	8.74645370023299e-06	0.00100933002516186	0.323568172504953
AT4G13770.1.DE	3.45830453992819	8.04188512100604	5.19682350124955e-05	0.00456786215226655	0.280348443371019
AT4G14200.1	-2.79081406332293	5.1955295272475	0.000225918480225498	0.0156809100112236	0.233006172061561
AT4G14301.1	-9.03378118339636	-0.0899552412964083	0.000356511204188781	0.0230445902089037	0.894751523716834
AT4G14400.1.DE	5.92674056352932	9.6824010163907	1.80984029241388e-08	4.00507010591825e-06	0.336431700667564
AT4G15210.1.DE	-4.04024035846694	7.89296906827955	1.00391502724079e-05	0.00113756877484332	0.303885882754556
AT4G16230.1	-10.6946277029827	1.5151513288975	3.21836490404196e-06	0.000435521178741217	0.710612744499929
AT4G16260.1.DE	7.69675044863235	3.17106270218256	2.22623500628011e-09	6.44238161048137e-07	0.390554303089198
AT4G17030.1	3.71943365806484	4.55083847615613	3.87236753784455e-06	0.000505828009630944	0.241376233235855
AT4G17250.1	4.40431087684574	4.57761354079384	1.93028424730413e-06	0.000268952938457708	0.297137231817475
AT4G19370.1.DE	4.07287737484437	2.69652041002732	0.000270451129279943	0.0183652914864827	0.434263230881265
AT4G20050.1	-8.4482482438324	6.09552374975207	6.10523190586037e-15	6.75525953819021e-12	0.280277135532642
AT4G20160.1.DE	-6.95925270910424	1.91699928623827	1.86530974595456e-05	0.0019156407230767	0.646571696118511
AT4G20420.1	-7.54514166261106	5.97800252048631	2.30727149144936e-13	1.7359910701665e-10	0.274796671360003
AT4G20860.1	5.9393667781545	1.64787263872068	7.70614435942664e-05	0.00624795583624203	0.614488901683213
AT4G21650.1	-3.15447021565426	8.35884729426579	0.000415467903596758	0.0261369607580436	0.313670760492694
AT4G21690.1	-9.44840842308498	0.305185918498876	0.000146490707555025	0.0107064423657841	0.862371058293958
AT4G22690.1.DE	4.18320189562976	7.25624643641783	1.19405695209394e-05	0.00132118889816982	0.326107325765578
AT4G23680.1	-7.2331288666824	7.63539323775104	1.18871028826235e-12	7.45321350740493e-10	0.279610913147849
AT4G25240.1	-5.54252638201478	2.75959418801654	1.73703024852296e-06	0.000245665706576819	0.404065212925163
AT4G26760.1.DE	-3.74122051131112	5.44452343972658	3.29460515277959e-06	0.000439514346977193	0.241731805659477
AT4G26770.1	-6.16486912988155	1.15026665728311	0.000522264134993378	0.0312859502523103	0.817899801381046
AT4G28940.1	-8.63011870373261	-0.46705971875291	0.000789954756828698	0.0443553700774561	0.92492159829695
AT4G29700.1.DE	-4.84333063742824	5.77629348293534	1.71103533673809e-07	3.21845746840434e-05	0.287807423509758
AT4G30140.1	-7.42993406571644	3.41909982156499	1.77216920458358e-10	6.9446880704619e-08	0.330268991309765
AT4G31690.1	-9.40825403619536	0.265797431301515	0.000151630525434746	0.011012240090454	0.858331866085809
AT4G32280.1.DE	5.92623711207604	3.37301769802338	1.11143539496662e-07	2.20064208203391e-05	0.363917977851787
AT4G32714.1	-11.5030153289054	2.31227405490364	1.02776982593285e-08	2.39081910130102e-06	0.518354412672555
AT4G34420.1	-4.89309536090006	2.12466862669274	0.000143184920475037	0.0105207357583416	0.52339417823011
AT4G34510.1	-7.5765184425475	4.34184233751495	4.50542778363177e-12	2.3540860169476e-09	0.300019333008692
AT4G34950.1.DE	3.61181749619338	5.72019166092229	4.06521079597364e-05	0.00365868971637627	0.29171831050739
AT4G35620.1	-6.08806314377203	3.08493621944821	1.56064885591844e-05	0.00165852005535739	0.558003810672399
AT4G36600.1	-5.48684174725588	2.20926629673012	9.09133000992826e-05	0.00715514299107743	0.569638825341996
AT4G37900.1	-7.48628836371839	8.07755648107736	2.25494704900554e-12	1.28531981793316e-09	0.300411502541685
AT4G38560.2	4.90115756557024	2.86014867927508	3.23488317049482e-05	0.00310449757331672	0.445655373509365
AT4G38660.1.DE	-4.8012536388209	5.59304026474351	1.30701163794624e-06	0.000189114530075145	0.330366781571087
AT4G39670.1	-3.51816381948183	2.95418871730385	0.000514272235865411	0.0310177325989614	0.37876713465148
AT4G39770.1	4.03259713816231	2.5621407876564	0.000905546884456562	0.0499511345942168	0.508316071595255
AT5G01630.1	-3.42839816746802	3.2153635857188	0.000508957626055404	0.0308822353100069	0.365246757507275
AT5G02550.1	-3.23134810490314	3.38159830397242	0.000565965068298935	0.0334773677191917	0.336133274012138
AT5G03390.1	-5.76508738211239	2.98377777459142	1.09127365016726e-05	0.00122183674759798	0.507036383785703
AT5G03640.1	5.40427730636745	1.83549656203392	0.000232852868795549	0.0160360469107099	0.624096696305899
AT5G03870.1	-8.09253997093191	3.30969554063657	2.47150453138921e-10	9.05316993449252e-08	0.368776614170298
AT5G05180.1	-3.10570244184228	3.92493197663285	0.000291739713013449	0.0194596595807907	0.288006079116234
AT5G05250.1	4.28655162583567	2.63600218839383	0.000778961418683726	0.0440007936499727	0.549035935803382
AT5G06530.2	2.97577142685489	7.60674411886178	0.000383963641894436	0.0245658370885522	0.281056364890645
AT5G07460.1	2.66669289418922	5.28982255956459	0.000897992596094346	0.0496801198015725	0.264160598935143
AT5G07580.1	2.64127574327149	5.73621004342753	0.000613794230941413	0.0358554952919502	0.24513829095891
AT5G07690.1	4.84719741386868	3.81537097569419	9.40102871059401e-07	0.000141466680037019	0.321646779483086
AT5G08000.1	-7.01885272494549	5.80191969611596	2.0308319400176e-12	1.1937483997416e-09	0.271601414720669
AT5G08030.1	-5.48126488934006	2.74013480599851	4.96436157962933e-06	0.000615627478418673	0.432875738030233
AT5G09980.1	-4.80482162091567	2.37483847561757	0.000142650345465919	0.0105207357583416	0.507607765066983
AT5G10390.1	-3.85390500983382	4.75912422093285	5.50030714995657e-05	0.00472444953904991	0.333812317811471
AT5G10500.1	-8.85725393081402	1.96369303148289	5.67516497057563e-07	9.04659772004471e-05	0.583826117347639
AT5G11400.2	-7.68657373504134	0.815397809353494	0.000104901194985776	0.00818751650490641	0.783893321964045
AT5G14150.1	-7.91225364997192	1.03455367255071	5.64219768571731e-05	0.00480225060942727	0.761562213946664
AT5G14180.1	-5.20497301593188	2.35007006557091	3.44557454992629e-05	0.00324056286420567	0.485643481224873
AT5G14670.1	-5.50623583586598	2.25358902718126	1.99713927056708e-05	0.00199820157868972	0.48662547748937
AT5G14740.1	2.99311106599006	9.3404152365694	0.000461526799734142	0.0286512181617136	0.291665800914343
AT5G15720.1	-6.20434002845403	2.63537324001045	6.46076300095684e-07	0.000102123489115965	0.426197116514995
AT5G16250.1	-5.92489761274849	5.81962337139092	2.73220831025558e-09	7.67057288297126e-07	0.299799370822269
AT5G17340.1.DE	-12.8011886596576	3.60133856599703	8.95592511673157e-15	9.35894174698449e-12	0.322941932978315
AT5G17800.1	-4.38310819449114	2.02634462012611	0.000626483457485186	0.0364834484064902	0.54029118113355
AT5G20240.1	-8.337710114816	7.12887390027537	2.72306445457487e-15	3.41472282603689e-12	0.271786204358744
AT5G22940.1	-4.44523637858583	4.59976085498486	3.93147737695545e-05	0.00355534083944865	0.401164383450677
AT5G23010.1.DE	5.42945925313603	7.33994191702857	6.5906750277036e-09	1.63818397467965e-06	0.279285664083947
AT5G25090.1	-8.0461251549595	4.04333771538946	7.69550516067679e-13	5.16973043115466e-10	0.293436218813192
AT5G26717.1	-8.92212092589569	3.4264818955729	3.77170395142078e-12	2.02702146646357e-09	0.334303238647286
AT5G27980.1	-7.01705568767572	2.27765751719967	4.16429362369699e-06	0.000532859612664901	0.575764824964938
AT5G37810.1	-9.75938201685581	2.89369206021575	3.50274232942321e-10	1.19793787666274e-07	0.424170969263696
AT5G38435.1	-8.32559317807523	2.26566691265631	2.09932986138453e-07	3.90974204877653e-05	0.528006559688788
AT5G38450.1	-9.43050544013108	0.286986487633125	0.000141993688281448	0.0105153593565907	0.855168208583649
AT5G39020.1	3.83191296058974	3.79808772743047	0.000283645275798552	0.0190548844206098	0.40239106216575
AT5G39220.1	-7.25593322075303	3.9331569988094	2.50273703664865e-10	9.05316993449252e-08	0.337477057715923
AT5G39670.1.DE	4.23524443873538	3.01786963874387	3.12680640488596e-05	0.00301616556286691	0.358782180632147
AT5G40040.1	-11.509868800919	2.31897784029295	7.47560918348352e-09	1.80277190694007e-06	0.508019634795483
AT5G42650.1	3.69101100961894	7.44936398118342	1.38778518566971e-05	0.00151768833386321	0.271345351862423
AT5G43185.1	-7.14383131382318	0.347022765667062	0.000404252452512542	0.0255167403750366	0.846743455391602
AT5G43300.1	-6.72627386510474	2.70861899008821	2.29473558048011e-07	4.23176237929714e-05	0.434481641550869
AT5G44040.1	-3.19399403545645	4.11648007964171	0.00018630670713637	0.0131252028510678	0.28427481755229
AT5G44568.1.DE	4.67723159771051	2.73031315645301	3.90519827577595e-05	0.00355534083944865	0.424059148643817
AT5G44630.1.DE	-10.2584601367215	5.70312162989457	2.23477638910394e-18	1.05090359697613e-14	0.269270093990869
AT5G45276.1	-5.71566748735695	0.995886950486793	0.000683898851417339	0.0393398697099699	0.767134427458323
AT5G45700.1	-6.05591123453639	3.25906514051539	1.65829687013209e-05	0.0017426013478874	0.566559635139818
AT5G46700.1	-3.80719992450447	4.7900251314181	1.78500903773866e-05	0.00185502872927427	0.290732522187871
AT5G46970.1.DE	-10.2817783539029	1.11150217755365	1.60766213208715e-05	0.0016988834103685	0.776743465689938
AT5G47150.1	-8.01196596029808	1.18252387372009	3.82927312087541e-05	0.00351359158066666	0.75156915739866
AT5G47220.1.DE	3.72427559648009	4.32858518550605	4.45499500337881e-06	0.000558656373423702	0.244884396167156
AT5G47500.1	-6.8188606118766	6.29774647136773	6.5266255902541e-10	2.15378644478385e-07	0.338383074675363
AT5G49740.1	2.86350860442766	8.82389299651587	0.000735439136711953	0.0419200307925813	0.290416112615507
AT5G51810.1	-11.2723028155146	2.08420909348843	5.68222067297605e-08	1.16176707455086e-05	0.56099728704154
AT5G52160.1	-9.83652149256035	5.9926340779717	3.15349247509316e-17	5.93171934565022e-14	0.281533592700969
AT5G53660.1	-4.28372685432006	2.11615650316164	0.000496275756504438	0.0303082694150925	0.502756845933604
AT5G54670.1	-3.1071370739822	5.08553567540327	5.50756378446945e-05	0.00472444953904991	0.234911324270261
AT5G57240.1	-6.33525048741333	3.78655334043028	6.89402115878205e-08	1.3943713763085e-05	0.390072040240484
AT5G57380.1	-7.06816290691296	2.02285788351535	1.01491152391252e-05	0.00114314286016733	0.622297365538513
AT5G58400.1	-10.0534476715861	0.888966448867978	2.69829190262593e-05	0.00265732307269077	0.786933557401531
AT5G58670.1	2.94500004135653	4.11541024059508	0.000490671085486988	0.0301618402549354	0.283507906047091
AT5G58770.1.DE	3.12986775456089	5.35777020412164	6.66473621296572e-05	0.00556286013220398	0.243049209198485
AT5G58880.1	-10.7964795794515	1.61522248052883	1.24181022276079e-06	0.000181073258063028	0.661866075877281
AT5G60140.1	-9.93904564831823	3.07078156624127	3.66781384755348e-11	1.68272142615807e-08	0.389341586987872
AT5G60740.1	-7.86519826735726	2.38330495402405	1.15433708449421e-07	2.26177922493084e-05	0.48588401199546
AT5G61160.1.DE	7.34558964713441	0.577299383167187	0.000266818991234462	0.0181842942939139	0.842491973747258
AT5G61620.1	-9.9086344184097	0.748072823462048	3.70062272376559e-05	0.00342900066177491	0.793435992448009
AT5G61690.1	-8.65081828364823	1.7594700955006	1.96349780012446e-06	0.000271569070737802	0.624187626702988
AT5G62210.1	-5.7783529411893	5.97810428511607	2.98790957789473e-08	6.31489653485391e-06	0.33270877393168
AT5G62360.1	-4.09297624736467	3.86359409867248	2.47682028425482e-05	0.00245205208141227	0.33417063087877
AT5G63090.2	-8.01611150870537	1.18603427327583	3.91905689270176e-05	0.00355534083944865	0.754359396654422
AT5G64770.1.DE	5.11945670561853	5.89827423792202	5.91142000492711e-09	1.54435847628721e-06	0.253526098909905
AT5G65205.1	-3.58461024892922	4.77118438733913	4.97476750237312e-06	0.000615627478418673	0.233196425921483
AT5G65530.1	-4.13715141148788	3.64342734221583	5.94222184764846e-06	0.0007211173738985	0.295234491054998
AT5G66020.1	-6.20330252649661	2.93344046586029	1.24154070288461e-07	2.40756501250097e-05	0.380340436149653
AT5G66170.2.DE	-2.95669328543707	3.97841508307792	0.000479783949396533	0.029681497821484	0.283845427760339
AT5G67260.1.DE	-2.75327415304196	5.98150155530011	0.000552690750457119	0.0328990918230962	0.259367157579291
