logFC	AveExpr	t	pvalue	padj	dispersion
AT1G01370.1	-5.58131987352964	0.826375897413849	-10.6922341825742	7.67967097694948e-05	0.00636363925446783	0.521997533745178
AT1G01400.1	-4.60594532351349	-1.72567323373134	-5.78414639871584	0.00167043004203789	0.0429245752605639	0.796305108137663
AT1G02640.1	-3.59062467469978	3.85086062742988	-7.39395984544093	0.000504320502541593	0.0183842415752081	0.485615928373446
AT1G02810.1	-4.75281888409386	0.509193559279784	-8.45118312928619	0.00025736332662161	0.0124972328193093	0.562385030756669
AT1G02970.1	-5.17844487429689	-0.0719886589040175	-9.1083849508301	0.000175658328653914	0.00995238044214259	0.568536014041101
AT1G03380.1	2.27614666483789	5.94535153660382	7.68213854748528	0.000416559076729879	0.0163076053452729	0.296290759502505
AT1G04020.1	-4.48097590709765	1.92555804473919	-8.4811735491128	0.000252774114496633	0.0124143109495605	0.528343852551678
AT1G04760.1	-5.14127886765204	0.788939109053858	-11.1244866430283	6.24838273985469e-05	0.00557024072685624	0.462158752365806
AT1G04820.1	-2.74964759309662	7.7701327744559	-7.90413684624651	0.000361003363926589	0.0149738952495546	0.34787449238083
AT1G05010.1	3.07294174309585	6.40642878621529	12.1711926576785	3.90478167330247e-05	0.00471429772334183	0.252476633106059
AT1G05040.1	-5.61543381440691	-2.23452653114344	-5.78859359470856	0.00166433689265326	0.0428265074566455	0.970086036017465
AT1G05200.1	2.18152035509408	5.30052458926266	9.08563242244329	0.000177922491375163	0.00996048232966312	0.240106604984954
AT1G05360.1	-1.55330846420203	4.44608916763125	-7.32228004702201	0.00052940080752178	0.0187533506393308	0.212134533810102
AT1G06570.1	1.59605575243614	6.15694497159458	7.37871885809017	0.000509534813439932	0.0184314420015483	0.216305266961918
AT1G07750.1.DE	-1.49956703273602	6.33596206825477	-6.31352953360708	0.00109699179777692	0.0315211966497564	0.237516435894343
AT1G07830.1	-2.13292826897562	3.8359363341023	-6.05910074676347	0.00133789298120716	0.0364586525104917	0.352020598125051
AT1G08090.1	6.69135766113217	-2.06532303518862	10.4455954330008	8.66886674067437e-05	0.00682673759826693	0.640591309901985
AT1G08570.1	1.48827736614233	6.98272161749286	6.5028917340869	0.000950184599172106	0.0283697973181386	0.228863931155591
AT1G08930.1.DE	4.71371483842912	4.74432475388985	11.4355988161357	5.41093427202425e-05	0.00524637493076166	0.412196590158272
AT1G09080.1.DE	2.52560056481172	1.66325136432388	7.32476015488195	0.000528509020494901	0.0187533506393308	0.344803175995928
AT1G09380.1.DE	-9.47246238053354	-0.694767757650702	-15.6669405790802	1.03012014545171e-05	0.0032841627010079	0.604614687387145
AT1G09460.1	-5.32457209820288	0.600607936203299	-10.5663832183045	8.16678910067888e-05	0.00665009969626709	0.503916239662686
AT1G09600.1	-5.27928763416098	0.641182041754217	-7.96595341547175	0.000347111348713127	0.0147053253812926	0.662731421942207
AT1G09610.1	-5.48789601600765	0.356634676795806	-6.46551666443146	0.000977252360402988	0.0289482155892602	0.848794659551037
AT1G09800.1	-2.03252879827014	1.79687018515031	-5.68278261688456	0.00181658416020459	0.0456207584158189	0.357664358342888
AT1G10070.1.Hnull	2.16347669322456	2.12554026147242	6.76714657109366	0.000781881726221414	0.0247179752440753	0.31970294576831
AT1G10120.1	-2.04795033165833	4.42412028410652	-9.48400674532189	0.000142758011618718	0.00899626083842274	0.215937249587945
AT1G10640.1	-5.62084393359609	3.76401766718517	-7.24447165958761	0.000558293334029135	0.0194832979834657	0.775880450323421
AT1G10690.1	1.94964378262263	2.27805374001164	6.29481215935448	0.00111288842898955	0.0317654496954376	0.309722313115466
AT1G12000.1.DE	-2.7195972833973	5.6765030447225	-9.5424545165179	0.000138316929665194	0.00881946253221118	0.284999763812308
AT1G12110.1	3.90599923930807	5.68720935026567	12.966106156296	2.80069945247283e-05	0.00420958265282261	0.301246896502648
AT1G12290.1	1.90435180492097	2.36580299982036	5.91671146337387	0.00149939448419837	0.0395008546887553	0.321859839998866
AT1G12480.1	2.75670487202789	2.67361479246883	7.86121709332341	0.000371032333556809	0.0151289455627612	0.350671510441963
AT1G13140.1	-7.44866428064442	3.4028314990451	-20.1335867643365	2.70659978664807e-06	0.00307249627407907	0.369962111959035
AT1G13890.1	-9.16214404333173	-1.64501544749673	-15.9896276747032	9.24441539819145e-06	0.00321356808202016	0.573005465150821
AT1G13970.1	-4.29489404899847	3.75479727317612	-14.4838009034554	1.56168714651437e-05	0.00353919701517292	0.296530867665672
AT1G13990.3	1.97892954321216	5.09985816863896	8.69524669937181	0.000222665095358093	0.0115492494396221	0.227587509777627
AT1G14182.1	-8.30780158253173	-2.07309013920554	-13.9998453843451	1.86904084357483e-05	0.00362271559636817	0.593420952478639
AT1G14370.1	5.22571563228936	2.7469663552846	14.250711886755	1.70159938584025e-05	0.00362271559636817	0.366698567328856
AT1G14970.1	-2.85243011992043	2.20114596067539	-8.54580903694929	0.000243205856645169	0.0121023866759144	0.333781167773286
AT1G15040.1	-4.39286711008092	-1.48825498680281	-6.00894411301796	0.00139236090397724	0.0373613532151383	0.731054745635606
AT1G15125.1.DE	8.19304938728911	3.98284754342061	17.9261894410811	5.03130484544607e-06	0.00307249627407907	0.457043557093805
AT1G15460.1	-10.4611466025915	0.958283651920914	-16.7130803507213	7.30685154324157e-06	0.00312367903473577	0.625925705080453
AT1G16000.1	-2.64474599093406	2.56604125304977	-9.11112643106928	0.000175387808089496	0.00995238044214259	0.290276510916957
AT1G16630.1.DE	-5.94473867745968	1.766238807207	-12.0206098016327	4.1680596646907e-05	0.00480988971121669	0.494545516039648
AT1G16760.1	-9.46166309538691	-1.49489511384196	-16.7641906174375	7.18912728942774e-06	0.00312367903473577	0.564397250741424
AT1G17147.1.DE	3.5396341444036	-0.112564544849214	6.081905209975	0.00131394987898946	0.0359758329312834	0.581994296556646
AT1G17200.1	-1.43507346036193	5.81285510356376	-6.94147549461137	0.000689849334168204	0.0224111674882624	0.206738965148832
AT1G17480.1	-2.7649833837871	1.39595703802139	-7.36182463567461	0.000515388582437246	0.0184975799769306	0.375583978242064
AT1G18080.1.DE	-1.62826759671727	7.99198916184802	-6.64983060505624	0.000851904983581639	0.0262264038317031	0.244858507445168
AT1G18180.1	-2.53061561666234	2.80451813970609	-8.60219890751541	0.000235203815141932	0.0120549966289366	0.294182411249691
AT1G18250.2	-7.23053749873207	2.79138565447512	-15.7355562614883	1.00650166303279e-05	0.0032841627010079	0.459503139169495
AT1G18520.1	-8.94693942316807	-0.956541030145039	-14.9178035989113	1.33571946624614e-05	0.00341344087461621	0.599749109434652
AT1G18990.1	-7.14065692922405	0.657804678105681	-12.6971220519116	3.12714197240577e-05	0.00441665316659584	0.562383892982188
AT1G19460.1	-7.18211669260389	-2.63865137659097	-11.318920205213	5.70851204449697e-05	0.00534214485358149	0.634523131393409
AT1G19770.1	1.81876425611512	5.68127789848872	8.69359862586225	0.000222880252343585	0.0115492494396221	0.20920729543512
AT1G19960.1	1.7431126968381	5.96213089135455	8.19876253779416	0.000300121221843521	0.0133322486102629	0.21260680362467
AT1G20610.1	-5.59243433931358	1.68204712070858	-13.4228200039932	2.33389666264166e-05	0.00385092949335874	0.416636320657645
AT1G21000.1	3.25096601745998	5.8127338748862	13.1653353904965	2.58466495444089e-05	0.00401797915644902	0.246933778823949
AT1G21090.1	-4.67382192867862	2.65023065903836	-12.5173916549587	3.37037043336877e-05	0.00452833341797618	0.373386249908312
AT1G21130.1	9.07259362859036	3.5864675966078	16.1283503099276	8.82980417029975e-06	0.00321356808202016	0.562524588953516
AT1G21250.1.DE	2.61915055271509	7.3348025888768	9.87792366858386	0.000115754856203476	0.00786046514508079	0.265151932793846
AT1G21540.1	-4.26586398811775	4.11836077036484	-15.6697176764227	1.02915160129856e-05	0.0032841627010079	0.272236174014567
AT1G21640.2	1.77328234469247	6.52113132764898	7.17529909159044	0.000585537009431618	0.0201398323059079	0.247137063146369
AT1G22110.1	-6.63175345308377	-0.0145004666686217	-11.7793651129983	4.63482482349207e-05	0.00500775600658274	0.562997529108401
AT1G22170.1	-3.97216448744863	2.92352586988201	-12.4299246777745	3.49677908988242e-05	0.00463200103385129	0.319564646642719
AT1G22350.1.DE	4.38949152306355	2.29042736445564	10.9439212947444	6.80436067050722e-05	0.00595302438196469	0.401089463716404
AT1G22840.1	-1.61208036722665	6.35672201005963	-6.68397792553631	0.000830794819999943	0.0257450585901135	0.241185770687191
AT1G23690.1	-9.94249432769019	-1.25445856039595	-17.7394636681665	5.32007946717985e-06	0.00307249627407907	0.560473220254793
AT1G23700.1	-6.25944539688979	-0.895097257321341	-10.0083983912604	0.000108169220845818	0.00764910918838282	0.625419288100654
AT1G23940.1	-3.05729818918816	0.945002595111832	-7.47101832732295	0.000478893379351158	0.0178729850507843	0.409221080077802
AT1G24070.1	-4.35618018143407	4.98660667748435	-8.1889627562556	0.000301942472513132	0.0133322486102629	0.531957503177842
AT1G24095.1	-3.09384307819255	1.98132485441646	-9.34964183505664	0.000153618890820367	0.00938172511795811	0.330904983610402
AT1G24600.1	-4.3472270965968	1.77391807457818	-11.665081037211	4.87731779750413e-05	0.0050686379984007	0.372670115426492
AT1G24620.1	-8.50249695058071	-0.389865734576696	-14.878047126602	1.35473380691739e-05	0.00341344087461621	0.571479366763008
AT1G24657.1	-6.55917956714066	-2.1453861208075	-8.33421877248717	0.000276220884922601	0.0130218417177798	0.787017925278581
AT1G25230.1	-2.52697223162526	4.14400325805601	-5.58006038331342	0.00198004361338046	0.0484955994370917	0.45285750655708
AT1G25330.1	-9.28636988854648	0.00218332906205032	-16.059199560449	9.03367075147014e-06	0.00321356808202016	0.578258577184456
AT1G26720.1	-11.2708819100415	0.201602163375789	-18.4273341429096	4.34333977565721e-06	0.00307249627407907	0.611639308357483
AT1G26770.2.DE	-3.43075792377641	3.67236151458708	-8.83915023273299	0.000204784199648726	0.0109121552277409	0.38813209793309
AT1G26800.1	2.47612131017138	3.10855245902723	8.49814273483959	0.000250219990095158	0.0123210419206543	0.291372054745573
AT1G26810.1	-1.63989318545167	2.70616748447245	-5.95343449664941	0.00145567153551387	0.0388937238395111	0.275453301178437
AT1G26945.1	-2.00120360356908	4.56783137934242	-5.92734476737628	0.00148657932609574	0.0393284910321531	0.337622271372432
AT1G27040.1	-7.50318940324036	-1.29790032733013	-9.89789158607739	0.0001145543372475	0.00780712711458507	0.758059364258397
AT1G27770.1.DE	1.44869220616719	5.92915915350917	6.86596087757857	0.000728070650026512	0.0233703224010217	0.210996280345556
AT1G28100.4	-1.84710160829696	3.39271608309027	-7.30304773640752	0.000536376328594845	0.0189291533599794	0.252922023101217
AT1G28380.1	1.95526545673841	5.69197844756496	8.86111863230932	0.000202205355403738	0.0108053486793873	0.220656729457288
AT1G28550.1	-6.45471541356128	-0.470183820409742	-7.85887833935445	0.000371588136629223	0.0151289455627612	0.821327819930533
AT1G29310.1	-2.43403186144051	5.21207289775101	-11.4131613923668	5.46671183282806e-05	0.00527327433720491	0.21326535021825
AT1G29660.1	4.38204207457968	4.790666714052	14.4403979539356	1.58667907845658e-05	0.00354974270333401	0.30345715461293
AT1G30250.1	6.72318137367538	0.843269873863409	10.978166790022	6.6945749641385e-05	0.00591196972185189	0.612413848529434
AT1G30330.2	-1.73722707791674	6.82576192841284	-7.99592125381151	0.000340602625127598	0.0145939302474946	0.217264155407813
AT1G30440.1.DE	-1.41961822936423	5.86950938137276	-6.78818445713374	0.000770046629488302	0.0243848099337962	0.209130768076337
AT1G30515.1	-3.2070724774931	-0.918850685419245	-5.7070813284875	0.00178024045514912	0.0450084986039718	0.561946167033691
AT1G30690.1	-1.88494746316636	6.07464029508569	-8.55264517121906	0.000242218942556926	0.0121023866759144	0.220393506971327
AT1G30755.1.DE	1.97997104806987	3.41267451760299	6.73783402139925	0.000798727524668358	0.024956918171116	0.293858685414558
AT1G31190.1	1.47031214258076	5.24705371743484	7.10348683261892	0.00061547899512483	0.0208928433811492	0.206984566484891
AT1G31880.1	-2.8879162975434	1.15599518494366	-7.19160901553363	0.000578975886445528	0.0199826356404411	0.4015674783356
AT1G32361.1	-5.95313949049594	-2.06262374959352	-6.97148980425007	0.000675311848631203	0.0220915058656573	0.853926442934292
AT1G32520.1	1.68642298417714	4.50866237817204	7.92766988050849	0.000355639352634458	0.0149654949061614	0.212726186836247
AT1G32700.1	1.4461696452396	5.61728655602121	7.00455095311595	0.00065971081812911	0.0216943365192457	0.206461435560873
AT1G33040.1	-1.5409725443877	5.64217876237766	-6.39126111368818	0.00103374107806706	0.0301935864572071	0.241106178730109
AT1G33110.1	2.33528733031521	5.90604979442173	8.03789535907253	0.000331725103574382	0.0142460027356943	0.290534676801847
AT1G33720.1.DE	3.33485237081134	2.70640610770312	8.05160125347424	0.000328885232223209	0.0141595850417927	0.41418498828073
AT1G33811.1	1.59726038605319	4.39865481663149	6.74044145237195	0.000797212004520922	0.0249549831616214	0.236966732422417
AT1G34065.1	-3.10471537358349	2.04943055828288	-9.59661211944893	0.000134346161463269	0.00860109280379456	0.323522023703691
AT1G34300.1	1.50062420993013	4.42910324994907	6.47720727049702	0.000968690366280617	0.028785254012225	0.231677657864264
AT1G34350.2	-1.50795974538991	3.30982755547777	-5.56506833746021	0.00200529868574559	0.0490015683887505	0.270968774136943
AT1G34640.1	-1.64247374037518	3.44808613536698	-7.00708584442541	0.000658532114794805	0.0216943365192457	0.234401829354192
AT1G43630.1	-7.0753441237583	-1.10306434249283	-12.3206359657084	3.66266948582536e-05	0.00470353793244631	0.574267768599838
AT1G44160.1	-5.87535408757088	-0.299331392151418	-10.3072872307585	9.28906268867007e-05	0.00710273451926358	0.570019439260208
AT1G45130.1	-3.11922630815863	4.28796807796537	-6.23047057732455	0.00116961582629582	0.0329842184297218	0.500640564696811
AT1G45207.2	-1.84974475685407	3.49177366636227	-5.9225147629857	0.00149238456953353	0.0394266204395023	0.312324212075338
AT1G46768.1	2.1807411014463	1.80456905665055	5.84349920478886	0.00159119570961935	0.0411697266821733	0.373190964013333
AT1G48180.1	-5.96662000668187	-2.43759365968603	-7.64131677881234	0.00042783384523798	0.0165928961421163	0.780836625334782
AT1G48370.1	-2.15960536644484	3.27699571373789	-5.94038600789052	0.00147103544114043	0.03908217040657	0.363546302138661
AT1G48480.1	-2.52950226725295	5.95982362106063	-5.74380848376568	0.00172689568489139	0.0441343856424008	0.44038764077917
AT1G48590.2	-5.17606168780097	1.24904661954896	-8.43506439316626	0.000259870215666675	0.0125016847997191	0.613636298022147
AT1G49290.1.DE	-5.99641254826813	-0.0906456822512852	-10.177665151061	9.9182196243196e-05	0.00724703570006999	0.589173691536022
AT1G49400.1	-1.47990538160342	4.20124533471054	-6.13401800080189	0.0012610807955237	0.0349541975709626	0.241261988701362
AT1G49470.1.DE	2.22060294450559	3.87646153675672	7.0362045258832	0.000645167063070864	0.0213866510199878	0.31559670221878
AT1G49830.1	-6.39009736184062	-2.22765757510691	-9.74419283793836	0.000124187704068765	0.00811100942199124	0.655785191048478
AT1G49970.1	1.64210774534085	7.82696288494498	6.45453880333718	0.000985372717374798	0.0290933406232315	0.254411321300267
AT1G50020.1	1.56475564630639	6.28074131159445	7.10121391702625	0.000616455506461341	0.0208928433811492	0.220350444950637
AT1G50990.1	-7.54761592317961	-1.65118961730172	-11.2663021755291	5.84899446494533e-05	0.00539098797433639	0.669928411788329
AT1G51130.1	-2.47193650343858	2.01113738645307	-7.20064658149891	0.000575377281790118	0.0199315776620113	0.343293685568445
AT1G51460.1	-4.39886703830099	3.97633147892629	-13.9302380047611	1.91889982774715e-05	0.00362271559636817	0.315778311669732
AT1G51790.1	5.02077678772579	0.76503251356273	9.95109211682798	0.000111426601224967	0.00770564106265302	0.504545303046216
AT1G51800.1.DE	3.69925226508141	2.49286014222958	10.2863031037653	9.38765621926956e-05	0.00712023441469598	0.359628938381887
AT1G52200.1	5.05540857047608	0.553111484257125	9.77033350679411	0.000122483952686755	0.00808394087732585	0.517424360894195
AT1G52430.1	-5.37229074702853	-0.402744768381492	-9.45767999377061	0.000144813047074762	0.00903544778325405	0.568034734794055
AT1G52500.2	-1.78574464619428	3.78402601152114	-7.42724985664217	0.000493146674923898	0.0181784308205394	0.240431476072842
AT1G52910.1	-2.21298820599245	1.74337178747058	-6.45478679610245	0.000985188410629022	0.0290933406232315	0.34284450840866
AT1G54130.1	1.23654979495439	6.93126244869042	5.62774565007293	0.00190213086440113	0.0471001891690293	0.219723824039271
AT1G55020.1.DE	-2.34702743901872	4.94456512684494	-9.03801509923287	0.000182772916761042	0.0100533309966723	0.259683947553698
AT1G55130.1	-1.76361953125087	4.63973653662749	-8.22991061559785	0.000294417407991008	0.0133124794334396	0.214293886486246
AT1G56150.1	3.18838187786528	1.21234614177893	7.91174125221112	0.000359259751253338	0.0149738952495546	0.402993699645349
AT1G56210.1	-2.00396468432134	3.28627124069048	-5.73860081050717	0.00173434564914687	0.0442646426871812	0.349207890650305
AT1G56600.1	8.52985388141921	3.79124920403159	21.4131713325501	1.94650710775635e-06	0.00307249627407907	0.398346127668301
AT1G58848.1	1.72130394331222	5.04751574287024	7.98255230297895	0.000343488404812887	0.0146284775222629	0.2156332809332
AT1G59540.1	-5.53098790264126	1.89891173470388	-12.9042618769182	2.87204697038901e-05	0.00422056277445447	0.428617146443261
AT1G60700.1	-1.77445727224997	2.42256277765635	-6.10391675051299	0.00129131050595132	0.0354591979809407	0.290707974039922
AT1G61000.1	-1.86285641964707	3.04762073199757	-6.84538052245998	0.000738912298165069	0.0236376536198723	0.272133362569832
AT1G61566.1	-8.46104905574509	3.19133469213866	-20.8183162536498	2.26328925814407e-06	0.00307249627407907	0.406423312656793
AT1G61790.1.DE	-1.64030157547248	6.06855161650571	-7.2257758103962	0.00056550783382083	0.0196985228780922	0.227006984234478
AT1G62180.1.DE	3.12383505511114	7.82641375107644	9.30098018331032	0.000157789826651342	0.00948251322463815	0.335860844077117
AT1G62790.1	-1.41335138355206	3.96829348652941	-6.45180755296716	0.000987405225909949	0.0290933406232315	0.219062855168714
AT1G63180.1	-3.83846450686646	3.4595292696869	-13.6279834024655	2.15446573175688e-05	0.00380405249445381	0.281660491762267
AT1G63210.1	-4.10449136535722	0.139428972756817	-7.97780651262572	0.000344519699221821	0.0146284775222629	0.514488708000305
AT1G63480.1	-3.13434729502313	2.7697751302929	-10.2734782139333	9.44852009041366e-05	0.00713761698396309	0.30509115119086
AT1G64200.1	-2.68713772013146	3.06197821173909	-7.55585095196943	0.000452616699356987	0.0171752669189925	0.355636676426373
AT1G64450.1.DE	-3.06368751808168	2.83886484639649	-10.5289250685655	8.31873848553077e-05	0.0066877869295863	0.290978186104529
AT1G64650.1	-1.2483587012919	6.29936698491539	-5.75333202394178	0.00171336735140475	0.0438482175237052	0.216980124925349
AT1G64690.1	-2.90678793028313	2.23913364123877	-8.4441807075885	0.000258448887119156	0.0124972328193093	0.344235637646989
AT1G65060.1	-3.80938733291987	4.71247471617497	-9.18900972247613	0.000167903109089273	0.00979882267844731	0.414559070886843
AT1G65200.1	-6.14491091628111	-1.96805943411146	-8.5677735455494	0.0002400515579983	0.0121023866759144	0.717212106927492
AT1G65450.1	-2.28361886357565	4.4170635110702	-8.89078175037455	0.000198783488094053	0.0106527561568351	0.256852426219937
AT1G65480.1	2.50448564272441	3.47242121974764	9.74737917973968	0.000123978545469414	0.00811100942199124	0.256939388172165
AT1G65900.1	-3.91321006525218	3.61335091334784	-14.7728270707564	1.40662062478437e-05	0.00343617324054468	0.264892430305273
AT1G66100.1	7.9621312559624	1.98865050814579	10.1143040904187	0.000102439423747166	0.00741109831032385	0.787214936864012
AT1G66840.1.DE	1.14747137939915	4.66703127853491	5.52611379961829	0.0020726837473125	0.0497285475598827	0.207645267724746
AT1G66910.1	2.27765621096063	4.19453675029723	8.81928127883187	0.000207149903822584	0.0109990582911095	0.258258710539994
AT1G67000.1	5.42214619632549	1.08645464294977	11.7676602718312	4.65899681633163e-05	0.00500775600658274	0.460766717518581
AT1G67590.1	-2.43757258648911	3.78980939380876	-8.32767273349972	0.000277323303610526	0.013041128352285	0.292707538407879
AT1G67600.1	-2.4109543805454	1.03765943389709	-6.22773325329584	0.00117210287112853	0.0330048727633647	0.387131927859864
AT1G67750.1	-4.6575391678099	4.20902954110159	-7.57848938069485	0.000445892202227114	0.0170572591252831	0.614573556001059
AT1G67860.1	2.57722860403465	5.3066598463527	8.31343137682835	0.000279739564634535	0.0130568268257459	0.310007803903698
AT1G68330.1	-2.27611381294545	1.07037417872995	-6.0198865104042	0.00138026144103328	0.0370895967226228	0.378099123465473
AT1G68540.1	-3.3149148955943	4.93988990277317	-10.6984854209699	7.65638053472484e-05	0.00636363925446783	0.309848989380946
AT1G68810.1	-1.41128695946904	3.91486446386471	-6.3611458453651	0.00105772866374127	0.0307035126002673	0.221860493970176
AT1G69560.1	-7.24059454514151	-1.02044571384535	-12.6643962782503	3.16984677028409e-05	0.00441665316659584	0.571728362415226
AT1G69720.1.DE	3.21769586820178	3.400029471142	11.8133333624602	4.5655085581999e-05	0.00499286139417093	0.272378317742798
AT1G69940.1.DE	-9.98521036003605	3.66619782342302	-21.5407103754834	1.88559387334042e-06	0.00307249627407907	0.463550652971999
AT1G71040.1	2.57906286483635	6.00450299370126	7.77915379084576	0.000391131123005853	0.0157541251043685	0.331535143047474
AT1G72910.1	3.76186077972778	4.50084267162049	15.294778643813	1.17024079392598e-05	0.00331273503870816	0.245957190184607
AT1G72970.1	-4.98564973487751	6.49728038986297	-11.8422939617656	4.50737443980253e-05	0.00497877907202506	0.42100371355198
AT1G73010.1.DE	-2.63659224099431	3.06931424548823	-9.2491835761226	0.000162376492743704	0.00963502154103807	0.285062159194337
AT1G73540.1	-1.41933200500956	4.77871334653979	-6.2589350099733	0.00114411456585677	0.0323892784574204	0.226768931575088
AT1G73620.1	-5.50610815526967	1.38282816511233	-12.0262713532497	4.15778958636099e-05	0.00480988971121669	0.457840006560457
AT1G74000.1	-6.59785226702702	0.870103543654916	-12.9299141485073	2.84219562418113e-05	0.00420958265282261	0.510278118728941
AT1G74710.2	1.50104250797943	3.71625923164151	6.38348701572335	0.00103987214161664	0.0303255736183084	0.235144601106287
AT1G75300.1	-2.32046948893591	3.60094469496363	-9.30665447749154	0.000157296671790825	0.00948251322463815	0.249334440700259
AT1G75870.1	-7.49962564851566	0.0503303670133366	-11.5282678024581	5.18755746775554e-05	0.00524612666497214	0.650542282416144
AT1G75910.1	-10.8556911057083	4.05212296749093	-21.112515519643	2.09955660663797e-06	0.00307249627407907	0.514182741303763
AT1G76360.1	4.94387525863461	2.98189484959053	12.9418269757732	2.82845731034566e-05	0.00420958265282261	0.382007522422408
AT1G76370.1	-6.35260201524525	0.595856583391493	-11.3199562181864	5.70578620659121e-05	0.00534214485358149	0.561186094080408
AT1G76680.2	2.04464569435066	5.15447015483645	9.39445263134544	0.000149892195752508	0.00920570468530393	0.217643941013499
AT1G77390.1	-3.83978926551373	0.407418224059922	-8.09048640757193	0.000320981972907867	0.01394381272609	0.47460548996412
AT1G77410.1	-2.94734812742678	3.03353546103147	-10.8773577743959	7.023879781284e-05	0.00598411832803757	0.270961771098907
AT1G77860.1	-4.62997474034849	-1.12369987250146	-6.83801349397454	0.000742838934971277	0.0237229208265021	0.677093536657728
AT1G77930.1	1.72473686778141	6.0699100102336	7.97979753959042	0.000344086593593738	0.0146284775222629	0.216137923202239
AT1G78040.1.DE	-1.7106101797058	8.33730696986321	-6.06989249145597	0.001326499739408	0.0362140204619223	0.281818859578431
AT1G78090.1	-3.73484581173611	1.36352164890435	-5.72816797964404	0.0017493830324283	0.0444674254594274	0.652014016524739
AT1G78510.1	1.86252367179311	6.15345539437912	8.7766454434687	0.000212335515020161	0.0111565112780146	0.212213616670495
AT1G78865.1	-7.39413542790385	-0.330919024877826	-12.9401268266779	2.83041318467692e-05	0.00420958265282261	0.571411356854695
AT1G78960.1	-4.63015284563489	5.80562716555908	-19.1832916701018	3.50450230028119e-06	0.00307249627407907	0.241363835011237
AT1G79250.1	-9.11779621936858	-0.871169160535381	-13.9013977696277	1.94001677200571e-05	0.00362271559636817	0.655890606863254
AT1G79380.1	1.75570506019408	6.04819649660281	7.28195668086168	0.000544149901074981	0.019131700260225	0.241103474950406
AT1G79800.1	-5.73865834622543	-0.188181690372428	-10.0196033456698	0.000107545478452778	0.00764910918838282	0.572743066591109
AT1G79820.1	-2.40846002576362	4.23484358274248	-10.4890542124826	8.48414572910987e-05	0.00679092685806624	0.229616510409243
AT1G79890.1	-3.28559210877181	0.869024345743971	-7.6242730194975	0.000432646697822679	0.0167450296009148	0.430938412143635
AT1G80080.1	-2.38596248417313	2.95732209463118	-7.68735365631601	0.000415143892185471	0.0163024146388491	0.310375012110025
AT1G80200.1	-3.89736407303259	-0.804665351272587	-6.72178931071813	0.000808127525618893	0.0251670178094228	0.579810507719738
AT1G80620.1	-1.44236618294085	4.48253793176842	-5.52920174733829	0.00206724738739715	0.0497231118185732	0.260863366693971
AT1G80660.1	-8.48645053207248	3.74210512798877	-21.7500426953089	1.79043206730137e-06	0.00307249627407907	0.390180867732404
AT1G80720.1	-2.87408756442498	1.95519063335033	-7.80274909611189	0.000385224387077304	0.0155829477869335	0.368342942855504
AT1G80840.1	2.19181441692989	1.82149752692366	6.03180213889886	0.00136722456502474	0.0369504225116601	0.36337637847816
AT1G80860.2	-1.27779642050998	4.01402811734334	-5.82565856341711	0.00161454475713018	0.0416592412642231	0.219339394267637
AT2G01120.2	-2.5936848666957	2.58939582799388	-8.33927784960106	0.000275372405392003	0.0130211883355044	0.311020320161149
AT2G01420.2.DE	2.27402556050896	5.33311403571263	9.17648511890339	0.000169081038355931	0.00979882267844731	0.247810085347875
AT2G01750.2	-2.1854264112247	3.66061583783318	-8.39312989335287	0.000266527503654923	0.0127566980756975	0.260382770074308
AT2G03000.1	-6.4706364343491	-2.9923926084111	-10.0417831113318	0.000106323238212758	0.0076085296591052	0.644371259826079
AT2G03250.1	-5.32495389795699	-1.36124821318416	-7.87610778637029	0.000367516321048992	0.0150802536989408	0.676089515581782
AT2G03850.1	-9.43784857178909	2.38696712876216	-18.9338295344864	3.75819561414341e-06	0.00307249627407907	0.498464853853196
AT2G05990.1	-4.00976679896518	6.16209008709366	-15.7702508658334	9.94803067833383e-06	0.0032841627010079	0.254261446636365
AT2G13116.1	-6.87378535526875	-2.79576805941156	-10.4560681389525	8.62392323712284e-05	0.00682673759826693	0.657396763670798
AT2G14560.1	5.52388018500091	6.34890121794239	18.7686431680012	3.93816086533486e-06	0.00307249627407907	0.2943143058108
AT2G14610.1.Hnull	-1.51450128294455	0.0421043420835703	-6.44793883622654	0.000990292564702324	0.0291053174094542	0.234881459240215
AT2G14710.1	-7.23744016490984	-2.60738812027073	-11.8632249782568	4.46590139097575e-05	0.00497877907202506	0.610073582704096
AT2G14750.1	1.61057506136177	6.14667875615806	7.38662524934198	0.000506822016188238	0.0184040967654455	0.218039362631161
AT2G14860.1	-2.44791306647587	2.53067286710297	-6.56308915865548	0.000908403121947998	0.0274813283404848	0.372981839389998
AT2G16360.1	-4.56824030666939	-1.55272855231176	-7.13406325863451	0.000602516575258945	0.0205686692933226	0.640341996006322
AT2G16570.1	-5.25514631419507	0.703771596781035	-8.89990580794905	0.00019774466380372	0.0106273632175656	0.590472127188288
AT2G16580.1	-5.80879904596745	-0.298541375026099	-10.3392294025889	9.14131227180665e-05	0.00703241892082857	0.561821275047149
AT2G18390.1.DE	-1.68130794893353	3.62684660242355	-7.16261136486438	0.000590701138524687	0.0202549962570589	0.234733934774272
AT2G18460.1	-5.8960404878993	-1.3228590412218	-9.96449609612163	0.000110654475493065	0.00768048222887289	0.591704831937678
AT2G19720.1	-2.47641980073209	2.20962040939215	-6.50765852561455	0.00094679559635252	0.0283586388015779	0.380539297042823
AT2G20530.1	-2.38519641823975	5.17000603650743	-10.0996390194623	0.000103211154975887	0.00743832116895189	0.236166501955505
AT2G20590.1	-4.66097611225378	1.66838659085278	-9.13075795349561	0.00017346486729638	0.00995238044214259	0.510469791882872
AT2G20680.1	-2.40533591421553	2.91267896680746	-9.17412083409297	0.000169304485406453	0.00979882267844731	0.262187075766082
AT2G20725.1	1.25149557850856	4.74839945642364	6.02105895777529	0.00137897227922541	0.0370895967226228	0.207853068253457
AT2G21050.1.DE	-2.7977174779777	3.92624661412149	-7.61558134971459	0.000435125454928654	0.0168063856410842	0.367367552062529
AT2G21730.1	-2.29062235091046	1.15609826595922	-5.9431890762422	0.00146771915352419	0.0390492182146959	0.385419733669115
AT2G22560.1	-2.401772851215	3.60719737253728	-9.75572741643685	0.000123432510044454	0.00811100942199124	0.246191057692776
AT2G23300.1	-2.4760426953332	1.6231841650024	-7.12761341663034	0.000605224134067071	0.0206236702206551	0.347387344206411
AT2G23690.1	-2.70401379642074	0.637554416609185	-6.66244134212292	0.000844036876864438	0.0260695133888671	0.405859302553969
AT2G24165.1	5.57229331668775	-1.83214917648947	7.94545565989381	0.000351647237692205	0.0148306828273327	0.701318282451056
AT2G24615.1	-6.66434975324735	-2.89467052093328	-10.5286820910994	8.31973493632745e-05	0.0066877869295863	0.632970935543886
AT2G25130.1	-5.96218115409827	-2.05827823003646	-6.96542098841644	0.000678222212511537	0.0221481941273299	0.855968528537389
AT2G25200.1	4.67058949780392	0.672567463027238	8.35026432384002	0.000273540320523792	0.0129931652248801	0.559334329629467
AT2G25440.1	8.01306618304645	-1.01976001625979	13.7491741320424	2.05612871819886e-05	0.0037549302125554	0.582803454672381
AT2G26260.1	-1.37436620185611	4.39808970956161	-6.45055580846649	0.000988338365669586	0.0290933406232315	0.213061671376012
AT2G26410.1	-7.11766787064309	0.76650317493231	-12.2077544255791	3.84384723362717e-05	0.00470353793244631	0.583044810905544
AT2G26450.1	-6.55237436254241	1.84743637416786	-9.28482443708429	0.000159203910153358	0.00949476227112044	0.705707943854245
AT2G27310.1	1.7132658994181	3.20462834332583	5.62754562827491	0.00190245017522438	0.0471001891690293	0.304442826871099
AT2G27340.2	-1.34500919589814	3.3696482782902	-5.55975458948926	0.00201433946784733	0.0490015683887505	0.24191880671152
AT2G28410.1	-1.71402549959546	3.81416205049038	-7.07316547068338	0.000628656172371263	0.0210876283570102	0.242327923289748
AT2G28550.3	5.53879367152176	4.08602978433469	19.0784069082911	3.60861825013944e-06	0.00307249627407907	0.290317409527245
AT2G28620.1	-5.73856012631979	3.06973080329455	-16.7263880504597	7.27598141942848e-06	0.00312367903473577	0.343084239646232
AT2G28690.1	-3.99556098210336	-1.90621072270338	-6.20922823562236	0.00118907827085591	0.0333920107447282	0.643487536692695
AT2G28760.2.DE	-2.28409273856683	3.64153668683687	-6.59318325923892	0.00088832045508869	0.0270377148223597	0.346432466497297
AT2G28950.1.DE	-2.60481855774304	6.88321266817725	-5.87171647883191	0.00155506159942819	0.0405134469324713	0.443621310247805
AT2G29050.1	-3.21285221624622	3.73426540636241	-11.841340911467	4.50927361047876e-05	0.00497877907202506	0.271325033226172
AT2G29460.1	4.2175324526095	1.64840396585915	7.09122834907915	0.000620767101374392	0.0209634276065571	0.594753439741815
AT2G29550.1.DE	-3.71129394735108	6.2731941295238	-11.261602056223	5.86174013917462e-05	0.00539098797433639	0.329552929398732
AT2G30500.1	-2.14280742256938	5.08978188121793	-9.85778249910824	0.000116980811054213	0.00787380092607503	0.217372154717678
AT2G31100.1	-6.76806580636668	-2.03874417133916	-9.97320695719845	0.000110156066907061	0.00768048222887289	0.678624823029631
AT2G31400.1	1.94727633759799	7.69411665573429	6.12164721827416	0.0012734036812433	0.0351212950794524	0.318096791299086
AT2G31432.1	-8.47366706423708	-1.98934847254982	-14.548702372665	1.52517780809104e-05	0.00352485178872101	0.582434559947966
AT2G31880.1.DE	3.50084955435737	6.11991919288131	14.1550801788031	1.76325219474479e-05	0.00362271559636817	0.247321068488174
AT2G32235.1	-2.87600771462862	0.660986702277152	-6.20887858197841	0.00118940176496374	0.0333920107447282	0.463208883320151
AT2G32390.3.DE	2.13669541762032	3.3279043147767	7.5662947778349	0.000449499835938074	0.0171502878580024	0.28239653362167
AT2G32670.1	-4.94967809385059	1.32184590591627	-11.9669460244923	4.26690612382443e-05	0.00489393318226448	0.413612469189739
AT2G33100.1.DE	-4.87658293292767	1.11291496455572	-7.27550865895607	0.000546552697570663	0.0191803288084033	0.670273813353881
AT2G33190.1.DE	-7.01062959252191	-2.72283087386281	-11.1488196865361	6.17762438125243e-05	0.00553338641006468	0.628822582985021
AT2G33770.1.DE	2.23789407962878	7.8769712587439	8.20044462381963	0.000299809909362962	0.0133322486102629	0.272899114900236
AT2G34340.1	-4.54578470752728	1.09733729950656	-9.90032959875243	0.000114408763595992	0.00780712711458507	0.459154885924213
AT2G34370.1	-6.55522219093692	-2.94964805133584	-10.258233971778	9.52147071427076e-05	0.0071588229314975	0.639020537937753
AT2G34830.1	-4.35022087024418	-1.07257214705827	-6.90744913474518	0.000706774143638925	0.0228034676532559	0.629786884475504
AT2G35480.1	-2.0951740585834	1.41739982958231	-5.67033320255177	0.00183553774112554	0.045912852274696	0.369497520470319
AT2G35940.1	2.61166845973368	6.80512245013335	10.5365520785091	8.2875314139415e-05	0.0066877869295863	0.247867465587778
AT2G36160.1.DE	-2.33585899538974	6.73881819952799	-8.81329492669991	0.000207868950697049	0.0109990582911095	0.265038106045135
AT2G36420.1	-2.35300428844362	3.93588999023674	-9.87070527503813	0.000116192480742352	0.00786180058548073	0.238382589985145
AT2G36500.1	-1.7923052465712	2.08577668130474	-5.55858690693985	0.00201633247915433	0.0490015683887505	0.322439007714986
AT2G36830.1.DE	-2.23093686296969	8.28496106145684	-5.70242673420317	0.00178713658812852	0.0450617147757339	0.391225870485723
AT2G37390.1	-4.68540824591784	0.263536830100083	-8.58602037281869	0.000237467609034752	0.0120643373783562	0.545701971631786
AT2G37510.1	-4.21064285594686	0.489291400354248	-8.12622719188723	0.000313913474119696	0.0137960571219427	0.518154705316451
AT2G37590.1	-2.26777544966519	1.18077564053516	-6.07633257592114	0.00131975444768736	0.0360822400595918	0.373214504198103
AT2G37960.1	-2.70914443168726	0.371357714003333	-5.85379216392567	0.00157790310017369	0.0408820348681365	0.462801608909609
AT2G38110.1	-4.00511833542074	5.58434333523752	-8.43904207528949	0.000259248928872813	0.0125016847997191	0.474593952689038
AT2G38370.1.DE	-2.29309321942287	3.44599437936882	-6.79228369846616	0.000767764958338352	0.0243535562670226	0.337602685815479
AT2G38620.2	-6.17230277945614	0.756536543572674	-11.5717488896324	5.08650263869149e-05	0.00517173592615064	0.533394116855247
AT2G38860.2	2.70035607576857	4.05339052812193	8.5825851012849	0.00023795157721266	0.0120643373783562	0.314632018663503
AT2G39030.1.DE	3.97203326019999	1.52079428539351	8.78705050398233	0.000211056069051883	0.0111203491844984	0.452032597104097
AT2G39590.1	-4.92147374293267	-1.38064717112084	-8.07877647414784	0.000323338316265306	0.0140138104353696	0.609185531829161
AT2G39730.1	2.99808835883039	12.5226671205858	5.55409405381439	0.0020240222542588	0.0491249788420748	0.539797909394673
AT2G40000.1.DE	2.6496932238119	6.08563190213919	11.8422062448918	4.50754919633084e-05	0.00497877907202506	0.223749964239549
AT2G40550.1	-3.99344352643966	2.8505467214267	-8.45151845662312	0.000257311476365782	0.0124972328193093	0.472511957104011
AT2G40590.1.DE	-1.92549493882035	5.46902502601817	-6.7576106159742	0.000787316101473986	0.024806391739909	0.284937243094284
AT2G42120.1	-2.09871330926471	3.3876645724827	-7.07822372407467	0.000626435202541867	0.0210791523431351	0.296502822046511
AT2G42350.1	5.47411009778428	-1.50052297623881	8.14648035543758	0.000309989009666995	0.0136554877560566	0.671960142165008
AT2G42690.1.DE	2.04556092167477	7.01646874682443	9.08927368555875	0.000177557845991308	0.00996048232966312	0.225052187054814
AT2G42885.1	-9.75007587723847	-1.35266977139388	-15.9406074937066	9.39639790064374e-06	0.00321356808202016	0.611650207251374
AT2G43470.1	-7.05204713017608	-2.7022573434544	-11.2195718075369	5.97718348280555e-05	0.00541698740197836	0.628548687164582
AT2G43500.1	1.68505562913473	5.09012010358151	7.76769617992975	0.000394037586647034	0.0158138523077021	0.216931196857132
AT2G43970.1	2.32185456783168	8.16809541366862	6.10803894643594	0.00128712132485593	0.0353958364335381	0.380130936982072
AT2G44190.1	-4.80535266317073	0.700370290299417	-10.344964903461	9.11507618681261e-05	0.00703241892082857	0.464511258183491
AT2G44560.1	-7.6660093318304	-0.807862745427364	-13.4864058447832	2.27646220348397e-05	0.00380405249445381	0.568424932488278
AT2G44740.1.DE	-2.99781045967113	2.90226980552199	-8.47312995849655	0.000253995477421757	0.0124418097143314	0.353802015825927
AT2G44770.1	-1.94456899300367	5.20557821021107	-9.28137263358355	0.000159507967978419	0.00949476227112044	0.20951308279203
AT2G45406.1	-6.50753880790536	-2.97216700778433	-10.2401740705349	9.60875504949537e-05	0.0071588229314975	0.635491033949332
AT2G45580.1	-7.51032838811894	0.517443658885258	-13.476540618827	2.28526279571122e-05	0.00380405249445381	0.557289040306595
AT2G45660.1	1.70006302637019	5.95527458045403	7.08229336833809	0.00062465496180972	0.0210569172610051	0.2400441407822
AT2G46400.1	2.49563177216237	3.1662289168374	8.6676202242339	0.000226304199414874	0.0116305518879612	0.287925832881418
AT2G46470.1	-1.38197694721705	4.29813004164561	-6.13332206682401	0.00126177034293905	0.0349541975709626	0.225322742252907
AT2G46480.1	-3.77336718844728	-0.535761081248628	-6.73425056741006	0.000800815826660574	0.0249806728018	0.560324738540057
AT2G46590.2	-2.303737652198	3.7432983227286	-8.51090489731285	0.000248319023730425	0.0122595297542501	0.27068069494295
AT2G46650.1	1.76139107646903	4.80728004541051	8.36532478145447	0.000271052042796979	0.0129075668987625	0.210558600231989
AT2G46790.1	1.85399539788159	5.95151081042203	7.03479567364483	0.000645806367855027	0.0213866510199878	0.263546445965361
AT2G46860.1	-9.21026288515623	1.61139108746504	-12.4122211940616	3.52304027919577e-05	0.00463415298263444	0.74203180407087
AT2G46980.2	-2.32239783542878	2.94409345394966	-8.20693991262835	0.000298611340265103	0.0133322486102629	0.282979753739297
AT2G47030.1	-7.68581006416854	3.82121534307018	-20.2277024738498	2.63994344152067e-06	0.00307249627407907	0.379964559697508
AT2G47230.2	-3.49434645354785	2.70031592338417	-11.5948805511038	5.03368814779718e-05	0.00514585185109049	0.301369767299172
AT2G47550.1	-6.62021254388253	-0.161507421991212	-7.55034951112358	0.000454268720805591	0.0171927457512136	0.876808753572173
AT3G01140.1	-3.55110981058884	2.66863720097443	-11.7269928582356	4.74414310871106e-05	0.00506220110660112	0.30281503992688
AT3G01400.1	1.51663363351834	3.68253895104813	5.53864101525835	0.00205073157663699	0.0494541807135151	0.273827754739868
AT3G01420.1	-6.65309726293371	-2.10359411069326	-10.7335345583935	7.52732673078273e-05	0.00629284514693436	0.619842161660631
AT3G02310.1	-8.37960442899074	3.21979774547559	-20.0347834285916	2.77872906545031e-06	0.00307249627407907	0.418252808115321
AT3G02380.1	1.37776517339926	5.66464970399985	6.25801227018598	0.00114493103486342	0.0323892784574204	0.220160190475036
AT3G02910.1	1.66924796131087	3.78256042928174	6.92966380579837	0.000695670321767223	0.0225613081938646	0.24088440768427
AT3G03060.1	-2.59673410221502	2.14763851156841	-7.75906875240225	0.000396242813579289	0.0158244741474022	0.334670845829412
AT3G03470.1	1.49831493581617	7.02402156366149	5.71198324571728	0.00177301123333583	0.0448860582759718	0.262310807185854
AT3G04230.1	-1.76077101759746	2.89358158891751	-5.55183007764283	0.00202791004781437	0.0491559123703458	0.31715146050454
AT3G04780.1.DE	-1.3206643796878	4.83995402368773	-5.63281170918908	0.00189406418010244	0.047063866879428	0.23445917383202
AT3G05000.1	-1.48844668619384	4.06859602045122	-6.28220157125185	0.00112374980427126	0.0320268694217309	0.236930743038422
AT3G05200.1	3.08719167578405	3.2496406738837	9.83150168722501	0.000118603514202725	0.0078977100113666	0.314010186235895
AT3G05345.1	1.44963320585692	4.68141560219905	6.83166561105393	0.000746241908765281	0.0237912039048728	0.212193231985967
AT3G05430.1	-1.86473015572311	2.76736405654028	-6.32557336621495	0.0010869027431826	0.0314091338237989	0.294792273801246
AT3G05630.1.DE	2.16702430815123	2.06575752266793	5.58762238400667	0.00196744484755176	0.0482498534321365	0.387825833462522
AT3G05730.1	6.7360246224715	2.07831455919362	11.3206510772847	5.70395883266148e-05	0.00534214485358149	0.595020955639871
AT3G06700.1	-2.06558415646429	6.82965838553005	-7.35966675724773	0.000516141927241464	0.0184975799769306	0.280662728978879
AT3G06830.1	-3.52581005190504	2.90770089790136	-12.0288271691021	4.15316310171012e-05	0.00480988971121669	0.293113368605182
AT3G07110.2	-2.07481773980165	6.42323299697835	-6.75493003236564	0.00078885164564174	0.0248132097901691	0.307156066733534
AT3G07120.1	-5.5529090044392	-0.642662536793756	-9.4544605453394	0.000145066732086269	0.00903544778325405	0.58733218863307
AT3G07210.1	-1.47976570294738	3.27374213743296	-5.98881932140274	0.00141493700518838	0.0379130556518425	0.247088052507949
AT3G07820.1	-8.5066175958667	4.45992862257061	-23.2750988132925	1.24521984032475e-06	0.00307249627407907	0.365481481479621
AT3G07840.1	-9.10716501317966	-1.6721602494764	-16.0206123490435	9.14984812501276e-06	0.00321356808202016	0.568465475274008
AT3G07860.1	-2.85289614263635	2.29604404599405	-7.46063783925994	0.000482229724378527	0.0179618635951685	0.382393061304171
AT3G08520.1	-2.35475617479016	4.73491963660941	-9.30328609214797	0.000157589200487841	0.00948251322463815	0.253110153924815
AT3G08770.2.DE	-8.86133356022548	5.58764431313381	-25.5765862013805	7.50767577774364e-07	0.00307249627407907	0.346462717520417
AT3G10040.1	-2.6123630097428	1.6777894222945	-7.57759790537791	0.000446154784138187	0.0170572591252831	0.344748169850603
AT3G10110.1	-2.86224460081773	0.923187103969703	-5.7260113684137	0.00175251029860413	0.0444867998876433	0.499867083150879
AT3G10560.1	-4.73400701435921	-1.05309891234853	-7.67802171365013	0.000417680220517128	0.0163076053452729	0.616565984170505
AT3G11120.1	-2.29131794419257	5.34650656368401	-10.6548444059019	7.82072984715017e-05	0.00645210212389889	0.215049404468391
AT3G11480.1	-5.11209990025431	3.27847614848878	-11.6865111237514	4.83072816337604e-05	0.00506220110660112	0.437435933284195
AT3G11510.1	-2.22456526634859	7.43302549255765	-7.76133115266808	0.000395663134413334	0.0158244741474022	0.286621614590412
AT3G11660.1	3.254402769056	5.87407437210364	7.73181298718532	0.000403305112530196	0.0159708824561958	0.420910693837247
AT3G11760.1	-2.26450777547534	3.63184298272292	-9.11714253056401	0.000174795871985113	0.00995238044214259	0.248379113070118
AT3G11940.1	-1.83526458180219	7.57869590956327	-7.71785429387759	0.000406978997946597	0.0160396571369869	0.237794665708844
AT3G12143.1	-7.13795385143827	-0.398745230021214	-6.95413324818045	0.000683674411849961	0.0222489890776778	1.02643328747057
AT3G12660.1	-8.906919785687	-1.77332863936248	-15.2282893295104	1.19758629788493e-05	0.00331273503870816	0.584892997037205
AT3G12740.1	1.43117638323156	6.16461125208855	6.86181391840176	0.000730240233840104	0.023400032024757	0.208571144634728
AT3G13450.1.DE	-2.77622738114975	4.40600348053896	-11.4362616715037	5.40929669465412e-05	0.00524637493076166	0.242756545879622
AT3G13510.1	-3.29046273605689	6.16718072579285	-13.8973036823386	1.94303666489311e-05	0.00362271559636817	0.2367698663906
AT3G13560.1	-2.30446933699737	4.87164717047514	-9.91647443697529	0.000113450228550281	0.0077883167847839	0.232387967280464
AT3G13674.1	-2.82838939161613	1.46757613233735	-8.28885368150819	0.000283967861981235	0.0131562450341552	0.341228051585234
AT3G14360.1	-2.09659017903458	1.2970783475271	-5.68291450462132	0.00181638458619034	0.0456207584158189	0.368928685682258
AT3G14540.1	-7.55624527552054	-2.45144665810472	-12.0399652961707	4.13307182293379e-05	0.00480988971121669	0.627596931523033
AT3G14600.1.DE	-2.23049032764167	6.3547855143383	-8.69864292348082	0.000222222484588847	0.0115492494396221	0.256418196178712
AT3G14890.1	-4.0157551939947	3.29207811951628	-10.9159213965606	6.89570210038048e-05	0.00598411832803757	0.367880552461655
AT3G14900.1	-2.79093376119462	2.25198321674204	-7.45329059283352	0.000484607607486646	0.0179926530114834	0.374456587520974
AT3G15000.1	-1.46584477055517	6.42447504187123	-6.80090767549502	0.000762990487500529	0.0242429916721029	0.215536637239893
AT3G15630.1	-2.88764339745934	2.78298729981371	-8.71944135741484	0.000219534357784321	0.0114706701942308	0.331172982200717
AT3G15720.1.DE	-5.57136066799078	-0.377068144405871	-8.31735979138266	0.000279070592569599	0.0130568268257459	0.669847260156171
AT3G16220.1	2.4278780852358	4.61214820688653	10.8875697775984	6.98966598301588e-05	0.00598411832803757	0.222995409887636
AT3G16310.1	-1.39894473509492	4.09676506309324	-6.14523009251306	0.00125003177529925	0.0347826888955309	0.227647250637417
AT3G16660.1.DE	8.26869500331789	1.25848946660617	14.939502318379	1.32547462091749e-05	0.00341344087461621	0.55347861174368
AT3G16950.2	-2.51461049201388	4.98876382967242	-11.3011986310752	5.75537745136497e-05	0.00535933910198887	0.222508299703661
AT3G17030.1	-1.93662761564226	1.76462637587358	-5.76693950051906	0.00169425046999649	0.043418053597594	0.335815490255785
AT3G17060.1.DE	-7.135403898263	1.41170580848314	-12.2790641982138	3.72819682590849e-05	0.00470353793244631	0.58110323254935
AT3G17675.1	-8.89471397661583	-0.614195075029897	-15.4010280326773	1.12805820824104e-05	0.00331273503870816	0.57754027573636
AT3G17680.2	-5.94078268497165	1.81141778051603	-14.3788138365202	1.6229551966333e-05	0.00354974270333401	0.41316222273376
AT3G18010.1	-4.8017833112033	0.235238913012468	-9.30646414457081	0.000157313184306225	0.00948251322463815	0.515962156691331
AT3G18030.1	-1.76493923636244	3.54322042346422	-6.69208882000778	0.000825870644454551	0.0256346977263863	0.263735178033754
AT3G18760.1	-2.26519338400985	3.38889865816288	-7.91184345800599	0.000359236383783297	0.0149738952495546	0.286304120655687
AT3G18845.1	-6.31368641476862	-2.27275419609172	-10.4338893950077	8.71942978572272e-05	0.00683385309456018	0.605113412241987
AT3G19100.1	-2.69344751480041	4.77459183005475	-9.41329061280881	0.000148357322303361	0.0091495122377909	0.286132408483745
AT3G19210.1	-3.80066961201161	1.09605261099172	-9.06174757656492	0.000180336310079608	0.0100358757177439	0.419419055750431
AT3G19660.1	4.85632922185247	0.0413890595614645	9.21285067530992	0.000165687421774914	0.0097134571099124	0.527125576328643
AT3G19800.1.DE	1.88261125529202	5.88162882081727	8.93666799765232	0.000193623156428054	0.0104356778579132	0.21066142949325
AT3G20000.1	-1.81938418064764	5.51125390553031	-6.26263702149681	0.00114084571543198	0.0323892784574204	0.290514071692565
AT3G20475.1	-2.63860094262767	1.05516060919736	-6.12889792183426	0.00126616415526136	0.0350243349418622	0.430518010950651
AT3G21090.1	-4.10329134363582	1.24350389391139	-8.30290095622054	0.000281542093696637	0.0131084326297865	0.494199721913054
AT3G21150.1	1.75817426779496	3.02813434251014	6.66961663117178	0.000839597895870767	0.0259750599035018	0.263609494371503
AT3G21945.1	-7.15841519119793	-2.64750428831904	-11.6194461092134	4.97830589102475e-05	0.00513966985000318	0.616071981737738
AT3G21970.1	-10.3114243846632	-0.277204464343897	-18.4053385633493	4.37110155529182e-06	0.00307249627407907	0.560240951242073
AT3G22060.1.DE	3.44290766228899	3.15352686841842	9.39012685191265	0.000150247280084439	0.00920570468530393	0.366651879850559
AT3G22235.1	4.35002059971454	6.53350846517096	17.5721974680333	5.59552632515263e-06	0.00309564265223885	0.247551315515771
AT3G22310.1	-2.15487181780082	4.32546683188401	-9.18005586748125	0.000168744225602008	0.00979882267844731	0.234734063594762
AT3G22780.1	-1.52963279877928	5.27537285833762	-6.50469471780226	0.000948901088592814	0.0283697973181386	0.235158276466524
AT3G23270.1	-9.41855627471693	-0.721402270028134	-14.8279152764606	1.37916803014796e-05	0.00341344087461621	0.63519086123111
AT3G23770.1	-10.5620031660932	1.0084858643958	-18.4026019479571	4.37457023724689e-06	0.00307249627407907	0.573940750115814
AT3G24535.1	-4.49899691532832	0.341576495171049	-7.03786459493945	0.000644414710299373	0.0213866510199878	0.639255963884742
AT3G25180.1	-2.95197245131544	1.95080828369555	-6.05485249873135	0.00134240918715315	0.0364894751594664	0.487538292953289
AT3G25740.1	2.19266162315788	3.13656514079367	8.25708075998111	0.00028954558779086	0.0132837866008441	0.265549252440991
AT3G25760.1.DE	2.72633409502063	4.57212914190702	10.7622858405245	7.42337144278222e-05	0.00624635929424738	0.253322959027426
AT3G25770.1	4.48951962040223	5.09559986005759	13.6848535236978	2.10764431645465e-05	0.00380405249445381	0.328064864751954
AT3G26050.1.DE	-5.29737611774893	0.976927231379353	-7.37418204687829	0.000511099126102243	0.0184525423454572	0.718367960551159
AT3G26110.1	-6.70817029335232	0.904948104149119	-12.262368465965	3.7549018713708e-05	0.00470353793244631	0.547053394454037
AT3G26165.1	3.71696655717459	3.95397676026362	13.0612232723926	2.69500494191218e-05	0.00415516745552197	0.284580278558679
AT3G26210.1	4.59488426266274	3.67293852981899	16.0557894242991	9.04386740940145e-06	0.00321356808202016	0.286182394476895
AT3G26450.1.DE	1.90848562303697	5.77889266322887	8.5463801139479	0.000243123231433443	0.0121023866759144	0.223309237079483
AT3G26830.1.DE	4.28050787631158	0.924892406734911	8.58743859070979	0.000237268144479288	0.0120643373783562	0.498461541366058
AT3G26934.1	-6.09416292758729	0.293231957185277	-11.044715377181	6.48713943255369e-05	0.00575580626067618	0.551771840148835
AT3G27060.1.DE	-3.58921135998687	4.78249587030289	-11.4707645481963	5.32485840703969e-05	0.00524637493076166	0.312900796185485
AT3G27420.1	-1.61950973031388	3.40499996066753	-6.32061824854243	0.00109104048457663	0.0314761833050404	0.256226474473023
AT3G27890.1	1.35096533166064	5.18546951835744	6.55333494776587	0.000915025612618033	0.0276270172926889	0.206149287718188
AT3G27925.1	2.38124081771979	6.89815824153467	10.6142091375564	7.97750590518452e-05	0.0065242124381096	0.224344629624285
AT3G28820.1	-10.7380792437923	1.0969094491454	-19.2353070749134	3.45418768940424e-06	0.00307249627407907	0.558248391978979
AT3G28890.1	3.30256592922716	3.62679683409995	11.373529924899	5.56689656462998e-05	0.00531539717668477	0.290372993348105
AT3G43110.1.DE	-5.19118313371253	-1.60591356409026	-6.25784908019568	0.00114507550101991	0.0323892784574204	0.829547511802602
AT3G43920.2.DE	-2.3571001588494	4.79178628767767	-8.19483403677822	0.00030084976740535	0.0133322486102629	0.287632446035001
AT3G44260.1	2.62659893588208	3.14227245598022	9.0881792783145	0.000177667350377579	0.00996048232966312	0.289012667493199
AT3G44820.1	2.15576770385472	2.92631198332113	7.52763265199179	0.0004611654907337	0.0173838133881781	0.286380566576175
AT3G44860.1.DE	4.33562732761735	5.01263461780758	17.6958382027683	5.3903443404896e-06	0.00307249627407907	0.245008305226202
AT3G44940.1	-1.82793814006255	2.29429895652026	-5.90259047784825	0.00151661180610789	0.0397560400149715	0.30968405260751
AT3G45060.1	-2.94993621256956	1.13128125842579	-7.48006326739825	0.000476008285404717	0.0178360873475353	0.394373163316254
AT3G45230.1	-2.23775452946782	2.81374487173052	-7.8741045370496	0.000367987051983722	0.0150802536989408	0.284191620639355
AT3G45680.1	-2.94881796394095	1.86234428710092	-6.69424709039907	0.000824566084166142	0.0256346977263863	0.440500316782475
AT3G46090.1	4.33447128541441	-1.05252955988728	6.97844537123934	0.000671994151462229	0.022059703296692	0.621122765147422
AT3G46110.1	2.16382550654012	1.56179897219065	6.03677096056278	0.00136183050071271	0.036857599594829	0.358440881835013
AT3G46770.1	-5.0522853274519	0.825474869607167	-7.16145477667367	0.000591174531904589	0.0202549962570589	0.705483101549175
AT3G46900.1.DE	4.0483456504029	1.97722002412865	8.22116748700521	0.000296005514351377	0.0133322486102629	0.492429531061363
AT3G48580.1.DE	-3.22212932550872	0.237768062240496	-6.74546890993018	0.000794299348602391	0.0249428560053606	0.477673141561046
AT3G48990.1.DE	1.42963240285472	6.77548169773131	5.5914040684654	0.00196117917662767	0.0481589821310268	0.255683972281241
AT3G49320.1.DE	-2.12451683361658	1.468838019686	-5.60934427933539	0.00193176821211179	0.0476857743698463	0.378746022319083
AT3G49810.1	-1.46759329238529	4.14249382771895	-6.30060195609285	0.00110794269273658	0.0316723435416034	0.232929060209254
AT3G50100.1	-1.82370856185135	2.9325515283657	-6.56668725217829	0.000905974361043958	0.0274813283404848	0.277721245403669
AT3G50120.1	-3.67545042685119	0.446364805025298	-7.01731050353199	0.00065380263447606	0.0216134051924335	0.523769102849481
AT3G50280.1	-2.0262231504461	3.67125686965827	-8.18986300736558	0.000301774624978568	0.0133322486102629	0.247406232390433
AT3G50630.1.DE	-1.15320287085878	4.76651174845412	-5.54865270245657	0.00203338096595208	0.0492250913379134	0.207834754254528
AT3G50740.1.DE	6.45850653432243	3.7344414195865	13.3267238898498	2.4239753644614e-05	0.00396478057439295	0.484628224288603
AT3G50780.1	-1.79866105509156	4.77662199126577	-6.47193158768633	0.000972543317184846	0.0288541637164778	0.277917192220285
AT3G50950.2	2.08171674090533	6.98239601120883	9.13548957913908	0.000173005107412759	0.00995238044214259	0.227871393522132
AT3G51670.1.DE	-1.84545823631776	5.84335486359494	-8.77087805674264	0.000213048616420823	0.0111627979801551	0.210407467117737
AT3G52090.2	-1.58302423211354	5.5385957003142	-6.62901879969863	0.000865077746843081	0.0265358062893442	0.238802193800613
AT3G52780.1	-7.12216266141831	-1.86295645104567	-10.2360484729623	9.62882616517207e-05	0.0071588229314975	0.69579219756832
AT3G52910.1	-4.49936899815566	2.00833462899182	-11.5089919088893	5.23311262150127e-05	0.00524637493076166	0.390943797143558
AT3G52930.1.DE	-1.67683278577389	8.1671739527404	-6.56259201084515	0.00090873929972257	0.0274813283404848	0.255513794397519
AT3G53190.1	-5.66675581297095	3.920942252966	-9.03787093004774	0.000182787836303133	0.0100533309966723	0.627001188314272
AT3G53320.1	-2.12435645719475	3.02618915389412	-7.67261773547225	0.000419157260511254	0.0163237020087302	0.276875054959844
AT3G53650.1	-3.94855169536905	1.97211917438215	-10.2901321151122	9.36957416713465e-05	0.00712023441469598	0.383722157422075
AT3G53890.1	-2.44809685805706	6.60446935172376	-9.04327093606394	0.000182229984676876	0.0100533309966723	0.270709224058987
AT3G53960.1	1.25419273075492	4.64920889819298	5.85632195646259	0.00157465581945636	0.0408541737434125	0.214160481626338
AT3G54150.1	5.7284398610314	-1.38401671317804	7.20224760355089	0.000574742511159295	0.0199315776620113	0.795368359483662
AT3G54820.1.DE	-3.24348110979408	4.58189325550763	-12.7255612855103	3.09058104902694e-05	0.00440995821413246	0.254879218057533
AT3G55230.1	4.4785313222737	-1.74715457473363	6.6463467688113	0.000854093679005454	0.0262508204282559	0.673833532624222
AT3G55420.1	-1.61814893786455	3.68345858951568	-7.11846390244825	0.000609089406070706	0.0207178512263833	0.227317151570863
AT3G55590.1	-5.72961017566421	-2.17313840331964	-8.20056991580975	0.000299786736070897	0.0133322486102629	0.698684388339668
AT3G56100.1	-7.70472527129201	0.373076251787444	-12.6723298558542	3.15943117668533e-05	0.00441665316659584	0.607995953303936
AT3G56200.1	2.54733950405124	4.96698973495418	8.10249389037172	0.000318586626587711	0.0139363126653833	0.314389561845677
AT3G56230.1	-6.37594114390866	-0.507217831085742	-10.4505460670117	8.64758687516888e-05	0.00682673759826693	0.610106027285502
AT3G56400.1.DE	1.96219965928177	5.97975572864596	7.90236349069432	0.000361411400494299	0.0149738952495546	0.248305416675964
AT3G56620.1	-1.97320106053699	2.13930122147623	-5.93488104141942	0.00147757368658506	0.0391452972460071	0.33247525043317
AT3G56710.1	4.25988168689366	3.77378619544397	13.1876630164482	2.56170097079801e-05	0.00401797915644902	0.323020210751561
AT3G57010.1	-3.53815344376723	1.43834954602935	-9.10835419160901	0.000175661366655574	0.00995238044214259	0.388451455590816
AT3G57020.1	2.04635727718417	4.12018072649743	7.84527655122512	0.000374839986539539	0.0152283804466711	0.260839406211194
AT3G57240.1	5.99154942598188	0.978194470348682	9.82798685951836	0.000118822537651076	0.0078977100113666	0.609641578852855
AT3G57510.1	-8.81959609372156	-1.01976490948004	-12.8138438395704	2.98025673345191e-05	0.00434563016714965	0.688286528550142
AT3G57640.1	2.7756135221088	1.32465245166126	7.39787956589876	0.000502989577047913	0.0183842415752081	0.375190417387066
AT3G57920.1	-5.33315010073935	1.47610746620033	-12.2181802886684	3.82667723945249e-05	0.00470353793244631	0.436492994434326
AT3G57950.1	-2.71406973638319	0.488171088975784	-6.32632002587524	0.00108628083454622	0.0314091338237989	0.429012399828398
AT3G58200.1	-2.05734748620104	2.06102445244102	-5.94973383328799	0.00146000985544105	0.0389228716190981	0.345788155209641
AT3G58240.1	-9.03443212906719	-1.70994194240721	-15.3169635227521	1.16128123423664e-05	0.00331273503870816	0.589831797643655
AT3G58750.1	-1.48843766753746	5.80937542445189	-6.95623199767925	0.000682656812769951	0.0222489890776778	0.213971826706475
AT3G58770.1	-3.41545975459925	0.536867298619515	-7.73418116613695	0.000402685674804953	0.0159708824561958	0.441605863792456
AT3G59765.1	-3.89060183607091	0.351010337846326	-7.14884330699727	0.000596365305135783	0.0203956934356438	0.54422815957692
AT3G61100.1	-3.22988447888294	1.5528882259645	-8.98031581855594	0.0001888599662323	0.0102436060848463	0.359662682709784
AT3G61450.2	-2.94713709775964	-0.303132597767134	-5.59906904057017	0.00194855027840408	0.047974124001022	0.526361985609579
AT3G61650.1	-2.26099574536361	3.94548305820224	-8.338427679825	0.000275514777114872	0.0130211883355044	0.271153727318897
AT3G61850.4	-2.03247466459793	2.79375393775435	-6.62668568402858	0.000866569237484192	0.0265358062893442	0.306710588295523
AT3G62100.1	-3.6039003001878	-0.857016188963593	-6.20576622873058	0.00119228578218823	0.0334230932383914	0.580734137793166
AT3G62570.1	-4.38024914000641	1.76625002772231	-8.27354893307282	0.000286638726979676	0.0131825781283318	0.529428081641813
AT4G00140.1	6.07029116691177	-2.35872989237788	7.09855955818843	0.000617598189149274	0.0208939243487371	0.855144077774128
AT4G00330.1	2.23693409640305	4.61864097179609	8.54943859701866	0.000242681280653157	0.0121023866759144	0.261646898918382
AT4G01470.1	-8.99250269113161	0.224041195436114	-16.1488769153197	8.77033834671466e-06	0.00321356808202016	0.556850035967567
AT4G02060.1	-4.42214655854826	3.13462723560342	-7.71729375570681	0.000407127346296869	0.0160396571369869	0.573017782986188
AT4G02260.1	2.05307224621862	6.04626827672454	8.98826006124881	0.000188007901937072	0.0102436060848463	0.228417094323968
AT4G02290.1	-9.00722524717583	3.73459257629657	-13.5590266006679	2.21289508888665e-05	0.00380405249445381	0.664297335822922
AT4G02410.1.DE	3.95466383780656	4.23962126568835	14.8426093569728	1.37195261828012e-05	0.00341344087461621	0.266439932675903
AT4G03270.1	-3.11288702475247	1.15700571019527	-8.0527864632929	0.000328640997005984	0.0141595850417927	0.386560234639521
AT4G03400.1	1.72328201715797	6.11569067998659	7.58587692203864	0.000443723164999549	0.0170335361911051	0.227169783384101
AT4G04640.1	1.80346553581061	9.56683216335751	5.55881748253451	0.00201593874968522	0.0490015683887505	0.324433306449977
AT4G04890.1.DE	-1.23746868702272	7.0134920017909	-5.59528674443856	0.00195477021962551	0.048064350106086	0.221162693449572
AT4G05070.1	1.35401935030371	4.72781449750506	6.26584740434914	0.00113801976672875	0.0323844959336881	0.21609516844663
AT4G08300.1	4.14752323371048	3.38065256401061	10.04071197912	0.000106381887312316	0.0076085296591052	0.413070631080284
AT4G08850.1.DE	2.60086475763259	6.58137329342211	11.8328862654851	4.52616279275005e-05	0.00497877907202506	0.21979969208518
AT4G08950.1.Hnull	-1.48051466170351	2.904564512704	-5.52369432712373	0.00207695482044093	0.0497675416210112	0.268029795644836
AT4G09900.1	2.15744384041219	4.06666398258985	9.22950761515204	0.000164159763880319	0.00967976538742572	0.233755031186098
AT4G10115.1	-8.79049959293621	-1.83242851142591	-14.7332333397944	1.42675074537702e-05	0.00344066429750536	0.596644293224699
AT4G10120.1.DE	3.09634052437442	7.89126833711425	9.9661032849255	0.000110562317861833	0.00768048222887289	0.310687179918943
AT4G10770.1	2.42957758121398	5.53221539248106	10.369481970942	9.00392135500949e-05	0.00702754193725015	0.234300767195727
AT4G11030.1	-6.20063880418953	1.12434411812799	-11.9146340933133	4.3659332113487e-05	0.00497716386093752	0.520422092330088
AT4G11320.1.DE	-6.26699687399207	4.62057868769673	-11.6802841159612	4.84421158526423e-05	0.00506220110660112	0.536544900087505
AT4G11570.1	1.77127329119159	6.95624430584183	7.82848073357005	0.000378901550541309	0.0153602115639699	0.226260158448883
AT4G11680.1	-1.90842112779449	4.1283987564739	-8.67200952330776	0.000225721379903566	0.0116305518879612	0.220066770298767
AT4G11900.1	2.13609410349979	4.71987000739677	9.70553356079585	0.000126758735241773	0.00822183382723359	0.220090331986305
AT4G12020.2	1.49732293383705	5.12537821667806	6.42709247685385	0.0010060211567121	0.029475479684976	0.232970497815212
AT4G12470.1	8.0658322231189	-2.16058257938559	13.2900801244394	2.4594009651321e-05	0.00398619386350428	0.606906214830598
AT4G12530.1	-6.02094570400619	-2.02833972495609	-7.98698758803619	0.000342527853917249	0.0146284775222629	0.753844379703938
AT4G12700.1	-2.14211622196413	3.85844623639697	-7.45217630522702	0.000484969435237751	0.0179926530114834	0.287448408924736
AT4G12740.1	-2.87103698282672	-0.160679091055704	-5.69673144120837	0.0017956167780801	0.0452149285082822	0.503979696507815
AT4G12860.1	-8.45200058062203	-2.00272627780098	-13.8684592422073	1.96447097729694e-05	0.00362271559636817	0.609440488882804
AT4G12960.2	-9.92416010725843	1.05893333430952	-16.1451183149208	8.78119158064808e-06	0.00321356808202016	0.614684879582879
AT4G13510.1.DE	2.26708752638832	4.50525808587581	8.23244665571305	0.000293958630879854	0.0133124794334396	0.275384417439867
AT4G13770.1.DE	3.46491314489295	7.16714701079344	12.6102874984919	3.24197366521792e-05	0.00448393563549625	0.274768766795153
AT4G14090.1.DE	3.00968425427971	2.57408952782959	6.62507892716463	0.000867598132267233	0.0265358062893442	0.454286550751749
AT4G14365.1	2.94751435856322	4.16147163121846	11.2360059671389	5.93172810348709e-05	0.00541630124400933	0.26232758928605
AT4G14400.1.DE	6.11214249484349	7.54017702321142	19.5908173682408	3.13227203203375e-06	0.00307249627407907	0.311990172740422
AT4G14730.1	-8.84812478080164	-1.80164447046097	-15.4846808379642	1.09610674937503e-05	0.00331273503870816	0.571411504918362
AT4G14805.1	-6.00319941464785	-2.41788146251691	-8.94294475984756	0.00019292957583971	0.010428176211336	0.671277702798891
AT4G14815.1	-12.0511109965328	0.591119334526346	-20.2551094155373	2.62089910083294e-06	0.00307249627407907	0.594966472375046
AT4G14960.2	-2.15526604206458	8.55823143514695	-7.60897186888671	0.0004370215272598	0.0168450305896657	0.2832532540799
AT4G15210.1.DE	-4.16920230236432	6.70780272264943	-9.77336717870666	0.000122288014818863	0.00808394087732585	0.426588117086996
AT4G15490.1	1.75462429847961	5.88422896093454	8.31809346170373	0.000278945863412736	0.0130568268257459	0.210940680885332
AT4G15710.1	-5.73614200473945	-2.55083820887895	-7.44777519144581	0.000486401642777099	0.0180102655524355	0.770181947936309
AT4G15950.1	-1.93572805335299	3.67887066082733	-7.43027044802155	0.000492147215202609	0.0181784308205394	0.260519191985591
AT4G16155.1	-1.96933431436582	5.46443788625419	-8.23461416483462	0.000293567186323881	0.0133124794334396	0.239153198309611
AT4G16260.1.DE	7.37115832560015	0.295743806332311	11.3902781683886	5.52429681058217e-05	0.00530163382689034	0.647144715574838
AT4G16807.1	-4.69568757979059	-0.565085819931301	-8.5934347029205	0.000236426994060632	0.0120643373783562	0.546427329946983
AT4G16830.1	1.28887030076405	6.91406444229934	5.89372498887456	0.00152753855994407	0.0399069448785389	0.218685178422309
AT4G16990.2	3.87312742920256	7.07610752196829	12.7229399197288	3.09392985108993e-05	0.00440995821413246	0.304420790606477
AT4G17610.1	-2.5151365224706	3.35143208172899	-9.53392862791999	0.000138954532307755	0.00883018497536781	0.263809036193648
AT4G17900.1	1.31966083571551	4.31189010772341	5.85942435808016	0.0015706841138073	0.0408074146142476	0.225220218756761
AT4G17950.1	-1.18746269601961	4.82608241755954	-5.70461235433347	0.0017838945761628	0.0450403449364058	0.208158350166872
AT4G18197.1	3.21301029110507	3.78652139700565	7.24610285921208	0.000557668992538378	0.0194832979834657	0.443412183560205
AT4G18205.1	5.16459219756929	3.81755879506582	12.5457359559644	3.33056844083357e-05	0.00450704981094097	0.411661158476236
AT4G18590.1	-1.75064091627418	3.80341572304714	-7.41690683272664	0.000496587025579011	0.0182437538108226	0.236033828623758
AT4G18960.1	-8.06774179395019	2.47611349601448	-14.6258053863642	1.48310647320848e-05	0.0035206918450758	0.551610087843221
AT4G19120.1	-1.73531453876129	5.81272239242501	-8.28058616362052	0.000285407002736254	0.0131825781283318	0.209564214956802
AT4G19370.1.DE	4.05416152812305	1.50131294400902	10.2368305173146	9.62501771667733e-05	0.0071588229314975	0.396036792957139
AT4G19400.1	-2.96246769545964	1.847809900462	-7.35209271056223	0.000518796341660527	0.0185523938909401	0.402942102621159
AT4G20040.1	-4.00643423490968	-0.147306469378415	-7.71550939224189	0.00040760000592662	0.0160396571369869	0.519270216810083
AT4G20110.2	4.39107629331039	2.97964672199871	13.9908778293784	1.87537763159061e-05	0.00362271559636817	0.313852808012511
AT4G20160.1.DE	-7.4765563072994	-0.879795988652525	-8.29165375067425	0.000283482379468899	0.0131562450341552	0.901696637620864
AT4G20320.1	-4.52151039668666	6.12604521889974	-7.91660607311373	0.000358149471609646	0.0149738952495546	0.57114252685157
AT4G20430.1	-1.93978717452022	3.90889074309919	-7.89148952525297	0.000363925269102771	0.0150449105754354	0.245807482644798
AT4G20710.1	-7.51497316456757	-2.46971673029977	-12.3116957458658	3.67664608490141e-05	0.00470353793244631	0.610393021374905
AT4G21210.1	1.32637915179505	6.89536935154291	5.6756293613388	0.00182744673080939	0.0458258168262594	0.233697281367607
AT4G21320.1.DE	-2.643702125243	1.35803268881599	-7.19529463243286	0.000577505169436094	0.019968515141715	0.367420968882426
AT4G21690.1	-7.42961313008009	-2.51558288581276	-11.6958827630156	4.81051891803571e-05	0.00506220110660112	0.635233208182782
AT4G21903.2	4.40972504313347	0.441669534825998	7.88104825311389	0.000366358403491476	0.0150802536989408	0.559535343714097
AT4G21960.1.DE	3.16163374167239	10.4594843767702	6.48227860521691	0.000965003410007011	0.0287210666807467	0.487734936157776
AT4G22080.1	-10.3076948819419	-0.278551631666261	-16.4445838265506	7.96404246266283e-06	0.00321356808202016	0.626813970524422
AT4G22130.1	-1.92700758503257	4.69258988829083	-8.23386035546974	0.000293703252301407	0.0133124794334396	0.234034523521214
AT4G22690.1.DE	4.27143294678394	5.94266763093322	17.2205178392161	6.23163407788181e-06	0.00312367903473577	0.248043234626584
AT4G22960.1	-5.36620851950227	2.01853316094835	-8.37607458760488	0.000269292197994445	0.0128563102646587	0.64065911345194
AT4G23215.1	4.2416668514848	-1.17316491891895	6.51648784986923	0.00094055542628929	0.0282244245141482	0.650913030025816
AT4G23560.1	-9.71596037028692	-0.204261140290504	-12.4612568836496	3.45086482667621e-05	0.00460360052409783	0.779693449946868
AT4G23810.1.DE	2.69461321299677	3.28205935529971	8.81080149667383	0.000208169311623338	0.0109990582911095	0.305830657291963
AT4G25000.1.Hnull	1.71888807536362	1.49601687249855	5.62717754011009	0.00190303794622341	0.0471001891690293	0.305461852431618
AT4G25010.1	-6.35725106647848	1.39148576639968	-10.1733301076394	9.94011276245645e-05	0.00724703570006999	0.624893815418874
AT4G25040.1	-11.5089556310632	-0.471236266091819	-20.5203892712007	2.44471755752655e-06	0.00307249627407907	0.56085464456639
AT4G25300.1	1.90930255721852	3.35569980161865	7.67730059066012	0.000417876968443464	0.0163076053452729	0.248694516343583
AT4G25450.1	1.26628628305694	5.83845277773372	5.61862052817585	0.00191676146278831	0.0473775073785126	0.225373163520629
AT4G25780.1	-4.57291445801784	2.0371584857481	-7.95528854491404	0.000349462735989647	0.0147716720538545	0.574826976067561
AT4G26760.1.DE	-3.72017593277021	4.4491952330369	-13.6310944294471	2.15187287518629e-05	0.00380405249445381	0.272918359712449
AT4G26830.1	-4.5928317914354	1.26579714877649	-10.7767643151724	7.37166241664804e-05	0.00624598964221395	0.426179106930013
AT4G26850.1.DE	1.89773803465408	9.43703700026287	6.17811940311742	0.00121826459332016	0.0340498618133019	0.307170825105209
AT4G27250.1	-6.01480289664992	-1.78181904146919	-8.25001634427761	0.000290803140300806	0.0133090196327449	0.729065573406035
AT4G27300.1	5.27442935601031	4.40531239389993	18.1229219544045	4.74687868053861e-06	0.00307249627407907	0.29103636650206
AT4G27310.1.DE	1.63971381693401	6.2017282444072	7.3885210040237	0.000506174068254618	0.0184040967654455	0.221927205193169
AT4G27420.1	-9.6709988535572	0.0163257758520675	-12.1661399763145	3.91329183632942e-05	0.00471429772334183	0.794911029495393
AT4G27840.1	-1.47317318873383	4.14224047822276	-6.0259994977164	0.00137355526874233	0.0370151498639587	0.244469517345977
AT4G28000.1	-7.94967315671608	1.43228429852815	-14.5993782186632	1.49737026903809e-05	0.0035206918450758	0.544521351365058
AT4G28397.1	-10.4739986401671	-0.19571028237459	-17.7358820616606	5.32580717782178e-06	0.00307249627407907	0.590554143501471
AT4G28500.1	-3.58957342014683	1.18764640240251	-7.40920456063031	0.000499167239364741	0.0183027987767072	0.484474870517201
AT4G29030.1	-9.34709094908259	3.1801647710315	-16.988866961106	6.69748410452609e-06	0.00312367903473577	0.550189189807751
AT4G29700.1.DE	-4.95351305046427	4.19093244548367	-11.4996673391162	5.2553186946711e-05	0.00524637493076166	0.430752725656233
AT4G30140.1	-7.34359005052016	0.710910553200326	-12.948290878283	2.82103569138192e-05	0.00420958265282261	0.567147442048658
AT4G31530.2	1.19843374518444	5.45522845934746	5.52774284053109	0.00206981374555783	0.0497231118185732	0.216803454820141
AT4G32280.1.DE	5.90601876731648	1.2781700876209	13.1696145686235	2.58024506051126e-05	0.00401797915644902	0.448457981556081
AT4G32390.1	-1.29357022398507	6.01846896772926	-6.04737137621702	0.00135040533127694	0.0366538589918026	0.213906198827543
AT4G33010.1.DE	2.83672217738689	11.0227982192831	6.43457607527388	0.0010003415259854	0.0293547957937369	0.44085610989783
AT4G33230.1	-6.84013705994209	-0.240740301294519	-12.0821906631571	4.05793793735339e-05	0.00480988971121669	0.566133845313343
AT4G34550.1	1.91717982019511	2.48124314908621	6.05774059897977	0.00133933699546783	0.0364586525104917	0.316484304481113
AT4G34710.1	-1.49451675715034	7.84496149796807	-5.9062502788328	0.00151212757150955	0.0397250274023669	0.253039862280555
AT4G34950.1.DE	3.58810114192427	4.67543297000668	14.5281698457001	1.53661800465243e-05	0.00352485178872101	0.246975440129937
AT4G35090.1.DE	2.85630306806618	9.86203735160313	7.49727713646428	0.000470573503597361	0.0176676399254817	0.380978722818457
AT4G35290.2	1.70177328937354	3.96576958110071	7.05983579027676	0.000634553146895028	0.0212383357528389	0.241049981887303
AT4G35670.1	-8.79684916592856	-1.03220651631038	-15.2559656108459	1.18611296354682e-05	0.00331273503870816	0.576617002838198
AT4G36270.1	-1.76581813915526	2.79219465465243	-6.39608924124591	0.00102995455363139	0.0301297747337582	0.276077783244202
AT4G37840.1	-8.71430179742666	-1.87161303682308	-14.295553680865	1.67356873769442e-05	0.00361837102942898	0.609581272049013
AT4G38190.1	-6.70278992127173	0.515091458016562	-9.83927235014555	0.000118120975107684	0.0078977100113666	0.681228213097748
AT4G38340.1	4.02747049148107	0.495199886531214	7.05431733359734	0.000637013377016018	0.021282809274727	0.57092278402328
AT4G38420.1	2.66756860088332	3.10962175513749	9.47973503517265	0.000143089114926505	0.00899626083842274	0.281396957930348
AT4G38480.1	-2.71503737094524	2.02082561117612	-8.51687554806285	0.000247435496226688	0.012248057063221	0.318783262197928
AT4G38570.1	-1.68109199461735	4.22641029415338	-6.51612042164356	0.000940814150471605	0.0282244245141482	0.257989706426163
AT4G38590.2	-5.76613158322376	-1.14148806238569	-8.55453659404127	0.000241946713435294	0.0121023866759144	0.67404371000531
AT4G38660.1.DE	-4.9865033865715	3.90570809066679	-7.86443183827562	0.000370269940222347	0.0151289455627612	0.634057677542903
AT4G39130.1	-8.1065613615198	-2.17333809811896	-13.5974391137963	2.18011940353027e-05	0.00380405249445381	0.596182949868456
AT4G39630.1	-4.6124706670859	0.72242392620444	-10.4443899171043	8.67405787339605e-05	0.00682673759826693	0.44162183753139
AT4G39790.1	-3.98421405825592	-0.794474788004769	-6.92158224243522	0.000699686092638145	0.0226524877840336	0.57562186198255
AT4G39860.1	-3.05073088928863	4.93592615753844	-9.21202109060876	0.000165763941110148	0.0097134571099124	0.331168465560583
AT4G39970.1	1.18468292733416	6.16644747254691	5.64706390007106	0.00187158224373986	0.0466902679108048	0.209787413122641
AT4G40020.1	-4.661160245989	-0.157192485069417	-7.20107103775564	0.000575208914275985	0.0199315776620113	0.64728708015103
AT5G01220.1.DE	1.99596989109414	5.74056934858988	9.41426915884871	0.000148278098728004	0.0091495122377909	0.212015384032023
AT5G01420.1	-6.78377091499417	-1.65895341127781	-10.9633694531715	6.74175497757359e-05	0.00592581360411959	0.618766971593004
AT5G01500.1	-1.33238643368928	4.28451691857682	-5.77698358077843	0.0016802983943643	0.0431192534761153	0.230637047008839
AT5G01570.1	-3.74851018074154	-1.19285979412713	-5.93581120753322	0.00147646656277323	0.0391452972460071	0.631507649027693
AT5G01740.1.Hnull	-2.35240809198941	-0.111473279822132	-7.17496604057128	0.000585671891086211	0.0201398323059079	0.327863306765158
AT5G02390.1	-5.57110395261271	-0.559461266719441	-7.00665956667592	0.000658730158262029	0.0216943365192457	0.795115546801961
AT5G02420.1	-3.39248761555063	0.935203951551659	-7.32501771103458	0.00052841651022592	0.0187533506393308	0.463137121216799
AT5G02430.1	-2.18096089935826	2.0163079030797	-6.20370522105754	0.00119420006289947	0.0334269392606236	0.351557790327515
AT5G02450.1	-2.69281897668137	6.38398259476229	-10.3511428692949	9.0869152023107e-05	0.00703241892082857	0.260147020544873
AT5G02580.1.Hnull	1.72047571784802	-0.228270999874855	6.10121871543754	0.00129406096760699	0.0354829253654337	0.28198886125731
AT5G03230.1	1.8593508320713	4.23496223666952	8.19653095911126	0.000300534816898021	0.0133322486102629	0.226846069556346
AT5G03300.1.DE	-1.5203224741391	6.35221675432298	-6.31277432041388	0.00109762805984	0.0315211966497564	0.240832698425915
AT5G03620.1	-6.49505041202278	1.40903111854106	-13.8888224499404	1.94931029008182e-05	0.00362271559636817	0.467645866698413
AT5G03680.1	-3.01223604737271	1.34042490346959	-7.76668457755413	0.00039429541373271	0.0158138523077021	0.387840656755667
AT5G03850.1	-2.24574113807194	6.25487901786401	-8.57118167458224	0.000239566433996935	0.0121023866759144	0.262010679896293
AT5G04340.1	3.12138215310199	3.49380557145194	7.04039458280318	0.000643270075402533	0.0213866510199878	0.443353297374306
AT5G04390.1	-2.63299659092597	0.52768774461792	-5.73038888712023	0.00174616929398597	0.0444457975911719	0.459479564614534
AT5G04950.1.DE	4.14291149379507	-0.737960010745479	5.73145428513704	0.00174463005277814	0.0444457975911719	0.722837745480859
AT5G05090.1	2.109691561751	3.21812633921071	8.0512383570349	0.000328960056526498	0.0141595850417927	0.262033176537075
AT5G05810.1	-4.92410740874794	0.721746558981812	-9.99389788650709	0.000108982744238373	0.00767777310533258	0.492711398962366
AT5G06150.1	-5.79261579988091	2.93355793499303	-14.0952088385339	1.80319363317607e-05	0.00362271559636817	0.410963460438051
AT5G06530.2	3.01667546903301	6.91648695148732	12.05568758547	4.10490619623004e-05	0.00480988971121669	0.250228404447776
AT5G06590.1	-3.18628158452098	0.832464327191542	-7.59473411180845	0.000441138884872344	0.0169689620131877	0.419538266595388
AT5G06670.1	-1.4633458295483	3.81456974008832	-6.31843292605199	0.00109287115021515	0.0314807141432572	0.231599487827856
AT5G06690.2	1.89551195366871	3.54353592773056	6.97427809896699	0.00067397958370021	0.0220863344414651	0.271786115605208
AT5G07100.1	6.20528391837804	0.972532727539562	11.457400087022	5.35737942074844e-05	0.00524637493076166	0.541596162414446
AT5G07180.1	-3.19191754155456	4.26668922876945	-11.7869881756854	4.61916170515933e-05	0.00500775600658274	0.270800097020456
AT5G07280.1	-5.10146516622118	3.4386250268213	-15.323633034969	1.15860355092397e-05	0.00331273503870816	0.332914861285146
AT5G07810.1	-2.81801764324287	2.2977468494304	-7.78554952183816	0.000389519631605506	0.0157228847006428	0.361954880042628
AT5G08415.1	-1.2160206835255	4.7485186304202	-5.56112589522661	0.00201200182348211	0.0490015683887505	0.21866447666097
AT5G08480.2	-4.18643452890476	1.0620765917314	-9.97964209769147	0.000109789563656494	0.00768048222887289	0.419497461724924
AT5G09560.1	-4.69567930423448	-1.92300117725353	-6.87352390797062	0.000724133206724756	0.0232836677239191	0.683154575019273
AT5G10110.1	-1.7052432385418	2.96328893403802	-6.12503479834801	0.00127001534909717	0.035079278585195	0.2784054776312
AT5G10180.1.DE	2.58238135369995	5.85023153257394	8.23338409322386	0.00029378925789353	0.0133124794334396	0.313647623438978
AT5G10190.1	1.58050020667721	4.06677176676959	6.11754275442594	0.00127752314988873	0.0351833242304641	0.258355400219107
AT5G10200.1.DE	-2.47491327824205	4.07789874628582	-10.8848450948748	6.9987753924361e-05	0.00598411832803757	0.227372393145712
AT5G10390.1	-3.99737040241978	3.47449340549051	-12.2593321298399	3.75978274005154e-05	0.00470353793244631	0.326067550832556
AT5G10510.3	-3.76935060726692	1.56434372186629	-10.0095123266447	0.000108107021620821	0.00764910918838282	0.376576848527687
AT5G10660.2	-5.03323998212129	0.795495715477359	-10.1746297788565	9.9335431091729e-05	0.00724703570006999	0.494685319418766
AT5G11060.1	2.41162903317626	6.10261013527457	10.223985181857	9.68779798088773e-05	0.00717431023702749	0.235879550907001
AT5G11670.1.DE	2.40281699623523	7.77159163976469	9.44596098633171	0.000145738991442241	0.00904736115190942	0.254375070965474
AT5G11920.1.Hnull	1.86150944763862	0.541297403165744	5.54023922222519	0.00204795035949564	0.0494505086805044	0.335998026975262
AT5G12280.1	-3.9321392459076	-0.521575823200055	-5.89052915167098	0.00153149983942329	0.0399549403322499	0.667535826521147
AT5G12920.2	-3.9727258039418	0.439028836560771	-7.90551604932634	0.000360686392087209	0.0149738952495546	0.502525803395255
AT5G13140.1	-2.86049548947013	5.09871626208656	-6.31070485431858	0.00109937377384001	0.031523202265138	0.453276702920533
AT5G13400.1	-2.18729764697053	5.38899050667826	-7.34804105853192	0.000520222843691019	0.0185681056732981	0.297670852618716
AT5G14345.1	-7.24215043732553	-2.61016049195939	-11.2565980950696	5.87534574555534e-05	0.00539098797433639	0.643369371115559
AT5G14520.1.DE	-1.63317866106139	5.63814891600675	-5.52921986372018	0.00206721554210166	0.0497231118185732	0.295372349321366
AT5G14570.1	2.34648559564705	1.98419920752138	6.61428945199166	0.000874544240176472	0.0267048330482459	0.354760040769079
AT5G14580.1	-2.18921239475784	2.3263906053324	-6.24890801625824	0.00115302321793706	0.0325651152093034	0.35033519281481
AT5G14700.1	-1.39204978514743	5.11130556560619	-5.67420286853202	0.0018296219264498	0.0458258168262594	0.245329576224258
AT5G14780.1.DE	2.35552580083718	7.31076116542004	7.35927125264051	0.000516280142896786	0.0184975799769306	0.320075958606909
AT5G14930.2	2.03673783001611	3.57403794430242	8.46442393035222	0.000255325236685814	0.0124744615637926	0.240623324962808
AT5G15150.1	-4.213632967759	0.881077560327894	-9.09366072951185	0.00017711968152565	0.00996048232966312	0.463359376723216
AT5G15210.1	-2.07991734349649	4.64060747352817	-7.52772591542977	0.000461136926817535	0.0173838133881781	0.276300886464693
AT5G15230.1	-5.00133173898621	6.06659720184814	-11.6847363930875	4.83456649897036e-05	0.00506220110660112	0.428022641738407
AT5G16130.1	-2.47867661158445	6.96787513538001	-9.71980053200779	0.000125802690364655	0.00818805745937427	0.255013115075978
AT5G16360.1	-2.90117859295819	1.40673211933455	-7.90489587027612	0.000360828882803113	0.0149738952495546	0.36701034910114
AT5G16500.1	-7.29431181454697	1.31634905539591	-14.0856153415576	1.80969250254495e-05	0.00362271559636817	0.517855389180348
AT5G16510.1	-1.96133246588498	5.45505596335824	-8.2769210091291	0.000286047737420866	0.0131825781283318	0.236964018832813
AT5G16930.1	-1.90315285277414	2.66901716012971	-5.54442496661838	0.00204068696090178	0.0493384598130623	0.343255227409976
AT5G16960.1	-9.51732245058405	2.85335349824723	-20.0224521417949	2.78788993475404e-06	0.00307249627407907	0.475332510882498
AT5G17340.1.DE	-10.8068960879595	-0.822250459568399	-19.4089474045275	3.29230161836289e-06	0.00307249627407907	0.556799699783747
AT5G17450.1.DE	1.96214035446677	2.26302411669245	6.15449447020837	0.00124098702347561	0.0346334805809735	0.3188142200736
AT5G17480.1	-10.3686744240596	-1.042752574009	-16.9309203478325	6.82037650992247e-06	0.00312367903473577	0.612410560739955
AT5G18310.2	1.61564122758928	5.02750513480688	6.30268805531705	0.00110616698664215	0.0316697123572889	0.256341613833529
AT5G18470.1.DE	2.63316598609353	2.79599835303987	9.11012742247017	0.000175486330372351	0.00995238044214259	0.289037229007228
AT5G18700.1	-1.61418387830889	4.77567802799524	-5.91407529012802	0.00150259139307603	0.0395297120332311	0.272939352159303
AT5G18760.1	1.58153415171396	4.60513333792337	7.36798651141343	0.000513244455643729	0.0184944984878516	0.214649436350632
AT5G18800.1	-1.28906854014617	5.24577153518452	-5.65045754756528	0.00186627466824951	0.0466196899200177	0.228135249100599
AT5G19360.1	-7.00388548813893	-0.769571983404862	-12.2035181410147	3.85084976925429e-05	0.00470353793244631	0.573923470855478
AT5G20100.1	-5.99349106155139	-1.79333432933279	-8.44705950571189	0.000258001948354893	0.0124972328193093	0.709535792603165
AT5G20230.1.DE	-2.66712748002395	5.00706232113111	-9.23805490143979	0.000163382294093153	0.00966421682984971	0.288710936282514
AT5G20710.1	-8.49614001629083	2.95087811459308	-18.210855639338	4.62592059164095e-06	0.00307249627407907	0.466542604288071
AT5G20740.1	-8.58697038742853	2.81338666375062	-17.8931832632036	5.08097462167429e-06	0.00307249627407907	0.479901773827309
AT5G20790.1.DE	-2.75906320440261	0.721000357320169	-6.65186441433747	0.000850630280946075	0.0262264038317031	0.414780433355753
AT5G22260.1	-8.93159362342407	-0.963817717171703	-13.9015287595756	1.9399202423175e-05	0.00362271559636817	0.642490029542387
AT5G22430.1	-10.6630251335498	4.66872843313102	-21.1910953659378	2.05822180419176e-06	0.00307249627407907	0.503184236086701
AT5G22800.1.DE	1.31675921067999	6.82622188363607	5.91830889824098	0.00149746110551635	0.0395008546887553	0.222489098375949
AT5G23010.1.DE	5.44080533285705	5.56138136918992	16.584003781288	7.61444760810592e-06	0.00318283910018827	0.328075500018638
AT5G23240.1	3.63974237801696	1.66091012130836	6.6032766757438	0.00088170106252756	0.0268797357960185	0.551202464586565
AT5G23740.1	-2.22853760305376	6.49044701900285	-9.28864476120237	0.000158868184264629	0.00949476227112044	0.239920640776587
AT5G23960.1	-9.06938695671481	0.0452528461579698	-11.4793173592662	5.30416810525298e-05	0.00524637493076166	0.790063265338154
AT5G23970.1	-8.99964639532685	0.651964307699613	-14.9311900797895	1.3293881619544e-05	0.00341344087461621	0.602741398859327
AT5G23980.1	4.86790984766846	0.220900579307002	9.02444306958732	0.000184183728886506	0.0101005712546798	0.539413879630255
AT5G24460.1	1.80223954310027	4.2245379178654	7.25248721518886	0.0005552332165705	0.0194486718876929	0.248499513287779
AT5G25530.1	-7.38126412570324	-1.73477661317056	-11.8869009389796	4.41953048149148e-05	0.00497877907202506	0.620957822698645
AT5G26660.1.DE	-3.73509224264168	0.799197032487748	-5.97604410699515	0.00142948900522215	0.0382484895991873	0.625010822505416
AT5G27850.1.DE	-2.37138327302111	7.74811432041255	-7.32877473656701	0.000527069193793275	0.0187533506393308	0.323571587101602
AT5G28237.1	-4.47863500604594	1.92325192462625	-11.609644501983	5.00031675997119e-05	0.00513966985000318	0.385768488025706
AT5G28913.1	-2.49461133277422	2.92031814492618	-9.47495398523042	0.000143460768641515	0.00899626083842274	0.263284796597727
AT5G34940.2	-2.44435119634716	3.17440045852738	-8.52403301516914	0.000246381201816751	0.0122280485651005	0.286759940042145
AT5G35370.1	3.68162899837632	2.33545764152801	10.1297641515471	0.000101633197550523	0.00738116002287772	0.363446665025662
AT5G36110.1	-5.90683800123255	-2.08419682397912	-7.73435899696153	0.000402639205091231	0.0159708824561958	0.763713968223233
AT5G38250.1	8.19218442646531	-1.30052766523694	14.173918574162	1.75090136444828e-05	0.00362271559636817	0.577975976340027
AT5G39670.1.DE	4.21624231319371	1.81703017748659	11.4584620937248	5.35478659448684e-05	0.00524637493076166	0.367958830662163
AT5G39860.1	-2.04766522646434	2.93519134738174	-7.29114579378976	0.000540746968863435	0.0190476600829985	0.280842721346821
AT5G40645.1	-6.13207136209667	-2.3597332277776	-9.92641028331933	0.000112865022940336	0.0077765241080869	0.617753164243192
AT5G40730.1	-6.00803203777621	1.71552170113082	-14.2196341661785	1.72135153531058e-05	0.00362271559636817	0.422516639145776
AT5G41400.1	3.0704406748848	3.92871517902487	12.5704290119901	3.29634487068226e-05	0.00449306137808213	0.244259020273381
AT5G41780.1	-5.23781396551246	0.737586972542557	-10.8753046386682	7.03078229928922e-05	0.00598411832803757	0.481624574164931
AT5G42270.1	1.66642705493504	8.85009596410711	5.86230090673719	0.0015670119329577	0.0407683187537128	0.284261603327102
AT5G42340.1	-8.71392303738311	-1.07212066260141	-13.9745214519707	1.88700106121307e-05	0.00362271559636817	0.623557884778535
AT5G42800.1.Hnull	3.00882338452964	1.34114883625198	5.60275682909793	0.00194250782391397	0.0478880369171977	0.537025517313781
AT5G42930.1	-5.78552867408892	-2.52634420349255	-8.67125159011743	0.000225821893771391	0.0116305518879612	0.667208028040918
AT5G43530.1	-5.35703409774473	-1.34478933418304	-8.121412726472	0.000314854924244789	0.0138051774476561	0.65961850212135
AT5G44540.1	-9.69505638536688	1.87161703915406	-18.2473949183089	4.57673265054363e-06	0.00307249627407907	0.531311808001653
AT5G44568.1.DE	4.61050417889719	1.27853061142847	10.1794546620653	9.90919865992954e-05	0.00724703570006999	0.452922512251926
AT5G44620.1	-11.1606273513676	1.30801020173568	-17.7947804686734	5.23253485202574e-06	0.00307249627407907	0.627185447497662
AT5G44630.1.DE	-10.1273609974102	1.58409298042741	-15.0225692190749	1.28710348183785e-05	0.00341344087461621	0.674143074311881
AT5G45040.1	-2.26254694223947	2.41938810900829	-7.47364359913043	0.00047805388589684	0.0178729850507843	0.302736799290606
AT5G45400.1	-1.93263481149471	2.8650427301173	-7.39397051918274	0.000504316872726416	0.0183842415752081	0.26137983732566
AT5G45660.1	-1.90347458688473	2.6245985073369	-6.88490576838229	0.000718254364769764	0.0231341859611631	0.276470681069609
AT5G45800.1	1.72637524487722	6.11073923969334	7.55492653070116	0.000452893800734731	0.0171752669189925	0.228509865431743
AT5G46260.1	3.75645838675927	3.26822897065427	12.1533998611792	3.93484711623959e-05	0.00471429772334183	0.309087039813301
AT5G46290.3.DE	-1.73262833772655	6.7031453427634	-7.50986639277689	0.000466644745360521	0.0175551753204628	0.230713603559315
AT5G46330.1	1.61575015629461	4.97145196024635	7.65670036629267	0.000423543528628634	0.0164604416807947	0.211024341948612
AT5G46450.1	2.56645571418746	4.91552814702959	10.6452134041304	7.85755700643641e-05	0.00645417673760126	0.241090114096883
AT5G46540.1	-6.90878626569759	-0.88574190507621	-6.76001245306215	0.000785943195684993	0.0248046837430113	1.02200791990672
AT5G46780.1	3.75292977237147	2.68126203406836	10.7580684114334	7.43851399208619e-05	0.00624635929424738	0.348847918496498
AT5G46880.1	-1.91649572309942	3.05210768005922	-5.79624615944825	0.00165391229942824	0.0426165621263632	0.33064429466568
AT5G46915.1	-3.42334411308583	-0.14147643693612	-6.48553228609147	0.000962646532325438	0.0286963253138534	0.527843199613292
AT5G46970.1.DE	-8.2090593210682	-2.12777228436799	-12.7223316581386	3.09470751868944e-05	0.00440995821413246	0.645248020697276
AT5G47200.1	-1.27475581206753	6.50373304751616	-5.71301248927726	0.0017714976592017	0.0448860582759718	0.223131984125734
AT5G47220.1.DE	3.71529271972975	3.35249202536978	13.5582452888496	2.21356775847884e-05	0.00380405249445381	0.274024598358995
AT5G47550.1	-2.39216049753957	3.9871043688804	-5.90183842804384	0.0015175351797315	0.0397560400149715	0.405324633451961
AT5G48210.1	-10.3559337837398	0.905605582819494	-16.9023753834124	6.88189322979941e-06	0.00312367903473577	0.612691030037284
AT5G48390.1	-4.05893809365084	-1.38896278465378	-6.52277469251071	0.000936141373447784	0.0281741107752845	0.62227169954394
AT5G48470.1	-1.68265018250585	3.15150832743693	-6.13652938047576	0.00125859610411678	0.0349541975709626	0.274202253126896
AT5G48500.1	-2.27806704711587	3.96170020830902	-9.59538074113218	0.000134434943344795	0.00860109280379456	0.237412887364705
AT5G48580.1	-2.01237294389195	5.40465104096519	-7.42515102609335	0.000493842538505883	0.0181784308205394	0.271021146481748
AT5G48880.2	-1.59436122905492	7.54203118864802	-5.94897527281859	0.00146090097624047	0.0389228716190981	0.268006027246356
AT5G49340.1	-6.68483279103935	-2.88736548620453	-10.3352176267474	9.15971629772993e-05	0.00703241892082857	0.646801357500114
AT5G50375.2	-2.18230079631838	3.9510572127307	-8.97929021329632	0.000188970298322258	0.0102436060848463	0.243037115905541
AT5G50740.3	-2.65285605320931	4.01885180778488	-8.99666938509811	0.000187110869540657	0.0102312658606388	0.294870906071468
AT5G51910.1	-3.06829286521747	1.9220461262119	-9.05495951337474	0.000181029321706257	0.0100447243106038	0.338852190414039
AT5G51950.1	-7.52894071845173	3.59554330122007	-17.032974967755	6.60569238925461e-06	0.00312367903473577	0.442021474974556
AT5G52160.1	-9.74425495748509	2.05998808394761	-15.2442538715448	1.19095220341359e-05	0.00331273503870816	0.639208388917865
AT5G52740.1.Hnull	1.90552442342058	-0.361653503357472	6.36985113280566	0.00105072869712934	0.0305474602673925	0.299147402928595
AT5G53550.1	2.44490437219281	5.67491875160112	10.8951523845644	6.96438852347251e-05	0.00598411832803757	0.224402953340661
AT5G53660.1	-4.25650775543612	0.895010877502753	-9.85409306752644	0.000117207031329134	0.00787380092607503	0.431953273250806
AT5G53730.1	2.45622095494239	1.81113005845508	6.32540075066157	0.00108704657731489	0.0314091338237989	0.388310725559246
AT5G54490.1.DE	2.77887501243125	1.08976905949277	6.14741778005753	0.00124788905485206	0.0347745083285441	0.452039394727008
AT5G54670.1	-3.11166650513444	4.35915582069276	-13.5093181489075	2.256176410466e-05	0.00380405249445381	0.230334830435988
AT5G54960.1	2.48792831056655	5.66031486576823	6.82087373633671	0.000752069065303761	0.0239364113677897	0.364752142722223
AT5G55050.1	1.51669993516214	3.51966685581952	6.02838076194656	0.00137095318757851	0.0369980336561717	0.251593254483215
AT5G55400.1.DE	-2.2144086489332	4.30451479306579	-9.31801240554086	0.000156314980810961	0.00948251322463815	0.237648175657765
AT5G55490.1	-2.71281913859082	1.3553630344439	-7.04895111987133	0.000639416426039139	0.0213252180386458	0.38485429852723
AT5G55520.1	-6.71776614344107	1.71420139201035	-13.2481970504435	2.50064261506382e-05	0.00398619386350428	0.507070216261329
AT5G56360.1	-1.87293393099367	5.88714066636752	-6.91430220522391	0.000703326767728454	0.0227312311013268	0.270878228258324
AT5G56530.1	-2.75981367313293	3.91717732564637	-11.2149372132552	5.9900764466321e-05	0.00541698740197836	0.246083738201499
AT5G56740.1.DE	-1.24452189030313	4.6045242021981	-5.89857062917428	0.00152155500177927	0.0398059104081614	0.210987028645165
AT5G57700.3	-1.93841664664232	3.6641394524854	-7.73262082257077	0.000403093684070175	0.0159708824561958	0.250680421440589
AT5G57930.2	1.63152212972263	6.648023826998	7.07254494035202	0.000628929266788023	0.0210876283570102	0.230683883026896
AT5G57960.1	1.15419280517863	5.62404192822606	5.55889475523735	0.00201580681921743	0.0490015683887505	0.207629907742218
AT5G58260.1	1.82054030739729	5.76307971319258	8.42997570984784	0.000260667581482409	0.012508054101235	0.215960326584399
AT5G58530.1	-1.55576493299328	3.48350637568227	-6.54829220087026	0.000918471375847674	0.0276866131084852	0.237583309551538
AT5G58660.1	-3.07231315879643	-0.166499690223316	-6.03905251368851	0.00135936197558483	0.0368438022489204	0.50874092447988
AT5G58770.1.DE	3.13212986013537	4.61262033615316	11.1774458194885	6.09558702765422e-05	0.0054860283248888	0.280218746815515
AT5G59670.1	2.53151929484577	6.54022882037742	8.09618250214142	0.00031984304954626	0.01394381272609	0.312680611408672
AT5G60330.1	-5.02137922847324	-1.39546411462901	-8.09323818100914	0.000320431168558674	0.01394381272609	0.620441301265043
AT5G60510.1	-10.8587694600504	0.363422286842009	-14.4014039692948	1.60953588125588e-05	0.00354974270333401	0.754007698360685
AT5G60900.1	4.54333144250933	4.44930819634694	15.3991263531203	1.12879725445195e-05	0.00331273503870816	0.295038259854835
AT5G61160.1.DE	6.77982605941549	-2.00683832991595	7.88066457285875	0.000366448175016864	0.0150802536989408	0.860311461899471
AT5G61630.1	-8.53124731483505	-1.96507012801478	-13.5443200449858	2.22559725967375e-05	0.00380405249445381	0.62987638260906
AT5G62080.1	-9.97988283708987	1.74716569937029	-17.4405210514146	5.82427788177932e-06	0.00312367903473577	0.572223892145722
AT5G62250.1	-5.13756838894116	-1.09219625456319	-8.20203820868131	0.000299515325429579	0.0133322486102629	0.626377036808167
AT5G62360.1	-4.08753913724063	2.58704827942251	-12.3202205687197	3.66331750280984e-05	0.00470353793244631	0.331774834260568
AT5G62370.1	-2.62522044976453	1.05287019118151	-5.63535805995793	0.00189002460339971	0.0470256121560167	0.465848029855999
AT5G62580.1	-2.38602137432583	4.03365452192984	-6.37921160080211	0.0010432620035914	0.0303773348104556	0.374030761736422
AT5G62750.1	-8.31343649787816	0.919674532116833	-14.9391213448807	1.32565369182838e-05	0.00341344087461621	0.556487647831241
AT5G62960.1	-3.1689321947086	3.59287721793243	-12.3255732962539	3.65497762035877e-05	0.00470353793244631	0.257102214926726
AT5G63510.2	-1.27732756635222	5.66769718523128	-5.63728703278204	0.00188697109298457	0.0470118228596554	0.226585511598804
AT5G63650.1	-3.83381782478282	3.16148887782893	-12.5857660564442	3.27529715648721e-05	0.00449306137808213	0.304615373239027
AT5G64630.2	-3.14704996311345	2.01545829828801	-9.65773977795423	0.000130024282696628	0.00840466239698823	0.325857813056553
AT5G64710.1	-3.6296634419375	1.01479194210701	-7.31363724096992	0.000532522331428811	0.0188284681469472	0.49628704874842
AT5G64770.1.DE	5.1087685499728	4.28033064866684	17.3207902672568	6.04192827189856e-06	0.00312367903473577	0.294950084329029
AT5G65090.1	-3.1929309870152	1.19254460835051	-7.55880742247147	0.000451731808780045	0.0171752669189925	0.42241200344951
AT5G65120.1	-2.04821786154438	2.81514796270973	-6.5762889922817	0.0008995300196298	0.0273346682863272	0.311454965550979
AT5G65350.1.DE	-4.22531485579561	0.497294132668684	-9.0756009978864	0.00017893162260675	0.00998725169505333	0.465568600556551
AT5G65360.1	-3.89927592943158	5.50631049846008	-16.376890843615	8.14060678625363e-06	0.00321356808202016	0.238096227584726
AT5G65420.3	-4.26163976895022	0.60772841259146	-9.47469370372382	0.000143481034105626	0.00899626083842274	0.449791824644978
AT5G65810.1	-1.60133791956414	4.76367916292413	-7.38270126099895	0.000508166276432834	0.0184173557990397	0.216904065727761
AT5G65920.1	-1.56628390340939	3.23282090433522	-5.83297306966235	0.00160492407582961	0.041467887179059	0.268522395818305
AT5G66170.2.DE	-2.99582552118822	3.28519424208737	-9.59946145426769	0.000134140989733123	0.00860109280379456	0.312082665830837
AT5G66800.1	-2.34468364631563	2.5073257033511	-6.74022289310162	0.000797338909098058	0.0249549831616214	0.347864407973114
AT5G66940.1	-8.02333051049813	-2.21607224583259	-13.2542232167784	2.49465875759787e-05	0.00398619386350428	0.605341435652107
AT5G67260.1.DE	-2.78143301317788	5.3795512570236	-12.2247626758367	3.81588350449166e-05	0.00470353793244631	0.227524499815086
AT5G67265.1	-6.80449162525416	-2.02535885062685	-11.3460555745275	5.63761988131989e-05	0.00534214485358149	0.599723100293165
