baseMean	baseMeanA	baseMeanB	foldChange	log2FoldChange	pvalue	padj	dispersion
AT1G01150.1	45.6204211306158	89.2335328183152	2.00730944291641	0.0224950125756359	-5.47425101633176	9.0774641706709e-05	0.00680355399072951	0.086934338086267
AT1G01370.1	240.773614717164	470.959152142445	10.5880772918826	0.0224819440151365	-5.47508939888957	4.08153998977881e-06	0.000472559316443713	0.13069556230173
AT1G02310.1	35.4461362627102	69.8886178039621	1.00365472145821	0.0143607750874894	-6.12172257259842	9.17670494580833e-05	0.00685093677429691	0.152269375867254
AT1G02510.1	69.2320224942544	138.464044988509	0	0	-Inf	1.25686838341866e-07	2.54390160803937e-05	0.00613307243164172
AT1G02520.1	451.07107720905	885.549556896601	16.5925975215003	0.0187370626435056	-5.73796138628655	1.06046029325645e-06	0.000150134803383105	0.119576820575425
AT1G02730.1	2324.7993502072	4536.17563056633	113.423069848071	0.0250041178043872	-5.3216904850167	2.55490301979313e-06	0.000315883122682477	0.00281417942743848
AT1G03920.1	217.852699354791	400.788659262315	34.9167394472667	0.0871200784761072	-3.52085093616711	0.000988504266497453	0.049378227747306	0.000663739488274437
AT1G04580.1	540.040754839029	1075.59735804894	4.4841516291221	0.00416898721028477	-7.90608733844216	1.9839653947418e-09	7.52914867304515e-07	0.286363302566816
AT1G04760.1	189.676392540698	368.911294358404	10.4414907229917	0.028303526844173	-5.14287435425917	1.21811107515856e-05	0.00123731104154768	0.020155397310821
AT1G05020.1	98.1792256376714	188.522981208316	7.83547006702665	0.0415624133291661	-4.58857676274782	0.000136075716429702	0.00953367404032098	0.0417203728677864
AT1G05577.1	125.135902098848	248.13531628502	2.13648791267575	0.00861017264556441	-6.85974211877023	3.30580124535195e-07	5.57578476716029e-05	0.121199465341533
AT1G06080.1	627.670029684862	1245.47987176065	9.86018760907464	0.0079167779685881	-6.98087089407107	2.34810156335542e-08	5.99621748758163e-06	0.0508487898287247
AT1G06990.1	481.932985992202	963.396439241114	0.469532743289269	0.0004873723050701	-11.0026881073007	1.13334924253242e-11	1.23870538811824e-08	0.0769497538270452
AT1G08135.1	36.3279854456291	72.6559708912581	0	0	-Inf	6.27421401379806e-06	0.000691276708520234	0.413174835848318
AT1G08140.1	284.46381546127	563.973946550128	4.95368437241137	0.00878353406697851	-6.83098275776524	7.4139058644188e-06	0.000797549463934565	0.588011820656555
AT1G09200.1	3017.02949965509	5727.43443122896	306.624568081216	0.0535361114584462	-4.22334383569235	8.05590763555672e-05	0.00618313539983011	0.393840406685118
AT1G09380.1.DE	305.287262779353	610.040403580538	0.534121978168939	0.000875551807772063	-10.1575198318393	1.43597096187792e-10	1.12104201606721e-07	0.231709450519366
AT1G09460.1	181.116947662278	353.735124809601	8.49877051495493	0.0240258032603616	-5.37927152400493	7.5184752527618e-06	0.000805626736495935	0.214501278259866
AT1G09600.1	193.150428554343	376.182312560093	10.1185445485933	0.0268979806087426	-5.2163583246178	1.23780700674213e-05	0.00125266069082304	0.161493925628386
AT1G10640.1	2079.04159360001	4047.11450827738	110.968678922643	0.0274192090922271	-5.18866923263199	4.59891268237293e-06	0.000523586208888159	0.0518871412659808
AT1G10780.1	280.685703544782	548.048130671958	13.323276417607	0.0243104130311901	-5.36228178497296	4.4378547714865e-06	0.000509495562084441	0.0897814055202851
AT1G11620.1	21.7729795373215	43.5459590746429	0	0	-Inf	9.42613301830828e-05	0.00697993654721559	0.223143375689461
AT1G11920.1	50.2924787425957	100.584957485191	0	0	-Inf	8.65307575220973e-07	0.000127803590191016	0.051065640896717
AT1G12890.1	41.9003308144783	82.861596142378	0.939065486578538	0.0113329398695745	-6.46333403160945	3.2182607386195e-05	0.00288313955482096	0.107021402849575
AT1G13140.1	2523.37719940039	5017.24346837008	29.5109304306976	0.00588190121064319	-7.40950173098999	2.20753671432705e-09	8.26284016195513e-07	-0.000393481292767412
AT1G13245.1	1407.05600023989	236.925000708134	2577.18699977165	10.877649011581	3.44329487520377	0.000854093799810748	0.0438670281692272	-0.000661980751332778
AT1G13260.1	2342.21706640245	198.772707338855	4485.66142546604	22.5667873900774	4.4961291458365	3.19597408368937e-05	0.0028725919691687	0.000270161360750831
AT1G13710.1	418.702001611712	835.332104545628	2.07189867779609	0.00248032928044	-8.65525262383892	5.1625255020917e-10	2.87879279222762e-07	0.331766844904819
AT1G13970.1	1131.03510105813	2147.00767152123	115.062530595032	0.0535920444632162	-4.22183733583259	7.74586519690383e-05	0.0059787576452034	0.000789969180541743
AT1G14040.1	396.593830838251	754.320892578281	38.8667690982198	0.0515255105362024	-4.27856929511648	8.35548910517397e-05	0.00637724537178139	0.0143422227016335
AT1G14370.1	862.028378751331	41.1752394190722	1682.88151808359	40.8712017665667	5.35301275951278	0.000536701974069672	0.0298673008950707	0.72302749509424
AT1G14630.1	137.688934072891	259.513160307091	15.8647078386923	0.0611325753958646	-4.03191484347063	0.000341175403342185	0.0207623089552826	0.0491856245001129
AT1G15320.1	39.4338611075748	77.4591239852819	1.40859822986781	0.0181850524172654	-5.78110310549784	0.000105224475044885	0.00768757635327922	-0.0118259116546977
AT1G16630.1.DE	508.316462768456	999.21303289946	17.419892637451	0.0174336123167879	-5.84198465693996	7.72861561031732e-07	0.000117507393595177	0.00273513958492155
AT1G17190.1	500.405814094516	920.273258470341	80.5383697186903	0.0875157122924114	-3.51431413270008	0.0008139438350101	0.0421215934617727	0.0117483265894485
AT1G18370.1	1050.59972958621	2079.27800680672	21.9214523657047	0.0105428193314904	-6.56759546970091	5.53990271310019e-08	1.25785826937657e-05	0.0705604521320786
AT1G18410.1	165.112704519597	325.418311235674	4.80709780352045	0.0147720568804718	-6.08098546694549	1.09216068015771e-06	0.000153825765075408	0.120057886260025
AT1G18710.1	563.04145539402	88.7752542244701	1037.30765656357	11.6846486740631	3.54654245170329	0.000702619248086214	0.0372061401835421	0.151313805764221
AT1G19020.1	114.359923842137	12.7526798036058	215.967167880669	16.9350419838506	4.08193965832516	0.000415502670246205	0.0242589635936054	-0.00329333234294809
AT1G20130.1	11197.1762920842	22386.1295786922	8.22300547630467	0.000367325912565591	-11.4106517067	0.00022553599325038	0.0147782865217587	1.6763695904706
AT1G20135.1	240.91290511976	481.825810239519	0	0	-Inf	7.7728710839234e-11	6.56871311106326e-08	0.143608315982221
AT1G20180.1	31.1879228642282	61.4367802418778	0.939065486578538	0.015285070000111	-6.03173303051146	0.000297098738721372	0.0186190961853733	0.590136698375435
AT1G20480.1	166.717385649403	310.656250780534	22.778520518272	0.0733238763457686	-3.76957313225221	0.000751952859984658	0.0391359237070872	0.258476698029966
AT1G21270.1	3489.26771726701	463.239142143978	6515.29629239004	14.0646497665023	3.81400172244781	0.000234436097494376	0.015288143026101	0.0298179384072377
AT1G21810.1	243.539922865174	465.873918109966	21.2059276203817	0.0455185980499045	-4.45740006573298	6.01768759157697e-05	0.00483609693388968	0.188246725227536
AT1G22350.1.DE	450.244867441312	41.2545661054172	859.235168777207	20.8276380020969	4.38042733196735	5.59153405890922e-05	0.00456068885449658	0.0446153571166927
AT1G22380.1	374.701953291947	746.927064397689	2.47684218620568	0.00331604289664209	-8.23632161486928	1.29118732182804e-06	0.000177288454179042	0.635173846859674
AT1G23130.1	22335.0774962123	1428.82095382973	43241.3340385949	30.2636477458518	4.91951398421605	8.18767687008678e-06	0.000870506158748059	0.328720591884169
AT1G23350.1	196.184436036734	389.357907909094	3.01096416437462	0.00773315271941932	-7.01472758003626	9.71091754760139e-08	2.05690783775706e-05	0.00591098635515125
AT1G23640.1	165.264982311673	330.529964623346	0	0	-Inf	7.79602643040791e-10	3.87306593062665e-07	0.129531070748595
AT1G23770.1	25.1440206031744	50.2880412063488	0	0	-Inf	4.16054850598573e-05	0.00356372499616157	0.474699848824293
AT1G24020.1	20269.7398446851	39939.1741019253	600.305587445001	0.0150304957712198	-6.05596359336914	1.78802702686777e-07	3.35522410421741e-05	0.149111147720698
AT1G24030.1	278.555830069913	518.550429116873	38.5612310229531	0.0743635119319551	-3.74926128440203	0.000490352087613679	0.0276255266844457	0.0275183484130334
AT1G24260.2	4349.4776567437	8684.90414738699	14.0511661004149	0.00161788384327102	-9.27167625214291	4.16964459607646e-12	6.08339373399694e-09	0.0604418878607808
AT1G24625.1	239.68422305794	37.1740223987057	442.194423717175	11.895253598722	3.572314124256	0.000965580702956566	0.0484227756846663	-0.00117469633331302
AT1G25340.1	29.8203657605559	58.572487564774	1.06824395633788	0.0182379817001375	-5.77691010678045	0.000240297226183825	0.0156330509720163	0.41403350791157
AT1G26515.1	23.2888557880842	46.5777115761683	0	0	-Inf	7.03904600894737e-05	0.00554279230975441	-0.0417532928231092
AT1G26540.1	258.502397668531	510.918277773434	6.08651756362891	0.0119128984583479	-6.39133172008705	2.6671789050325e-07	4.64191059879668e-05	-0.00276351222843551
AT1G26820.1	596.344787600556	1107.40365375213	85.2859214489778	0.0770143038268022	-3.69872976807742	0.000489358590306499	0.0276255266844457	0.0410471455784569
AT1G27710.1	2371.73154300617	4739.31928865674	4.14379735559217	0.000874344415981865	-10.1595106909552	5.17051728684109e-13	1.92825738169259e-09	0.00543762964212616
AT1G28270.1	987.007089388751	1966.58365221889	7.43052655861705	0.00377839333212865	-8.04801139003636	5.2764277218996e-10	2.88346222146369e-07	0.126681209545086
AT1G30050.1	65.755201076481	131.510402152962	0	0	-Inf	1.58372337231201e-07	3.04744066373615e-05	0.0649909040216687
AT1G31040.1	128.446213720938	250.999677582886	5.89274985898991	0.0234771212287473	-5.41260067415608	1.12939421970576e-05	0.00115578905090787	0.00528966937066999
AT1G32250.1	69.2760547529115	138.552109505823	0	0	-Inf	1.08836857017198e-07	2.27012082529611e-05	0.387817841551348
AT1G35110.1	60.6456914615093	119.753606223391	1.53777669962715	0.0128411723715321	-6.28307926633448	9.52034878990648e-06	0.00100008310128753	0.078598844051007
AT1G35180.1	537.493022376715	1016.5926681417	58.3933766117301	0.057440288959069	-4.12179318297505	0.000139273890044643	0.00970795860096896	-0.000155420329959413
AT1G35290.1	270.259706275412	513.015791563044	27.5036209877812	0.0536116459572986	-4.22130976110991	0.000125628407306963	0.00886994987404513	-0.00172108960752407
AT1G43630.1	97.6848868886264	194.366119055795	1.00365472145821	0.00516373288891002	-7.59736991023924	2.82731957264351e-07	4.88947341790578e-05	0.0179114938392016
AT1G43800.1	36.8395949194224	71.8010588656878	1.87813097315708	0.0261574272417115	-5.25663554068773	0.00029216779855081	0.0183525041391045	-0.0217250956614245
AT1G44110.1	585.074042413706	1140.02103508453	30.1270497428778	0.0264267489947182	-5.24185723349292	3.78872087611719e-06	0.000446219867323388	0.26940065507411
AT1G44970.1	3866.24220780159	7719.84184773263	12.6425678705471	0.00163767187462011	-9.25413795837858	4.45278417069019e-12	6.08339373399694e-09	0.119978130366877
AT1G47760.1	24.0644068169283	48.1288136338567	0	0	-Inf	5.38322792999345e-05	0.00443046144455244	0.336743641686216
AT1G47880.1	20.7922800624063	0	41.5845601248126	Inf	Inf	0.000142238815512018	0.00986429795698068	0.633961944206386
AT1G48953.1	23.0773293946244	46.1546587892488	0	0	-Inf	6.74866832230299e-05	0.00534494531126397	0.377864844219587
AT1G49290.1.DE	138.579491773029	273.208953895106	3.95002965095316	0.0144579070145326	-6.11199747277645	1.84949675614214e-06	0.000237256569787924	0.0935571259792858
AT1G49330.1	47.8673540868997	92.9175117140638	2.81719645973561	0.0303193274095093	-5.04361844001665	0.00069508309915595	0.0370946300807367	0.586074997671354
AT1G49830.1	36.9563854387508	73.3786488993327	0.534121978168939	0.00727898354876627	-7.1020472808778	2.63834274618664e-05	0.00241913010727529	0.303587961958865
AT1G49910.1	98.5117190159089	190.320801156009	6.7026368758091	0.0352175738810329	-4.82756066363688	7.32292671285021e-05	0.0057169042714834	0.114091255523852
AT1G50010.1	10746.0432432449	19700.9580007531	1791.12848573665	0.0909158065139865	-3.45932504830484	0.000930224843008104	0.0471004972546254	0.162202589612809
AT1G50490.1	855.182353491187	1655.64559498295	54.7191119994272	0.0330500151513349	-4.91920525665747	1.00285716312645e-05	0.00103795716383588	0.0956659374341077
AT1G50610.1	139.369805885933	277.800546285288	0.939065486578538	0.00338035867508396	-8.20860795196785	3.47191059934467e-08	8.54653019968413e-06	0.0129850482118725
AT1G50690.1	17.5999337770489	35.1998675540979	0	0	-Inf	0.00028477704547929	0.0180539396535409	0.373756943156281
AT1G51460.1	1422.71154372934	2705.03328314844	140.389804310228	0.0518994739121381	-4.26813627524159	6.60939215090479e-05	0.00526516125747295	0.197423873199679
AT1G51538.1	56.3002648487953	110.059098276505	2.54143142108535	0.0230915159299273	-5.4364933023795	5.23848021425156e-05	0.00432435750375256	0.0800839002799249
AT1G51800.1.DE	418.766394609012	55.8227473809408	781.710041837083	14.0034319074732	3.80770853556709	0.000386862729906705	0.0227815457585578	0.216089844622004
AT1G52343.1	149.092688716167	298.185377432334	0	0	-Inf	1.1780028224118e-09	5.19157243864193e-07	0.296318930354684
AT1G53860.1	147.916075397137	292.950365099659	2.88178569461528	0.00983711248707583	-6.66754938494264	4.29837915890863e-07	6.90875953753055e-05	0.180224842596466
AT1G54070.1	191.227067106267	379.44317004816	3.01096416437462	0.0079352177138739	-6.97751447868829	1.21743320922292e-07	2.52008674309144e-05	0.0942893045508897
AT1G54560.1	629.167647324555	1257.80117267094	0.534121978168939	0.000424647384478686	-11.2014470155172	2.75111473056581e-12	5.01143059319869e-09	0.126209884233665
AT1G54840.1	127.814600040426	249.801039456742	5.82816062411024	0.0233312104576711	-5.42159503136056	1.0976913377381e-05	0.00112756835008856	0.0190687449099503
AT1G54940.1	117.136134367435	234.272268734871	0	0	-Inf	5.71363579905216e-09	1.79447568475059e-06	0.0838987466906083
AT1G55560.1	2184.45365531147	4346.12879010467	22.778520518272	0.00524110573302257	-7.57591307075044	1.69425831922015e-09	6.7479834610709e-07	0.119261864367942
AT1G55570.1	3685.84151408261	7366.66475455794	5.01827360729104	0.00068121378866686	-10.5196047421842	1.35559015099972e-13	1.62206693671023e-09	0.0483183764919981
AT1G56010.2	347.894689089708	29.3126974479624	666.476680731453	22.7367911777693	4.50695675727179	3.5906433838477e-05	0.00313452842876213	0.0358280586789311
AT1G58225.1	319.858775694062	6.82140881805094	632.896142570073	92.7808550185838	6.53575523623988	1.5387905819385e-07	2.98197970644594e-05	0.0492809911617029
AT1G59590.1	152.143243938728	19.1070035760802	285.179484301375	14.9253902196568	3.89969674568092	0.000433506640418688	0.0250956259381361	0.077852389794675
AT1G60060.1	1001.003095425	1878.08208420571	123.924106644295	0.0659843931670889	-3.92173135565212	0.000222325562822837	0.0146381293459547	0.000994003065799759
AT1G60240.1	102.431281538169	204.862563076338	0	0	-Inf	1.11050337179208e-08	3.19404148745756e-06	0.114177620834774
AT1G61110.1	2195.05569997857	4386.69549228436	3.41590767278422	0.000778697240050596	-10.3266498666403	5.02191717408482e-13	1.92825738169259e-09	0.0372016505765602
AT1G63100.1	529.24939629541	1044.08986411774	14.4089284730764	0.0138004677262641	-6.17913902603746	2.84981383467922e-07	4.89737818986006e-05	-0.000258256924592485
AT1G63180.1	810.853293261139	1510.55422621829	111.152360303989	0.0735838266344544	-3.76446748596995	0.000361006686529339	0.0215845660891196	0.0215725537154359
AT1G63210.1	86.6932860730273	163.819557674762	9.56701447129281	0.0583997088448171	-4.09789501329247	0.000447303469989771	0.0256767227184884	0.0350434685200226
AT1G63650.1	330.494579623457	644.314564391402	16.6745948555115	0.0258795870480776	-5.2720415928633	5.12959014151575e-06	0.000572085391946025	0.130560048541924
AT1G65200.1	39.5119639450635	78.0848624035485	0.939065486578538	0.0120262168322123	-6.37767331415926	4.66770116533738e-05	0.00394861506630584	-0.0195324247548364
AT1G65710.1	189.875612353809	373.987653318388	5.76357138923056	0.0154111274478996	-6.01988377931761	1.28581931930362e-06	0.000177288454179042	0.0986759357109888
AT1G65780.1	22.2119035766932	43.8896851752174	0.534121978168939	0.0121696470602741	-6.36056886163893	0.000373976943456894	0.0221180649415934	-0.0364755658637749
AT1G65900.1	920.417461503005	1721.33037875596	119.504544250053	0.0694256870876941	-3.84838663968806	0.000266242574254172	0.0170370306766299	0.048729285705699
AT1G65970.1	749.119235447405	1475.07241496726	23.16605592755	0.0157050295920992	-5.9926295283936	3.58486560576473e-07	5.97273584218997e-05	0.00233120777760093
AT1G67040.1	617.520793365706	1165.29742694673	69.7441597846838	0.0598509515012189	-4.06248200667983	0.000161480525337436	0.0110032266192521	0.0818447656295275
AT1G67481.1	59.3051615630551	118.140790382821	0.469532743289269	0.00397434909456594	-7.97506568462622	1.48533368708828e-06	0.000196064046695653	0.100407455039214
AT1G67750.1	1936.20557763964	3719.19461578389	153.216539495384	0.0411961608153412	-4.60134629486009	0.000768936711053374	0.0399437769825521	0.60013044715382
AT1G67760.1	41.8537008672632	80.6318483352722	3.07555339925429	0.0381431588479276	-4.71243186354595	0.000396489217043176	0.0232697968411457	0.296216873259485
AT1G69180.1	382.285549527079	764.571099054157	0	0	-Inf	8.55267480193915e-08	1.8401046164424e-05	0.704190822982733
AT1G69490.1	2341.01836891006	404.463900327094	4277.57283749302	10.5759076002425	3.40270957233971	0.000818366046375001	0.0422703853518913	0.0188636899647767
AT1G69500.1	1838.44878243285	3640.89517336296	36.0023915027361	0.00988833509026356	-6.66005665136415	2.52637880248513e-08	6.3330985687251e-06	0.264468735594712
AT1G69600.1	208.923786538957	417.313451099746	0.534121978168939	0.0012799059717854	-9.60974645804751	1.14785706602009e-09	5.14164696261196e-07	0.0839640580129918
AT1G69940.1.DE	7265.1543829354	14515.6588885573	14.6498773134635	0.00100924645763149	-9.95250576157064	3.81252972706945e-13	1.92825738169259e-09	0.00193137192676522
AT1G70540.1	139.272562371114	277.0073480426	1.53777669962715	0.00555139316878574	-7.49293441131208	8.70548111274057e-08	1.85834817128534e-05	0.0351407913203219
AT1G70830.1	10161.2615679329	19489.4786588656	833.044477000132	0.0427432919875047	-4.54815816452965	2.83550870392732e-05	0.00256547813993742	0.0159508107057647
AT1G72260.1	3262.05268386901	6512.10869221628	11.9966755217504	0.00184221057859333	-9.08434630285917	1.04007755458055e-11	1.18412829588996e-08	0.168260573018046
AT1G72460.1	139.918207456389	279.836414912779	0	0	-Inf	1.89399311076917e-09	7.28893912093756e-07	-0.00681177194780142
AT1G73050.1	131.640094219388	261.33746823074	1.94272020803675	0.0074337607278015	-7.07169203207845	2.46700252766704e-07	4.37716734194638e-05	0.140209699147811
AT1G74000.1	326.985005991231	647.478550910424	6.49146107203851	0.0100257546182971	-6.64014536026635	9.85998541980037e-08	2.07241724315866e-05	0.0564666719580412
AT1G75580.1	388.14319543575	728.515907749915	47.7704831215844	0.0655723267171031	-3.93076910254323	0.000243606835602832	0.0157359649551106	0.000817069027567268
AT1G75790.1	1397.98781889944	2792.49514089121	3.48049690766389	0.00124637527804367	-9.64804576184107	5.25784268891937e-12	6.53024061963786e-09	0.0967168535766944
AT1G75940.1	21526.3650026891	43011.3689859947	41.3610193835571	0.000961629921545278	-10.0222305927002	2.37456732061225e-13	1.62206693671023e-09	0.0209827071306846
AT1G76960.1	3876.91613185985	70.6201022637681	7683.21216145593	108.796389627969	6.76548687180188	1.85191048215335e-08	5.01005960538201e-06	0.223473357479721
AT1G77520.1	550.018351584818	1078.24947243534	21.7872307342987	0.0202061130483004	-5.62906436559633	9.64934267312307e-07	0.000140243957021497	0.180021529132854
AT1G78960.1	5499.01585312818	10554.1433188806	443.888387375723	0.0420582110706832	-4.57146870286103	2.45726571256618e-05	0.00227601112983587	0.379616413047909
AT1G80540.1	93.5268267673428	186.584120791396	0.469532743289269	0.00251646678880146	-8.63438472674287	1.23191011954336e-07	2.52277131747461e-05	0.339471679490447
AT1G80990.1	26.263297732593	52.526595465186	0	0	-Inf	3.32899987624516e-05	0.00296291832633624	0.2837162767404
AT2G01520.1	676.720206250084	1346.47941868484	6.96099381532778	0.00516977364728446	-7.59568316951628	3.21041488931724e-09	1.09764346806287e-06	0.0581717758791437
AT2G03000.1	21.0943680982852	42.1887361965703	0	0	-Inf	0.000116297924307158	0.00829693076702035	-0.000530688847460189
AT2G03520.1	16.4277836268607	32.8555672537214	0	0	-Inf	0.000421511793203536	0.0245299709463225	0.0283810388861258
AT2G04570.1	7838.35095713525	14378.7202810997	1297.98163317079	0.0902710121482047	-3.46959340632151	0.00073908253351687	0.0386871477889176	0.00100314541337943
AT2G07560.1	3520.06973632249	7032.04564563844	8.09382700654533	0.00115099181865599	-9.76290670594987	1.16803591074178e-12	2.45503178654679e-09	0.0639679305839765
AT2G14282.1	88.6016495231722	176.669177068175	0.534121978168939	0.0030232889915077	-8.36966539412264	1.42231677388595e-07	2.83106202639152e-05	0.0907518711544737
AT2G16130.1	150.674716286059	301.349432572118	0	0	-Inf	1.25797707956933e-09	5.37077589408631e-07	0.00164581085757623
AT2G16380.1	434.959253590799	17.2297883212803	852.688718860318	49.4892161737805	5.62904228740234	1.58187269663434e-06	0.000205839368856173	0.289083133400279
AT2G16440.1	832.222623860548	1601.33913557734	63.1061121437544	0.039408336898606	-4.66535532329216	2.50882754708456e-05	0.00231591905055873	0.00699352584242826
AT2G16535.1	162.484316615637	324.968633231273	0	0	-Inf	7.01258339626839e-10	3.68484285999303e-07	0.416461076877163
AT2G17000.1	32.4678088944899	64.9356177889798	0	0	-Inf	2.01376782005298e-05	0.00191721923049225	0.580493369137523
AT2G17180.1	24.3640663484645	48.7281326969291	0	0	-Inf	5.562754348555e-05	0.00455079939580589	-0.026861829688752
AT2G17442.1	206.131852762634	381.619941903352	30.6437636219152	0.0802991674624695	-3.63847115974064	0.000741321319273382	0.0387301409709864	-0.00297584026645768
AT2G17490.1	43.6249218930004	83.7693468783368	3.48049690766389	0.0415485739994944	-4.58905722707903	0.000497424719455932	0.027966323116078	0.21801865912021
AT2G17940.1	48.4450504645471	94.8827914861779	2.00730944291641	0.0211556744007561	-5.56281151310347	6.65147366524383e-05	0.00528328100084658	0.0417578240704808
AT2G18480.1	154.906908245549	304.989310588447	4.82450590265203	0.0158186065385165	-5.98223367141249	2.18528145083237e-06	0.000275164195219096	0.0540609046552807
AT2G19010.1	147.070132697418	294.140265394835	0	0	-Inf	1.48460491377251e-09	6.16754046995603e-07	0.0395402671874271
AT2G19090.1	356.173342018742	675.874759791458	36.4719242460254	0.0539625481165754	-4.21189771568515	0.000114815499037787	0.00821261438667143	-0.00229507297901518
AT2G19330.1	228.466889048245	442.025543843507	14.9082342529822	0.0337270876324293	-4.88994844419233	1.83585073405578e-05	0.0017788221793383	-0.00082619139547256
AT2G19800.1	433.805681729071	841.792105738879	25.8192577192631	0.0306717745904737	-5.02694455010779	9.27745541783421e-06	0.000982547255181791	0.186178857384817
AT2G20570.2	8701.09933521371	1269.9020378049	16132.2966326225	12.7035756714811	3.6671627239675	0.000356462002603863	0.0214536734782995	0.0143530599522859
AT2G20970.2	56.9464277362251	113.89285547245	0	0	-Inf	3.91262829545472e-07	6.40171590089849e-05	-0.0161564491539631
AT2G21220.1	295.747038503175	566.238714301872	25.2553627044777	0.0446019709825309	-4.48674872483332	6.46862132409771e-05	0.00516808798420017	0.0175708228055011
AT2G21430.1	493.731102916016	936.762755880084	50.6994499519477	0.0541219744633377	-4.20764171748716	9.45206618006284e-05	0.00698022314335236	0.00580507784050249
AT2G21450.1	154.741981694411	309.483963388822	0	0	-Inf	1.02963333994242e-09	4.7684239628113e-07	0.0125636975497755
AT2G21510.1	171.671703499787	331.234961107196	12.1084458923782	0.0365554585539646	-4.77376934062174	3.69690835614531e-05	0.00321701668545588	0.000872371548933926
AT2G22620.1	150.783457013003	279.210745115274	22.3561689107308	0.0800691567278362	-3.64260957766605	0.000991242000935765	0.0494246285284103	0.10744443181611
AT2G23510.1	281.785339940667	563.101147138045	0.469532743289269	0.00083383375380367	-10.2279526055567	1.99631037483452e-10	1.36367961704946e-07	-0.000378061813924284
AT2G23910.1	188.952764503885	371.220300231092	6.68522877667752	0.0180087909322735	-5.79515486441985	1.78245446169298e-06	0.000230823628963503	0.132848674220345
AT2G25200.1	158.96560963835	11.6598563397626	306.271362936938	26.2671643639798	4.715188559583	4.08404238788368e-05	0.00350919415743817	0.0847802872863238
AT2G26940.1	17.7233270324322	35.4466540648644	0	0	-Inf	0.00030206450910039	0.018800935413802	-0.0409524914376206
AT2G27670.1	57.5853758320889	115.170751664178	0	0	-Inf	3.51744953746008e-07	5.89636755592388e-05	0.0521693768211814
AT2G28056.1	120.550951620772	8.34609152054504	232.755811721	27.8880013654343	4.8015726400999	0.000109607296187181	0.00786065554073105	0.470877395220861
AT2G28340.1	18.2168657435842	36.4337314871684	0	0	-Inf	0.00026245842415061	0.0168343051208715	-0.0390595097028762
AT2G28620.1	1163.0421999585	2280.73853468423	45.3458652327734	0.0198820971992967	-5.65238624678571	8.83257091465984e-07	0.000129753315952777	0.136941802531495
AT2G29110.1	212.629371171131	5.74619825767056	419.512544084591	73.0069735280342	6.18996236975407	7.74093501944513e-07	0.000117507393595177	0.313607885572244
AT2G29550.1.DE	5493.11978360058	10058.130978477	928.108588724173	0.0922744584167971	-3.43792482483778	0.000881748692979715	0.0451177926722429	0.0718459506129013
AT2G29680.1	95.7520768330601	179.912421652779	11.5917320133408	0.0644298592996106	-3.95612674553495	0.000635164099854912	0.0347104477288712	0.133921167274186
AT2G29710.1	99.0908274869606	189.342530185436	8.83912478848486	0.0466832506137321	-4.42095116855306	0.000179435776653046	0.0120761161607582	0.152596627003947
AT2G30250.1	925.59257144603	30.2380610873841	1820.94708180468	60.2203652060354	5.91217955219171	4.18073702237092e-07	6.79967014281328e-05	0.146100945976251
AT2G31210.1	284.636388629793	568.803244516296	0.469532743289269	0.000825474797860117	-10.2424882099073	1.8480326322987e-10	1.29476009345973e-07	0.0216957936811942
AT2G31230.1	698.005231095844	72.197692297413	1323.81276989427	18.3359429888829	4.19660255839544	8.79786411703678e-05	0.00665908141645188	0.111478362950401
AT2G31770.1	48.9464757035861	96.9538859205936	0.939065486578538	0.00968569209642245	-6.68992914358761	1.35117057096762e-05	0.00135733031915879	0.0911107307570811
AT2G31880.1.DE	4846.21624674553	795.505350173659	8896.9271433174	11.1839941005742	3.48336359970882	0.000662096328466462	0.0357532017371889	0.109865809491053
AT2G31985.1	135.354189649495	270.2388465557	0.469532743289269	0.00173747316225497	-9.16879359113138	1.27422211872769e-08	3.58936548166139e-06	-0.00554522835305542
AT2G32350.1	34.16432033689	68.3286406737801	0	0	-Inf	7.40242705866188e-06	0.000797549463934565	0.275900648746662
AT2G32460.1	478.32535553361	953.041035689798	3.60967537742323	0.00378753405388321	-8.0445254246844	1.48974407486861e-09	6.16754046995603e-07	0.193281739102665
AT2G32590.1	300.171077339911	588.685833431602	11.6563212482205	0.0198005805240339	-5.65831346114321	1.98993008481245e-06	0.000252896975057746	0.00138439171957669
AT2G32765.1	581.842068809787	1110.37362385002	53.3105137695594	0.0480113293620169	-4.38048130715381	5.95173684480592e-05	0.0047972052373887	0.0907675685707661
AT2G32800.1	1337.16419229413	179.507119010847	2494.82126557741	13.8981745087595	3.79682349581366	0.000290951100337235	0.0183525041391045	0.196078489367245
AT2G33000.1	72.7893983905506	139.556868452352	6.02192832874925	0.043150354371883	-4.53448378220227	0.000216928919955924	0.0143519753241542	-0.0136370796579131
AT2G33190.1.DE	30.9254789781518	61.8509579563036	0	0	-Inf	1.36839884414826e-05	0.00135964109154571	0.0556541343557435
AT2G33460.1	182.397411175504	352.880144163268	11.9146781877391	0.033764093516768	-4.88836636457066	2.67044165926105e-05	0.00243485942026629	-0.00490872991518778
AT2G33670.1	156.254678568164	312.039824393039	0.469532743289269	0.00150472057277489	-9.37628868186328	5.68177723020993e-09	1.79447568475059e-06	-0.00417986282840165
AT2G34100.1	21.5482434662646	43.0964869325292	0	0	-Inf	9.989841892879e-05	0.00733769999680177	0.206882089355508
AT2G34340.1	199.989025935916	383.51463282009	16.4634190517409	0.0429277467998569	-4.54194573946703	5.5624565451312e-05	0.00455079939580589	0.38188506960498
AT2G34700.1	54.9414160001762	109.882832000352	0	0	-Inf	4.58588241148828e-07	7.32775736909391e-05	0.108696915899437
AT2G35080.2	17.5911273253175	35.1822546506351	0	0	-Inf	0.000307427313531838	0.0190479453853604	-0.0546398690806429
AT2G35310.1	808.776099548192	1614.94617844042	2.60602065596502	0.00161368885895733	-9.27542185035353	2.48936301745019e-11	2.42926268174318e-08	0.184284842063891
AT2G36190.1	1285.15241897396	2567.42305225331	2.88178569461528	0.00112244286818492	-9.79914227032722	4.27362943658896e-12	6.08339373399694e-09	0.0315331661082131
AT2G37010.1	189.611401446294	379.222802892587	0	0	-Inf	3.39130334701332e-10	2.15497610822772e-07	0.020510390256804
AT2G37390.1	114.007330538959	219.386712093205	8.62794898471427	0.039327582342584	-4.66831469023615	7.31013050439998e-05	0.0057169042714834	0.0473657805406497
AT2G38620.2	280.434227366924	552.692630393291	8.17582434055658	0.0147927145957035	-6.07896936557329	6.23689383005822e-07	9.68277767116538e-05	0.201562283530881
AT2G38720.1	115.878088580896	216.619359005909	15.1368181558844	0.0698774949078835	-3.83902830087831	0.000687631563240848	0.0368408722235156	0.0901124226637497
AT2G39250.1	262.374200286736	11.9330622057234	512.815338367749	42.9743287621335	5.42540320058013	3.95766047106115e-06	0.000464116372151395	0.0409965558096079
AT2G39590.1	40.442436857053	78.47262076278	2.41225295132601	0.030740058479991	-5.02373628015552	0.000292173155486403	0.0183525041391045	0.231213394633468
AT2G40205.1	809.572874173112	1483.29459857671	135.85114976952	0.0915874364403911	-3.44870648040738	0.000790255085766689	0.0409733016384991	0.325736623862786
AT2G41340.1	86.1930422236548	164.145670871873	8.24041357543625	0.0502018331136399	-4.31611614480838	0.000316112085811667	0.0194976221957516	-0.00915151436415998
AT2G41940.1	1148.15706361053	53.7692658499879	2242.54486137108	41.7068157044882	5.38221126224006	2.25000351207166e-06	0.000282014201669018	0.00613262507061491
AT2G43040.1	484.699811165161	901.598182753674	67.8014395766471	0.0752013933408416	-3.73309679718963	0.000483714989683805	0.0273971387560456	0.00278688881306242
AT2G44010.1	17.5073974131068	35.0147948262136	0	0	-Inf	0.000299355501833383	0.0186748624020442	0.159030657867697
AT2G44450.1	136.557136748148	269.762955058392	3.35131843790455	0.0124231973851974	-6.33081965888079	1.21734693369801e-06	0.000170578398032638	-0.000676764105416787
AT2G45430.1	21.8855765024392	42.8320875182998	0.939065486578538	0.0219243455313105	-5.51132241268398	0.000957625444208032	0.048188135612413	0.354037615719784
AT2G46130.1	17.9524663293548	35.9049326587096	0	0	-Inf	0.000271672862916838	0.0173034715765494	-0.0141390160469937
AT2G46770.1	106.179811152929	209.542425846122	2.81719645973561	0.0134445158223205	-6.21683838944046	2.96548935126295e-06	0.000361736745687093	0.00182102505816128
AT2G47050.1	3003.07894399379	5964.5385116645	41.6193763230758	0.00697780326871613	-7.16301136171401	4.79715781327446e-09	1.57924747096279e-06	0.0152539850655817
AT3G01630.1	152.182568639197	291.787158642727	12.5779786356674	0.0431066901441961	-4.53594439728553	8.40857419793472e-05	0.00639988527533059	0.07591047079976
AT3G02020.1	3486.9550454388	82.7294307456445	6891.18066013196	83.2978131001435	6.38020671447586	5.69246095933273e-08	1.26455937603909e-05	0.261452885176512
AT3G02480.1	1427.61256250815	2840.21748533018	15.007639686125	0.00528397552780377	-7.56416049975749	1.88852445639238e-09	7.28893912093756e-07	0.0889784166443813
AT3G03450.1	2899.45396021287	5569.05634566014	229.851574765606	0.0412729842363195	-4.59865843383136	2.07023876499712e-05	0.0019573426994734	0.151217663366536
AT3G05480.3	105.134772207204	197.626976543861	12.6425678705471	0.0639718731300896	-3.96641846302326	0.000506721121106666	0.028372229330161	-0.00864355119352954
AT3G05930.1	386.480071925252	763.522307848971	9.43783600153347	0.0123609171657632	-6.33807039625676	2.7409143361042e-05	0.00248813100729937	0.616806850671173
AT3G06220.1	568.431288526589	1128.08804149957	8.77453555360519	0.00777823647695188	-7.00634118785093	1.95306308827987e-08	5.13129767539993e-06	0.194497582372367
AT3G06490.1	161.673894579689	309.959923506892	13.3878656524866	0.0431922472460829	-4.53308380940861	8.14731516555914e-05	0.00623577701915232	0.00487801751781034
AT3G07820.1	7589.44933152994	15135.9998669767	42.8987960831842	0.00283422281053131	-8.46283110544178	4.91642090289674e-11	4.33342854034679e-08	0.0571419558069784
AT3G07840.1	133.334778697373	266.669557394747	0	0	-Inf	2.65930794019213e-09	9.43674417633892e-07	0.0676358723180364
AT3G07970.1	49.4909319073547	97.1037328415523	1.87813097315708	0.0193414909828615	-5.69215717724179	6.18570159801303e-05	0.00495654282885947	-0.0173260799946552
AT3G08770.2.DE	19286.9535316904	38489.0137205026	84.8933428780531	0.00220565129297744	-8.82457956157397	1.25435679970772e-11	1.31823250750822e-08	0.271977626944354
AT3G08870.1	465.054400060178	46.5600986727055	883.548701447651	18.9765212410429	4.24614363791616	9.23294542669923e-05	0.00687414171223787	0.186740612526947
AT3G09430.1	61.2674245701131	116.237155772827	6.2976933673995	0.0541796925907898	-4.20610398189373	0.000657730026116042	0.0355877529378114	0.00654109472297026
AT3G10116.1	41.8273971925331	83.6547943850661	0	0	-Inf	2.40622556821886e-06	0.000298853215572782	-0.00154357875095149
AT3G10290.1	115.814059869527	223.00017075434	8.62794898471427	0.0386903245658002	-4.69188335844755	7.20866804938198e-05	0.00566004729256647	0.00540090607889669
AT3G10580.1	46.0572013972867	91.1107480731151	1.00365472145821	0.0110157664456096	-6.50428631263772	1.94263282484321e-05	0.00186903166570479	0.0300671305272769
AT3G10880.1	93.1871614517537	182.618060957193	3.75626194631415	0.0205689509932681	-5.60338797079766	1.36536037106392e-05	0.00135964109154571	0.2130346502112
AT3G11520.1	257.795086126887	502.783609715205	12.8065625385696	0.025471320645921	-5.29498242686748	6.91991532844254e-06	0.000753305842367984	0.063890639612068
AT3G11980.1	3468.96711105069	6930.58569287677	7.3485292246058	0.00106030421529289	-9.88130603220688	6.35130889885571e-13	1.92825738169259e-09	0.102189631187853
AT3G12143.1	171.058576244071	337.421825055249	4.69532743289269	0.0139153044771893	-6.16718371352164	1.24262528669799e-06	0.000173232108845592	0.00527864983631573
AT3G12410.1	134.703010823498	251.017290486349	18.3887311606461	0.0732568307347182	-3.7708929018078	0.000650389983528227	0.0352876163189681	-0.00448487534041093
AT3G12440.1	14.8546311294627	29.7092622589253	0	0	-Inf	0.000706931707224583	0.0373620927818269	-0.0530681640363785
AT3G12710.1	1017.70981363236	1880.05651353337	155.363113731353	0.0826374699978377	-3.59706010398228	0.000734694552103108	0.0385312743602021	0.0800825022357529
AT3G12850.1	36.6320138926498	73.2640277852996	0	0	-Inf	4.96333600298069e-06	0.000560405755972911	0.225902508280839
AT3G13175.1	322.015436435525	616.932195391678	27.0986774793716	0.0439248878268822	-4.50881758781671	5.04931763859139e-05	0.00420632790112412	0.0207576657672078
AT3G13650.1	182.60024653553	348.120954707139	17.0795383639211	0.049062080673338	-4.3492477713408	0.000120155599962478	0.00852761458019418	0.0684113972457945
AT3G13890.1	156.553079940463	313.106159880926	0	0	-Inf	9.38905563923256e-10	4.50081677695422e-07	0.0624902520785992
AT3G14740.2	190.250336401364	355.955791681926	24.5448811208013	0.0689548581435474	-3.85820399086073	0.000484292856798786	0.0273971387560456	0.409704300895274
AT3G15280.1	198.653605572195	388.679262159676	8.62794898471427	0.0221981202104108	-5.49341867887244	4.02892328539507e-06	0.000468452339787808	0.0455286306851978
AT3G15536.1	423.087337723264	1.97415484460783	844.20052060192	427.626294314124	8.74020675543903	4.11630883583668e-10	2.44508744848699e-07	0.0023881370083468
AT3G15720.1.DE	104.327731461491	203.42601351192	5.22944941106163	0.0257068863552949	-5.28170130973946	2.27431231162681e-05	0.00213550892106155	0.109099907167323
AT3G16040.1	132.816318037836	260.209418959971	5.42321711570064	0.0208417402312977	-5.58438044583176	6.53826134176466e-06	0.00071460581160951	0.013833143123622
AT3G16120.1	144.882337267211	272.133606093201	17.6310684412216	0.0647882806329451	-3.94812331805082	0.00045621989095848	0.0260245350742161	0.214009272574861
AT3G16490.1	155.048457839144	309.15785019171	0.939065486578538	0.0030374952018725	-8.36290215487049	1.84638331024798e-08	5.01005960538201e-06	0.0650178888040587
AT3G16660.1.DE	789.725760693845	4.48591496940584	1574.96560641828	351.091275059743	8.45570233414365	2.31064941410527e-10	1.5399069412442e-07	-8.3283778541506e-05
AT3G17060.1.DE	594.552348236624	1180.39475015452	8.70994631872552	0.00737884196586381	-7.08238986691266	1.7498550478941e-08	4.82959993218773e-06	0.0199309072497632
AT3G17540.1	14.9471674934048	29.8943349868096	0	0	-Inf	0.000668579794365086	0.0360320992134745	0.0527893229126771
AT3G17675.1	286.748233014713	572.557400542847	0.939065486578538	0.0016401246157821	-9.25197885046459	5.23420805925328e-06	0.000581380085410718	0.789660091078383
AT3G18485.1	76.5425444641503	7.43834078458617	145.646748143714	19.5805425378635	4.29134883459104	0.000267893901110366	0.017102647088644	0.0193521213651702
AT3G19390.1	1379.86801617881	2751.49561878219	8.24041357543625	0.00299488522503388	-8.38328356994429	1.70662473252445e-10	1.22715300503942e-07	-0.000639218427292288
AT3G20210.1	158.046871441135	316.093742882269	0	0	-Inf	8.04649911858394e-09	2.41607188918888e-06	0.494129192561375
AT3G20580.1	715.120116535082	1421.99981949473	8.24041357543625	0.00579494699117773	-7.43098882030951	5.59334271114762e-09	1.79447568475059e-06	0.179010902947247
AT3G20975.1	66.2090764444604	132.418152888921	0	0	-Inf	1.49482122026929e-07	2.91746393018844e-05	0.1263705357496
AT3G21900.1	39.6417159544655	79.283431908931	0	0	-Inf	3.09091216379514e-06	0.000372053233319552	0.291263337930049
AT3G21960.2	79.5372832204184	158.540444462668	0.534121978168939	0.00336899508500313	-8.21346596093581	2.65800606887129e-07	4.64191059879668e-05	0.11538532625284
AT3G22020.1	21.8611126753979	43.7222253507959	0	0	-Inf	9.33494260326306e-05	0.00693119488292282	0.136048072718407
AT3G22050.1	105.048787704506	210.097575409013	0	0	-Inf	9.27093416889289e-09	2.72386027129924e-06	0.256651749212723
AT3G22060.1.DE	606.39047405997	102.788285937103	1109.99266218284	10.7988245164634	3.43280237426079	0.000849871391126162	0.0437323651433733	0.0036781077207034
AT3G22360.1	106.629711049327	211.252112655738	2.00730944291641	0.00950196150789544	-6.71755892220725	7.98883917495147e-07	0.000118634261748029	0.182848340055828
AT3G22510.1	312.656075683301	621.426710950528	3.88544041607349	0.00625245157249575	-7.32136230640871	1.94995411797913e-08	5.13129767539993e-06	0.142451186556263
AT3G22880.1	493.131993262433	925.041048515915	61.2229380089507	0.0661840229762489	-3.91737320166786	0.00022357907774252	0.0146852757697996	0.121787260521357
AT3G23670.1	667.495881360347	1308.9265129994	26.0652497212969	0.0199134553868639	-5.65011261025509	1.33336356658451e-06	0.000179564535998056	0.132239134329202
AT3G24230.1	168.280892217306	314.692556366302	21.86922806831	0.0694939477464291	-3.84696885131152	0.000442722317148444	0.0255181839413791	0.0145046186534233
AT3G24280.1	17.1372519573381	34.2745039146762	0	0	-Inf	0.000367131336761319	0.0218076014036223	0.0452299784424148
AT3G24640.1	49.1410609299039	95.8698689084818	2.41225295132601	0.0251617424618445	-5.3126243568255	0.000109460519535146	0.00786065554073105	0.0401581705823005
AT3G25160.1	66.3980345960562	131.792414470654	1.00365472145821	0.0076154210049903	-7.03686048891835	2.34938153037702e-06	0.000293125575050327	0.143358450172112
AT3G25170.1	162.308521081936	322.545143486076	2.07189867779609	0.00642359285091988	-7.28240383180902	8.30387999021002e-08	1.80075568930554e-05	-0.00537580366899815
AT3G25265.1	172.276953690806	344.084374638322	0.469532743289269	0.00136458606637633	-9.51732089436038	1.88347317060045e-05	0.00181851664005253	0.859192360831508
AT3G25770.1	3196.01927473339	268.564248311485	6123.47430115529	22.8007798493461	4.51101126425736	3.45806634950767e-05	0.00303495895692203	0.00432572297504363
AT3G26050.1.DE	242.77553620007	471.452725163978	14.098347236163	0.029904052906385	-5.0635151631542	9.5528359477399e-06	0.00100008310128753	0.0599586906282761
AT3G26330.1	280.239329409595	544.549361745618	15.929297073572	0.0292522555209847	-5.09530832051514	9.66886029475266e-06	0.00100836617822069	0.00923478314877747
AT3G26830.1.DE	175.609421839099	15.2556334766724	335.963210201526	22.0222392413433	4.46088926579389	0.000871391475981436	0.0446714834703879	0.577170069406087
AT3G27415.1	61.0005177773612	122.001035554722	0	0	-Inf	2.88581739202654e-07	4.92825465123332e-05	0.292603735399472
AT3G27503.1	80.5305055195986	161.061011039197	0	0	-Inf	4.59957154351306e-08	1.09256721173469e-05	0.156692757291126
AT3G27660.1	162.142943831205	308.955301801887	15.3305858605234	0.0496207243284463	-4.3329133949428	0.000153494634888124	0.010537908049455	0.252495629374507
AT3G28230.2	24.7782783732714	49.5565567465429	0	0	-Inf	4.71872124397142e-05	0.00397945491574923	0.115419064861344
AT3G28315.1	79.9400615290199	159.88012305804	0	0	-Inf	5.57022583057259e-08	1.25785826937657e-05	0.132471224485704
AT3G28470.1	52.0129362098828	102.083152211729	1.94272020803675	0.0190307623338999	-5.71552283555593	4.34279245208576e-05	0.00369664987416795	0.206074459803973
AT3G28500.1	3190.31469134468	6240.33621926483	140.29316342454	0.0224816674126363	-5.47510714893423	1.2662073104535e-06	0.000175623596704729	0.203144592277136
AT3G28750.1	7465.88322285651	14878.6199266115	53.1465191015369	0.00357200596316602	-8.1290497957419	1.55522803465253e-10	1.18041807830127e-07	0.0371574144640662
AT3G29020.2	39.1041106742753	78.2082213485506	0	0	-Inf	3.33155646649447e-06	0.000395788908219543	0.331789682687352
AT3G29040.1	209.590827020264	419.181654040527	0	0	-Inf	1.69373927901421e-10	1.22715300503942e-07	0.18926124939395
AT3G29070.1	113.408088902649	226.816177805297	0	0	-Inf	5.78410933318037e-09	1.79596594795251e-06	0.370419048128244
AT3G29380.1	17.057925270993	34.1158505419861	0	0	-Inf	0.000343450533762451	0.020854316410056	0.121574355501706
AT3G42520.1	49.5339885046789	98.0643222878996	1.00365472145821	0.0102346571927725	-6.6103934093059	2.2308540068518e-05	0.00210192603045581	0.531163394324475
AT3G42660.1	578.015778017662	1068.8551386757	87.1764173596198	0.0815605540968162	-3.61598461316944	0.000650891473604154	0.0352876163189681	0.10411578658368
AT3G42850.1	848.100877365471	1684.96778509026	11.2339696406793	0.00666717176440112	-7.22870938933691	6.87167044212743e-09	2.08623914622989e-06	0.122969011676722
AT3G43083.1	115.792052546198	231.584105092395	0	0	-Inf	5.07029717571694e-09	1.64929523844392e-06	0.430785675739026
AT3G43110.1.DE	40.1614002006936	77.0360711983624	3.28672920302488	0.0426648082112312	-4.55080962701219	0.000746527832801734	0.0389277223348751	0.231147278758689
AT3G43960.1	636.485803677376	1257.00749408292	15.9641132718351	0.0127000939508974	-6.29901702017946	1.80785196780854e-07	3.36039096383678e-05	0.0685846132128971
AT3G44860.1.DE	2866.68559005596	258.614284643626	5474.7568954683	21.1695842826803	4.40392103361386	4.30059189961135e-05	0.00367216790828064	0.0527510059894615
AT3G45860.1	7430.89821562641	31.4719250204545	14830.3245062324	471.223939958986	8.88026902517137	3.11185986570005e-09	1.09010844833831e-06	0.516131422471081
AT3G47230.1	62.4501376771517	2.68802640095094	122.212248953352	45.4654198746402	5.50669777112819	0.000358966633250959	0.0215569324987895	0.648741093622291
AT3G47410.1	24.6372722144253	49.2745444288507	0	0	-Inf	5.08782870754756e-05	0.00422552679650546	-0.0340377994590873
AT3G48720.1	1186.73961946115	86.5719943933208	2286.90724452898	26.4162476624821	4.72335364613548	1.54633715291459e-05	0.00151441277298345	0.000957847905806789
AT3G48850.1	41.0735799281503	2.24736071056863	79.8997991457319	35.5527258129896	5.15188826981296	0.00031116620488674	0.0192359850278852	0.516848647826458
AT3G49540.1	3630.70600066236	7239.4607759224	21.9512254023212	0.00303216304111052	-8.36543695454438	7.93322839500394e-11	6.56871311106326e-08	0.231329549403598
AT3G49830.1	34.7381056582315	68.4079673601251	1.06824395633788	0.0156157827452209	-6.00085130313505	9.08833701733374e-05	0.00680355399072951	0.101711956326973
AT3G50230.1	58.2288596608778	113.787109430911	2.67060989084469	0.0234702322978529	-5.41302406869328	4.73597477361495e-05	0.003981716145054	0.00254916359383252
AT3G50410.1	204.010992120374	383.400148947582	24.6218352931659	0.0642196810845062	-3.96084068912935	0.000291619341176968	0.0183525041391045	0.0662915102037317
AT3G50740.1.DE	2688.13151981621	51.9625708298016	5324.30046880262	102.464146476545	6.67897537024519	0.000965832701952245	0.0484227756846663	1.06294128040125
AT3G51230.1	146.300229908237	284.084281202387	8.51617861408651	0.029977648105139	-5.05996898861539	2.3501666490076e-05	0.0021916707685148	0.262061829768717
AT3G51280.1	675.703037267732	1332.64217290302	18.7639016324392	0.0140802249951042	-6.15018580205466	2.41087812912232e-07	4.30554470589139e-05	0.151320242742775
AT3G51330.1	388.281495074543	27.091756092588	749.471234056499	27.6641806273144	4.78994728877776	1.98428282348173e-05	0.00189812880966022	0.399622226956818
AT3G52130.1	1327.1691891891	2651.45659268359	2.88178569461528	0.00108686889408911	-9.84560636201083	3.51657088698211e-12	5.65216370093524e-09	0.0965331782074451
AT3G53190.1	2254.10008899743	4393.6218236948	114.578354300067	0.0260783378492308	-5.26100427009416	3.31150268084432e-06	0.000395788908219543	0.0127394250512434
AT3G53280.1	989.525338052724	84.2188876412129	1894.83178846423	22.4988935562358	4.49178214965496	5.21372374397429e-05	0.00431696326001071	0.419965572129059
AT3G53650.1	309.62389818929	581.026919629157	38.2208767494231	0.0657815936890115	-3.92617222904163	0.000979226870469352	0.0490043864628289	0.505644581711534
AT3G53760.1	559.148102311605	1025.8729297534	92.423274869813	0.0900923225374803	-3.47245202168304	0.000946468523017594	0.0477145865736766	0.00570343987643063
AT3G54410.1	26.8594031082749	53.2492734732606	0.469532743289269	0.00881763661104311	-6.82539226226146	0.000126618421859316	0.00889388626962454	0.400821073829357
AT3G54700.1	267.938060711826	534.872466702195	1.00365472145821	0.00187643743871569	-9.05778809374933	8.78049370269513e-10	4.2842537487936e-07	0.0201028251678053
AT3G57260.1	4415.44755661093	88.2023545165919	8742.69275870526	99.1208546146085	6.63111672125755	3.16564905624816e-08	7.86347225572043e-06	0.154843513839499
AT3G57960.1	16.4762534217646	32.9525068435293	0	0	-Inf	0.000402599262960234	0.0235559363193264	0.258044571664713
AT3G59455.1	672.257847270265	1344.04616179724	0.469532743289269	0.000349342720983196	-11.4830692994222	3.72988408613004e-10	2.26478561709816e-07	0.523533347307738
AT3G59510.1	1175.34279743964	2324.86633716001	25.8192577192631	0.0111056955432557	-6.49255643890855	5.07777880271369e-08	1.17580701699448e-05	0.0663115477246147
AT3G59700.1	180.594867124203	23.2315795414488	337.958154706957	14.5473601613694	3.86268547292583	0.000437772264299767	0.025288983826061	0.372192684384876
AT3G59830.1	118.857456021079	234.510180173144	3.20473186901363	0.0136656407267587	-6.19330308617801	1.57235306034791e-06	0.000205839368856173	-0.00764653415516647
AT3G60570.1	49.0566592813722	97.1742530761659	0.939065486578538	0.00966372734393431	-6.69320453416952	1.47919428069327e-05	0.00145911568684703	0.0566217873504394
AT3G61090.1	22.3925730787118	44.2510241792546	0.534121978168939	0.0120702738089244	-6.37239778639953	0.000355685439375132	0.0214536734782995	-0.0209221083730309
AT3G61680.1	308.003706260676	605.307564858841	10.6998476625104	0.0176767122760238	-5.8220062195785	1.02402974719854e-06	0.000147266256907647	0.00279158967351056
AT3G61760.1	333.503228601824	626.080154365118	40.926302838531	0.0653691105734419	-3.93524712209362	0.000284063571563351	0.0180505884404582	0.0278366047771127
AT3G62060.1	287.804434095087	532.387125932591	43.2217422575826	0.0811847998425401	-3.62264655158289	0.000644227977627117	0.035065508487417	0.0376343835869643
AT3G63095.1	2038.46385363326	4072.9130883807	4.01461888583283	0.000985687344344722	-9.98658227685499	0.000153241536659943	0.010537908049455	1.34238624071576
AT4G00140.1	33.9825301784086	0.449472142113726	67.5155882147035	150.210840425391	7.23084512289059	0.000824546648182885	0.0425092690848097	0.848272770117548
AT4G00160.1	38.2844930763929	76.5689861527858	0	0	-Inf	3.99935543460875e-06	0.000467001657672006	0.0272050758374944
AT4G00670.1	115.017583937045	10.1527865407314	219.882381333359	21.6573430802692	4.43678435906935	0.000183822885915302	0.0123409742868543	-0.000598820154238717
AT4G02700.1	195.739327947427	374.287347160305	17.1913087345489	0.045930777155515	-4.44439499539675	7.7683092539489e-05	0.00597919104379999	0.0112760918458085
AT4G04930.1	709.652904489329	1411.40574967675	7.90005930190632	0.00559729851158367	-7.48105359397742	3.89842504292515e-09	1.30590133103387e-06	0.0686462659752978
AT4G07960.1	841.419841356506	1662.53800438095	20.3016783320663	0.0122112566922196	-6.35564451030621	1.23719571271263e-07	2.52277131747461e-05	0.0227894011422949
AT4G08300.1	892.855632732361	92.0449867850306	1693.66627867969	18.4004185109529	4.20166667512671	7.72007999365997e-05	0.00597573557356275	0.28996126722934
AT4G09060.2	272.707079078556	538.371167007772	7.04299114933903	0.013082036299387	-6.25626906710574	4.2673506732381e-07	6.89947276896792e-05	0.300450589218484
AT4G09190.1	19.4401472635315	38.346172548894	0.534121978168939	0.0139289515136849	-6.16576952501124	0.000673859868081528	0.036245171329645	0.520684082491723
AT4G09450.1	20.6933657510754	41.3867315021508	0	0	-Inf	0.000125998929987959	0.00887318237884278	0.103426548500901
AT4G10290.1	170.386751313338	337.827127697181	2.94637492949495	0.00872154628190785	-6.84120034513315	1.99070328753882e-07	3.60225010786164e-05	0.143310796298922
AT4G10507.1	18.8482312365729	37.2269297298565	0.469532743289269	0.0126127173714435	-6.30897705637956	0.000925430584340381	0.0470008648448263	0.298236893590015
AT4G11000.1	139.177721482808	13.7309507741783	264.624492191437	19.272117171163	4.26844316494116	0.000188060430435799	0.0125637242083808	0.0125390315820368
AT4G11320.1.DE	4164.85417159443	8214.21337466299	115.494968525867	0.0140603808615582	-6.15222051573132	1.68931704791812e-07	3.22789503617586e-05	0.2790229877175
AT4G11375.1	14.9427642675391	29.8855285350782	0	0	-Inf	0.00069738550081537	0.0371449540434292	-0.0663944239552822
AT4G12735.1	24.4874827405393	0.898944284227452	48.0760211968511	53.4805349345621	5.74094199082686	0.000611690217237739	0.0335618945698875	0.44759573769791
AT4G12890.1	135.292441556231	270.115350369173	0.469532743289269	0.00173826753143628	-9.16813414464244	5.689227489347e-08	1.26455937603909e-05	0.484222002431907
AT4G12920.1	106.190115273635	212.380230547269	0	0	-Inf	9.203367483719e-09	2.72386027129924e-06	0.0381248123450551
AT4G13230.1	1529.12412469859	3056.77506193244	1.47318746474748	0.000481941731039952	-11.0188536509809	2.04883492725617e-13	1.62206693671023e-09	0.121946590859198
AT4G13240.1	134.132380165927	268.264760331855	0	0	-Inf	2.61555762479406e-09	9.40361796577274e-07	0.125608569220912
AT4G13770.1.DE	9783.22089585669	1568.75698005187	17997.6848116615	11.4725767219002	3.5201175495726	0.000588388743426759	0.0324790586371571	0.0286823257330353
AT4G14250.1	31.571277997594	62.2034905086094	0.939065486578538	0.0150966686740604	-6.04962595927367	0.000155578585504617	0.0106542086975643	-0.00333344258606603
AT4G14310.2	628.442567768405	1207.63642178883	49.2487137479785	0.040781076869997	-4.61595631793929	3.35892027682616e-05	0.0029701986292556	0.071325229016454
AT4G14400.1.DE	30530.4303541358	945.232892553254	60115.6278157183	63.5987472392487	5.99092644263719	1.88527807793568e-07	3.48063095956179e-05	0.333195849708659
AT4G14811.1	27.7025088718657	54.8708957655625	0.534121978168939	0.00973415816740062	-6.68272806793856	0.000105789948761486	0.00770827882655692	0.568984936596422
AT4G14815.1	1770.62819747337	3540.78686220346	0.469532743289269	0.000132606892637722	-12.8805566137836	1.06524893548581e-14	2.91068619132142e-10	0.0438669673144715
AT4G15210.1.DE	8503.72455689253	15991.3345339711	1016.11457981394	0.0635415748232492	-3.97615534332519	0.000186503619894	0.0124902571323129	0.10805905690214
AT4G15500.1	127.267238172952	6.01059767189995	248.523878674004	41.3476150360012	5.36973221086275	1.07086932753515e-05	0.001104167302097	0.0195168231374186
AT4G15650.1	41.1884490966693	82.3768981933386	0	0	-Inf	2.77504725584748e-06	0.000341555816300796	0.00361840439364294
AT4G16160.2	148.923307673974	296.907549861369	0.939065486578538	0.00316282117789529	-8.30457229474312	2.40241224689674e-08	6.07810298464876e-06	0.002354823772076
AT4G16260.1.DE	334.099419265715	2.96123226691174	665.237606264518	224.648911771548	7.8115282630512	4.81381267949145e-05	0.0040347428728351	0.855253124347657
AT4G16270.1	1474.31099748318	2942.00135542456	6.62063954179785	0.00225038629896975	-8.79561161043246	3.89668239086874e-11	3.54909832160325e-08	0.0110097423164087
AT4G16807.1	69.5919834531027	133.889928260264	5.2940386459413	0.0395402306561132	-4.66053490278803	0.00017934942026045	0.0120761161607582	0.439959137626851
AT4G17240.1	323.942781636849	605.01654022713	42.8690230465677	0.0708559521868182	-3.81896713931717	0.000384841224310352	0.0227114505681556	0.154967421603472
AT4G17340.1	4023.15978678626	600.346101495939	7445.97347207659	12.4028014065932	3.63259411218759	0.000364989061485144	0.0217275841307627	0.0497500076645165
AT4G17370.1	666.856828805019	94.3892870854071	1239.32437052463	13.1299261684564	3.71478689865043	0.000421939918927374	0.0245299709463225	0.136971171729257
AT4G17800.1	19.2039431658881	38.4078863317762	0	0	-Inf	0.000199755746908945	0.0132801119915816	-0.0355536733389877
AT4G17920.1	28.2225012485931	55.9108805190173	0.534121978168939	0.00955309544780403	-6.70981600558666	0.000107523944901314	0.00775193738913854	-0.0334587422175441
AT4G18190.1	785.830567738992	1571.12701349982	0.534121978168939	0.000339961042983494	-11.5223429458766	7.12702198199117e-13	1.94738748635927e-09	0.180070035789194
AT4G19370.1.DE	238.495764280821	25.6552065281704	451.336322033472	17.5923870087691	4.13687934188561	0.000172450831064197	0.0117215087263635	0.307817073883738
AT4G19620.1	122.926364883763	245.852729767526	0	0	-Inf	3.91904220263421e-09	1.30590133103387e-06	0.0214598527697747
AT4G19630.1	26.6184918597539	52.702861741339	0.534121978168939	0.0101345915671593	-6.62456824166129	0.000136743952377108	0.00955598914258846	0.198602141593386
AT4G20110.2	731.806938876523	64.4949520985975	1399.11892565445	21.6934640639089	4.43918853926629	4.38200864502277e-05	0.00371844733591932	0.213900074613298
AT4G20160.1.DE	133.129495377468	264.122502842261	2.13648791267575	0.00808900373760166	-6.94982225707838	2.51413206719298e-07	4.4320093292891e-05	-0.00685805825384778
AT4G20680.1	48.7501488262576	97.5002976525152	0	0	-Inf	9.24569948078215e-07	0.000135095985354487	0.167987856429995
AT4G20710.1	43.8500218320448	87.7000436640897	0	0	-Inf	1.79436541331576e-06	0.000231270002610565	0.0323128832675877
AT4G22690.1.DE	5668.76533807333	567.490465621455	10770.0402105252	18.9783632729953	4.24628367208562	0.000107305009487136	0.00775193738913854	0.423432847380016
AT4G22870.2	21.495370445495	42.9907408909899	0	0	-Inf	0.000107465978542378	0.00775193738913854	-0.0438856250718627
AT4G22960.1	504.502657718029	981.471921411659	27.5333940243977	0.0280531652752696	-5.15569262859124	4.41240770185705e-06	0.000508711510740684	0.101017055253228
AT4G23290.2	1141.803115188	84.8886583181366	2198.71757205787	25.9011935825131	4.69494667681061	1.78442839902012e-05	0.00173515023397956	0.020270493984325
AT4G25160.1	63.4295619049839	120.432251972809	6.42687183715884	0.0533650391143553	-4.22796128708203	0.000578080550719076	0.0319746416353199	-0.00823903513341235
AT4G25835.1	221.100746267632	413.99975490129	28.2017376339726	0.0681201795414027	-3.87577395230451	0.000469833003393124	0.0266896403008601	0.259056640145561
AT4G26120.1	95.6360918800481	13.4489384564861	177.82324530361	13.22210268706	3.72487971915902	0.00091824408006185	0.0467227211240409	0.0493083154213006
AT4G26260.2	884.111243729733	1751.01377062579	17.2087168336804	0.00982785922210669	-6.66890709251178	4.30489493864068e-08	1.04094645401255e-05	0.0781414195950588
AT4G26660.1	649.73630500307	1277.76233344421	21.7102765619341	0.0169908565886538	-5.87909760240555	5.48521527440306e-07	8.56445840901653e-05	0.283429773723067
AT4G26760.1.DE	1557.22719281336	2889.09656288026	225.357822746454	0.0780028697004802	-3.68032898853709	0.000450257543768815	0.0257381529831362	0.0909239153935489
AT4G27170.1	19.2612194125234	38.5224388250469	0	0	-Inf	0.000178078947463401	0.0120441315853712	0.384264182738944
AT4G27250.1	43.9285825287121	86.4485668275564	1.40859822986781	0.0162940610996781	-5.93950996662513	5.68206737298869e-05	0.00460702697031285	0.0705083077943713
AT4G27330.1	210.975761723149	421.481990703009	0.469532743289269	0.00111400428404097	-9.81002950391163	1.00391976147063e-09	4.72950061421094e-07	0.00193569686172612
AT4G27570.1	759.151517062284	1509.59308780584	8.70994631872552	0.00576973118722027	-7.43728017963852	4.72430724052326e-08	1.10330744478682e-05	0.466695284137588
AT4G27590.2	122.822642728973	238.343937369088	7.30134808885771	0.0306336639792569	-5.02873825709931	3.28989256343947e-05	0.00293768053605948	0.00823675989184081
AT4G27980.1	229.160983158507	456.250067639218	2.07189867779609	0.00454114711372371	-7.78272751000031	1.23589907341919e-08	3.51767773771937e-06	0.000415009993861393
AT4G28090.1	305.902204907354	610.331222349962	1.47318746474748	0.00241375078121557	-8.69450755855477	1.24540895244711e-09	5.37077589408631e-07	0.190902700499703
AT4G28430.1	96.5160101066385	187.139270354287	5.89274985898991	0.0314885798573111	-4.98902749673504	4.90786410783846e-05	0.00410099323799933	0.000130818524226262
AT4G28580.1	109.190493081565	217.377331441671	1.00365472145821	0.00461710848505617	-7.75879465385293	1.42982930625834e-07	2.83106202639152e-05	-0.0065218586782884
AT4G28950.1	140.608346602822	275.323943346654	5.89274985898991	0.021402969125611	-5.54604524148176	1.35675286864592e-05	0.00135794561842056	0.467381205657393
AT4G29030.1	4465.70331451791	8915.58910233287	15.8175267029442	0.00177414263055319	-9.13866228622936	7.63182781522124e-12	9.06661144448283e-09	0.0860584761064122
AT4G29150.1	146.022471087731	288.693623737557	3.35131843790455	0.0116085641051468	-6.42866665740734	7.86309193081094e-07	0.000118634261748029	0.0696711654254847
AT4G29658.1	16.2471141248421	32.4942282496841	0	0	-Inf	0.000449965087993399	0.0257381529831362	-0.0158189018273221
AT4G29700.1.DE	1959.83826507116	3782.26010925074	137.416420891572	0.03633182724675	-4.78262226433146	1.51793372064502e-05	0.0014919432008239	0.00612090253776218
AT4G31360.1	553.523469549113	1024.84161421015	82.2053248880768	0.080212711650505	-3.64002530494072	0.000525739205958341	0.0293169348236851	0.0978624530643528
AT4G32105.1	23.8396707458715	47.6793414917429	0	0	-Inf	5.67954746508183e-05	0.00460702697031285	0.320466282326382
AT4G32280.1.DE	384.203849654617	11.7656023813019	756.642096927932	64.3096776864056	6.00696395374066	6.74068744957174e-07	0.000104057934391016	0.4147897905156
AT4G32480.1	534.47081814163	995.793933763277	73.1477025199831	0.0734566661232262	-3.76696276983684	0.000520655970756046	0.0290928501941477	0.327406549802243
AT4G33150.1	3673.16870813216	6775.68023136215	570.657184902179	0.0842213866972079	-3.56966956023405	0.000608342608869294	0.033445379164476	0.318482398336784
AT4G33230.1	166.980766938464	331.420102455842	2.54143142108535	0.00766830799415364	-7.02687600129262	1.47002247069783e-07	2.88970460355017e-05	0.147137796055666
AT4G33390.1	245.411700209156	487.342903510648	3.48049690766389	0.00714178226992043	-7.1295001332212	4.63833247552425e-08	1.09256721173469e-05	0.063339773475904
AT4G35420.1	2777.7747103411	5373.9996864689	181.549734213308	0.0337829819139046	-4.88755951401744	7.94630133073108e-06	0.00084814350609725	0.246691952960081
AT4G35650.1	141.234731386981	280.462153331045	2.00730944291641	0.00715714908081403	-7.12639925388112	1.79279285322699e-07	3.35522410421741e-05	-0.00700548640337918
AT4G35733.1	14.8105645604244	29.6211291208488	0	0	-Inf	0.000711781948921975	0.0375458107574209	-0.0329587366355698
AT4G36500.1	1246.17136645048	68.2317010839722	2424.11103181699	35.5276358834093	5.15086978544904	5.06381278254695e-06	0.000567064018320955	0.156691260238069
AT4G37780.1	40.3864444022497	80.7728888044994	0	0	-Inf	3.02997652384615e-06	0.000367960349055877	-0.02463534539562
AT4G37810.1	200.126562333205	394.02002053389	6.23310413251983	0.0158192574176157	-5.98217431089118	1.30781484858486e-06	0.000178673664613663	0.126801547085252
AT4G37900.1	9631.13642795602	19150.9194061276	111.353449784466	0.00581452239566302	-7.42612359093546	1.70403622754316e-09	6.7479834610709e-07	0.312570604983007
AT4G38660.1.DE	1723.37695353125	3322.22100288186	124.532904180637	0.0374848344142703	-4.7375491605845	1.98676928547366e-05	0.00189812880966022	0.136909703423858
AT4G39590.1	47.4881238869823	94.4421257957956	0.534121978168939	0.00565554802656419	-7.46611745551354	5.40981888993773e-06	0.000598453001411572	0.107725782018399
AT4G40100.1	41.5154479072442	81.9626518581505	1.06824395633788	0.013033301535761	-6.26165360272713	3.41690108508939e-05	0.00301172274996718	0.0940807659211302
AT5G01660.1	128.890939801281	245.350487535786	12.4313920667765	0.0506678922533761	-4.30278437470644	0.000173959599460209	0.0117947198403244	0.260936997428541
AT5G01690.1	182.647279128767	364.760436279365	0.534121978168939	0.00146430896842075	-9.41556429102724	2.56738439316695e-09	9.40361796577274e-07	0.255380632084647
AT5G01760.1	329.368644282661	651.453348575596	7.28393998972613	0.0111810615536055	-6.4827990225759	1.30836913050825e-07	2.62866750897113e-05	0.0124566896975958
AT5G01910.1	186.609093480639	367.924148315337	5.2940386459413	0.0143889404111739	-6.11889583256991	9.90866088968974e-07	0.000143250926005229	0.203132897402932
AT5G03000.1	16.2515173507078	32.5030347014155	0	0	-Inf	0.000432338478868556	0.0250811392709223	0.235195897182974
AT5G03480.1	80.8222785232478	160.576313090158	1.06824395633788	0.00665256248434411	-7.23187412880504	7.95593999457122e-07	0.000118634261748029	0.00679602645197776
AT5G04500.1	168.415172730181	335.826690738903	1.00365472145821	0.00298860915208947	-8.38631004981141	1.3111947882505e-08	3.65582514226088e-06	0.120382415030129
AT5G05510.1	92.4652662599523	176.836705513359	8.09382700654533	0.0457700621771303	-4.44945193798086	0.000190789999317219	0.0127149901008383	0.123955069963267
AT5G07030.1	4249.68147200604	8304.45235263546	194.910591376633	0.0234706134854007	-5.41300063761207	5.04342925807178e-06	0.000567064018320955	0.427968316086031
AT5G07100.1	347.007874644571	7.89661937843131	686.119129910711	86.8877043491249	6.44108012774275	8.85231727052484e-05	0.00668178776518842	0.717541071148899
AT5G07410.1	10592.5879823939	21147.3302585102	37.84570627763	0.00178962099778056	-9.12613019578531	4.74882749255134e-12	6.17890297173679e-09	0.0040089975836352
AT5G07475.1	173.186031206765	345.432996926951	0.939065486578538	0.0027185170349465	-8.52296441618918	1.04430124436945e-08	3.03558374480329e-06	-0.0054307315710249
AT5G07510.1	2713.99770375827	5425.92350883874	2.07189867779609	0.000381851803553993	-11.3546995417089	6.51027917224951e-06	0.000714405092781307	1.11737350308714
AT5G07520.1	1153.29709015461	2299.50400802413	7.09017228508712	0.00308334852226651	-8.34128631285335	0.000629285580681764	0.0344581146423818	1.30843576580752
AT5G07660.1	341.447830335419	663.016333946313	19.8793267245251	0.0299831628675001	-5.05970361127298	9.720675815972e-06	0.00100991538401376	0.0016350004770281
AT5G08760.1	1013.51214142458	89.1189803250445	1937.90530252412	21.7451467179717	4.44262153781563	0.00032074077022078	0.0197385603727761	0.520447409809847
AT5G09480.1	103.7851708429	201.33723755328	6.23310413251983	0.0309585261438306	-5.01351939967484	0.000150277030606763	0.0103691151118666	0.521698881180964
AT5G09730.1	1440.33194732549	2868.66721912922	11.9966755217504	0.00418196835162775	-7.90160214074571	7.52820370670258e-10	3.80927107559151e-07	0.014324965686843
AT5G10080.1	242.510007194987	457.774750341712	27.2452640482625	0.0595167471074473	-4.07056051178641	0.000218708228596012	0.0144347430873368	0.000703344762003992
AT5G10420.1	68.3734132895204	135.273639114293	1.47318746474748	0.0108904253215423	-6.52079589069717	4.91019887686622e-06	0.000556706531582957	0.0326489989315966
AT5G10720.1	47.855222472801	92.0361803332992	3.6742646123029	0.0399219589404617	-4.64667367540341	0.000372829061332565	0.0220980070972907	0.308194749515
AT5G11540.1	134.478343768228	253.819869380571	15.1368181558844	0.0596360647132341	-4.06767113010809	0.000346962894232316	0.0210208738847091	-0.00155684447873073
AT5G11610.1	790.468236958571	8.78675721092735	1572.14971670621	178.922630837127	7.48319206644121	3.21371239368431e-09	1.09764346806287e-06	0.344819845000976
AT5G12180.1	331.575824376881	654.846645943446	8.30500281031592	0.0126823629039908	-6.30103262471681	3.08989492226844e-07	5.24399309664987e-05	0.161273274815393
AT5G12330.4	56.5984309168444	110.526251942844	2.67060989084469	0.0241626748749766	-5.37107601593734	5.84956159065501e-05	0.0047287994350017	0.196080896317012
AT5G13220.1	591.132309851909	1125.9729148065	56.2917048973175	0.0499938356927452	-4.32210597016251	7.5047270158698e-05	0.00582554434606893	0.140919376000274
AT5G13940.1	91.8939542689181	178.705045695666	5.08286284217071	0.0284427494611809	-5.13579525778911	3.35786097430469e-05	0.0029701986292556	0.0036332387836171
AT5G14890.1	272.447137313299	515.060398021503	29.833876605096	0.0579230644011782	-4.10971826001529	0.00015978423138094	0.010914860845632	0.0373031765803382
AT5G15140.1	1070.09795405472	2132.36043804242	7.83547006702665	0.00367455235392563	-8.08821577787165	5.09650451556289e-10	2.87879279222762e-07	0.0299220353810145
AT5G15480.1	35.701694914827	70.3997351081958	1.00365472145821	0.0142565127541419	-6.13223505845358	7.47025891930289e-05	0.00581530925102656	0.390423222367523
AT5G15960.1	5382.22054045562	10647.0382083756	117.40287253564	0.011026810483622	-6.50284063954275	4.25720784172823e-08	1.03860667024448e-05	0.0110486209263903
AT5G17160.1	653.840931714027	1275.78845308265	31.8934103454071	0.0249989802528343	-5.32198694345474	3.32091064405292e-06	0.000395788908219543	0.037152635226183
AT5G17200.1	53.7384089585468	107.476817917094	0	0	-Inf	5.05699127265759e-07	7.98712309445642e-05	0.29441408002528
AT5G17340.1.DE	431.61723296104	863.23446592208	0	0	-Inf	3.44432163230854e-12	5.65216370093524e-09	0.0346293607083574
AT5G17740.1	14.3963525356175	28.792705071235	0	0	-Inf	0.000900880105208436	0.0460105569994679	0.405177781317625
AT5G19240.1	2605.84697328687	406.534857519985	4805.15908905376	11.8197960154438	3.5631332327677	0.00054232480679423	0.0301188679285478	0.142557636159072
AT5G19360.1	124.030207192801	246.522637685974	1.53777669962715	0.00623787216485164	-7.3247302973595	1.93153342948567e-07	3.51848129515109e-05	0.251133515865771
AT5G19473.1	150.880003549285	298.344099425786	3.41590767278422	0.0114495566674813	-6.44856445223929	6.81589499798279e-07	0.000104627817373529	0.00269596524701101
AT5G19640.1	113.980988610527	227.961977221053	0	0	-Inf	6.29690049376091e-09	1.93321920327554e-06	-0.0083710302777405
AT5G20690.1	40.0410109610458	79.5478999439227	0.534121978168939	0.00671446987972615	-7.2185107840534	0.000304258453182328	0.0188944499426225	0.761346493251997
AT5G20810.2	364.810829787028	705.292997418673	24.3286621553841	0.0344944047997434	-4.85749382273333	1.30246572218124e-05	0.00131323149051218	0.156768629727202
AT5G22540.1	51.1332222595617	4.67098769729018	97.5954568218332	20.8939657191673	4.38501443987171	0.000691031490944846	0.0369505762398766	0.103802893738648
AT5G22570.1	37.4065997850367	3.04936540498821	71.7638341650852	23.5340225371786	4.55667602821833	0.00070096587557449	0.0371906632702862	0.0590137856409615
AT5G23010.1.DE	6030.71392396823	262.06908993207	11799.3587580044	45.0238475703596	5.49261744429365	1.04533908160111e-06	0.000148764818050358	0.094962987673894
AT5G23190.1	145.665535309559	287.979752181214	3.35131843790455	0.011637340516203	-6.42509479325249	7.94141330599319e-07	0.000118634261748029	0.0798729583260636
AT5G23960.1	456.787942667993	910.905275445141	2.67060989084469	0.0029318195457147	-8.41398797672732	7.34745425577425e-10	3.78795924688256e-07	0.410223486890582
AT5G23970.1	640.766076188708	1279.11989942609	2.41225295132601	0.00188586930154736	-9.0505545898491	9.06316122448284e-11	7.28358286169909e-08	0.0137226464541162
AT5G24160.1	408.607392470679	63.4902617728307	753.724523168527	11.8714981183314	3.5694301016033	0.000641101343573222	0.0349649762710474	0.181473638283414
AT5G24420.1	3509.97387886524	6855.08221876272	164.865538967766	0.0240501183948634	-5.37781219360636	1.98800009994321e-06	0.000252896975057746	0.266492836498303
AT5G24580.1	718.279006025108	1350.39257118789	86.1654408623233	0.0638076976286433	-3.97012571154036	0.000259067496745283	0.0166951893421417	0.122854804028162
AT5G24770.1	16253.4640859896	31821.0255959151	685.902576064155	0.0215550116069234	-5.53583285039697	1.31645319132694e-06	0.000178959039800086	0.0934106778559955
AT5G24880.1	129.656884078335	245.473777860026	13.8399902966443	0.056380727983647	-4.14865408377811	0.000240929539044591	0.0156369565911031	-0.00120884334353824
AT5G24910.1	98.8753902993607	195.273938412516	2.47684218620568	0.012683936250486	-6.30085365819312	2.83068304541457e-06	0.000346841181761917	0.421140734930764
AT5G24940.1	110.721757093006	218.902082764928	2.54143142108535	0.0116099005956673	-6.42850056991851	1.45303835154202e-06	0.000193672292280655	0.194162428026793
AT5G25120.1	997.533711494873	138.737319475232	1856.33010351451	13.3801785311696	3.74202546081551	0.000932563644223113	0.0471004972546254	0.46715953761377
AT5G25290.1	34.3785083052049	68.2228946322408	0.534121978168939	0.00782907235244345	-6.99694290841181	3.46547794817623e-05	0.00303495895692203	0.0411438629706836
AT5G25550.1	186.429836334191	372.859672668382	0	0	-Inf	3.71619181007326e-10	2.26478561709816e-07	0.0125977026165484
AT5G25950.1	62.6353497472603	125.270699494521	0	0	-Inf	2.29473194682117e-07	4.12508261282511e-05	0.0106581425437929
AT5G26717.1	382.829461633167	764.121146566707	1.53777669962715	0.00201247761109161	-8.95681155139597	3.23210825171404e-10	2.1027172826151e-07	0.0236381935789124
AT5G28470.1	471.301376764676	942.068631551184	0.534121978168939	0.000566967161712484	-10.7844472017126	1.33487560875795e-11	1.35089411606305e-08	0.227039097241132
AT5G28650.1	43.7201198317976	83.4256207777624	4.01461888583283	0.0481221338050019	-4.37715557465802	0.000700901292273768	0.0371906632702862	0.471639855424086
AT5G29560.1	58.8512861950757	117.233039646862	0.469532743289269	0.00400512299863272	-7.96393773571283	1.5819890008709e-06	0.000205839368856173	0.039844728227739
AT5G35390.1	56.2291071882419	111.389970420146	1.06824395633788	0.00959012694148876	-6.70423437279259	0.000119878925589869	0.00852761458019418	0.671435645945311
AT5G35600.1	42.6403521113849	83.7429275231426	1.53777669962715	0.0183630635458998	-5.7670494233009	6.91918777840185e-05	0.00546415857968359	-0.00797214642754586
AT5G36220.1	1035.75604518843	137.970540587738	1933.54154978913	14.0141623099574	3.80881360540909	0.000261821736658322	0.0168329814881223	0.0300077448148317
AT5G36260.1	335.584332824431	665.810037768041	5.35862788082097	0.00804828340946076	-6.95710317606132	4.59748410427006e-08	1.09256721173469e-05	0.010554987228682
AT5G37810.1	264.67587644376	528.817630909351	0.534121978168939	0.00101003057944658	-9.95138531233047	1.62251308440425e-09	6.61694739078532e-07	0.461060595413022
AT5G38240.1	280.493777813282	40.716960825227	520.270594801336	12.7777364581443	3.67556038423649	0.000546637755592141	0.0302968154843807	0.131083271825406
AT5G39240.1	43.6853560895379	84.1659803100621	3.20473186901363	0.0380763327083889	-4.71496165645979	0.000364317156652657	0.0217275841307627	0.03984633926481
AT5G39320.1	2121.79003483842	3907.02726271904	336.552806957808	0.0861403784327804	-3.53716652811861	0.000683226528769299	0.0366767812811244	0.151401506571394
AT5G39670.1.DE	299.104674202887	28.8984511127743	569.310897292999	19.7003948436994	4.30015263996691	9.56198917485408e-05	0.00704236636694644	0.0122450334727038
AT5G40330.1	94.276823425953	9.59756835707834	178.956078494828	18.6459811315483	4.22079280706345	0.000298379987990803	0.0186566013543723	0.0555321090799938
AT5G40350.1	347.611587731703	692.875511746959	2.34766371644634	0.00338829079198821	-8.20522658881238	2.59117236451248e-09	9.40361796577274e-07	0.0705855629272047
AT5G41761.1	194.532373745027	13.0964059041803	375.968341585873	28.7077496174631	4.84336833790293	2.33622139409278e-05	0.00218612717028052	0.212940956229819
AT5G42530.1	50348.5569500913	8527.66367236906	92169.4502278134	10.8082886203001	3.43406620034051	0.000718739470561341	0.0377669947954194	0.0166755021882533
AT5G42610.1	57.7399195204634	0	115.479839040927	Inf	Inf	3.79542776411574e-07	6.28522837737567e-05	0.448757543185054
AT5G42700.1	119.994213546901	239.454305115632	0.534121978168939	0.002230579976046	-8.80836540869744	2.34350692379458e-08	5.99621748758163e-06	0.240867347453508
AT5G43695.1	16.0752510745548	32.1505021491097	0	0	-Inf	0.000443607721129962	0.0255181839413791	0.571777277057421
AT5G44568.1.DE	245.165197582264	17.5911273253175	472.739267839211	26.8737335076209	4.74812486055397	0.000205025995130126	0.0135974036187756	0.528851963034148
AT5G44630.1.DE	1865.7075887319	3728.33962406455	3.07555339925429	0.000824912349562564	-10.2434715445174	5.80233065242394e-13	1.92825738169259e-09	0.267020697345953
AT5G44635.1	769.409587456322	1501.29137164777	37.5278032648783	0.024997015218764	-5.32210035033395	3.08047127374776e-06	0.000372053233319552	0.124841326730532
AT5G45116.1	78.4065723747944	156.813144749589	0	0	-Inf	6.4061023363779e-08	1.41161564709024e-05	0.246924420357582
AT5G45670.1	3302.09604434968	6527.39989460369	76.7921940956695	0.0117645916192686	-6.40940494818248	7.05330797241234e-08	1.54179669630556e-05	0.108296304237916
AT5G46380.1	45.9607796096331	91.9215592192661	0	0	-Inf	1.34977866178607e-06	0.000180790941934522	0.0506167044898643
AT5G46970.1.DE	75.5686647425036	151.137329485007	0	0	-Inf	4.85407584241575e-07	7.7112074603586e-05	0.546202443789847
AT5G47220.1.DE	744.24919868155	100.699509978462	1387.79888738464	13.7815853094167	3.78466994711564	0.000337848779283888	0.0206057590293593	0.000417736368827448
AT5G47740.2	64.1732421273515	128.346484254703	0	0	-Inf	1.90237550171443e-07	3.48862471200302e-05	-0.010152851596042
AT5G48270.1	17.2694516644528	34.5389033289056	0	0	-Inf	0.000360629950610447	0.0215845660891196	0.182887713867105
AT5G48480.1	4663.15754397499	8796.15225388876	530.162834061219	0.0602721302177137	-4.05236513443613	0.000103490828096111	0.00758118870482074	0.135377450397514
AT5G49070.1	325.20924042657	638.374624195641	12.0438566574985	0.018866440176368	-5.72803395678812	1.33405068099858e-06	0.000179564535998056	-0.00304933861041795
AT5G49180.1	260.072298224836	519.140941728214	1.00365472145821	0.00193329911163826	-9.01471942233617	1.04770700273094e-09	4.77125769043672e-07	0.00587669106339661
AT5G49615.1	51.1473221474037	102.294644294807	0	0	-Inf	2.59991851786241e-05	0.00239192503643341	0.728454452153275
AT5G50030.1	1100.19462355421	2192.14883353299	8.24041357543625	0.00375905752811298	-8.05541329030052	5.44354848348778e-10	2.91646115221216e-07	0.000546786806064483
AT5G50060.1	27.4266414310499	54.8532828620997	0	0	-Inf	2.67331952159232e-05	0.00243485942026629	0.117898663285418
AT5G50750.1	32.4004080939099	62.3885632364938	2.41225295132601	0.038664986436408	-4.69282848282113	0.000931482821162004	0.0471004972546254	0.041912414839199
AT5G51380.1	221.811788507677	415.392066344764	28.2315106705891	0.0679635288151069	-3.87909542742498	0.000354875621601721	0.021452702399658	0.0086039081944035
AT5G52160.1	2282.19557167902	4559.30828051586	5.08286284217071	0.00111483201605214	-9.80895794480023	2.18624839562465e-12	4.26693222586056e-09	0.407326989990192
AT5G52400.1	60.1703177663556	119.806513554542	0.534121978168939	0.00445820483646557	-7.80932138054444	1.46913828468982e-06	0.000194867643159537	-0.0123851024446013
AT5G52620.1	15.802045208594	31.6040904171881	0	0	-Inf	0.000499625885971429	0.028032397758282	0.190084836278592
AT5G53390.1	539.217409823136	1078.43481964627	0	0	-Inf	9.80342397033112e-13	2.43517051423025e-09	-0.000697020261100948
AT5G54095.1	863.226694283513	1720.23769253364	6.21569603338825	0.00361327743274449	-8.1124762533962	4.50896207245909e-10	2.62133786527388e-07	0.00852240917518121
AT5G54320.1	15.0705607487881	30.1411214975762	0	0	-Inf	0.000713463796845346	0.037562013073222	0.257058059007445
AT5G55340.1	77.789028352748	151.692616289423	3.88544041607349	0.0256139060101663	-5.2869289152929	3.8337085893105e-05	0.00331494473083292	0.0111720073356562
AT5G55590.1	91.89425819393	179.304364758738	4.4841516291221	0.0250086027473772	-5.32143173464454	2.42497003164861e-05	0.00225373745390363	-0.00549930104260607
AT5G55720.1	1840.30486440998	3677.06464267742	3.54508614254356	0.000964107647550694	-10.0185181398192	1.07969836138121e-12	2.45503178654679e-09	0.206531185392206
AT5G55820.1	570.709985687437	1107.92419509496	33.4957762799139	0.0302329134323518	-5.04773617700572	9.52860155126824e-06	0.00100008310128753	0.341342034562249
AT5G56390.1	17.1901249781077	34.3802499562155	0	0	-Inf	0.000337247138211232	0.0206057590293593	0.00392431694052794
AT5G57123.1	730.361559141474	1457.24262137529	3.48049690766389	0.00238841278494802	-8.7097320882047	1.045223770369e-06	0.000148764818050358	0.701074383297797
AT5G57200.1	92.0518033982278	183.164541309877	0.939065486578538	0.00512689563090615	-7.60769875581838	3.8959623515523e-07	6.40171590089849e-05	-0.00635719738292344
AT5G57420.1	39.2495200589871	78.4990401179743	0	0	-Inf	0.000148648290094148	0.0102826984266646	0.842564907113615
AT5G58400.1	64.4199943277369	128.839988655474	0	0	-Inf	1.72404092129744e-07	3.27136764816189e-05	0.232396377381167
AT5G58610.1	96.3672116732623	188.655215225812	4.0792081207125	0.021622556873553	-5.53131905751223	1.38569663613645e-05	0.00137183966977509	0.271206081157864
AT5G59220.1	1148.96242619555	2158.3247624511	139.600089939995	0.0646798351984152	-3.95054018688665	0.000241598539485481	0.0156432191774912	0.394522150090312
AT5G59230.1	26.1014649828936	51.7333972224979	0.469532743289269	0.00907600831373738	-6.78372635412449	0.000916267930745757	0.0467091510068975	0.792074368703085
AT5G59240.1	112.673095246061	213.155747265732	12.1904432263894	0.0571903098216352	-4.12808546858523	0.000325138649545817	0.0199642437307638	0.260878710021175
AT5G59310.1	4200.6168535711	8101.38465881403	299.849048328162	0.0370120739794692	-4.75586021014682	1.18739389033266e-05	0.00121061009923319	0.00967062790823084
AT5G59370.1	746.848267209509	1481.31232348799	12.3842109310284	0.00836029697091009	-6.90223009464663	2.20130085332636e-08	5.72841376345613e-06	0.0134032895511611
AT5G59590.1	68.1988886643781	135.458711842178	0.939065486578538	0.00693248498976307	-7.17241169712151	2.05767436941495e-06	0.000260295807730991	0.0572886051293163
AT5G59640.1	72.7422123874787	141.874749397534	3.60967537742323	0.0254426907730345	-5.2966049342613	3.81419655811265e-05	0.00330854307155143	0.00477467212392338
AT5G59780.3	1713.50018677437	127.57096753624	3299.4294060125	25.8634818700046	4.69284460586091	1.72484116670624e-05	0.00168319857282433	0.138421883169445
AT5G60020.1	1353.48567810712	2504.48869487175	202.482661342494	0.0808479039083316	-3.62864581941847	0.000590890537600128	0.0325513972769877	0.0471464441974558
AT5G60260.1	21.5394370145332	43.0788740290664	0	0	-Inf	0.000106942493660925	0.00775193738913854	-0.0462006335953262
AT5G60500.1	394.560390320079	788.586658661989	0.534121978168939	0.000677315514156928	-10.5278843379615	3.19018321971438e-11	3.00581263087847e-08	-0.0011524713802151
AT5G60740.1	184.554764852092	367.571753004556	1.53777669962715	0.00418360955937788	-7.90103606812341	1.90523404997146e-08	5.10378580210003e-06	0.00705113225562315
AT5G61160.1.DE	53.5880204592203	0.537605280190188	106.63843563825	198.358237107576	7.63196449846289	3.19213213794793e-05	0.0028725919691687	0.643860793783213
AT5G61320.1	38.8272076291509	76.1812277935543	1.47318746474748	0.0193379328138385	-5.69242260791861	0.000121022729364736	0.00856690429316596	0.02537983062057
AT5G61710.1	53.517344434059	105.62609063825	1.40859822986781	0.0133357035307876	-6.22856225287951	2.03859709599932e-05	0.00193411899482936	-0.0121923022192166
AT5G62310.1	227.784041857974	449.481566152318	6.08651756362891	0.0135411950610814	-6.20650112201292	5.38889228881223e-07	8.46241913215548e-05	0.0244791372831669
AT5G62920.1	241.736980104449	452.442661177705	31.0312990311932	0.0685861473593558	-3.86593897130764	0.000327224976184041	0.0200472987651407	0.082757593401659
AT5G63070.1	26.2994777737443	51.5307115911507	1.06824395633788	0.0207302387906734	-5.59211945489343	0.000396857170545084	0.0232697968411457	0.0969772619329805
AT5G63900.1	21.2806646750259	42.0917966067625	0.469532743289269	0.0111549703538631	-6.48616951038286	0.000468278415509081	0.0266567488028544	-0.0462309151723239
AT5G63920.1	348.980671032697	664.646968552633	33.3143735127599	0.0501234115086793	-4.31837157880297	8.9496605451317e-05	0.00673665357397186	0.258453677276314
AT5G64080.1	2248.81147141713	4447.64633940348	49.9766034307864	0.0112366405997761	-6.47564540995075	5.38214404715671e-08	1.23581263818916e-05	0.0520135027283012
AT5G64770.1.DE	2218.54543554903	118.995702408391	4318.09516868967	36.2878245289064	5.18141366409274	3.35128468379228e-06	0.000396409102597144	0.104330910983425
AT5G65350.1.DE	117.241460541333	222.568242894926	11.9146781877391	0.0535326964564483	-4.22343586635085	0.000231284755305752	0.0151187192678812	0.185397171592321
AT5G65790.1	70.0725606741811	135.25602621083	4.8890951375317	0.0361469671592363	-4.78998158403351	0.000140511758492861	0.00976932134620591	-0.010236239641363
AT5G66690.1	160.422096596524	309.35186661285	11.492326580198	0.0371496920514156	-4.75050593803473	3.91539746940744e-05	0.00337489969886716	0.133432486929396
AT5G66750.1	554.268204303263	1076.72499559513	31.8114130113959	0.0295446034424166	-5.08096155506972	7.22036368193209e-06	0.000782893719226637	0.0146590210367491
AT5G67060.1	46.2020929798442	90.396876516772	2.00730944291641	0.0222055177154709	-5.49293798204388	8.54723574690275e-05	0.00648735193189919	0.0574120344145823
AT5G67265.1	48.7205157836728	96.9714988240564	0.469532743289269	0.00484196644357516	-7.69019120364318	4.50211989137651e-06	0.000514710978711179	0.288666518106291
