logFC	logCPM	pvalue	padj	dispersion
AT1G01150.1	-5.41556214390694	0.387954888744868	0.000785123941717197	0.0357545443058011	0.696759426931638
AT1G01370.1	-5.44748610934203	2.73915610603418	8.5114846172403e-06	0.000818900724230543	0.448401650478855
AT1G01980.1	-6.77086369245823	3.31149000530328	3.67632603584966e-08	6.52285276646468e-06	0.399822264859915
AT1G02310.1	-5.97719746444696	0.0361271651364687	0.00070940891172493	0.0330219575876865	0.744750674210139
AT1G02510.1	-10.1387036877633	0.966802507503972	5.09054727595924e-06	0.000522910202136505	0.665399079777874
AT1G02520.1	-5.75160342995474	3.63517471490533	6.52979549109115e-09	1.52495839315021e-06	0.293352063470702
AT1G02730.1	-5.31601715979416	5.99779332867384	7.52567010139953e-09	1.70146997954395e-06	0.271780482745751
AT1G02800.1	-8.06469302495535	4.34255874737367	1.51794140943488e-11	5.53016414285317e-09	0.337906672281389
AT1G03920.1	-3.54678248654311	2.59128476110904	0.000787764661331949	0.0358151108256808	0.410668513558949
AT1G04580.1	-7.88110537156405	3.89334758926383	4.13804906676722e-13	1.94944918448875e-10	0.278676649491994
AT1G04760.1	-5.14309268364178	2.39648903049091	1.51155333994818e-05	0.00132377190579308	0.435248253045371
AT1G05020.1	-4.5680304639228	1.45838486856568	0.000642664568548214	0.0310250294540837	0.567312474829498
AT1G05577.1	-6.86715012926096	1.80502257924348	1.28478023684707e-05	0.00115478076288189	0.607423754436908
AT1G06080.1	-6.92841695284774	4.11354877721125	6.82369174914334e-08	1.11647037936283e-05	0.441304316144432
AT1G06645.1	2.47291179756229	4.26797905120767	0.0011834706286287	0.0496730437122129	0.241631941266796
AT1G06990.1	-10.6151734729812	3.73106415149034	7.65170035204072e-15	4.86221070742234e-12	0.304981927258916
AT1G07240.1	2.64902835729644	4.47303908607192	0.000623167041823918	0.030244078598218	0.245771052838823
AT1G08135.1	-9.20650283898322	0.0684628010327797	0.000123330725090733	0.00783695054041672	0.793425834675936
AT1G08140.1	-6.80333543741681	2.97194436327686	3.22414024061208e-08	5.79581631147923e-06	0.393036654935887
AT1G08150.1	-6.77701100245824	1.69406561169055	1.45257739268475e-05	0.00127621301214528	0.599248801648912
AT1G08900.1	3.1696575770639	5.03918860338721	4.89882415716954e-05	0.00354115003361112	0.239702861929065
AT1G08930.1.DE	4.85899493288705	6.29156974126405	2.88489317433513e-08	5.29039067755255e-06	0.258142837014879
AT1G09200.1	-4.20938168669929	6.37745175908697	4.172464119518e-05	0.00312351807127972	0.373562469643519
AT1G09380.1.DE	-9.94290762298358	3.07467525556449	3.0228363076533e-11	1.05892281115793e-08	0.386441922818014
AT1G09460.1	-5.3771928646571	2.32731224868048	1.12488095989047e-05	0.00103141769624319	0.448923163447824
AT1G09600.1	-5.18529933515585	2.42017949433262	3.81694136243843e-05	0.00290512829490996	0.483718852467083
AT1G10640.1	-5.16462496887468	5.83641345994551	4.14249421211196e-06	0.000445627999416327	0.40497531712545
AT1G10780.1	-5.36007832908954	2.95799851502566	1.23495290276282e-06	0.000152687118167834	0.373129945022521
AT1G11210.1	6.62355405626375	5.39634402898094	9.37768904617505e-09	2.06641915723941e-06	0.371329869683862
AT1G11620.1	-8.47655253777032	-0.612861422209128	0.000678999885656596	0.0320431655883952	0.864901435552515
AT1G11920.1	-9.67739458855586	0.519817869962005	2.58041145363971e-05	0.00211087099769996	0.721270431620044
AT1G12000.1.DE	-2.66747655483088	6.24511488977328	0.000457910449196748	0.0237837957027639	0.238753041320581
AT1G12220.1	2.88013268452418	4.09274956387652	0.000471363579445419	0.0243469535817895	0.27100466364602
AT1G12890.1	-6.2446250346903	0.271596507577087	0.000591561536337782	0.0291765837886165	0.777744075737108
AT1G13140.1	-7.42484487858778	6.11599155990306	2.14235720005983e-15	1.62604911484541e-12	0.230380995125077
AT1G13245.1	3.422185094399	5.25542470293628	7.44324148178953e-06	0.000728957456087517	0.224716061656649
AT1G13260.1	4.47441021622946	5.98812878523576	3.15820991955179e-08	5.7148958835651e-06	0.228550757150751
AT1G13710.1	-8.62771647252444	3.52745167217782	4.20135676232328e-12	1.66373727788002e-09	0.329119453568879
AT1G13970.1	-4.24917558507975	4.95853041765964	1.2106924365855e-07	1.89034057927212e-05	0.229196549992876
AT1G14040.1	-4.30383793380522	3.45175123572279	4.39022495684283e-06	0.000462639804316333	0.305023495035763
AT1G14370.1	5.31111860198583	4.52683964612731	8.59812593445913e-09	1.9100422197818e-06	0.270778299859738
AT1G14630.1	-4.0364602655393	1.94001424777437	0.000818250252498152	0.0369063113122758	0.497160265750252
AT1G14890.1	-3.17952347119661	4.44668487495387	9.80180133820384e-05	0.00642264795599716	0.260735712322891
AT1G15125.1.DE	8.43695729691207	7.57323605186718	3.52794574788982e-11	1.20496987019177e-08	0.3910808953058
AT1G16520.1	-3.23494019620798	4.3499215743144	6.52554898598301e-05	0.00453700001254452	0.255603197347422
AT1G16630.1.DE	-5.82432109190622	3.80940298837807	9.82364517603074e-09	2.14737024631891e-06	0.308387073609054
AT1G16920.1	-2.82214864628605	4.67464519505273	0.000685280329876096	0.0322837926440249	0.278277185783917
AT1G17190.1	-3.52442513489823	3.78606387751649	4.32516743300596e-05	0.00321143681900692	0.27968908197499
AT1G18370.1	-6.54041683369896	4.85498659165473	1.76826316756349e-09	4.5155161486453e-07	0.33239777484105
AT1G18410.1	-6.12417193537097	2.19538907274282	4.44314667155642e-05	0.003273960409534	0.618283973038019
AT1G18710.1	3.53308474632867	3.94673610530614	2.66337741840331e-05	0.0021467293386564	0.266991418787374
AT1G20130.1	-11.429530360768	8.25886755445826	2.044999408371e-17	2.6608363730633e-14	0.344912430641032
AT1G20135.1	-11.9394470191884	2.73987673321656	1.22287729420611e-10	3.79703399850998e-08	0.429010926806234
AT1G21100.1	4.62665217247332	1.548622200858	0.00107579374292106	0.0462913200497244	0.6370578193096
AT1G21270.1	3.79253636215959	6.55954206235997	5.58936525017554e-06	0.000567746528237162	0.260031783708162
AT1G21810.1	-4.48094518136322	2.75443327271468	4.01296154660259e-05	0.00302900998064556	0.399264964569597
AT1G22350.1.DE	4.35753219170992	3.60938143359548	5.57838313355629e-06	0.000567746528237162	0.316344415768866
AT1G22380.1	-8.17242215934615	3.3670390212793	6.83295640564058e-11	2.17097326543864e-08	0.35031074628954
AT1G23130.1	4.88415657620157	9.22633884986637	1.68384189100411e-08	3.358342761299e-06	0.252831425642211
AT1G23350.1	-6.9816359339296	2.44466159713073	1.4464185531404e-07	2.23287799694962e-05	0.437130733363042
AT1G23640.1	-11.3921349468544	2.19764801215166	7.53468992551670e-09	1.70146997954395e-06	0.497725524554386
AT1G23770.1	-8.6847695991669	-0.419999800412022	0.000481222591573764	0.0247625726782703	0.859059671885092
AT1G24020.1	-6.0531674262883	9.12289106453959	1.13550855465705e-09	3.01229473276205e-07	0.297580581320281
AT1G24030.1	-3.75769668989398	2.94585023659405	0.000209342204619131	0.012327729308218	0.370787964876777
AT1G24260.2	-9.2844280798963	6.90224146276904	5.12801106703008e-19	1.16764811996275e-15	0.242806572281356
AT1G24625.1	3.5413096460946	2.71115771746832	0.000775935526816255	0.0355136722524746	0.407049175771917
AT1G26515.1	-8.57000215864507	-0.527829208484376	0.000503198222724067	0.0256040749305632	0.841388282806723
AT1G26540.1	-6.39681454503269	2.83828123313729	9.15237724769897e-08	1.45395090648911e-05	0.388849103472246
AT1G26770.2.DE	-3.24437389174717	4.58532683042104	0.000176074534898807	0.0106174723027234	0.290122089166703
AT1G26820.1	-3.69356256689858	4.03978799709797	3.62997277797872e-05	0.00277830185393531	0.296064478907906
AT1G26910.1	-2.69864091173444	3.90407190127113	0.000891900424407244	0.0396264832463472	0.267906739779844
AT1G27710.1	-10.1755620119528	6.02708655503699	8.60475909089346e-20	2.93895546749466e-16	0.249818531589423
AT1G28270.1	-8.03731997215353	4.76528256826942	1.25519166531913e-15	1.00873109009352e-12	0.241636004096041
AT1G30050.1	-10.0666989226388	0.897075126312273	7.12348038519708e-06	0.000705224558134511	0.678688099463669
AT1G30260.1	3.33535362676924	3.84239104446715	6.0151472300379e-05	0.00423602791014319	0.265244017741688
AT1G31040.1	-5.38677447212697	1.84003648344187	5.1971777460752e-05	0.0037272358197837	0.51873938644632
AT1G32250.1	-10.1437202324738	0.972221195161349	6.53980635981606e-06	0.000652166675093482	0.684000691919309
AT1G33600.1	2.7174841311095	5.35655320599585	0.000620206860575716	0.0302077223856878	0.257565702417444
AT1G33720.1.DE	3.2992047269054	3.56450516443987	0.000311299030201133	0.0170118694024315	0.319077714848869
AT1G35110.1	-6.21967647257326	0.783582120298611	0.000144049310026035	0.00892517765793966	0.662510651614918
AT1G35180.1	-4.12474856291747	3.8890027487341	2.67418705617112e-06	0.000300535703050405	0.274457591012184
AT1G35290.1	-4.23658616475106	2.90166470742555	4.41362238309452e-05	0.00326823355001829	0.370773942135197
AT1G35780.1	-2.46186804880374	5.41289495725187	0.000896730317688207	0.0397119273914304	0.229995628299196
AT1G43630.1	-7.45289809933998	1.45163111467543	4.41915491606511e-06	0.000462639804316333	0.575295645705783
AT1G44110.1	-5.24925609718767	4.01337506900847	1.42795137806606e-08	2.93363484618624e-06	0.271412750515668
AT1G44760.1	-3.26423413887154	5.84485670053162	2.7245628667828e-05	0.0021895869344698	0.236786533956682
AT1G44970.1	-9.27312759905523	6.73287390253682	1.18074943827986e-18	2.30448554653991e-15	0.246951620064288
AT1G47760.1	-8.62104537939003	-0.479323305954658	0.000506365523138508	0.0257173448963506	0.853047222272614
AT1G47880.1	8.36498174721121	-0.716994144279329	0.000960638603781318	0.0421324064361489	0.892839660901237
AT1G48953.1	-8.56100755860727	-0.5347757507106	0.000600383977120838	0.0295052010626795	0.864802666566799
AT1G49270.1	-8.09615743972032	1.2360089821019	3.24640655972265e-05	0.00255238713245651	0.747472471581668
AT1G49290.1.DE	-6.074864105587	1.94692071940411	9.26391660832938e-06	0.0008728526117448	0.508832266171752
AT1G49430.1	-2.52462693130399	7.16617415044833	0.000885683800641329	0.0394143716102992	0.240458391654276
AT1G49490.1	-4.62131021464483	4.62200972295048	2.38030818920016e-05	0.00196494081455303	0.403036272954725
AT1G49830.1	-6.8838946031457	0.0920679634764774	0.000398465202493896	0.0211410935785305	0.789747370911547
AT1G49910.1	-4.78589616723716	1.46697069711943	0.000797535741343099	0.0360792493318855	0.625917514727585
AT1G50010.1	-3.45463543336731	8.20399300952755	7.4338474620336e-05	0.00504025925688849	0.291595791773104
AT1G50490.1	-4.91956159114569	4.55863394421724	2.35641868891319e-08	4.47130446221277e-06	0.256775475217336
AT1G50610.1	-7.983900732765	1.95768734000779	6.96644929816055e-07	9.06434574394947e-05	0.545751435516663
AT1G51460.1	-4.30820187475068	5.28607720850122	4.7824434126082e-07	6.43721595103973e-05	0.258517582150209
AT1G51538.1	-5.40755023902764	0.679624328647436	0.000493540978872229	0.0252537709863386	0.662397002626174
AT1G51800.1.DE	3.77123551648758	3.49949620208133	3.59574423295074e-05	0.00275983470284118	0.30508146186542
AT1G52343.1	-11.2482401364883	2.05570101589669	2.73910881271136e-08	5.05698710800846e-06	0.529898214470605
AT1G53860.1	-6.5899961337089	2.04390824559178	4.78228748491249e-06	0.000496848757557981	0.529918117056685
AT1G54070.1	-6.94230632229971	2.4059562643073	2.05157687436882e-07	3.03012359541912e-05	0.444559064844538
AT1G54560.1	-10.9890593336462	4.11390330536099	4.47194338543818e-17	4.70201999993602e-14	0.272798443962116
AT1G54840.1	-5.38674681616312	1.83469938619584	6.84776223356129e-05	0.00471305428891256	0.535377393679077
AT1G54940.1	-10.8960593916655	1.70828155611134	1.72270917940522e-07	2.61507253433712e-05	0.569626426834497
AT1G55560.1	-7.56024992981172	5.90659094644472	1.07801445308055e-13	5.66455132999478e-11	0.268371472884475
AT1G55570.1	-10.5077220822522	6.66134487056247	3.67879255828594e-21	4.25647806430114e-17	0.244919745470804
AT1G56010.2	4.4984903466769	3.24904772841526	5.32814393651316e-05	0.00380120639481163	0.417147355573864
AT1G56510.1	3.16782826533438	5.98929529321784	4.44532027498577e-05	0.003273960409534	0.237757665712654
AT1G58225.1	6.4810601463269	3.11776037904611	1.18053025651332e-08	2.51131465776948e-06	0.348969940845143
AT1G58602.1	3.29705866059026	8.14777995965902	4.3056227299507e-05	0.00320979780055008	0.253729584029666
AT1G59590.1	3.86846720077296	2.05498369910486	0.00110858102219562	0.047255644072501	0.489247103917247
AT1G60060.1	-3.93118533235733	4.78303511893868	1.00089166008295e-06	0.00012545120972526	0.236189608228284
AT1G60240.1	-10.7060000393355	1.52173046999009	4.35229471002098e-07	5.88723270577294e-05	0.592980877674049
AT1G61110.1	-10.2679913513162	5.91426627261956	3.06220400377063e-20	1.39452770331715e-16	0.243962944287034
AT1G62180.1.DE	3.10674400010352	8.55909928400806	9.64221714770174e-05	0.00634069865569478	0.252122730131345
AT1G63100.1	-6.15170847129518	3.86697175188805	5.115610701312e-09	1.20499092071249e-06	0.320414723411899
AT1G63180.1	-3.77160350443428	4.48077947513432	4.1651192620232e-06	0.000446304779276557	0.249019889263159
AT1G63480.1	-3.14717750317989	3.57252370993284	0.000534452212337886	0.0268444342829419	0.320709678631949
AT1G63640.1	-2.50427996831258	5.37486902584579	0.00072064514098642	0.033390519485238	0.228788200871044
AT1G63650.1	-5.267576463718	3.19254075918038	7.30389173834448e-07	9.36955576800585e-05	0.350816185625762
AT1G64450.1.DE	-3.04861741652668	3.55114629306565	0.000514248311155723	0.0260692409165473	0.301282009461267
AT1G64680.1	2.57685695005632	6.52552055034539	0.000676681238132471	0.0319889933403662	0.238603122162718
AT1G65200.1	-6.15751184698094	0.188980017490357	0.000705105927821143	0.0328776695764248	0.780978428429942
AT1G65480.1	2.54972050763598	3.9787435403301	0.00110388577303547	0.047224102500437	0.251153957973925
AT1G65710.1	-5.97439203247733	2.39943465523611	6.00800326149737e-06	0.000608009930063534	0.486266873948932
AT1G65730.1	-3.84352110602068	3.7080888032638	9.54166844218736e-05	0.00629750117184366	0.352061458816804
AT1G65800.1	4.03252569143969	6.98068528409231	1.34322395982274e-05	0.00119163154149988	0.311385713734042
AT1G65900.1	-3.85928497899563	4.6633896030702	1.69405669350849e-06	0.000203913678825665	0.239112068350249
AT1G65970.1	-5.99379150720079	4.36681681092237	5.48616411895541e-11	1.76357586336868e-08	0.24632729086769
AT1G66100.1	8.6181917696484	6.03663072637335	1.01938920424788e-08	2.21061830292611e-06	0.528071721497301
AT1G66210.1	-6.61998841248908	3.04762430898883	1.15372636489762e-07	1.81174822956682e-05	0.415399918668051
AT1G66700.1	5.4774847410802	1.78972350505894	0.000103701150578929	0.00673047562569752	0.573434019192658
AT1G67040.1	-4.05670125855597	4.09036185051266	8.77935630309131e-06	0.00084170923377427	0.298241355582811
AT1G67481.1	-7.59679752069358	0.753182206021684	4.53129003067108e-05	0.00331938254150286	0.694301632303113
AT1G67750.1	-4.59298816648235	5.73079610016834	8.50431174130286e-07	0.000107579543527481	0.298688455206913
AT1G67860.1	2.71495403161952	5.92866553027849	0.000528320053988136	0.0266468132361159	0.251380385107615
AT1G69180.1	-12.5994413902307	3.39563947647181	3.70336576628504e-13	1.77527659996443e-10	0.363006186320919
AT1G69450.1	2.64877515711369	5.51524947246	0.000372088118799629	0.0198185882223803	0.228507551381302
AT1G69490.1	3.38830489135702	5.99193848925012	2.04641365370461e-05	0.00171522106361426	0.244496127103989
AT1G69500.1	-6.67872723896383	5.66188197077003	5.24316121207095e-13	2.34859240915782e-10	0.240609417505962
AT1G69600.1	-9.39524320670848	2.53259908728487	3.42509789274152e-09	8.209418843971e-07	0.45368348582473
AT1G69720.1.DE	3.23807494316819	4.18787261809863	5.69867194169573e-05	0.00403962242144787	0.251599377151405
AT1G69940.1.DE	-9.97089164694277	7.6411991590119	1.38722965869393e-20	9.47616579853821e-17	0.244779959771843
AT1G70000.1	2.64564455994478	5.02785808148324	0.00042428088676175	0.0222515373318197	0.231957091948218
AT1G70540.1	-7.42892767701702	1.95671473148378	8.40702619172255e-07	0.000106843527284943	0.518231618266714
AT1G70830.1	-4.544583828871	8.12563814482632	6.80805605122629e-07	8.94342901652439e-05	0.29042583398042
AT1G72260.1	-9.05452142319292	6.48822767642699	2.49443874408742e-15	1.79363274324855e-12	0.296023936306568
AT1G72460.1	-11.1539729636462	1.96252165103463	3.74209501779541e-08	6.59670995266077e-06	0.532356933285713
AT1G72890.2	2.80725989176867	3.72657986830181	0.000878877828497787	0.0392020288453148	0.284963901916632
AT1G73050.1	-6.9753317320359	1.87775312358591	2.83875144113687e-06	0.000311510218384031	0.533871050609885
AT1G74000.1	-6.63378323407612	3.17658607479014	4.66754645844146e-09	1.10900903852569e-06	0.341739603115669
AT1G75110.1	-3.01284630258852	3.21710280425516	0.00104626330886626	0.0453148234728747	0.330905881375292
AT1G75580.1	-3.95335656047887	3.42030640634134	1.73803522847645e-05	0.00149339857178901	0.304273162508277
AT1G75790.1	-9.61031614638755	5.26351433017263	4.48148567908822e-19	1.11320104268551e-15	0.237545207125945
AT1G75940.1	-10.0355079887676	9.20710097279023	4.67333999154715e-21	4.25647806430114e-17	0.244405140002751
AT1G76590.1	3.55743094409911	3.97329863529683	0.000315251570274439	0.0171251171096994	0.363811829382225
AT1G76930.1	5.09942202784056	3.89318522150358	4.31121282682579e-05	0.00320979780055008	0.49328546542825
AT1G76960.1	6.73159286105002	6.70269764089946	4.41428607183561e-13	2.04433818011587e-10	0.243881761119911
AT1G77520.1	-5.67571277672472	3.9234214814631	2.05221319326354e-08	4.00533380662379e-06	0.30917796693304
AT1G78960.1	-4.60512332145444	7.23495903044694	1.54175832966455e-07	2.35346394412035e-05	0.265793922150922
AT1G79640.1	-2.67694377283495	4.60870968816018	0.000602374625394896	0.0295498819825676	0.24878990959535
AT1G79860.1	-7.75799793083294	1.73333773063496	1.27906976279781e-05	0.00115344231678836	0.681973157357897
AT1G80180.1	2.7728908068457	5.46206891894299	0.000227055223992656	0.0131441884329986	0.230594658495753
AT1G80280.1	-3.37308818235883	6.31646401281798	2.65710749663222e-05	0.0021467293386564	0.249890990336484
AT1G80540.1	-8.24989702362744	1.38797205485038	4.25134022270164e-06	0.000451136870920963	0.621654311217342
AT1G80990.1	-8.74654724890461	-0.362800869347298	0.000366116780773949	0.0196152449369948	0.835185309046203
AT2G01520.1	-7.58422061410699	4.21919331328663	5.57379701975957e-14	3.10813121975327e-11	0.251327873487686
AT2G03000.1	-8.42915385346432	-0.65703161625968	0.000696752716687837	0.0325994370390042	0.856672494637741
AT2G04570.1	-3.49019178126091	7.7486676577235	9.57419689261601e-06	0.00089285104400628	0.239012379872732
AT2G07560.1	-9.77201544939545	6.59481742937949	7.82870544390232e-20	2.93895546749466e-16	0.243826963474846
AT2G14282.1	-8.15681668290757	1.3163665262933	5.01692007455084e-06	0.000519251227716012	0.6217945070741
AT2G16130.1	-11.2602351910799	2.06738013628713	1.7549135341151e-08	3.47472879754789e-06	0.514633339599641
AT2G16380.1	5.58579840206371	3.55114490247324	2.65297401042221e-08	4.93128311978072e-06	0.305453894898327
AT2G16440.1	-4.65906393225626	4.51775995390841	1.81425384082948e-07	2.73222330198229e-05	0.270900101894491
AT2G16535.1	-11.3727700720892	2.17873340460519	1.23383697781316e-08	2.59333550628975e-06	0.512688897441059
AT2G17000.1	-9.04398647183306	-0.0857833642699347	0.00019961275705344	0.0118056687743034	0.817868242390946
AT2G17180.1	-8.634423204031	-0.468333071023953	0.000427225137566416	0.0223630261664076	0.831367607714799
AT2G17280.1	-2.57759314793548	5.01004118836278	0.000574513019585776	0.0284900068006565	0.231870776557356
AT2G17442.1	-3.65831814187453	2.51336466597503	0.00066469294317002	0.0317517391994268	0.418574797306329
AT2G17940.1	-5.50353908340003	0.470640119551664	0.000596095415763126	0.0293472272798408	0.685409233795221
AT2G18480.1	-5.93177756700788	2.10614265991956	1.22017145844801e-05	0.00110539430896353	0.510069727731776
AT2G19010.1	-11.2246884527468	2.03224949181447	2.38158097700259e-08	4.48788404245646e-06	0.522312060986034
AT2G19090.1	-4.22760506827682	3.29707722692121	9.66566964577145e-06	0.000895515040125245	0.317717616662236
AT2G19130.1	3.42224026021948	5.09393371309192	7.80819213404461e-05	0.00526792695976876	0.287274520645192
AT2G19330.1	-4.92356820781971	2.66095310641923	1.86495960692164e-05	0.00158255143787351	0.42309123560148
AT2G19800.1	-5.04968598632207	3.57825788635051	1.82988165811286e-07	2.73222330198229e-05	0.301817409307725
AT2G20570.2	3.64723741560325	7.87894662000965	1.31662354698972e-05	0.0011795220261622	0.264822193626467
AT2G20970.2	-9.85810141605748	0.694598666010159	1.35184957176018e-05	0.00119540251452346	0.695941272752557
AT2G21050.1.DE	-2.65284083126824	4.56487124187447	0.00110611277998389	0.047224102500437	0.270321344210761
AT2G21220.1	-4.47584676278742	3.03101477379016	2.80848013502543e-05	0.00224382781314137	0.385969376317784
AT2G21430.1	-4.23727467042508	3.7659570755907	2.16326163741684e-06	0.000250461699071093	0.280006233761118
AT2G21450.1	-11.2997992587311	2.10651170703655	1.26394694637662e-08	2.61637017899961e-06	0.506803858090515
AT2G21510.1	-4.78799693517259	2.25239836033461	5.65383641837652e-05	0.00402305797645104	0.451800232441015
AT2G21540.1	-2.89016748075006	4.0879344890685	0.00112503204692391	0.0477335025623429	0.313268009814268
AT2G22420.1	-3.04350390280223	5.05112821322038	6.24584138466419e-05	0.00436474092057709	0.230052149779438
AT2G23360.1	-2.43314524525019	5.04132932210038	0.00116627165972498	0.0491777883184033	0.2349901947359
AT2G23510.1	-9.84340131563317	2.9626400917983	5.41978861404754e-11	1.76297981059804e-08	0.389995690233561
AT2G23910.1	-5.8177298243431	2.39182583046516	4.25974647553829e-06	0.000451136870920963	0.458177531621677
AT2G25200.1	4.69784462641086	2.13171429851544	0.000151197261074609	0.00932576515034448	0.488425145987455
AT2G26010.1	9.15417809288853	5.15023717558116	5.2129230997463e-08	8.95835916839421e-06	0.613268145098871
AT2G26650.1	3.4339596131682	3.42802462914853	0.000329458638246964	0.0178259957058615	0.343949929281805
AT2G26940.1	-8.17660017353143	-0.887738504763295	0.00113941546021141	0.0482688186586303	0.87286047350551
AT2G27660.1	4.31711929997215	2.39834939591647	0.000266925762444459	0.0150071595329884	0.46977592469136
AT2G27670.1	-9.87540339591409	0.711532504825711	1.3242703810182e-05	0.00118249555199154	0.697206468767903
AT2G27970.1	-3.22663831033013	4.25365030213295	6.19655500388442e-05	0.00435256218319121	0.252589935403197
AT2G28056.1	4.74297000254178	1.71349102745908	0.000296876121772173	0.0163736332539887	0.539561542762816
AT2G28340.1	-8.21608516091217	-0.852027285265223	0.001048516456719	0.045331746302832	0.868865022502754
AT2G28620.1	-5.65044006920824	5.00170297290376	6.86736270069777e-10	1.93447235498831e-07	0.259103235305198
AT2G29090.1	3.02477221497681	4.19299655413535	0.000206326959104835	0.0121764100012538	0.262699086347365
AT2G29110.1	6.11396370870658	2.52479577530647	1.31844479950298e-06	0.000161547917944481	0.439697044821922
AT2G29550.1.DE	-3.43522627760852	7.23928546788581	7.30798459229866e-05	0.00496724803482509	0.288240295394113
AT2G29660.1	-2.79698975242694	3.85136689702118	0.000609067987374562	0.0297181672982545	0.268065368547792
AT2G29710.1	-4.40902233620074	1.47480092772616	0.000879477517280705	0.0392020288453148	0.566411219889676
AT2G30250.1	5.87892477887242	4.64101093105681	3.32232455366031e-11	1.14910374815461e-08	0.236392442937235
AT2G31210.1	-9.85842914513634	2.97757246372049	4.93827540192757e-11	1.64552972051548e-08	0.389214588986226
AT2G31230.1	4.17080074156802	4.23671453114376	1.81262537874025e-06	0.000215339894994341	0.271092800825343
AT2G31770.1	-6.47036660034066	0.486192710780732	0.000314990112414547	0.0171251171096994	0.748619315421182
AT2G31880.1.DE	3.4568934927398	7.02947392392372	2.63780189849479e-05	0.00213873291022171	0.260169695548185
AT2G31985.1	-8.78635540893447	1.91553462240292	2.2529963780044e-07	3.30972435659099e-05	0.537374218719034
AT2G32350.1	-9.12498495648083	-0.00719383226014057	0.000144564670164247	0.00893684399902234	0.795906320905642
AT2G32460.1	-8.04672454489507	3.7193050237406	3.2812574019726e-12	1.33816533211193e-09	0.307546755848294
AT2G32590.1	-5.63856472520441	3.05327477544454	6.44674780745849e-07	8.50970710584521e-05	0.380512347450691
AT2G32765.1	-4.38174181710806	4.00448204293	9.46066310333237e-07	0.000119125879555509	0.276980155935201
AT2G32800.1	3.76624993575185	5.17021793025892	2.70301847093014e-06	0.000301458272243654	0.239838118104344
AT2G33000.1	-4.53044520548582	1.0369958881102	0.00111943452775208	0.0475698740844444	0.604901302724978
AT2G33100.1.DE	-5.08976860130758	2.89585653485674	2.39156587735132e-05	0.00196828753110685	0.455303929495213
AT2G33190.1.DE	-8.98013327203011	-0.144373919242586	0.000188319340909929	0.0112350167489583	0.798817565956822
AT2G33460.1	-4.88849831356774	2.33964929565956	3.36902869517531e-05	0.00263015257334201	0.439503354875419
AT2G33670.1	-8.99290713875044	2.1194532529117	5.40729661715423e-08	9.23431079794513e-06	0.503012062462016
AT2G33810.1	-2.99426459848832	5.35629609109333	0.000104288559052945	0.00675256063403479	0.238148200168077
AT2G34100.1	-8.46153774905774	-0.626691036285428	0.000702828231101899	0.0328274847634671	0.866390505547646
AT2G34340.1	-4.55395027150292	2.47412309500504	8.30929716005448e-05	0.005569805237317	0.441101192148576
AT2G34430.1	4.52724047365684	7.70051624110803	0.000187475123887892	0.0112091253503562	0.499350017136904
AT2G34700.1	-9.80817540742605	0.646595352934605	1.71463960666454e-05	0.00147794361553633	0.707256494711955
AT2G35080.2	-8.16692274559834	-0.896067279712978	0.0011751716832499	0.0494767196812331	0.87288098036235
AT2G35310.1	-9.27686342902909	4.47891924113591	4.34380413589056e-16	3.82871303900238e-13	0.267722110514443
AT2G35940.1	2.57447614209824	7.35649857025962	0.00101483323242012	0.0442960115697241	0.254494895549969
AT2G36190.1	-9.71485950305084	5.14464022453012	2.8245872499714e-18	4.79607327385676e-15	0.250195620165724
AT2G36270.1	-3.41785771926419	4.07099095283353	0.000272669965385556	0.0152986327190861	0.33401879835272
AT2G37010.1	-11.5913782099682	2.39481889525479	1.55271086284948e-09	4.04059729680946e-07	0.466802411508064
AT2G37390.1	-4.68391089580752	1.67157319998041	0.000312005574541075	0.0170164477420366	0.535164571053496
AT2G37620.1	-2.80494634179144	5.83609821344697	0.000188964838659035	0.0112489656895849	0.230082415631513
AT2G38080.1	-3.34407051780879	5.23730849216047	0.000458067554746173	0.0237837957027639	0.349166135462426
AT2G38620.2	-6.04492470637737	2.95783867024437	6.94189729543832e-07	9.06434574394947e-05	0.418922858780135
AT2G39030.1.DE	4.0983250300561	2.73805488501185	0.00021635720746576	0.0126589814492386	0.425491656754932
AT2G39250.1	5.38969719773999	2.83455705023553	1.68846335007477e-06	0.000203913678825665	0.386127475193157
AT2G40000.1.DE	2.70784908493699	6.69060111959532	0.00057576093923718	0.0285001664922404	0.253739972673701
AT2G40205.1	-3.47081569920111	4.47940343383044	1.98341983544055e-05	0.00166753734103316	0.252073690108209
AT2G41940.1	5.35379589747365	4.95905378300741	2.89205072280836e-10	8.78026599444619e-08	0.229870107944356
AT2G42740.1	-3.12032379108731	3.86263294569548	0.00016114085051503	0.00980626414136457	0.267215194842874
AT2G43040.1	-3.72578836697859	3.74089012434266	6.81301031436381e-05	0.00470097711691103	0.322058600302734
AT2G44040.1	-2.88521899541128	3.81306615371631	0.000781044835308851	0.0356281620700819	0.293400738287224
AT2G44450.1	-6.25683966142407	1.92758569128297	1.39208527878469e-05	0.00122701090830687	0.548351405578383
AT2G44490.1	2.9201699774215	7.19412682460677	0.000158239393926681	0.00965119017779606	0.241272027019969
AT2G46130.1	-8.1971821358571	-0.868346346169389	0.00109448068612132	0.04702136834525	0.871117945161083
AT2G46430.1	3.76897882401088	5.85184206878967	2.07117575414395e-05	0.00173066685951772	0.291179912927383
AT2G46770.1	-6.1147525338238	1.57052467690389	0.000120906780391093	0.00770083185875579	0.66735961464473
AT2G47010.1	-2.77835170249875	4.26275591623563	0.000568442856423618	0.028291680526264	0.262683336108463
AT2G47050.1	-7.18165424416061	6.36627114608229	8.05722079240093e-15	5.00353411208098e-12	0.230852165971968
AT3G01630.1	-4.54724036333528	2.07947949824516	0.000167415414267398	0.0101654639543164	0.476240206174397
AT3G02020.1	6.37214216726164	6.57465020787547	6.01047109433883e-12	2.31310017157344e-09	0.250019679956738
AT3G02030.1	-4.59137058591113	5.117681004424	4.80985330732692e-07	6.44237410634317e-05	0.285067852042314
AT3G02480.1	-7.54530560512754	5.29665972383923	9.9511817056068e-14	5.33149193968628e-11	0.262846951972409
AT3G02790.1	-3.29417843017293	5.15056061293896	1.65165705459163e-05	0.00143269451935434	0.227724037673919
AT3G02930.1	-3.10525991728419	4.17627878553274	8.52917839482068e-05	0.00567034721314064	0.245789245188553
AT3G03450.1	-4.64450797434393	6.31269201372051	2.7777403860967e-07	3.97376849789037e-05	0.280204331043372
AT3G05470.1	-4.58778281280046	3.86118180557301	3.37663515669954e-06	0.000367582386540471	0.330028058675559
AT3G05930.1	-6.33031963255958	3.41137361172992	8.44860550289901e-09	1.89221062919027e-06	0.336036675106044
AT3G06220.1	-6.98487603213103	3.971797367876	1.62700418844988e-11	5.84950821647427e-09	0.281961069267939
AT3G06490.1	-4.53356338438173	2.16710032538185	0.000138278585099631	0.00864202009879759	0.462323500989799
AT3G07820.1	-8.4789176116258	7.70506542040807	2.38062753197552e-17	2.9567393947136e-14	0.24276169541099
AT3G07840.1	-11.0829963306451	1.89243450707353	5.99226661070982e-08	1.01697324764618e-05	0.543967079512562
AT3G08770.2.DE	-8.83556245806358	9.05174202740653	3.93279493970247e-17	4.60298627629304e-14	0.260968693518708
AT3G08870.1	4.21435498371111	3.6504450607712	5.0779360696269e-06	0.000522910202136505	0.299687160364814
AT3G10116.1	-9.41414454549073	0.267499213363913	5.78549652722338e-05	0.00408482964108144	0.751553916435309
AT3G10130.1	2.47229739261783	5.3836825503336	0.00111156886133291	0.047309201817851	0.240122744609758
AT3G10290.1	-4.70558686714291	1.69198786230598	0.000273955361668689	0.0153277946329983	0.529483056951894
AT3G10580.1	-6.36294924747004	0.400736964943124	0.000245787523974641	0.0140499964541487	0.703557847490287
AT3G10880.1	-5.5222872423932	1.38924216167342	0.000670118736086711	0.0318440423388405	0.738162230142425
AT3G11280.1	2.57080506548172	4.90443828340197	0.000544617436686527	0.0272049850823083	0.228616613617361
AT3G11520.1	-5.2579600548972	2.83669362303642	4.09485671081147e-05	0.00307384243863222	0.508343210623747
AT3G11980.1	-9.92652754492403	6.57639577701989	4.47418093977224e-17	4.70201999993602e-14	0.293106196843903
AT3G12143.1	-6.0917995114613	2.24856356788037	4.57484064309012e-05	0.00333341188618118	0.609441777166853
AT3G12710.1	-3.57258944543764	4.80820448099855	0.000818519420847574	0.0369063113122758	0.424438279945057
AT3G12850.1	-9.22511472439717	0.0877218086195853	0.000112053269863753	0.00718746181632228	0.786274286492924
AT3G13062.2	2.7714687051975	6.43077666546433	0.000251533547977683	0.0143185472186296	0.234334911078827
AT3G13175.1	-4.52586092024923	3.15185886933771	6.38506391990248e-06	0.000641417229953733	0.338560034980319
AT3G13450.1.DE	-2.76846739735583	5.00739591438701	0.000255012912506173	0.0144507435909521	0.233504928655024
AT3G13650.1	-4.34102638484168	2.34314371161166	0.00021830783059162	0.0127458187245415	0.460645784013761
AT3G13890.1	-11.3172058767532	2.12373651410804	1.18562286214413e-08	2.51131465776948e-06	0.506089552875191
AT3G15280.1	-5.50882705209331	2.46261885200672	5.18474283154606e-06	0.000530591434940692	0.433969332057119
AT3G15356.1	3.64534598046883	3.5760271745703	0.000791224052056557	0.0359126345488262	0.432187033195647
AT3G15450.1	-3.39522342246232	6.25613824534536	0.000136837678992155	0.00859529365696929	0.304807741107739
AT3G15536.1	8.64067488025068	3.5264033519365	9.2528557949302e-13	4.01309574191544e-10	0.308640794727964
AT3G15680.1	-2.71524564404663	4.39812006938337	0.000722303803051664	0.0333946347116475	0.262165450831763
AT3G15720.1.DE	-5.22521923959087	1.54811783013486	0.000411787861844246	0.0217214122336528	0.64153874990146
AT3G16040.1	-5.56082094115649	1.88891816539826	3.04577230625421e-05	0.00241225166655333	0.511618824116403
AT3G16490.1	-8.13832780146639	2.1100916458795	2.50782994292548e-07	3.66354285275769e-05	0.519127512749065
AT3G16660.1.DE	8.40913957412584	4.42279194413272	8.99357078761267e-16	7.44667661214329e-13	0.247686847337473
AT3G17060.1.DE	-7.05078124803226	4.03360026237412	1.34896608712321e-11	5.04919854308966e-09	0.283386223125579
AT3G17220.1	-4.56348162775875	2.03610691438568	0.000294842113075866	0.016341310137292	0.515874418347812
AT3G17630.1	-2.79459443862421	4.18992918888186	0.000409340647185009	0.0216340886725013	0.252350794497756
AT3G17675.1	-9.02859175769638	2.99181425588582	1.06665211747627e-09	2.85737278999231e-07	0.430151304807123
AT3G19390.1	-8.35209696664387	5.24626742960572	6.00732502776593e-16	5.12950465808363e-13	0.250592147217286
AT3G20210.1	-11.3331259368611	2.13957636027206	1.85566776596604e-08	3.64778892354361e-06	0.5234896367949
AT3G20580.1	-7.39817193951061	4.29783596166367	1.19817851958718e-12	5.11547341706254e-10	0.274325068731614
AT3G20975.1	-10.077104570642	0.907255264435868	7.16361085626134e-06	0.000706637195077563	0.680686243716536
AT3G21420.1	-3.35698769008816	2.76912345448801	0.00101832268504254	0.0443067659969781	0.390146609920278
AT3G21900.1	-9.33914670330298	0.196365252716353	8.28127312651023e-05	0.005569805237317	0.774334125096823
AT3G21960.2	-8.00073085015226	1.16445634222087	9.46376121170918e-06	0.0008855746963998	0.640948824408514
AT3G22020.1	-8.48179755343388	-0.608235453706254	0.000654613160420694	0.0313800877111141	0.859054206135528
AT3G22050.1	-10.7432159280098	1.55834170299559	4.2342304289186e-07	5.75602548456576e-05	0.595601167019232
AT3G22060.1.DE	3.41639684959591	4.04426725140751	5.15421937198363e-05	0.00370615500316002	0.271343259932734
AT3G22360.1	-6.65817966184238	1.57885121864597	9.66831125885475e-06	0.000895515040125245	0.558503476518872
AT3G22510.1	-7.269223163741	3.11322414016676	3.4168846716565e-09	8.209418843971e-07	0.37293275238322
AT3G22880.1	-3.94059215707007	3.76564845950415	7.63478354203612e-06	0.00074504580536641	0.280397132808781
AT3G23670.1	-5.63242723177931	4.19908489811688	1.08680861980417e-08	2.33826446673458e-06	0.29722678624802
AT3G24190.1	2.80052127149446	7.25361998636885	0.000475552773168972	0.0245169886303189	0.261378113872948
AT3G24230.1	-3.87539843047011	2.22386298148172	0.00069040370784379	0.0324691754098515	0.459966659570372
AT3G24640.1	-5.22931542249235	0.491041186035543	0.00110455994347665	0.047224102500437	0.710524540683263
AT3G24900.1	4.60222620516646	2.04513486560459	0.000264974787113247	0.0149281878001698	0.510479211178246
AT3G25110.1	-2.70092913482588	4.34669747531123	0.000421764426266909	0.0221620984294558	0.239184985028085
AT3G25160.1	-6.89580235574615	0.911200177031907	4.81830760517239e-05	0.00350147438839708	0.652106970471231
AT3G25170.1	-7.25585631461458	2.17338212886772	4.16240726219602e-07	5.6866808016122e-05	0.486014175848571
AT3G25265.1	-9.13901234077763	2.26364152821865	6.53688739464113e-08	1.07598741669382e-05	0.524332437245047
AT3G25760.1.DE	2.80558872717454	5.19494614550768	0.000216172821257846	0.0126589814492386	0.233517543322592
AT3G25770.1	4.4846087479794	6.43539123136567	7.98524991188351e-08	1.28346452113121e-05	0.244016880099317
AT3G26050.1.DE	-5.11071385945283	2.74867144556962	2.36036389132191e-05	0.00195438130201454	0.452786329334204
AT3G26330.1	-5.10214988391947	2.95451964124623	2.20387757856381e-06	0.00025408755677923	0.365445547046881
AT3G26830.1.DE	4.40996594656947	2.24717035087276	0.000216170360689464	0.0126589814492386	0.471677692597184
AT3G27060.1.DE	-3.39720267566263	5.73260101580694	6.71898303926096e-05	0.00464783525480421	0.279359300200357
AT3G27415.1	-9.95404375035372	0.787062904474861	1.17355149137031e-05	0.00107244551672918	0.699714290775892
AT3G27503.1	-10.3595260704943	1.18246307218324	2.12604502617684e-06	0.000247200231043642	0.638777768611182
AT3G27660.1	-4.33076897182022	2.16914374163138	0.000277686250349003	0.0154846920500738	0.47344470190883
AT3G28230.2	-8.66177819167356	-0.441975853364019	0.0004300338442602	0.0224670071903742	0.839059642130662
AT3G28315.1	-10.3447755222741	1.16760048640256	2.25543634122641e-06	0.000257855826726654	0.64009724116984
AT3G28470.1	-5.622143066144	0.571169863788183	0.000537034409130897	0.0269246388900782	0.696767589236233
AT3G28500.1	-5.48187100533208	6.45619866275835	1.06222663449358e-09	2.85737278999231e-07	0.256018329214377
AT3G28750.1	-8.14222847104553	7.68117101258318	1.76457643285289e-16	1.66259608452663e-13	0.243830591965041
AT3G28900.1	-2.79065900229622	5.8568252533735	0.000247417456695749	0.0141136421435379	0.236443614832841
AT3G29020.2	-9.31967870239775	0.177847899023389	8.98328591786807e-05	0.00595775010727736	0.779744909166117
AT3G29040.1	-11.7388529805491	2.54098979303825	7.09173802092684e-10	1.97729234371229e-07	0.457294986642207
AT3G29070.1	-10.8541111290008	1.66735934743613	2.83408612841416e-07	4.0332588214994e-05	0.588704762584994
AT3G42520.1	-6.47174512858882	0.504774408078309	0.000219668246044659	0.0127706705423921	0.713955890476082
AT3G42660.1	-3.62133865618197	3.99145247707085	1.80531944795625e-05	0.00154634948576666	0.266528792032895
AT3G42850.1	-7.25194569427711	4.54335491774472	1.15999772437191e-13	5.98033543787510e-11	0.247977996137523
AT3G43083.1	-10.8843422478838	1.69710946538641	2.5484144709727e-07	3.68427920660624e-05	0.586699658637424
AT3G43960.1	-6.2565347325022	4.1339124238515	3.4035700576619e-06	0.00036904423910934	0.515477008856617
AT3G44860.1.DE	4.37735809717533	6.27430393436357	6.32137701071821e-08	1.05320308195649e-05	0.231229545219193
AT3G45860.1	8.84720538876674	7.63457575123172	1.28654889451306e-14	7.81192488748333e-12	0.30785218555265
AT3G46320.1	-4.02327067719516	5.0500846879624	9.89270743096289e-06	0.000913203844066317	0.299630260879405
AT3G46900.1.DE	4.18559864134169	3.22668359622156	3.67484887569601e-05	0.00280479247708151	0.359691156198845
AT3G47090.1	3.76917740415799	3.38150639005703	0.000184390213424658	0.011048855683367	0.368311294209419
AT3G47410.1	-8.65167140105341	-0.451952373696493	0.000413766990496577	0.0217837557771261	0.830136013841578
AT3G47500.1	2.62296271534024	7.23615208907801	0.000696397697486032	0.0325994370390042	0.247360808166481
AT3G48080.1	3.18421599759087	3.78023933055087	0.00032283867365473	0.0175024680931386	0.302991937024071
AT3G48720.1	4.70513827780738	5.00988572517053	1.5570281804834e-08	3.15142503729839e-06	0.234834862553464
AT3G49540.1	-8.37864010223212	6.64286034230177	1.22884343676651e-16	1.24358955800771e-13	0.247744491255218
AT3G50410.1	-3.98069683001565	2.50006253674221	0.000296819866422561	0.0163736332539887	0.424307964802297
AT3G50740.1.DE	6.62851295987364	6.16051261672743	1.45528927730726e-11	5.37355732610049e-09	0.272711769949026
AT3G50750.1	2.89703597285118	5.3541869993512	0.000104572246638084	0.00675492214453663	0.225000527382548
AT3G51070.1	-2.79537499383739	4.14821276232035	0.000518944122000247	0.0262585725732125	0.261597645213853
AT3G51230.1	-5.01482998842296	2.02926975692587	0.000528567295197439	0.0266468132361159	0.637708892274177
AT3G51280.1	-6.12991291672877	4.22028584002137	2.18532295154010e-09	5.4283422116256e-07	0.305766098209918
AT3G51290.1	-4.83615385705555	3.45600647951837	2.04993744701707e-06	0.000239509706249307	0.340656823879481
AT3G51330.1	4.75178217833838	3.38600862128144	2.23190082107853e-06	0.000256237218635083	0.332333300847758
AT3G51920.1	2.91526687187427	6.37508238379717	0.000138069975086337	0.00864202009879759	0.236294662657456
AT3G52110.1	-2.86318181985121	4.26087103840848	0.000261172230845374	0.0147443595777252	0.247300153055118
AT3G52130.1	-9.76200449522091	5.19160738601806	2.98394252875e-18	4.79607327385676e-15	0.252353637566208
AT3G53190.1	-5.24063895424446	5.95442392902133	1.29676181625356e-06	0.000159606846249154	0.375771018573292
AT3G53280.1	4.45739257114656	4.73087663762493	3.93023534197753e-07	5.39646987357758e-05	0.267272594279519
AT3G53650.1	-3.94067323782309	3.09993639934635	0.000114616180429517	0.0073343618596162	0.3711747811808
AT3G53760.1	-3.47421932897526	3.94601189903787	4.94956331311033e-05	0.0035683870176102	0.277748130283425
AT3G54700.1	-8.91446650521168	2.8908817147631	3.13415687110727e-10	9.41073652155331e-08	0.394835962068627
AT3G54820.1.DE	-3.1627902581822	5.34778608509765	4.49161322808798e-05	0.00329916236140527	0.236653973457378
AT3G57260.1	6.61153599523093	6.91214746017636	3.89452171465281e-11	1.31375199174288e-08	0.28511703965553
AT3G59455.1	-11.1001109521104	4.21441434930604	1.51919216531821e-16	1.48251452589839e-13	0.28811937891842
AT3G59510.1	-6.51880281464852	5.01601840762423	7.63817976381907e-13	3.36621973978375e-10	0.234430204248078
AT3G59700.1	3.82462805829142	2.29115546980318	0.000918608498015749	0.0405493676894706	0.470371458865124
AT3G59830.1	-6.22250755257622	1.72968432854579	7.06240955814079e-05	0.00482433196916597	0.650762184405524
AT3G60570.1	-6.47025089076546	0.485495235284482	0.000309407778459677	0.0169424010794232	0.746602005870172
AT3G61610.1	-3.39093429265643	3.28268226396102	0.00030270931704148	0.0166423126334837	0.333160481532036
AT3G61680.1	-5.84324253363717	3.08884266662883	1.33396800392799e-07	2.0709853260982e-05	0.358201815898709
AT3G61760.1	-3.93178848513497	3.20467243762497	8.31679306406578e-05	0.005569805237317	0.357009544227102
AT3G62060.1	-3.6452684937465	2.99175733095329	0.000226772007004925	0.0131441884329986	0.358727993838486
AT3G63095.1	-9.96154224065877	5.80301399982602	2.48403813407782e-16	2.26246193251808e-13	0.301015912637872
AT4G00140.1	6.77121400068549	-0.0609912564093835	0.000675340898851126	0.0319889933403662	0.824026911000168
AT4G00160.1	-9.28712134236853	0.146357991491095	8.51166561054148e-05	0.00567034721314064	0.768670807042446
AT4G00700.1	5.06827875103426	4.12306353134451	1.89789771848937e-06	0.000224494187272743	0.36507252993377
AT4G02410.1.DE	3.92619942861504	5.49133516821239	1.91723136183281e-05	0.00161686511514567	0.308016476673828
AT4G02700.1	-4.46573213665169	2.44042058726773	8.40834411141192e-05	0.00561734949878286	0.42950683827848
AT4G04930.1	-7.46831088221616	4.29001501302221	8.51331490289768e-14	4.65235632813552e-11	0.251221836758398
AT4G05330.1	-3.03135286566508	4.06127709216371	0.00013527846893947	0.00851693291544256	0.249379963265473
AT4G07960.1	-6.3374240111529	4.53322812681084	9.18504553219811e-11	2.88473774852622e-08	0.274340945350527
AT4G08300.1	4.19663106946505	4.61297087835798	7.02155767720916e-07	9.09275080436318e-05	0.254198283539604
AT4G08850.1.DE	2.63748761680741	7.18709134110663	0.00104646660852671	0.0453148234728747	0.266782188558296
AT4G09060.2	-6.19820613775696	2.91853972096017	1.57112322611541e-05	0.0013671774213496	0.568167936963514
AT4G09450.1	-8.40262970189979	-0.680962547503421	0.000767732114697671	0.0351971682919449	0.863841308291893
AT4G10120.1.DE	3.04245436695426	8.61800275393678	0.000156035489972436	0.00953806203133524	0.258372199538935
AT4G10290.1	-6.7864429789316	2.24501152336518	7.45896667258296e-07	9.52377595147929e-05	0.473134281395588
AT4G11000.1	4.23205876983126	1.93184446876651	0.000489449846248103	0.0250914213862723	0.492933146924679
AT4G11320.1.DE	-6.14527605499903	6.83613259332004	4.53807718320484e-10	1.31913213780733e-07	0.288920160241706
AT4G11820.2	-3.01671202233441	7.10683131835481	9.33026918108938e-05	0.00617288801704809	0.238790478613059
AT4G12890.1	-8.78927201141661	1.91836275558769	3.66883526710244e-07	5.1146558590973e-05	0.558999574381298
AT4G12917.1	2.94106563048218	3.60667838837965	0.000607490498157077	0.0296942224895241	0.291708203200895
AT4G12920.1	-10.7572715409956	1.57202213250618	3.22319152205309e-07	4.53971572930818e-05	0.583899816041823
AT4G13230.1	-10.9029079310105	5.39584146958091	1.88798476079293e-20	1.03174591207812e-16	0.24573097977396
AT4G13240.1	-11.0911378518981	1.90043448614503	6.09487757210731e-08	1.02800268382877e-05	0.545485183912282
AT4G13770.1.DE	3.50523387640638	8.05519509705498	1.17941653604618e-05	0.00107421258103087	0.245592093944673
AT4G13830.2	3.03514661692871	6.31047919613348	0.000253007270296606	0.0143724961612982	0.273887619149628
AT4G14090.1.DE	3.15903558438606	3.41750235926539	0.000894641853176121	0.0396837564873122	0.348962872241791
AT4G14310.2	-4.60337278011697	4.11296178990388	1.07930499027511e-06	0.000134661778786653	0.302886915371046
AT4G14400.1.DE	5.96011390424085	9.6767398666551	1.89040823678976e-09	4.78273283907811e-07	0.298952093683042
AT4G14610.1	3.20183790431346	3.0032508466214	0.000904058403372942	0.0399716696015571	0.356177120134406
AT4G14811.1	-6.47277104344191	-0.290261107982485	0.00114560449791844	0.0484558781751139	0.843737080937518
AT4G14815.1	-12.4944429464856	5.60649232077021	6.04573727553153e-22	1.65193725316624e-17	0.249658220181281
AT4G15210.1.DE	-3.97535932480313	7.86647433811467	4.22461380998463e-06	0.000450911514625078	0.273684506712461
AT4G15500.1	5.33389145978909	1.81173599003338	5.7066837017965e-05	0.00403962242144787	0.519990155183581
AT4G15530.5	2.96885871905266	8.51469238536168	0.000334675929543562	0.0180725001953524	0.274608406815898
AT4G15650.1	-9.39020467347195	0.244239989349647	6.2390271342515e-05	0.00436474092057709	0.754502779579621
AT4G16160.2	-8.07929430196195	2.05179355991791	3.60083378476242e-07	5.04559909409479e-05	0.527689515504421
AT4G16260.1.DE	7.76078478683794	3.20892096900257	1.22684585906259e-09	3.22330156279098e-07	0.38120940283646
AT4G16270.1	-8.80875251783959	5.34202816942696	7.54377469608772e-18	1.0306304989795e-14	0.235576157388194
AT4G17090.1	3.27758818692773	9.01210961555398	3.54507861596218e-05	0.00273632000289691	0.246020345740876
AT4G17240.1	-3.81686727605373	3.16407623910387	0.000155279063601482	0.00951310568127105	0.367665203185445
AT4G17340.1	3.62242786185885	6.77430724984767	3.32819447514299e-05	0.0026057187919429	0.28775137630351
AT4G17370.1	3.68437166645282	4.17058019199981	7.28261593701643e-06	0.000715792078644018	0.251622064613738
AT4G17800.1	-8.29195569411099	-0.783151094065011	0.000925333548293356	0.0406867370471912	0.867443970730593
AT4G17920.1	-6.49530024848129	-0.271079613314682	0.000865627776332919	0.0387744481320011	0.807252827158942
AT4G18190.1	-11.313814196084	4.43753783035913	3.65390474452029e-18	5.5466274021818e-15	0.265955161905501
AT4G18640.1	-3.4155573775982	4.5577323885012	9.65353037904052e-05	0.00634069865569478	0.29332806435369
AT4G19370.1.DE	4.10032197632027	2.68976750008897	0.000189722467643213	0.0112695145780069	0.418548889160325
AT4G19620.1	-10.9680586809899	1.77932200070439	1.0816722815302e-07	1.70841696072435e-05	0.556901763474014
AT4G19630.1	-6.41315742272075	-0.346050675614309	0.00118049706344126	0.049624464248414	0.831885088544715
AT4G19840.1	2.5985529496996	7.00355555915143	0.000639884597658291	0.0309454986662215	0.24013077526749
AT4G20110.2	4.40850033067642	4.30137603534075	3.80196174725162e-07	5.24670721120724e-05	0.261135936765249
AT4G20160.1.DE	-6.95554032768283	1.89103582743583	8.03508978912841e-06	0.000778548912759378	0.590892260334172
AT4G20680.1	-9.63634082017489	0.480972360679726	3.25073459996657e-05	0.00255238713245651	0.734829445870466
AT4G20710.1	-9.48264357187891	0.333172634818258	4.84921948901678e-05	0.00351459080418818	0.745987553298339
AT4G21390.1	4.58917234790934	1.45240693309917	0.000856372428169318	0.0384228575160894	0.592522604819729
AT4G21960.1.DE	2.91128731372827	11.2113030259261	0.000652964117646956	0.0313560484193065	0.293278307942693
AT4G22690.1.DE	4.2125349134336	7.24676414397985	2.77615768428801e-06	0.000307108229010063	0.288999098415412
AT4G22870.2	-8.455203749312	-0.633472836242242	0.000667014284163043	0.0317517391994268	0.853879046160392
AT4G22960.1	-5.20414618671799	3.79836425395757	2.62239576271269e-07	3.77128114844009e-05	0.323699571618569
AT4G23290.2	4.67722948191016	4.95703716300102	1.24401296361351e-08	2.5947641387615e-06	0.230068403773235
AT4G23500.1	-2.94069042049465	4.95190692500635	0.000235882549124697	0.0135416311549461	0.256139690379665
AT4G23810.1.DE	2.76344237583725	3.88784812312287	0.0007156864090068	0.0332575092511935	0.268889587229831
AT4G24380.1	-3.30768801589185	6.05599064566024	1.69160813995529e-05	0.0014627057220297	0.230872441371209
AT4G25835.1	-3.86506226683559	2.61266081488457	0.000567946584595427	0.028291680526264	0.44740888142117
AT4G26260.2	-6.6630639891575	4.60371813446715	1.53919150232925e-12	6.47028747840683e-10	0.245134709429103
AT4G26660.1	-5.86366249790204	4.1645945588427	7.32199165564418e-09	1.68122773108253e-06	0.307389660308688
AT4G26760.1.DE	-3.69521555104402	5.41776225817099	2.36184503686683e-06	0.000268586837637376	0.230363160714316
AT4G27170.1	-8.30120757978533	-0.772902346290585	0.00105860144280332	0.0456954594362684	0.89086984349317
AT4G27250.1	-5.77901882204305	0.336550501761519	0.00107462120028505	0.0462913200497244	0.791404320066043
AT4G27330.1	-9.42646491582453	2.54861637211957	2.64978629987434e-09	6.52277124844744e-07	0.447914729854711
AT4G27435.1	-2.81280022642939	3.75413408397228	0.000738478542901038	0.0340847765307905	0.278964074365049
AT4G27570.1	-7.40977031848834	4.38911831841076	4.52144971135167e-12	1.76491559875676e-09	0.290894573014663
AT4G27590.2	-5.00118422911236	1.77653717071756	0.000169842467004648	0.0102899680009645	0.539595223009503
AT4G27980.1	-7.75649600804524	2.66583503018779	1.48592763816901e-08	3.02996170039776e-06	0.426912048283148
AT4G28090.1	-8.5760713556411	3.07782334152802	1.58490804070639e-10	4.86584576452374e-08	0.374518459397795
AT4G28430.1	-4.96477718336472	1.43600548078248	0.000284695928987892	0.0158432414738598	0.565691643165443
AT4G28580.1	-7.61537246736559	1.61048036457739	2.05113714179248e-06	0.000239509706249307	0.555744860040874
AT4G28950.1	-5.52433544101334	1.97290847154181	3.98121487321918e-05	0.00301979526438027	0.524102424701768
AT4G29030.1	-9.11207869723832	6.94055166421386	4.28715285856522e-15	3.00364524890862e-12	0.307198640659971
AT4G29150.1	-6.35634674244503	2.02479921648269	9.144573838057e-06	0.000864589396370483	0.538845213869686
AT4G29190.1	2.80249616828598	6.47690543794607	0.000496418670407861	0.0253535397200456	0.263215452429611
AT4G29700.1.DE	-4.77582458951113	5.75163210408228	1.49688267400658e-07	2.29779899913235e-05	0.279301894590427
AT4G31360.1	-3.65303375075311	3.93197954974633	1.52048297124433e-05	0.00132733791393866	0.266029951741618
AT4G32105.1	-8.6074691208282	-0.491917826062916	0.000530154881552127	0.0266776279623026	0.856489860603816
AT4G32280.1.DE	5.97354724231622	3.40274903609	6.40141554275866e-08	1.06007441388083e-05	0.354008422301133
AT4G32480.1	-3.74140256783147	3.87973317043204	0.000538105848513773	0.0269289454300189	0.425422171293624
AT4G33010.1.DE	2.75686608804776	11.6536127979476	0.000622284153133345	0.030244078598218	0.265184763482951
AT4G33150.1	-3.59137164495215	6.65286092534765	9.07101951995202e-06	0.000860612976955447	0.249012948317728
AT4G33230.1	-6.99386409303278	2.21200268537412	5.12385832503589e-07	6.8294782865015e-05	0.475257965921884
AT4G33390.1	-7.09546348994549	2.76560995472001	2.35055016467883e-08	4.47130446221277e-06	0.400762210260707
AT4G34950.1.DE	3.63484046192	5.70683843594854	1.87366060566264e-05	0.00158501245786768	0.271650344748933
AT4G35090.1.DE	2.8266376100167	10.5021930796208	0.000391341044118947	0.0208035071780274	0.258311402928593
AT4G35420.1	-4.91042673978031	6.25622206602254	6.59969996098083e-09	1.52822204859187e-06	0.240291655316193
AT4G35650.1	-7.06459445834515	1.97562114331298	1.11909788015181e-06	0.000138991956714855	0.503701029984396
AT4G36500.1	5.11374950535454	5.06924396674044	1.9293935691812e-09	4.8365825581933e-07	0.236727699664805
AT4G37780.1	-9.36282948003975	0.218285593835544	6.71794842414075e-05	0.00464783525480421	0.757267239297894
AT4G37810.1	-5.93787114993155	2.47475976174162	6.27441716176617e-06	0.000632627950288188	0.485625274440491
AT4G37900.1	-7.45649004361923	8.04481920139497	5.32713998898248e-14	3.03247443872828e-11	0.260614072856061
AT4G38660.1.DE	-4.72099377004855	5.56524280208454	1.62497517455327e-06	0.00019733698519775	0.327748665378895
AT4G39590.1	-7.25318884095143	0.443774500282499	0.000134503513918487	0.00848769980209872	0.739351963405889
AT4G40100.1	-6.19339143197334	0.257564060623063	0.000628585014184417	0.0304529378148493	0.781783290107159
AT5G01660.1	-4.3375029479947	1.84067228295782	0.000780284331682502	0.0356281620700819	0.553988001522949
AT5G01690.1	-9.19967305596184	2.339493401317	1.58432801417594e-08	3.18310137201054e-06	0.482181155924152
AT5G01760.1	-6.5174322779081	3.18604436802611	2.55067863359732e-08	4.77361253317899e-06	0.371948359973711
AT5G01910.1	-6.07294755239461	2.37531471926736	4.75177506271236e-06	0.000495562984021193	0.485736905437124
AT5G03480.1	-7.16312212908023	1.18554621222443	2.58798779179288e-05	0.00211087099769996	0.649531877484782
AT5G04160.1	-2.65614007406458	4.66114362947994	0.000963528072731875	0.0421914119540477	0.264862196052441
AT5G04500.1	-8.24058026743466	2.22457080841731	6.24465583915998e-08	1.04680353465771e-05	0.479537469663331
AT5G04770.1	-4.9621066926523	3.45732249891494	3.55721459658966e-05	0.00273795300386524	0.462589951884568
AT5G05250.1	4.29126676294005	2.60557911929965	0.000604881885331814	0.0296197000623772	0.529708251940839
AT5G05270.1	-3.56176388008921	6.7679391606234	0.000152002443189054	0.00935431251733718	0.33412732043606
AT5G05510.1	-4.4577047306226	1.37172563408938	0.000822346598718509	0.0370177898902546	0.570627081515244
AT5G07030.1	-5.39572869775171	6.86488337362146	2.85273043341641e-07	4.03875680635596e-05	0.350952370397959
AT5G07100.1	6.37973096990067	3.21887519771658	2.32642976246577e-08	4.47130446221277e-06	0.358924816689406
AT5G07410.1	-9.16112067802269	8.18451484442045	5.36138011757945e-18	7.7102289648811e-15	0.257411545639945
AT5G07475.1	-8.29646215969977	2.2663125601214	8.23618682203729e-08	1.31605595745817e-05	0.493260255256117
AT5G07510.1	-11.3252835845497	6.21610170350209	2.14488262468414e-18	3.90711818912462e-15	0.301096439653889
AT5G07520.1	-8.34406925581256	4.98232258961592	1.22454845543046e-13	6.19621518447814e-11	0.297235405062669
AT5G07660.1	-5.06643972991368	3.23685197622617	6.11013094126665e-07	8.10452513782378e-05	0.328133987509299
AT5G08760.1	4.4388091826536	4.7999662879058	2.52066335938533e-07	3.66354285275769e-05	0.257729490302828
AT5G09480.1	-4.97289321511343	1.5427274597855	0.000569759622726941	0.0283056580570744	0.62891482165632
AT5G09730.1	-7.86903954402061	5.30747014017185	1.4187492853738e-13	7.04834644973702e-11	0.280269315340291
AT5G09970.1	-4.69223914161524	2.20843877866786	0.000140731879081872	0.00873944969098424	0.488266939619719
AT5G10080.1	-4.07734514322602	2.74629392624065	0.000124827590753427	0.00791366378131469	0.393199574438884
AT5G10180.1.DE	2.60665868607134	6.40611004196439	0.000664195186652346	0.0317517391994268	0.24270708158426
AT5G10420.1	-6.40830848949529	0.951332274514741	7.72020540256015e-05	0.00522145773315726	0.640665282551409
AT5G11540.1	-4.0577625279425	1.90623751126642	0.00101667536712266	0.0443056423146084	0.517826944693647
AT5G11550.1	-2.78321155991138	5.14937909907036	0.000234722006151193	0.0135306837469941	0.233081352226972
AT5G11610.1	7.45246821790352	4.40844632836343	3.368259145703e-12	1.35344577789983e-09	0.288450000060211
AT5G11840.1	2.6425071133636	5.4024944390664	0.00116057333301142	0.0490131464469924	0.271586226137286
AT5G12180.1	-6.27701068497048	3.19354253208251	2.94779756019282e-08	5.36970803564724e-06	0.355694765296872
AT5G13180.1	2.60722372744854	6.48890463362743	0.000585381841984479	0.0289240026227557	0.238149266700077
AT5G13220.1	-4.31055013076048	4.02821073916239	8.11681355097973e-06	0.000783688386809082	0.3252694839294
AT5G13520.1	-3.38194277559165	4.76263537638897	2.2545608842633e-05	0.00187245050460822	0.245346124919192
AT5G13940.1	-5.13858513230309	1.36605312598755	0.000219260124413763	0.0127706705423921	0.573072086435595
AT5G14890.1	-4.13557748713906	2.91344681958694	6.44369041674696e-05	0.00449151522824474	0.374047607089436
AT5G15140.1	-8.06488919747514	4.87917221401527	1.30577476202931e-15	1.01939970279111e-12	0.243750010290142
AT5G15480.1	-5.99393542482138	0.0531955633409415	0.000754054935003322	0.0346282303261021	0.754950025402454
AT5G15960.1	-6.50537354545301	7.20881158326021	6.27581235285835e-12	2.38167078790974e-09	0.258445515379785
AT5G17160.1	-5.30967377701966	4.1720517849549	3.57745694388615e-08	6.38891722449316e-06	0.293498426687228
AT5G17200.1	-9.77736981984023	0.61702423926316	2.09952295913236e-05	0.00174900504071136	0.720162946693855
AT5G17340.1.DE	-12.7776851742052	3.57308078284497	5.68344133462015e-15	3.78766709822344e-12	0.316437024722584
AT5G19240.1	3.55252780413364	6.15274706816187	6.60177412914231e-06	0.00065595227747158	0.237078514443333
AT5G19360.1	-7.25695615047693	1.78812989982372	2.36895871287541e-06	0.000268586837637376	0.545868495478521
AT5G19473.1	-6.39474208502989	2.0702741555931	3.46800830162167e-06	0.00037454489657514	0.497228644063525
AT5G19640.1	-10.8583366052627	1.67128695350198	1.93488186578504e-07	2.87329957069078e-05	0.570885248572697
AT5G20690.1	-6.9983805121003	0.200150170220357	0.000353272117160866	0.0190015892309124	0.798446983266057
AT5G20810.2	-4.9026068766363	3.33298898076022	3.21400963743964e-06	0.000351278397333603	0.358402546755076
AT5G20960.1	3.88626502137654	3.54352611765714	9.92133697184225e-05	0.00646994299328443	0.358294352795153
AT5G22300.1	2.65553142274892	6.81501615520409	0.000691652280153345	0.0324720049878179	0.252393758188139
AT5G22390.1	3.27228062171885	3.6646489452241	0.000230989077667429	0.0133436481145557	0.303061675296733
AT5G23010.1.DE	5.48119190043065	7.35976713720728	5.86675482438814e-10	1.66982509189147e-07	0.249016294085636
AT5G23020.1	4.47477503838982	3.84721421463602	1.72340585051221e-06	0.00020563467886199	0.299655851119565
AT5G23190.1	-6.35287660564784	2.0214099922267	9.38752633311782e-06	0.000881459689093166	0.539583870863386
AT5G23960.1	-8.43576410865991	3.65210032481843	5.10633008988459e-11	1.68102847440972e-08	0.364201633255951
AT5G23970.1	-8.95918795112052	4.14253014964695	2.36072908955889e-15	1.74336653089478e-12	0.267335110764557
AT5G24120.1	2.61938628900725	6.84420680602924	0.000645314101275679	0.0310979938329042	0.24380219505685
AT5G24160.1	3.54155183264419	3.4652373088636	0.000235980782376184	0.0135416311549461	0.344427871613249
AT5G24420.1	-5.35958015145786	6.59476711845827	1.91185976580918e-06	0.000225170932073147	0.401498866996956
AT5G24580.1	-3.94358923154637	4.30591157025242	0.000351351862212207	0.0189355784676259	0.435933611827908
AT5G24770.1	-5.51410096337609	8.80148504156976	1.71513690122028e-06	0.000205545617056767	0.415589089640855
AT5G24880.1	-4.17905470186781	1.8523795614022	0.00074734946344521	0.034436048464042	0.519706824836767
AT5G24910.1	-6.23896819424191	1.46602008932373	3.08252632284489e-05	0.00243430489148595	0.580263070165468
AT5G24940.1	-6.39505921801437	1.62722395825816	1.33098464929957e-05	0.00118461969242545	0.552947304142865
AT5G25120.1	3.70697236978487	4.74206191600948	1.83362234510445e-05	0.0015608067588048	0.278639038110505
AT5G25290.1	-6.78383479311342	-0.00116219217391729	0.000452511566876487	0.0235962329262083	0.78415960890349
AT5G25550.1	-11.5671055118558	2.37079374703674	1.7583937698912e-09	4.5155161486453e-07	0.468296906272709
AT5G25590.1	-3.42290110415945	4.85293235629964	7.05597311058282e-05	0.00482433196916597	0.284004427358861
AT5G25840.1	3.15325191717862	3.83065667325893	0.000138530405624116	0.00864202009879759	0.26641684281888
AT5G25930.1	3.36499036849977	3.31648714351485	0.000286127332433755	0.0158905350232112	0.326631981156809
AT5G25950.1	-9.9942646935196	0.82639896746533	8.98098306204192e-06	0.000855039655704646	0.685193306939862
AT5G26717.1	-8.89372805942935	3.40251200628176	2.20309687333726e-12	9.12082105561627e-10	0.325617763016271
AT5G28470.1	-10.5708563355263	3.69799898073697	1.98777045773225e-14	1.1556136167463e-11	0.314187051392538
AT5G29560.1	-7.58510762085766	0.741834294570587	4.56149682651792e-05	0.00333257591678545	0.692849833294386
AT5G32481.1	5.38728231098842	1.89341306826741	0.000139510045109129	0.00868330859353497	0.577799221971837
AT5G35390.1	-6.62931440681615	0.670991534761029	0.000236398699345238	0.0135416311549461	0.754849078155066
AT5G35600.1	-5.70303515794195	0.293162867321361	0.000652743363606389	0.0313560484193065	0.71559242236547
AT5G35670.1	-2.83514159775762	4.57395117917736	0.000176413864201303	0.0106174723027234	0.23075448415341
AT5G35735.1	3.43504625089234	5.16119930896506	3.53885515372626e-05	0.00273632000289691	0.264338594611426
AT5G36220.1	3.79487930482072	4.81781444880059	2.68374731167834e-06	0.000300535703050405	0.24203691078486
AT5G36260.1	-6.91988114799531	3.21337765463177	2.76983226725882e-09	6.75740150630178e-07	0.349308512734857
AT5G37810.1	-9.74199916449649	2.87594097568855	4.03406185382078e-10	1.19811637058477e-07	0.426653678858993
AT5G38240.1	3.64772509934894	2.92717651183995	0.00045871981903662	0.0237837957027639	0.396509842033606
AT5G39320.1	-3.52867779020155	5.86879691755605	9.9060850830395e-05	0.00646994299328443	0.311512573981448
AT5G39670.1.DE	4.27686607643426	3.03125940154265	2.54818366947694e-05	0.00209088800554919	0.354079470773199
AT5G40350.1	-8.08325350590045	3.26208688642286	7.79765408565941e-10	2.152152527642e-07	0.38878050182324
AT5G41761.1	4.8298199958659	2.42385568142703	5.29806107689365e-05	0.00378963928966079	0.451618321353587
AT5G42530.1	3.41925485322675	10.4172829135911	2.81783770840435e-05	0.00224474045319069	0.257542269647898
AT5G42610.1	9.83961913804109	0.676456973284053	1.82765971666897e-05	0.00156059294057072	0.717735773718595
AT5G42700.1	-8.5967368310826	1.74664762741295	7.13253955413017e-07	9.19290145174777e-05	0.570213702419564
AT5G43990.2	-3.44803207818661	3.97636901472911	2.59753527500049e-05	0.00211235279327719	0.255878588438223
AT5G44568.1.DE	4.73604918435756	2.76128439653885	2.85217519261315e-05	0.00226548938845819	0.415516296306684
AT5G44630.1.DE	-10.236619655284	5.68327784476135	2.90717743536709e-19	7.94357162439704e-16	0.254747925652238
AT5G44635.1	-5.30807812071094	4.4070538425599	7.6791515211145e-08	1.2415688530351e-05	0.308603850643284
AT5G45116.1	-10.3161767778531	1.1395899775773	2.81933054301574e-06	0.00031062656353775	0.650643998346479
AT5G45670.1	-6.38183911017667	6.50571913751225	2.56696654764169e-06	0.000289833859288271	0.524600160623318
AT5G46380.1	-9.55055731075143	0.398351451519429	3.98970169243623e-05	0.00301979526438027	0.739744320636555
AT5G46970.1.DE	-10.2696115814503	1.09492537811642	4.40689961542337e-06	0.000462639804316333	0.674161278377166
AT5G47220.1.DE	3.76307719934044	4.33900836123211	2.74650207089176e-06	0.000305062693435149	0.238305932176243
AT5G47740.2	-10.03048567303	0.861742301342	7.91571133218699e-06	0.000769711375233728	0.681607121438726
AT5G48230.2	-2.52922540670637	6.57628873711243	0.000752231965759314	0.0346026704249284	0.234842712415006
AT5G48480.1	-4.093226684759	7.0010602511413	1.38182037028133e-06	0.000168557409810567	0.260798183242392
AT5G49070.1	-5.73774675496427	3.16734464474228	7.51245448384768e-08	1.22184706140865e-05	0.336092158345206
AT5G49180.1	-8.87112947229972	2.84793427258104	4.48065924669119e-10	1.31644659415688e-07	0.39929779576633
AT5G49615.1	-9.7078083555275	0.550229296971203	3.46940914298731e-05	0.00270080157900243	0.753032738182888
AT5G49630.1	3.158217896226	7.92863144204142	0.000172737433399811	0.0104422071464965	0.278696637371454
AT5G50030.1	-8.02447749550645	4.92015971936931	6.75895703420146e-15	4.39718433339335e-12	0.25576186409639
AT5G50060.1	-8.80788366723558	-0.305856318642146	0.00029722303081461	0.0163736332539887	0.821193244578782
AT5G50370.1	-2.46431079654611	4.5898237495686	0.000926187616869891	0.0406867370471912	0.23057019465318
AT5G50740.3	-2.55060592195139	4.57930212002751	0.0010996289051596	0.047168383366689	0.252233021983239
AT5G51380.1	-3.90172614577354	2.61861978827222	0.000274311651864156	0.0153277946329983	0.408085172959318
AT5G52160.1	-9.81486078346011	5.97426081859808	9.4478307965044e-19	1.9857886821822e-15	0.255548429462805
AT5G52400.1	-7.5942042554732	0.770551994095843	4.09327160448962e-05	0.00307384243863222	0.688658691432807
AT5G53390.1	-13.099861627491	3.89398793572619	4.04302703231712e-17	4.60298627629304e-14	0.280750367887495
AT5G54095.1	-8.14093192096695	4.57102366035236	5.40148141742942e-15	3.68975195624604e-12	0.255691482467439
AT5G55340.1	-5.23684547138078	1.13229766447653	0.000366855488843426	0.0196163588594086	0.621528249666115
AT5G55460.1	3.37347602342322	3.54874512650151	0.000180674390886309	0.0108499935309396	0.308767197294612
AT5G55590.1	-5.30005738893212	1.36546548536424	0.000154166817999337	0.00946618906744696	0.56866886728036
AT5G55620.1	3.16135301259962	6.56401339726161	7.23621496994271e-05	0.00493073161692555	0.250693222120976
AT5G55720.1	-10.0054250774648	5.66323151296163	2.31487114860241e-19	7.02794880715693e-16	0.247684138836716
AT5G55820.1	-5.03584468192017	3.97266456751291	1.81993104109884e-07	2.73222330198229e-05	0.302123907441722
AT5G57123.1	-8.67777910225077	4.33416034478252	1.75007780989683e-14	1.03954621907871e-11	0.281092364239082
AT5G57200.1	-7.3834648778297	1.36850967947171	1.22174308778724e-05	0.00110539430896353	0.625529180862492
AT5G57220.1	4.11641638282463	2.33600524166704	0.000404959730005531	0.0214440303540138	0.465542500435349
AT5G57420.1	-9.32685826153489	0.185133830106187	0.000112057485498217	0.00718746181632228	0.806325928847903
AT5G58050.1	-7.6019856272952	4.22766764616416	5.50643666921562e-10	1.58376711104892e-07	0.37251797499281
AT5G58400.1	-10.0382702089753	0.869620152208157	8.93619613947869e-06	0.000853750431171734	0.691541314774249
AT5G58610.1	-5.52541082548274	1.42978514334085	0.000107803452270016	0.00694722058921207	0.577322449596393
AT5G58770.1.DE	3.17998097618267	5.37350520508499	3.48896029839224e-05	0.00270830543162698	0.232393945331725
AT5G59220.1	-3.94522954994891	4.97948587367246	6.4436972356142e-06	0.000644936202439276	0.278684784263575
AT5G59310.1	-4.79684696268865	6.84899052439244	4.59677501841003e-08	8.00014526133985e-06	0.260837816740232
AT5G59370.1	-6.89952228027837	4.36161855416465	4.8539112553754e-13	2.21047118569796e-10	0.243795575699749
AT5G59590.1	-6.95114489951851	0.948314786927664	6.89321745315303e-05	0.0047324189369335	0.687939812748388
AT5G59640.1	-5.29813647192809	1.03520726178406	0.000366064340987066	0.0196152449369948	0.632148291459076
AT5G59780.3	4.66402105373093	5.5287376753681	2.28782914785886e-08	4.43352082525499e-06	0.238182118638869
AT5G60020.1	-3.62076509134923	5.2178650879495	2.76011350888842e-05	0.0022116522438964	0.280608969680861
AT5G60260.1	-8.4578647643009	-0.631124623799705	0.000666852351316863	0.0317517391994268	0.853840464493406
AT5G60500.1	-10.3162534772244	3.44489659669178	1.94940057490375e-13	9.51168237654820e-11	0.329127808921728
AT5G60670.1	-2.96762631494441	5.67680229990561	0.000117922261419881	0.00752828941831032	0.238332187961889
AT5G60740.1	-7.8357068617458	2.35631193223935	5.07222052570344e-08	8.77173124331144e-06	0.456561625045699
AT5G61160.1.DE	7.41165474549959	0.609728045073389	0.000102869488222928	0.00669239499096021	0.744822827217797
AT5G61170.1	-2.64525345687928	6.99754783862993	0.000675700824418524	0.0319889933403662	0.249822102490545
AT5G61320.1	-5.57885481022669	0.162536005565429	0.000920830542444229	0.0405818931318486	0.727971216415918
AT5G61420.2	2.49366028253579	6.16627059651556	0.000796709033151723	0.0360792493318855	0.231067564519875
AT5G61710.1	-6.06505069615393	0.607781387520561	0.000470059907239215	0.0243256001996294	0.748099859870231
AT5G62310.1	-6.21124116674395	2.65649498394053	3.77755923075387e-07	5.23949382848318e-05	0.411811143061563
AT5G62920.1	-3.89748181985523	2.74211844073724	0.0002554424372138	0.0144507435909521	0.401417766189768
AT5G63800.1	2.97532820570555	6.54728792107509	0.000485346514228751	0.024927834877418	0.290557192703001
AT5G63920.1	-4.3396073643797	3.26509804206792	1.07310161931023e-05	0.000987253489765412	0.334727561241488
AT5G64080.1	-6.46938444467235	5.95115899511489	2.08861946514744e-11	7.41161535918034e-09	0.267726798209255
AT5G64770.1.DE	5.1681190686297	5.91838874371855	9.94122691364857e-10	2.71634084188533e-07	0.233477799708046
AT5G65350.1.DE	-4.22650782566846	1.71278552143601	0.000827606387264522	0.0371932844171313	0.531711798226949
AT5G65790.1	-4.75560817541354	0.984797815872063	0.00097813109095139	0.0427623262866492	0.630527660392353
AT5G66170.2.DE	-2.93303431569223	3.95393356857327	0.000305306754526453	0.0167514091579936	0.262738973953991
AT5G66310.1	-2.77742846681038	5.27038107226325	0.00050155266782992	0.0255679572682551	0.258871277265732
AT5G66690.1	-4.79227430496302	2.15330706142479	0.000192824450410988	0.0114289268612361	0.528269884062153
AT5G66750.1	-5.0790372655813	3.93388682476658	3.89422690073993e-08	6.82088819460371e-06	0.276297978513106
AT5G67060.1	-5.43394494221144	0.405173259383291	0.000720992771786357	0.033390519485238	0.692050122544855
AT5G67200.1	-2.61413464616208	4.48384372350212	0.000875953726124074	0.0391727653234275	0.253477595859588
AT5G67260.1.DE	-2.70483673200466	5.96353776628349	0.000371688473369938	0.0198185882223803	0.237176512349299
AT5G67265.1	-7.31390525430948	0.481029950369161	0.000125955535429748	0.00796668761593157	0.739569663677565
AT5G67510.1	-2.49521746595754	5.69664730831036	0.00103146727108418	0.0448073318205153	0.2411774512013
