logFC	logCPM	pvalue	padj	dispersion
AT1G01150.1	-5.41964147097294	0.390652649824558	0.000861391492112352	0.0268393695062948	0.709646424706203
AT1G01180.1	2.92871558611114	3.0910275057769	0.00172017989739984	0.0480557790244063	0.342389067649649
AT1G01370.1	-5.46613185917187	2.74124639996532	3.36502852909673e-06	0.000248604627229713	0.41871116822727
AT1G01980.1	-6.79044532495317	3.3282305219773	2.64776815116437e-08	3.29455520019551e-06	0.392795025276033
AT1G02310.1	-5.98804552926795	0.0448064740300172	0.00081544291876577	0.025833286302541	0.762939355763193
AT1G02510.1	-10.1449622968147	0.973599484529273	6.83823070506411e-06	0.000465221069513948	0.68726883783585
AT1G02520.1	-5.76057171910264	3.64392534470774	2.30886925335842e-09	3.79718645119719e-07	0.277148244519868
AT1G02730.1	-5.3382393015085	6.0035638155193	7.38052043662911e-09	1.08518293641649e-06	0.273197372752296
AT1G02800.1	-8.09361780406965	4.35835192817708	7.10944787753719e-12	1.89381672827973e-09	0.327819893388394
AT1G03740.1	2.5382215299556	5.70904839613497	0.00162016840205567	0.0457346940120582	0.268749684970698
AT1G03920.1	-3.55017801935179	2.59744601568547	0.000623312923382933	0.020864986406976	0.396399446807603
AT1G04580.1	-7.89475095494489	3.90379313236006	3.30143775187104e-13	1.00954931792396e-10	0.276695905220782
AT1G04760.1	-5.15168661380208	2.40061527147769	1.20866808417189e-05	0.000761984649198099	0.42583228224862
AT1G05020.1	-4.58594734616712	1.46530619909162	0.000977708534817355	0.0299698565948146	0.608102141550058
AT1G05577.1	-6.85548853297552	1.80787621550754	1.23075258015658e-05	0.000770768991672233	0.604755095968454
AT1G06080.1	-6.95754967307687	4.11711202441469	5.8577992493913e-08	6.44119518626382e-06	0.437068126279409
AT1G06645.1	2.46700654460554	4.27022889767683	0.00102031322372541	0.0311244903230946	0.234386343204423
AT1G06990.1	-10.6285133265331	3.73930683366543	1.40959138216738e-15	7.2052977867383e-13	0.287464885494512
AT1G07240.1	2.64721161735018	4.47910319291389	0.000520149569035592	0.0179191052808199	0.238601110356231
AT1G08135.1	-9.21720809266681	0.0791423317794085	0.000132359281046717	0.00567922064493051	0.803617977808268
AT1G08140.1	-6.82071618199786	2.98427092203268	1.23222484663199e-08	1.67588518518255e-06	0.370714056836986
AT1G08150.1	-6.79406621979531	1.70939281703835	1.58124416823727e-05	0.000938916434638879	0.606341899710328
AT1G08900.1	3.16397247154189	5.04424072729325	3.71019615149174e-05	0.0019224915017305	0.231614184417878
AT1G08930.1.DE	4.86450555816894	6.30248663371795	5.34078069013692e-08	5.97693403506269e-06	0.268757153505465
AT1G09200.1	-4.23325339301799	6.37636838254182	4.0342962437808e-05	0.00207338708854963	0.375704699106991
AT1G09380.1.DE	-9.95050606248077	3.08467896128858	8.73432406553601e-12	2.26290782262305e-09	0.364653661709058
AT1G09460.1	-5.38936235397786	2.336911980107	9.57903119835809e-06	0.0006162184253556	0.442925522417141
AT1G09600.1	-5.21067161585106	2.42879696788215	2.33805785321295e-05	0.00130441558046656	0.468535346986969
AT1G10640.1	-5.1984257910219	5.84335847826426	3.17313891766384e-06	0.000236273922636914	0.39997040149971
AT1G10780.1	-5.37019228797388	2.96084496348999	5.53865772261842e-07	4.98822064323248e-05	0.350274804276827
AT1G10850.1	-2.7627163888563	5.23404715915242	0.00171158029725459	0.0478862694703788	0.3139731771366
AT1G11050.1	2.46647148690158	4.64608705746991	0.00177982281351393	0.0494299396064448	0.258936657670716
AT1G11210.1	6.62010679744427	5.41059151528166	9.09994297443652e-09	1.29853367724423e-06	0.371638071113575
AT1G11920.1	-9.68470077987437	0.527505784629959	2.84406276708095e-05	0.00154648937534083	0.731137865783146
AT1G12000.1.DE	-2.68323402057607	6.25158025444482	0.000506989399814564	0.0175939275572346	0.244905963642377
AT1G12220.1	2.87495843591498	4.09909465154316	0.000479318570414246	0.0168188351062053	0.270778953832224
AT1G12890.1	-6.26108626666674	0.27377139807823	0.000627869486289277	0.0209433784729967	0.785452304883338
AT1G13140.1	-7.43263397359852	6.12179647661477	5.18630289933466e-15	2.22928515307083e-12	0.237076021398994
AT1G13245.1	3.41366005808479	5.25383291375446	5.9437319246434e-06	0.000414033285854867	0.219286669298197
AT1G13260.1	4.46580592307635	5.98666958442483	4.14490247258783e-08	4.86910189217725e-06	0.231871196747955
AT1G13710.1	-8.63478993146694	3.53829359647467	1.56074265159734e-12	4.21690368138007e-10	0.31597024842283
AT1G13970.1	-4.25263723382482	4.96387018841805	4.36763760453742e-08	5.03689817162294e-06	0.21456242309963
AT1G14040.1	-4.30659003647163	3.45628688108892	2.81495158754078e-06	0.000212108284363182	0.293505727858715
AT1G14370.1	5.31174099084594	4.53761071811599	6.68301845164934e-09	1.00314228552416e-06	0.266281042760004
AT1G14630.1	-4.0456314556734	1.94307821564817	0.000767445715809055	0.0245850334662679	0.492589744360045
AT1G14890.1	-3.19990183071718	4.4546586737133	6.26218734825894e-05	0.00297579772154828	0.249452809974403
AT1G15125.1.DE	8.44300490873993	7.59346728126275	7.68258686933635e-11	1.59671170834899e-08	0.404838836626352
AT1G15320.1	-5.64171907031058	0.190631888394204	0.00161474867448298	0.0456693493582452	0.813416799824646
AT1G16520.1	-3.25108948843292	4.35339534614681	4.06414660355004e-05	0.00208306787839951	0.243822245043273
AT1G16630.1.DE	-5.84413000023174	3.81426807311055	4.97344930918087e-09	7.83857056537816e-07	0.296658530713462
AT1G16920.1	-2.84171089841699	4.67552159132945	0.000432125360690442	0.015391312517398	0.26252478639859
AT1G17190.1	-3.53644254162415	3.78985307160275	2.6548092697563e-05	0.00145960487554944	0.266619153221219
AT1G18370.1	-6.56499186619646	4.85820023710728	4.4371332115282e-10	8.47671721511442e-08	0.311704636640179
AT1G18410.1	-6.11327523689824	2.2044722867454	3.55397813526019e-05	0.00187232279866785	0.604056189781414
AT1G18710.1	3.52054707339692	3.93929929950353	2.5621840721403e-05	0.00141691775895876	0.263531357208735
AT1G19020.1	4.03747735026493	1.65535010328572	0.00175988511698114	0.0489480988492121	0.564431039414705
AT1G20130.1	-11.4394188179372	8.27602653633346	5.67078515107314e-17	4.42713201259712e-14	0.355372907670965
AT1G20135.1	-11.9411527015078	2.74236277109558	3.25612452955432e-11	7.41964858162179e-09	0.40017473858957
AT1G20480.1	-3.78032193187242	2.21826039937329	0.00132467207902927	0.0387825433911463	0.489629765214603
AT1G21100.1	4.63365216544883	1.56570887898694	0.00144365734681717	0.0416217856712701	0.674231746905323
AT1G21270.1	3.78005778977129	6.56077407301297	8.05680014083939e-06	0.000536543172759491	0.267480496278245
AT1G21810.1	-4.48097492048212	2.7563103970761	2.16065211224673e-05	0.00122348543110546	0.373335660233772
AT1G22350.1.DE	4.34599372503303	3.61102588621623	3.26981300954333e-06	0.000242517542939188	0.301501052787457
AT1G22380.1	-8.18932274561524	3.37971933632044	3.76107948675183e-11	8.36862309799262e-09	0.341128695675485
AT1G23130.1	4.8838719316292	9.23294728241075	2.37495594152986e-08	2.97467163722875e-06	0.258086671310143
AT1G23350.1	-6.98783981047686	2.44948958608415	9.71583471820384e-08	1.03233473047972e-05	0.425027286319834
AT1G23640.1	-11.4003532995843	2.2065470274299	5.26764084023975e-09	8.16613862388971e-07	0.486896902275751
AT1G24020.1	-6.07245052928664	9.12505373038884	9.79348617602482e-10	1.79829324317628e-07	0.296673454165548
AT1G24030.1	-3.76877208851041	2.94925963019135	0.000119614779788407	0.00522465203265158	0.347803856423511
AT1G24260.2	-9.2889719054778	6.90594564001	1.35144733058968e-18	1.70399489089618e-15	0.248890951478461
AT1G24625.1	3.53857065160678	2.70957596765134	0.000524887222702949	0.018049440078147	0.382101009988605
AT1G26515.1	-8.575257315801	-0.522418728573482	0.000454524804766317	0.0160680890327951	0.826366444243316
AT1G26540.1	-6.40078525166669	2.84434029624545	2.8874264464608e-08	3.56927427332765e-06	0.360392226096085
AT1G26770.2.DE	-3.26684965616031	4.58774055141153	0.000115879791423133	0.00509682440740863	0.278464563118083
AT1G26820.1	-3.71349550097992	4.04235379026145	2.84554699211446e-05	0.00154648937534083	0.291812259659198
AT1G26910.1	-2.70592611487192	3.90516222532555	0.000800816683177373	0.0254980571194169	0.263942078255654
AT1G27710.1	-10.1745846558916	6.03228419405844	2.8964900929438e-19	4.9801197388951e-16	0.257648244929396
AT1G28270.1	-8.04481490966165	4.76797828361524	1.48152541317851e-16	9.66210004808454e-14	0.226282798716758
AT1G30050.1	-10.0692738415228	0.900331320508988	8.97432842893555e-06	0.000587306136942761	0.696768108520935
AT1G30260.1	3.32797425610059	3.84298918897951	5.25973767490182e-05	0.00256629860735868	0.259907193839914
AT1G31040.1	-5.40185586449987	1.84636599858439	4.7356790237602e-05	0.00235081095476054	0.514063763153675
AT1G32250.1	-10.1432627854838	0.972577818049599	8.42680613533133e-06	0.00055725938614518	0.702927767729191
AT1G32930.1	-2.67991688448506	3.66582221879991	0.00104871736304654	0.0317858837937488	0.270768623982876
AT1G33600.1	2.71400585836932	5.36511989008609	0.000641244203309586	0.0212769326617442	0.25807517603207
AT1G33720.1.DE	3.28269051882423	3.56218624832483	0.000237177666980116	0.00932586531308716	0.304909179296078
AT1G35110.1	-6.21922113487331	0.7866621669671	0.000171788579620214	0.00707851286788041	0.679787187176652
AT1G35180.1	-4.14050121719716	3.8937159830966	1.94197923271492e-06	0.000153676373340324	0.268716023068901
AT1G35290.1	-4.24403594085779	2.90669436034126	2.25998270770798e-05	0.00127211467115717	0.345211386251702
AT1G35780.1	-2.47295070547334	5.41595069322047	0.000728718260227662	0.0236808392709377	0.224195685639649
AT1G43630.1	-7.46162981580357	1.45869276870776	8.86999166572857e-06	0.000584523179003221	0.617609967754217
AT1G44110.1	-5.25754158677438	4.01435243226162	9.13154862123842e-09	1.29853367724423e-06	0.265977496210747
AT1G44760.1	-3.26499741593479	5.84699021520703	2.67282424631279e-05	0.00146524999914533	0.236330912970932
AT1G44970.1	-9.27411345800296	6.73570814734844	4.14605150658726e-18	4.6126042437697e-15	0.255168238343829
AT1G49270.1	-8.12406468401088	1.25372804709011	4.57308047004693e-05	0.00229418225278508	0.780476845199412
AT1G49290.1.DE	-6.08938348466903	1.95516677651171	8.1777658778202e-06	0.000542688021218293	0.503659213378612
AT1G49430.1	-2.53741984720479	7.17194314631252	0.00100471771086718	0.0307479386175258	0.247696967671754
AT1G49490.1	-4.65346795730702	4.64052627779001	1.59357148796637e-05	0.000938916434638879	0.391852778031427
AT1G49830.1	-6.88804107325123	0.102194363513732	0.000420060068583005	0.0150181400323447	0.798588157118851
AT1G49910.1	-4.8070139416687	1.46879802244384	0.00114748785339965	0.0344483139227739	0.664926852918855
AT1G50010.1	-3.48017930075747	8.21149709458482	7.60424011397603e-05	0.00349075226397157	0.295920694403581
AT1G50490.1	-4.9345547033261	4.56119496807002	1.21558056828756e-08	1.66596197739295e-06	0.247750846820024
AT1G50610.1	-7.99979861203	1.96209453718563	5.74909724736402e-07	5.15320740471069e-05	0.537443967076204
AT1G51460.1	-4.30760571183172	5.29602996564566	4.88077693039904e-07	4.45942676737377e-05	0.259145474375256
AT1G51538.1	-5.40805996448853	0.68261036301927	0.000568211898673265	0.0193981798548871	0.677322714922949
AT1G51800.1.DE	3.77063107985859	3.50473035752697	2.6926941750718e-05	0.00147187644315413	0.294486584035587
AT1G52343.1	-11.248505962075	2.05675800714933	2.10344472920607e-08	2.65216334423162e-06	0.519833348326845
AT1G53860.1	-6.6048893475091	2.04571994401994	3.87381303256687e-06	0.000278575763821054	0.519668112041423
AT1G54070.1	-6.95216515038576	2.41438044612972	1.4619511401851e-07	1.51092250897928e-05	0.434197596339087
AT1G54560.1	-10.9962854475366	4.1228489020203	4.19777006778167e-17	3.45184457791108e-14	0.272550849405622
AT1G54840.1	-5.4031566091555	1.83857383303182	6.24922040395576e-05	0.00297579772154828	0.529601224195847
AT1G54940.1	-10.9037189237322	1.71656575821008	1.90028384287828e-07	1.92192878718486e-05	0.574828479583172
AT1G55020.1.DE	-2.39115523494783	5.43968918995865	0.00147901541995743	0.0425115784766792	0.237905872080694
AT1G55560.1	-7.58351921856637	5.91534528103337	1.11712388919194e-13	3.84148438477949e-11	0.269036481789032
AT1G55570.1	-10.5168036139121	6.66912168121601	1.37506680549246e-20	6.5016596230697e-17	0.252695135494325
AT1G56010.2	4.47604154825005	3.24498641093414	4.8945754380186e-05	0.00241700013731712	0.408753344297932
AT1G56510.1	3.15720346232258	5.990049487872	5.48855926937457e-05	0.00266166978106875	0.242069988375413
AT1G58225.1	6.47749366959402	3.11899667231878	5.17887289971426e-09	8.09487794647073e-07	0.332155637604459
AT1G58602.1	3.2869463620157	8.1493852929884	5.85860464971809e-05	0.00281227892741417	0.261303180659378
AT1G59590.1	3.86047910330821	2.05782710718681	0.00103626695177113	0.0315095126348029	0.483708315658393
AT1G60060.1	-3.94501064819587	4.78837637386235	3.30237166635001e-07	3.115984568714e-05	0.218487185636071
AT1G60240.1	-10.7079688695316	1.5244546619883	1.03359526894276e-06	8.64972890332495e-05	0.640053805696906
AT1G61110.1	-10.2828665053805	5.92179804510815	4.38435775764912e-20	1.65842716540836e-16	0.246290068404709
AT1G62180.1.DE	3.10554636738525	8.56007040589457	0.000105061372343897	0.00467535467091796	0.254596452781267
AT1G63100.1	-6.17490118090447	3.8727604345916	3.0556541039304e-09	4.98203328169273e-07	0.311559413851588
AT1G63180.1	-3.78541263596637	4.48429865602959	2.25757232518691e-06	0.000176696926279176	0.237029447207436
AT1G63480.1	-3.1541410496167	3.58412859495689	0.000412618448598142	0.0148928486991158	0.308923509242036
AT1G63640.1	-2.51084024219677	5.38226840926608	0.00067477358714123	0.0221947701801775	0.227468454522473
AT1G63650.1	-5.27968302003764	3.19478394521825	3.31154707508864e-07	3.115984568714e-05	0.334152802348837
AT1G64450.1.DE	-3.05629882960526	3.55986413468426	0.00035562360658276	0.0131622490632089	0.286535003211968
AT1G64680.1	2.56596923033252	6.5257452448302	0.000868123619121691	0.0270046414612641	0.246450187141957
AT1G65200.1	-6.17656316525542	0.193436395147574	0.000762409703101249	0.0244812473934701	0.791446580633497
AT1G65480.1	2.54371610834126	3.97987899220114	0.00112137225939421	0.0338253804496375	0.250709228464579
AT1G65710.1	-5.99269859004599	2.40205570601105	4.40823408364137e-06	0.000311093026954885	0.472772072556841
AT1G65730.1	-3.84178446177754	3.72063652219231	7.4633328837136e-05	0.00344278084950428	0.341775143660766
AT1G65780.1	-6.14584155034254	-0.585877331957432	0.00172889249367385	0.0482279406089284	0.824800104633971
AT1G65800.1	4.02661432704561	6.99049499014431	1.82525153078025e-05	0.00106546241363108	0.320226873344682
AT1G65900.1	-3.8706121838018	4.66643591970517	7.45976872036374e-07	6.44231076749952e-05	0.225202426577638
AT1G65970.1	-6.00668926634728	4.37191487348909	1.55799361466366e-11	3.68329165426673e-09	0.234756455389019
AT1G66100.1	8.58768075859294	6.00769161269626	1.06823108508005e-08	1.4855481258911e-06	0.527010327174776
AT1G66210.1	-6.64001982947251	3.06299093610038	5.08278778943324e-08	5.72206937271136e-06	0.394083643074093
AT1G66700.1	5.48926193780672	1.80397283917163	9.90373321470504e-05	0.00444915216840181	0.572081552779209
AT1G67040.1	-4.07593592935025	4.09247700346284	6.31110967074087e-06	0.00043404369891899	0.291607709184801
AT1G67481.1	-7.6084595313642	0.755799210552797	5.2647589470479e-05	0.00256629860735868	0.707356985009465
AT1G67590.1	-2.42319981252053	4.27200400318631	0.00139140999737701	0.040299750812238	0.239503479032039
AT1G67750.1	-4.62176038005067	5.74252695691858	6.00787750474895e-07	5.35976354940174e-05	0.293688866779437
AT1G67860.1	2.71727952194392	5.93831836534891	0.000622467682066354	0.020864986406976	0.258138426719826
AT1G69180.1	-12.6117822008088	3.40872487993218	2.48354690666461e-13	7.96124112639793e-11	0.357565443220552
AT1G69450.1	2.64135592266801	5.51698976285044	0.000341267467919435	0.0127305554650104	0.224582602141075
AT1G69490.1	3.37273131964787	5.98900625755082	2.53083722701279e-05	0.00140368693473586	0.248081290747518
AT1G69500.1	-6.6821016445629	5.66317974387952	2.62704286090337e-13	8.28087693804423e-11	0.23449687280772
AT1G69600.1	-9.40047514991587	2.54095826187032	1.55361895354109e-09	2.60031816533828e-07	0.433028000585703
AT1G69720.1.DE	3.23021146499473	4.19044225269521	4.92158815345866e-05	0.00242401033193655	0.245927128437169
AT1G69940.1.DE	-9.97474776188423	7.64666197606934	6.64653886826559e-20	2.09509982692512e-16	0.253998991828412
AT1G70000.1	2.64459554708266	5.0297274868741	0.00030262938393814	0.0115395756823025	0.22053477154702
AT1G70540.1	-7.43031250068401	1.96071954478662	7.26883716225925e-07	6.34974512141579e-05	0.512289145474024
AT1G70830.1	-4.5660151113537	8.12953377587851	6.96580378280258e-07	6.12763939275094e-05	0.293032935770883
AT1G72260.1	-9.07364417589233	6.49046071419325	2.92033483952065e-15	1.34712909316717e-12	0.299734114536158
AT1G72460.1	-11.1588508579635	1.96810879289567	3.09901971693482e-08	3.78140386492827e-06	0.525622312046355
AT1G72890.2	2.80655487103142	3.73170694428237	0.000630022128017055	0.0209781839915256	0.270611040407776
AT1G73010.1.DE	-2.62424444707598	3.61314219104648	0.00138960373393974	0.040299750812238	0.274119517272645
AT1G73050.1	-6.9864685140823	1.88006594260286	2.47096403889858e-06	0.00018997293848654	0.527545672005021
AT1G73890.1	-3.12591904046891	2.73268577930833	0.00154281601909509	0.0441441442800991	0.372925657241944
AT1G74000.1	-6.64005608806021	3.18020793095098	2.11809423995754e-09	3.5139926631857e-07	0.32681131548305
AT1G75110.1	-3.02332699259467	3.22049074027378	0.000809907291492906	0.0257009674563848	0.317638226721461
AT1G75580.1	-3.95830205624965	3.42531626565357	1.34188471367339e-05	0.000823595312329229	0.2968188810608
AT1G75790.1	-9.62228722717391	5.27206928395212	2.71880149494296e-19	4.9801197388951e-16	0.234711478484975
AT1G75940.1	-10.046103895265	9.21422097285324	8.31979747244086e-21	5.24507765320913e-17	0.247710733558021
AT1G76590.1	3.56076927724526	3.9902743631965	0.00033706158701466	0.0126234570202144	0.367227392614499
AT1G76930.1	5.05717161553196	3.86863645938287	4.43658427886317e-05	0.00224355931727645	0.487557021809936
AT1G76960.1	6.72907724459493	6.7075930858923	1.26829776510572e-12	3.58019636290215e-10	0.253390392276808
AT1G77520.1	-5.66523721349798	3.92573253260329	1.96307120514104e-08	2.49259908545464e-06	0.308336604881262
AT1G78650.1	-2.72437382447479	3.36813192379754	0.00170424979781883	0.047751816927626	0.303062672497741
AT1G78940.2	-2.72990036958782	3.50399345435164	0.00118874774179495	0.0354059622686109	0.285832181122438
AT1G78960.1	-4.60938105476087	7.24625003758897	2.5979014161719e-07	2.53268605587934e-05	0.276035929839688
AT1G79640.1	-2.6857013325342	4.61902157351286	0.000448111451505291	0.0159008102857778	0.239327238977924
AT1G79860.1	-7.78860036106362	1.75058663216269	1.2059519478741e-05	0.000761984649198099	0.679926524521526
AT1G80180.1	2.7710435783615	5.46669336297316	0.000202777628375055	0.00810810419758439	0.226958568545128
AT1G80280.1	-3.37078538596555	6.32376408715148	4.14311901754878e-05	0.00211209730401348	0.261792567780632
AT1G80540.1	-8.26965350521628	1.39852998642617	7.7152525839336e-06	0.000517441745106157	0.661032393740785
AT1G80990.1	-8.74672727114256	-0.36189939985054	0.000350837910870449	0.0130105831535153	0.829194703598146
AT2G01420.2.DE	2.32802150854735	5.77678133059906	0.00167187578233706	0.0469839326468659	0.232046201598888
AT2G01520.1	-7.59598703710356	4.22709764553563	2.57150070205076e-14	1.0347828250614e-11	0.244792657683183
AT2G03000.1	-8.43232449406084	-0.65352759107111	0.000574659090171259	0.0195829322025388	0.826623303608419
AT2G04570.1	-3.49856823228137	7.75416758137252	1.38378909891847e-05	0.000838833436789907	0.248650706853229
AT2G07560.1	-9.7786839574409	6.6028832777228	2.29865792029097e-19	4.83050191627368e-16	0.250553095203277
AT2G14282.1	-8.15395565179196	1.31941543250121	8.91519851200027e-06	0.000585462324505073	0.659318164849568
AT2G16130.1	-11.2660503269921	2.073898204478	1.27722113159715e-08	1.71319739446078e-06	0.503885119017714
AT2G16380.1	5.58531510179627	3.55709736892228	1.19993449976274e-08	1.65652271489144e-06	0.29126753870296
AT2G16440.1	-4.68049695079776	4.52352045955494	8.68355691633418e-08	9.38469211192162e-06	0.258927930485313
AT2G16535.1	-11.3721740094494	2.178941860978	8.58126717206736e-09	1.23891225973519e-06	0.500265174477484
AT2G17000.1	-9.05568934645345	-0.0742766945266902	0.000206798129338713	0.00823404846354332	0.824679040349794
AT2G17180.1	-8.64041795134004	-0.462233862751685	0.000405138928753362	0.0146508461940962	0.823749716499509
AT2G17280.1	-2.58588044634981	5.01213585418734	0.000363687399416593	0.0133821396598561	0.217760373627876
AT2G17442.1	-3.66384444557369	2.51837633083659	0.000503849080280406	0.0175170912782046	0.401786187749408
AT2G17940.1	-5.50833555079959	0.474003836126808	0.000660048307820651	0.0217862018251518	0.696934279376142
AT2G18480.1	-5.95317306099145	2.11361221805789	9.35968153201419e-06	0.00060623170142118	0.497432759537558
AT2G19010.1	-11.2315800674569	2.03982349222806	1.80228739519586e-08	2.33470284283146e-06	0.512615357629191
AT2G19090.1	-4.23603987514935	3.30267333059743	7.24089767939576e-06	0.000490849812940545	0.30960099323222
AT2G19130.1	3.4204252523204	5.10561011533829	6.74884410005483e-05	0.00315942793228557	0.281881540212872
AT2G19330.1	-4.92026514044637	2.6664406721414	1.34558743462027e-05	0.000823595312329229	0.403935949939674
AT2G19800.1	-5.05650736553921	3.58777578224415	9.44062736410437e-08	1.01449196214378e-05	0.288977904862011
AT2G20570.2	3.63384641887806	7.87938611433522	2.2328401888939e-05	0.00126058825350897	0.277548015594227
AT2G20970.2	-9.86280445044208	0.699857363594203	1.58372527076615e-05	0.000938916434638879	0.709777732939937
AT2G21050.1.DE	-2.67434475120622	4.56792900285276	0.000827555612079522	0.0260527403902527	0.261358936290764
AT2G21220.1	-4.49693526008677	3.03712714036848	1.52070214048769e-05	0.000910159480476066	0.362872633291925
AT2G21430.1	-4.23848915412762	3.77096960498781	1.20288793378574e-06	9.97816644372354e-05	0.267058169224464
AT2G21450.1	-11.3036353938227	2.11108401713912	9.27643257908275e-09	1.30929230871785e-06	0.49647384718831
AT2G21510.1	-4.79321532316212	2.2587233240297	4.70412419011793e-05	0.00234129212651843	0.443003247570287
AT2G21540.1	-2.91802905345005	4.09543522831896	0.000928932479163694	0.0285209415234139	0.308434930697925
AT2G22420.1	-3.05436455972134	5.0548680849351	3.84112484736676e-05	0.00198489601743846	0.219138105384099
AT2G22620.1	-3.6628579824876	2.07379029265482	0.00145544465825791	0.0418977546752388	0.471084567902985
AT2G23360.1	-2.44417503183833	5.04319592655373	0.000798909024747431	0.0254802131282431	0.222409424070767
AT2G23510.1	-9.85448618290552	2.96792549913066	1.49833676626987e-11	3.58709408360279e-09	0.366283432842586
AT2G23910.1	-5.81291107464056	2.39449966552145	3.58717830194588e-06	0.000263749236103305	0.451108058385893
AT2G25200.1	4.67988688950243	2.12575345590199	0.000132101805690649	0.00567922064493051	0.478883888101719
AT2G26010.1	9.11901680945158	5.1202740603656	3.97440640421636e-08	4.697996770184e-06	0.599941917871398
AT2G26530.1	2.4986668521268	4.16815763974663	0.00179213556881261	0.0496989149750041	0.264276854085411
AT2G26650.1	3.43790267390465	3.43998785155855	0.000276980209782874	0.0106474120073648	0.335600831799677
AT2G27660.1	4.31762693341227	2.40914660204555	0.000231969563231304	0.00914008406123679	0.462189044083149
AT2G27670.1	-9.87814825603152	0.714930226743221	1.57489990796877e-05	0.000938916434638879	0.711279378794775
AT2G27970.1	-3.23366155985315	4.25470090820878	4.27494994638897e-05	0.00216761738166366	0.2428301400447
AT2G28056.1	4.74539396974433	1.72167786135317	0.000322021996380223	0.012132274935337	0.546991613263688
AT2G28620.1	-5.66556583706774	5.00395094648844	1.58580991548294e-10	3.19068329058817e-08	0.242133674941015
AT2G29090.1	3.02340571677311	4.200834738068	0.000179477605268872	0.00734731590573631	0.257976534235529
AT2G29110.1	6.11767712246681	2.53093380727927	7.99981452758657e-07	6.87729509819294e-05	0.422693754492842
AT2G29550.1.DE	-3.45525701304198	7.24103023873044	7.36195672275851e-05	0.00340431998771471	0.291260269785364
AT2G29660.1	-2.80765633911002	3.85909307909599	0.000515546111000457	0.0178581018266514	0.262432758485693
AT2G29710.1	-4.42032066348459	1.47640700936099	0.00132783719792334	0.0388151235306401	0.607477238500586
AT2G30250.1	5.87480175785453	4.64464528489009	1.32181817584195e-11	3.20984550910748e-09	0.2258891874992
AT2G31210.1	-9.86859036706439	2.9819752853723	1.26350195201027e-11	3.14429110768029e-09	0.364295395421846
AT2G31230.1	4.16114331338928	4.24022510895201	1.47878200458854e-06	0.000120552603675789	0.265661414429746
AT2G31770.1	-6.4867936113534	0.488664367793615	0.000329831752775021	0.0124018050501669	0.753857669379913
AT2G31880.1.DE	3.44788169161799	7.03328299866822	3.5749463702709e-05	0.00187657185741974	0.267563143403363
AT2G31985.1	-8.79917304883663	1.9208421875985	1.93306669287504e-07	1.94468565757158e-05	0.531248323300597
AT2G32350.1	-9.12526292453424	-0.00617246269678955	0.000156403622702584	0.00654438432781851	0.805334873133099
AT2G32460.1	-8.051744040986	3.72898206393612	9.58612523918742e-13	2.78926748690387e-10	0.292715934390086
AT2G32590.1	-5.6564203735305	3.0581008419076	2.17055022990562e-07	2.17204320096323e-05	0.356161434985648
AT2G32765.1	-4.3963617862804	4.00687689884141	6.75549639816945e-07	5.97040669993359e-05	0.271183952357435
AT2G32800.1	3.76074503493976	5.17541832035929	2.32572798541399e-06	0.000181014376082859	0.236261588125712
AT2G33000.1	-4.53708669566547	1.04240257739468	0.00141298537121089	0.0407996829400177	0.631374395645239
AT2G33100.1.DE	-5.11170614281164	2.91230655988264	1.29143395637631e-05	0.000798199033233499	0.429575364490869
AT2G33190.1.DE	-8.98260302604808	-0.141361659594961	0.000197311288517363	0.0079398902121891	0.804619455680422
AT2G33460.1	-4.89935388051368	2.34525357231884	2.95492340024191e-05	0.00159675617910786	0.43355232334705
AT2G33670.1	-9.00611249701961	2.12554501447255	3.83648290089707e-08	4.62161790475581e-06	0.491100818459741
AT2G33810.1	-3.0111138311126	5.36171501613833	8.39036970665509e-05	0.00383302082758376	0.234054654361105
AT2G34340.1	-4.55714012523483	2.47421242376055	6.09752532522031e-05	0.00291955687280738	0.424981560852797
AT2G34430.1	4.48895616750851	7.67368527080474	0.000219986035614597	0.00872242325278591	0.503312339606182
AT2G34700.1	-9.81012401918296	0.649228737167006	1.94487088791579e-05	0.00111803474477664	0.71889589207868
AT2G35310.1	-9.2740164661113	4.48103855382826	1.11821304505387e-16	7.55312975753707e-14	0.256644419835992
AT2G35940.1	2.56450360012129	7.35936312358362	0.00129472339892756	0.0382014097409001	0.263446413930227
AT2G36190.1	-9.72867126627077	5.14889783046742	7.98912703863605e-19	1.1622950744748e-15	0.24188244535569
AT2G36270.1	-3.41589542821075	4.08424633752808	0.000293169746377051	0.0112014533600589	0.337066512242425
AT2G36420.1	-2.33623317502588	4.37683157889626	0.0015555377630739	0.0442750749819519	0.22890934935834
AT2G37010.1	-11.5977992782562	2.40196151640753	1.0607628026782e-09	1.91068637019551e-07	0.456457572729117
AT2G37390.1	-4.6840895284563	1.67524553421686	0.000363512526532151	0.0133821396598561	0.547061469025592
AT2G37620.1	-2.81401790849275	5.84265402982489	0.000174528290200999	0.00717576859254672	0.228973271159877
AT2G38080.1	-3.37622978846554	5.25212990011809	0.00037463076558201	0.0136979916267463	0.344674723897501
AT2G38620.2	-6.06211692285972	2.95937038786682	2.36820331026415e-07	2.34501723596994e-05	0.393528688336893
AT2G39030.1.DE	4.07755343198498	2.72453737997822	0.000143163598896069	0.00607097117919584	0.400356231399227
AT2G39250.1	5.38289976881682	2.83571337206781	7.2854369552542e-07	6.34974512141579e-05	0.360495449564742
AT2G40000.1.DE	2.70460351854053	6.69766373339064	0.000754235053285006	0.0242599448346587	0.264089971559797
AT2G40205.1	-3.47376373085783	4.47958515815174	1.2837971231049e-05	0.000796080491451899	0.241725075419783
AT2G41940.1	5.34893959983963	4.9582018749378	6.83184653640044e-11	1.45180577014541e-08	0.214545113175025
AT2G42740.1	-3.12234317711136	3.86558359285468	0.000132424063047341	0.00567922064493051	0.260680161906994
AT2G43040.1	-3.74769217118827	3.74520173800933	3.67530446369584e-05	0.0019096437725791	0.303618341775948
AT2G44040.1	-2.90103770199764	3.81474442103089	0.000580597397171337	0.0197497096631322	0.283224803384846
AT2G44450.1	-6.27796841894063	1.93365997683946	1.19050921728721e-05	0.000755573853240031	0.540058364841694
AT2G44490.1	2.91666803839774	7.19824308466406	0.000205810068719023	0.0082119954212719	0.249179135073289
AT2G44740.1.DE	-2.85188488641051	3.67988343207557	0.00175261847427389	0.0488177808600032	0.330388696219146
AT2G46400.1	2.54391822495698	3.67740984166461	0.00164073665792725	0.0462462778112937	0.267902470638737
AT2G46430.1	3.76469605058145	5.8620229630118	2.33293050085031e-05	0.00130441558046656	0.294176845117598
AT2G46770.1	-6.14263662868276	1.57660561803511	0.000171521187499454	0.00707851286788041	0.699638821939348
AT2G47010.1	-2.79772591186494	4.27119437845085	0.000415187402145457	0.0149186267955998	0.253845587106339
AT2G47050.1	-7.18947479965239	6.37317324629098	2.33458561013132e-14	9.598699487916e-12	0.239308987624289
AT3G01630.1	-4.55534114479145	2.08747498086459	0.000144353489609697	0.00609410167184868	0.467959397602446
AT3G02020.1	6.35431225120538	6.56501873955333	9.8141414100889e-12	2.50830887147313e-09	0.253971457179208
AT3G02030.1	-4.60519323778718	5.1329154657667	3.72723281422559e-07	3.47256917317481e-05	0.281043207735283
AT3G02480.1	-7.56228667460164	5.29978780555373	3.95334778091841e-14	1.4953933316102e-11	0.256491066455308
AT3G02790.1	-3.29800292836103	5.15341448223942	1.15847867041264e-05	0.0007377207775594	0.220328462992614
AT3G02930.1	-3.11689508330808	4.18150965015156	6.55030503777381e-05	0.00309495017403721	0.239449250342693
AT3G03450.1	-4.64019015808167	6.32223602493291	5.37903183168672e-07	4.89103985734091e-05	0.29353600643708
AT3G05470.1	-4.61412417174013	3.87490991307754	2.34475541984869e-06	0.000181747373998354	0.323002138621066
AT3G05930.1	-6.34746803498133	3.4238669335797	5.5049455464955e-09	8.4646370016967e-07	0.328580592458409
AT3G06220.1	-6.99717972130864	3.97364162141783	1.32378760487698e-11	3.20984550910748e-09	0.279422296869162
AT3G06490.1	-4.54568406715221	2.17327728039703	0.000114071918926221	0.00505255785164315	0.451929279810055
AT3G07820.1	-8.48574368249222	7.70881654740626	9.65455563238567e-17	7.022946564435e-14	0.252430183844649
AT3G07840.1	-11.0903962590338	1.90049185453797	4.90612251618392e-08	5.55625719452614e-06	0.536444746310044
AT3G07970.1	-5.58521428539484	0.504651349492385	0.00125782466546002	0.0373457423828026	0.7873530861289
AT3G08770.2.DE	-8.84460251646773	9.05302771394869	3.9467563353333e-17	3.39295466227994e-14	0.261273605611323
AT3G08870.1	4.20922564479787	3.65526784369303	3.00331262549647e-06	0.000225403379706407	0.284700544152447
AT3G10116.1	-9.41787278002603	0.27175625379154	6.56202093686312e-05	0.00309495017403721	0.764399491873085
AT3G10130.1	2.47110192853257	5.39110739001991	0.00108440064134232	0.0328148309275316	0.238909806240562
AT3G10290.1	-4.70895989099804	1.69865189496035	0.000311101595455612	0.0117913115728497	0.539666307064617
AT3G10580.1	-6.36816388505435	0.404326770036742	0.000282955049735724	0.0108550281047703	0.718472910360861
AT3G10880.1	-5.54738632713014	1.39023694306327	0.000896855580292698	0.0276257810913287	0.773593681669383
AT3G11280.1	2.56431557583656	4.9051683117673	0.000319904157382447	0.0121006946571484	0.210740543584814
AT3G11520.1	-5.28397367218355	2.83948377226718	2.03636594319038e-05	0.00116708451768363	0.472059889400682
AT3G11980.1	-9.91635941513391	6.57948075163663	1.68435308134006e-16	1.06187232757949e-13	0.301316979797805
AT3G12143.1	-6.12122464506947	2.25468953357141	3.38099215558113e-05	0.00180125928559172	0.589914519444078
AT3G12410.1	-3.80004409355964	1.91182400404864	0.00161543883681415	0.0456693493582452	0.504542709822629
AT3G12710.1	-3.6074539674939	4.81373667483379	0.000550776984543663	0.0188369712634255	0.405317634621962
AT3G12850.1	-9.2258120228747	0.0891344643457895	0.000120258350030027	0.00524065938736842	0.794359391488629
AT3G13062.2	2.7626113930982	6.43197124183844	0.000339115529311155	0.0126752806439958	0.242929457076969
AT3G13175.1	-4.53368327239145	3.15874606602216	3.623664416113e-06	0.000264611448270058	0.322245216363873
AT3G13450.1.DE	-2.77841028070043	5.01589323051279	0.000166595560529898	0.00690969700943414	0.221932542333236
AT3G13650.1	-4.3563160836151	2.34573378561516	0.000170683180603421	0.00706374397101203	0.452303603119365
AT3G13890.1	-11.319964480494	2.12724809854235	8.20894615581644e-09	1.19427537419197e-06	0.493878214270742
AT3G15280.1	-5.5095254002913	2.46644594944439	3.64777918316568e-06	0.000265347875735433	0.420514091290996
AT3G15356.1	3.62137226915359	3.55408536474212	0.000640603788871045	0.0212769326617442	0.415318455700359
AT3G15450.1	-3.42430780901979	6.26786031959274	0.000143623264793631	0.00607683849450097	0.311010495378078
AT3G15536.1	8.63225847165716	3.52320523610781	3.75729638306e-13	1.11033978895021e-10	0.297214489340129
AT3G15680.1	-2.72756102687494	4.39834222290259	0.00046756832051296	0.0164983575482493	0.247310485760701
AT3G15720.1.DE	-5.24825953316947	1.55016888818844	0.000626084696353529	0.020920741805891	0.683590132187462
AT3G16040.1	-5.57212876491758	1.89312625542335	2.64598614771258e-05	0.00145899521899965	0.504216382903401
AT3G16490.1	-8.15273505995748	2.11345129724993	1.82750526789079e-07	1.86830308819559e-05	0.506915170938124
AT3G16660.1.DE	8.39985013630601	4.42009651914244	2.21710561967499e-16	1.3526489866101e-13	0.236857862568395
AT3G17060.1.DE	-7.07061137651763	4.04054025030369	1.04363871243479e-11	2.63177852910389e-09	0.280528114361433
AT3G17220.1	-4.56218440192407	2.03424411776814	0.000261924320471999	0.01008915412034	0.506988114408491
AT3G17630.1	-2.7963415919731	4.19704049741105	0.000347470463397459	0.0129110193992851	0.246532565863412
AT3G17675.1	-9.03604947545977	2.98988718280754	3.36614695263637e-10	6.63166013700121e-08	0.403521079450322
AT3G17840.1	-2.70855049609319	5.9720563365011	0.00158472802838981	0.0449354740643727	0.299861468782798
AT3G19390.1	-8.36936170154611	5.25197839916522	2.42668728335556e-16	1.39078595727587e-13	0.243937805064112
AT3G20210.1	-11.3320339308185	2.13929680499305	1.32356821126694e-08	1.75053465592249e-06	0.511190794441099
AT3G20580.1	-7.41934284124516	4.30723526020549	3.44564752892919e-13	1.03440526531171e-10	0.261725318100268
AT3G20975.1	-10.0788765853345	0.909744209957519	9.2128841408774e-06	0.000600838888815221	0.699586056301846
AT3G21420.1	-3.36692270337864	2.77233428473589	0.00062293845496457	0.020864986406976	0.363853115643557
AT3G21900.1	-9.33933003160728	0.197308870281497	9.17022272939474e-05	0.00415914682208735	0.785443503352758
AT3G21960.2	-7.99749005777095	1.16718281024139	1.49575299010451e-05	0.000898069088947513	0.673274610100601
AT3G22050.1	-10.743763670771	1.55968701461517	9.33637002411457e-07	7.953998480454e-05	0.638418272292466
AT3G22060.1.DE	3.40150533917778	4.04274808493924	5.58506227927982e-05	0.00270154176184192	0.271406394440649
AT3G22360.1	-6.66142176927284	1.58079395356161	1.64412505171198e-05	0.000965693698851823	0.590054111741967
AT3G22510.1	-7.28123381189695	3.11561014223666	1.19467902625316e-09	2.08104812522161e-07	0.351577536616214
AT3G22880.1	-3.94366318560674	3.76805177792008	4.40429510508233e-06	0.000311093026954885	0.266573018461243
AT3G23670.1	-5.65778974779601	4.20762272924877	5.63014627797741e-09	8.58733520607958e-07	0.288545002803299
AT3G24190.1	2.78526702707937	7.25290514911159	0.000621565629660539	0.020864986406976	0.269634098201073
AT3G24230.1	-3.87497369097287	2.22843191271877	0.000594725578210203	0.0201217260477452	0.449802931443178
AT3G24640.1	-5.24523648752611	0.49401313117894	0.00117591445420951	0.0351343918996279	0.718439855186891
AT3G24900.1	4.60988121934711	2.05555337481311	0.00023807860507256	0.00934186858451728	0.504329567700457
AT3G25110.1	-2.7079804155362	4.34965966046239	0.000307902774819377	0.0116935043778291	0.229884304101987
AT3G25160.1	-6.89957082639412	0.913464602206878	6.15693572708552e-05	0.00294055872238304	0.672063325881952
AT3G25170.1	-7.2563949436662	2.17941218259753	3.15956276125679e-07	3.00285479917838e-05	0.476137686052055
AT3G25265.1	-9.14389762996626	2.26141111717444	4.62671505397616e-08	5.30333707974855e-06	0.511145854793453
AT3G25760.1.DE	2.79091065769379	5.18781120394426	0.000182641138053459	0.00746067352916861	0.226448085614608
AT3G25770.1	4.48259549951403	6.43422101124536	1.19176132082348e-07	1.24529181551019e-05	0.250317899850953
AT3G26050.1.DE	-5.09963612945199	2.75264099675929	1.36706531009744e-05	0.000834042135802352	0.428398347113946
AT3G26330.1	-5.11076592547236	2.9590712638576	1.01462436632373e-06	8.52870695123584e-05	0.342970439739606
AT3G26830.1.DE	4.41308651039776	2.25657101054318	0.000185749476281107	0.00753879795043901	0.463320186255867
AT3G27060.1.DE	-3.41679099623815	5.73410986624165	4.67074657499733e-05	0.00233697962891335	0.270683898591006
AT3G27415.1	-9.96386209680827	0.79722396649286	1.37865472740726e-05	0.000838408259146413	0.714447305739113
AT3G27503.1	-10.3609871032617	1.18467546407294	3.59791164356013e-06	0.000263749236103305	0.672906973465668
AT3G27660.1	-4.34768702367909	2.17864815848799	0.000229502966782291	0.00908073140324995	0.462771726372952
AT3G28230.2	-8.66342925796147	-0.439765805981716	0.000397135963482915	0.014400234375975	0.827598943954631
AT3G28315.1	-10.3530977952153	1.1764224896574	3.66196051131318e-06	0.000265358847319794	0.672885495532748
AT3G28470.1	-5.63343451871995	0.572465197174752	0.000585986169811535	0.0198972287785378	0.706578653438854
AT3G28500.1	-5.49431356569467	6.45776601427009	1.35432844203895e-09	2.28700123431094e-07	0.260274480824247
AT3G28750.1	-8.15129610094928	7.68531157258523	5.15558319696055e-16	2.70854291678097e-13	0.252182985318992
AT3G28900.1	-2.79037501907503	5.85946698303259	0.000246850526822754	0.00960634570740483	0.236322803243688
AT3G29020.2	-9.31956075163061	0.178510948482001	9.90292723184781e-05	0.00444915216840181	0.79052921331595
AT3G29040.1	-11.7400713028017	2.54299120694274	3.1901621454297e-10	6.35110912173809e-08	0.436586378961342
AT3G29070.1	-10.8538064091529	1.66786262494626	3.50479016947066e-07	3.28148992451478e-05	0.598891441094363
AT3G42520.1	-6.47249079270528	0.504203859376601	0.000243362513359078	0.00949807141561767	0.723274407668397
AT3G42660.1	-3.63890678828407	3.99899380921826	1.46249595370521e-05	0.000883712011898617	0.262681732800837
AT3G42850.1	-7.25608880520867	4.55227064693495	5.71789729474857e-14	2.0404262553883e-11	0.242079730604885
AT3G43083.1	-10.8836313628045	1.69721501407769	2.94569639048555e-07	2.82801806260168e-05	0.593778253156463
AT3G43960.1	-6.28772576844657	4.13699690416162	2.64308146329504e-06	0.000202382994798782	0.509329616025512
AT3G44860.1.DE	4.37132305445802	6.27592733956638	1.10962887776642e-07	1.16591172028869e-05	0.239452048420747
AT3G45860.1	8.84066492994826	7.64311061648732	4.18047387074523e-14	1.5503000454393e-11	0.320455712815471
AT3G46320.1	-4.03845617591522	5.04810226791818	5.30124057714398e-06	0.000372722539165517	0.284676811195514
AT3G46900.1.DE	4.19204197260925	3.23813730261598	2.92945787986009e-05	0.00158753114274481	0.349712336256926
AT3G47090.1	3.76478380255838	3.39138375308467	0.000165200821115611	0.00686690797749353	0.36225245251479
AT3G47410.1	-8.65598688709262	-0.447353325256111	0.000391261827826545	0.0142306441340066	0.822163343009534
AT3G47500.1	2.61347399624005	7.23837018314802	0.000886409749800746	0.0273867428690442	0.255480043829911
AT3G48080.1	3.1757651566082	3.78518677501376	0.000261245124621126	0.0100835286570599	0.293314344081821
AT3G48720.1	4.69257429169608	5.0075443996083	6.80822921860745e-09	1.01389007253167e-06	0.222771935105221
AT3G49540.1	-8.38325806357806	6.64450034814967	2.52558519927007e-16	1.40489390805279e-13	0.252948196254769
AT3G49830.1	-5.92406784306781	0.0160019847591054	0.00127107739213736	0.0376211059741688	0.818744300259537
AT3G50230.1	-5.42001284317583	0.730176713480381	0.0013018614287389	0.0383495702890867	0.790842945874687
AT3G50410.1	-3.98409316306484	2.50322517547625	0.000218769909730645	0.00869242710658757	0.407176176436354
AT3G50740.1.DE	6.63590241939569	6.17380886199577	3.39403147998195e-11	7.64182349772603e-09	0.283502952825679
AT3G50750.1	2.89060615357842	5.35403994057044	9.59073071922144e-05	0.00432910477548055	0.221937925204355
AT3G51070.1	-2.79878473467356	4.1574879716895	0.000518898306974459	0.0179086198536641	0.262120959544806
AT3G51230.1	-5.03917361121586	2.02966616658342	0.00038121333771147	0.013891884115871	0.621721134969984
AT3G51280.1	-6.14922576203527	4.22238176783228	1.13671766553292e-09	2.02818313285133e-07	0.295283874327561
AT3G51290.1	-4.8453767583637	3.46917672652488	1.45313915699978e-06	0.000118974982148645	0.329680594645165
AT3G51330.1	4.74944065785408	3.3936243282612	1.7192884868267e-06	0.000137783487929463	0.325650635862171
AT3G51920.1	2.90679316426728	6.37064264680124	0.000177927984544434	0.00729967889737286	0.242898887009797
AT3G52110.1	-2.86680435248189	4.26255934403143	0.000200581396148816	0.00803727954525964	0.238599473973233
AT3G52130.1	-9.77472509809901	5.1947167059389	9.28514066161071e-19	1.25435618095031e-15	0.244554358156269
AT3G53190.1	-5.27030983841658	5.95855151811867	1.12894386186009e-06	9.40604196447573e-05	0.375141227584594
AT3G53280.1	4.45298808500968	4.73893178366219	2.19541218134077e-07	2.18535950451042e-05	0.256041746751388
AT3G53650.1	-3.94507855615242	3.09891413584428	6.66376280541111e-05	0.00313511805817762	0.349968206463491
AT3G53760.1	-3.49131961862183	3.94979844527991	3.96299550771216e-05	0.00204229248058202	0.273282447683198
AT3G54700.1	-8.92068950331456	2.89533842769811	7.24535049425733e-11	1.52257015442099e-08	0.366130994405595
AT3G54820.1.DE	-3.17740885476231	5.35143983593306	3.59180993171864e-05	0.00187657185741974	0.232734698845958
AT3G57260.1	6.60582277401759	6.90411065413315	5.24419998082544e-11	1.12708584360627e-08	0.288745221568137
AT3G59455.1	-11.1047596807912	4.21395386822142	5.85196956140898e-17	4.42713201259712e-14	0.279388974841382
AT3G59510.1	-6.51966653790732	5.01959084142572	2.04674568974358e-13	6.67415538450349e-11	0.223240956819546
AT3G59700.1	3.82096344602847	2.29884813946726	0.00084340280795223	0.0264971383833896	0.464713689780985
AT3G59830.1	-6.21038975717686	1.73566851849571	7.30647612697048e-05	0.00338694566150472	0.653917940126722
AT3G60570.1	-6.49197311872572	0.49292383433204	0.000321861401289289	0.012132274935337	0.75255137991611
AT3G61090.1	-6.15748777363688	-0.575117263131232	0.00168741585878045	0.0473502910046211	0.825051574445973
AT3G61610.1	-3.40138868949355	3.28426191860311	0.000230088654292229	0.0090848992038182	0.322598052879479
AT3G61680.1	-5.84527248913853	3.09532451577322	5.66455771451764e-08	6.30198706203953e-06	0.338308058876283
AT3G61760.1	-3.94918245672672	3.20783178301067	5.08231596188742e-05	0.00249667121525134	0.33977972594603
AT3G62060.1	-3.64907571400564	2.99541240909934	0.000137386409081488	0.00583907675271503	0.336091154422398
AT3G63095.1	-9.9788337682214	5.8189578540012	2.29627564008272e-16	1.35717066190264e-13	0.300876593230889
AT4G00140.1	6.78326893859598	-0.0502941554833417	0.000693632754809244	0.0227360074379675	0.83036418407172
AT4G00160.1	-9.29015009371376	0.149940189382878	9.47672631896512e-05	0.00428787858542075	0.780365442726134
AT4G00670.1	4.38376052486177	1.66178027445294	0.00141174980613291	0.0407996829400177	0.611365663534002
AT4G00700.1	5.06811884279223	4.13860996253553	2.15298029029619e-06	0.000169663817626549	0.368336705544426
AT4G00730.1	2.46040347527793	6.38340047815715	0.00165790242439713	0.0466605782033079	0.255731875706521
AT4G02410.1.DE	3.92276140234595	5.50320765707544	1.91746057355117e-05	0.00110563816547479	0.307465103622732
AT4G02700.1	-4.46803353601331	2.44498883797983	6.69620846794119e-05	0.0031425655273988	0.418592006792001
AT4G04930.1	-7.47772793131652	4.29348221850272	3.05540089330567e-14	1.20389160614771e-11	0.242237453241041
AT4G05330.1	-3.03546991569473	4.06593730397829	0.000133837934994193	0.00571394326082431	0.249413285425702
AT4G07960.1	-6.35967990892505	4.54013037944455	3.99005446267138e-11	8.77487209912835e-09	0.264387459932761
AT4G08300.1	4.17633185353561	4.60348985848216	4.22291390622331e-07	3.87708595671852e-05	0.242725130423291
AT4G08850.1.DE	2.6337339092682	7.19528421882821	0.00131348775103354	0.0385745245889711	0.276616605234344
AT4G09060.2	-6.22331398846104	2.91912200582908	5.95447859950953e-06	0.000414033285854867	0.528098552863445
AT4G10120.1.DE	3.02905600079111	8.61765914434617	0.000191863502262186	0.00777026642030991	0.263408808906802
AT4G10290.1	-6.79567591081022	2.24733556771815	5.49667584821945e-07	4.97409714437198e-05	0.46168640688497
AT4G11000.1	4.22609383903339	1.93212732761539	0.000477747146035044	0.0167948545965814	0.490622462723901
AT4G11320.1.DE	-6.17122809302818	6.84629969602441	5.04018427733099e-10	9.5325005237161e-08	0.292186815839941
AT4G11820.2	-3.02003716695978	7.11141788500157	0.000116488371791848	0.00511170435197035	0.245805845443979
AT4G12890.1	-8.7965124239613	1.91807779361148	3.09147791142296e-07	2.95298594640114e-05	0.551048824032585
AT4G12917.1	2.93834432661143	3.61069526827935	0.000431844057117121	0.015391312517398	0.276193442993804
AT4G12920.1	-10.760406477959	1.57587884621015	6.27352084966191e-07	5.57047417040637e-05	0.618271265092562
AT4G13230.1	-10.9100171379549	5.39863983645317	6.49078700429883e-21	5.24507765320913e-17	0.239400052909058
AT4G13240.1	-11.0993230358567	1.9092640248518	4.87639857911014e-08	5.55586303172953e-06	0.537282211051167
AT4G13770.1.DE	3.49181162991207	8.05135238229261	1.86864319774734e-05	0.00108078436694176	0.255419982466634
AT4G13830.2	3.02436318095718	6.31531036760653	0.000359952046612319	0.0132964317530836	0.285927924225132
AT4G14090.1.DE	3.1655597093478	3.43042324660938	0.000798776896892692	0.0254802131282431	0.343020989292051
AT4G14250.1	-5.84934037934146	-0.113273365296097	0.00155675592782731	0.0442750749819519	0.817447856310625
AT4G14310.2	-4.6287343345645	4.12017796929649	8.74619982176534e-07	7.48492657145013e-05	0.299902027655189
AT4G14400.1.DE	5.95181492679189	9.68337785229767	3.1867512934609e-09	5.15136984728427e-07	0.306770156176958
AT4G14610.1	3.19412574525643	3.00370377489977	0.000651527017781604	0.0215425358169641	0.335260652003033
AT4G14815.1	-12.5031685014498	5.61050707613446	1.30522311832792e-22	2.4685684836936e-18	0.241005558897714
AT4G15210.1.DE	-3.99804540679535	7.87400795327732	5.45733402683227e-06	0.000382276142405477	0.282528280960503
AT4G15500.1	5.32045026652014	1.80750954083836	5.81270121827945e-05	0.00279734397306156	0.520215202912568
AT4G15530.5	2.95272646946073	8.5137857513673	0.000397447382449054	0.014400234375975	0.278835091262483
AT4G15650.1	-9.3966469677116	0.251027054843881	7.07623618740265e-05	0.00328827653592988	0.769106937537529
AT4G16160.2	-8.09536458832862	2.05661354778322	2.83127383091963e-07	2.74604522893246e-05	0.518040621662691
AT4G16260.1.DE	7.73930591138946	3.19334062964359	6.23317420483259e-10	1.16720815580197e-07	0.366174840904748
AT4G16270.1	-8.81081814204165	5.34694121502987	6.16464829829178e-18	6.47733295919958e-15	0.234375433160833
AT4G17090.1	3.26862344538948	9.01299164932585	4.23391940730708e-05	0.00215258381049459	0.249689136391266
AT4G17240.1	-3.83228368325679	3.16519208985085	0.000100156910537923	0.00447817411111995	0.350398897121066
AT4G17340.1	3.60191376261108	6.77028288375151	4.68355210021772e-05	0.00233720371692395	0.295912671970561
AT4G17370.1	3.67956793483918	4.17463445633078	6.24674631420758e-06	0.00043118508408981	0.247433288648696
AT4G17800.1	-8.29800107237362	-0.77716346655545	0.000720370419721461	0.023487781499952	0.826376743099339
AT4G17920.1	-6.49470428213964	-0.265324915367834	0.000907642371398702	0.0279125856427051	0.814249090121403
AT4G18010.1	2.39918158576137	5.22354572105225	0.00156573151050666	0.0444634835708897	0.241322396693348
AT4G18190.1	-11.3146600925633	4.43968934028095	6.59094017431634e-19	1.03878709597371e-15	0.253231898820422
AT4G18640.1	-3.44245340699758	4.56451308847893	6.83159973959045e-05	0.00319027273765122	0.285108949950941
AT4G19370.1.DE	4.09649518295997	2.69648465447128	0.00012645504966203	0.00548542283086691	0.397971100510644
AT4G19620.1	-10.9715980944085	1.78358272551128	1.05693066532354e-07	1.11674467448403e-05	0.555897392582389
AT4G19630.1	-6.40812424118611	-0.344336421617878	0.0011309293007844	0.034005192155382	0.825141810368056
AT4G19840.1	2.59323631058774	7.00664055412043	0.000768241673904951	0.0245850334662679	0.246259923570352
AT4G20110.2	4.40254140066899	4.30662487577887	2.41368208173837e-07	2.36528337885584e-05	0.251923417674009
AT4G20160.1.DE	-6.94757229716483	1.89709276973451	6.76996494734328e-06	0.000462239520032865	0.58178558359745
AT4G20680.1	-9.63762318932808	0.482959058453379	3.48072000050522e-05	0.00183885076451272	0.74116659011232
AT4G20710.1	-9.48563912423915	0.336755192379679	5.43016168270409e-05	0.00264011948341857	0.757191189363602
AT4G21390.1	4.59921742503417	1.4628021510736	0.00126229434117726	0.037419706700134	0.635128972244187
AT4G21960.1.DE	2.8931658155425	11.2103634629156	0.00073951881152864	0.0239085799699849	0.295881050148219
AT4G22690.1.DE	4.20657358669217	7.25503761774105	4.33291807746558e-06	0.000309239545657006	0.299661436001515
AT4G22770.1	-3.54667038108061	2.41293612777526	0.00134325002512706	0.0392050736500434	0.44650408397706
AT4G22870.2	-8.45977568313077	-0.628716526687182	0.0005358731751592	0.0183937737963447	0.824198601788902
AT4G22960.1	-5.19358949372246	3.80167869028272	1.797847994099e-07	1.84797277784752e-05	0.315182855090422
AT4G23290.2	4.66554330701353	4.95303307268539	3.98663843704699e-09	6.38977057287031e-07	0.214451319531232
AT4G23500.1	-2.95935354246597	4.95491646886603	0.00012171326193281	0.00529186878835685	0.237708011127201
AT4G23810.1.DE	2.76253177240896	3.8939125574714	0.000679552519892983	0.0223131541818333	0.266474756015986
AT4G24380.1	-3.31876849377851	6.06067288839534	2.05261722854536e-05	0.00117284440010509	0.236391792311944
AT4G25835.1	-3.88946143312205	2.62153237670635	0.000415699059973622	0.0149186267955998	0.428567882566582
AT4G26260.2	-6.67956681191664	4.61185846309214	3.30947272835011e-13	1.00954931792396e-10	0.233258155748575
AT4G26580.1	-3.55474831395354	2.21126845448334	0.0013214151601312	0.0387471704241262	0.443411866799202
AT4G26660.1	-5.88100711927934	4.16540010678975	4.74467206114852e-09	7.54083888172285e-07	0.299778894681701
AT4G26760.1.DE	-3.70821556084033	5.42552443604092	1.70025429889332e-06	0.000137422690405852	0.225396544941089
AT4G27250.1	-5.79893291383217	0.339026381202339	0.00111095400860805	0.0335646536178978	0.796086990422135
AT4G27330.1	-9.43792411385896	2.5536542844203	1.19935623988344e-09	2.08104812522161e-07	0.427581837842924
AT4G27435.1	-2.82260309525256	3.7576453379266	0.000488666309789043	0.0170834490148617	0.263002592283632
AT4G27570.1	-7.42206672231714	4.38889048313837	1.13164806199491e-12	3.24285754492572e-10	0.274886751444779
AT4G27590.2	-5.01994417419408	1.7827367616041	0.000164399214081103	0.00684863950642267	0.537797698845849
AT4G27980.1	-7.75822364687819	2.67224679045242	6.263940720784e-09	9.47759286817502e-07	0.404929818199305
AT4G28090.1	-8.59053085600441	3.08739010446821	4.54012589440876e-11	9.86981621160379e-09	0.352353274254503
AT4G28430.1	-4.97833812496937	1.44036472318216	0.000451809151765093	0.0160019971672907	0.605856681466155
AT4G28580.1	-7.62224044913087	1.61572282050603	3.15385406352973e-06	0.00023576617353177	0.57826144742864
AT4G28950.1	-5.53233152032676	1.97246238091467	3.58920435565163e-05	0.00187657185741974	0.517685389953832
AT4G29030.1	-9.13354197404753	6.9438041362217	5.43287012117315e-15	2.28337494670551e-12	0.309580835511349
AT4G29150.1	-6.3742137668476	2.02787665076287	7.28800385273118e-06	0.000492278631666803	0.527053385842845
AT4G29190.1	2.79786132598373	6.48473926010544	0.000651507118296932	0.0215425358169641	0.273558982486333
AT4G29700.1.DE	-4.79910001725272	5.75732219874375	9.69050211487341e-08	1.03233473047972e-05	0.273362803840485
AT4G31360.1	-3.66219395938776	3.93418269253036	1.26232199388003e-05	0.000785338679942536	0.262249537908718
AT4G32280.1.DE	5.96215239566806	3.391144767436	4.32184485183377e-08	5.01773654653655e-06	0.343767422923257
AT4G32480.1	-3.77746152489949	3.88828628071253	0.000419832515917477	0.0150181400323447	0.416831697882794
AT4G33010.1.DE	2.74120590300922	11.6522889638712	0.000730272889447138	0.0236906537875021	0.269232959774248
AT4G33150.1	-3.60245087346883	6.66321104880195	1.24234968327323e-05	0.000775464011872822	0.257926874917002
AT4G33230.1	-7.00135446882742	2.22109903898117	3.91048850440623e-07	3.60775946750415e-05	0.465941680198917
AT4G33390.1	-7.10258672146326	2.76909645972143	7.40171304381789e-09	1.08518293641649e-06	0.372970213904079
AT4G34950.1.DE	3.63269862907028	5.71685001171319	1.86813783366913e-05	0.00108078436694176	0.271291435409927
AT4G35090.1.DE	2.81153033383676	10.5000998499122	0.000445709948821721	0.0158453238008745	0.260841359339457
AT4G35420.1	-4.91370922740262	6.2574999383823	9.84920724105975e-09	1.37983745592713e-06	0.246106752282163
AT4G35650.1	-7.07173370033006	1.98126054530065	9.752485438052e-07	8.23431951294096e-05	0.498180373327769
AT4G36500.1	5.11521691788284	5.07302263070525	9.19428876662565e-10	1.70481944552148e-07	0.227803765231528
AT4G37780.1	-9.3678102845674	0.223700815625558	7.59567121839697e-05	0.00349075226397157	0.770105603790615
AT4G37810.1	-5.9565517140607	2.47701190170674	3.92406607145147e-06	0.000281120687914249	0.46510347590074
AT4G37900.1	-7.46181243511154	8.05555829563496	1.95887507165195e-13	6.4996849526585e-11	0.273139383324335
AT4G38660.1.DE	-4.75152310101211	5.57329737062029	9.48342629666717e-07	8.04305119053212e-05	0.316983851016762
AT4G39590.1	-7.24965284732968	0.446480919223621	0.000145112655866309	0.00611250703875168	0.747256969059682
AT4G40100.1	-6.1850168051879	0.260519922332808	0.000674530324579533	0.0221947701801775	0.791054095865636
AT5G01660.1	-4.33607915139507	1.85116119026961	0.000846571408789148	0.0265525788630666	0.55194211303901
AT5G01690.1	-9.20615357378552	2.34966028467928	1.24054314982053e-08	1.67588518518255e-06	0.475312849971295
AT5G01760.1	-6.51149423384676	3.1908954347965	1.3342020770212e-08	1.75234471407653e-06	0.357502967277321
AT5G01910.1	-6.08914490661951	2.3768242431909	3.70872995267891e-06	0.00026772217402678	0.474894038037574
AT5G03480.1	-7.1571308886539	1.19017612954564	4.10595784718616e-05	0.00209881029091437	0.685840546029951
AT5G03690.1	-2.3444447366351	4.65725640395482	0.00127580717780398	0.0377020955528228	0.2230907009648
AT5G04160.1	-2.6749085991511	4.6629193059767	0.00059144290093291	0.0200465225543802	0.24807737685548
AT5G04250.1	-3.14388634093521	3.72687849907909	0.00135283393613784	0.0393633049756537	0.371491170708763
AT5G04500.1	-8.25110195206859	2.23334611218204	4.32449139261597e-08	5.01773654653655e-06	0.467907702286081
AT5G04770.1	-4.96216294577441	3.47461381633958	3.03246878708228e-05	0.00163399094501673	0.453137311657597
AT5G05250.1	4.29864271662477	2.62463156366555	0.000517825985448234	0.0179042831129478	0.514617335608276
AT5G05270.1	-3.57813714425266	6.76462626005129	0.000152589139857604	0.00641315200472638	0.33679478619407
AT5G05510.1	-4.46449357743255	1.38037678593054	0.00120311318217282	0.0357774836704947	0.609240387003172
AT5G07030.1	-5.42908644505691	6.87580462401083	2.91623313697084e-07	2.81401618977192e-05	0.354462035146564
AT5G07100.1	6.38381133246823	3.22935355942894	1.4443103316736e-08	1.88387871054778e-06	0.349151614954644
AT5G07410.1	-9.16014715768539	8.19094089940505	1.82192309213821e-17	1.7229015720805e-14	0.266064613994109
AT5G07475.1	-8.31304505764112	2.27211780670688	5.77732057483005e-08	6.38985169776378e-06	0.481336830507938
AT5G07510.1	-11.3362312366739	6.23117548144875	6.93889619372651e-18	6.9071233532605e-15	0.311416395995005
AT5G07520.1	-8.35827592072026	4.9981201175295	3.73860576786816e-14	1.44302552832022e-11	0.285566911805261
AT5G07660.1	-5.07734956421966	3.24294123910075	3.8712787567519e-07	3.58909289835533e-05	0.317371748029603
AT5G08760.1	4.41969914730166	4.78754271639415	8.27823501875417e-08	8.99806085687918e-06	0.237389570907662
AT5G09480.1	-4.9899037520986	1.54149928487937	0.000857734474173647	0.0267695249340696	0.670274722930163
AT5G09730.1	-7.8923196030065	5.31427597277777	4.8643910337784e-14	1.76923514657406e-11	0.272467316270112
AT5G09970.1	-4.71126683198873	2.22087373507933	0.000115838455760376	0.00509682440740863	0.47817444715568
AT5G10080.1	-4.08971210069759	2.7520003477588	6.35464131532002e-05	0.00301216368913904	0.366644888868562
AT5G10180.1.DE	2.59001761596128	6.40188100139414	0.000883491596151838	0.0273477521407851	0.251184801152503
AT5G10200.1.DE	-2.43729052997774	4.56100846412947	0.00102592305940354	0.0312452219363915	0.229886368925198
AT5G10420.1	-6.41837917749775	0.954974911234265	0.000100590648635717	0.00448695975860217	0.66271269285437
AT5G11230.1	-2.46813827066569	4.19415021090274	0.00117544565251549	0.0351343918996279	0.240327074828508
AT5G11540.1	-4.07465279787625	1.91039623795441	0.000825589463398778	0.0260527403902527	0.509841359299407
AT5G11550.1	-2.79667171562874	5.15772760515433	0.000185729012796874	0.00753879795043901	0.2276191592073
AT5G11610.1	7.44669991158329	4.41506326185021	1.50628570252059e-12	4.12875094083651e-10	0.279451998644665
AT5G11840.1	2.6307962885702	5.40698865098882	0.00115163202450696	0.0345179341988908	0.26899960771327
AT5G12180.1	-6.29620135532049	3.20262150223119	1.31850451858741e-08	1.75053465592249e-06	0.338896636315131
AT5G12330.4	-5.37893534408848	0.691214862626993	0.00155148568929416	0.0442582938787639	0.805522397559311
AT5G13180.1	2.60686025204187	6.49185152809962	0.000707971457954837	0.0231658549901381	0.245237992410994
AT5G13220.1	-4.3318038389028	4.02959696499457	6.06887662718514e-06	0.000420441991391768	0.319463966395719
AT5G13520.1	-3.39503680463092	4.77320134128834	1.21628640495835e-05	0.000764240025813199	0.231662698268709
AT5G13720.1	2.42651751973241	5.12150681803244	0.00138449359399384	0.0402226226470131	0.240788564006455
AT5G13940.1	-5.13973874098995	1.37071187828056	0.000342923107104109	0.0127671352847638	0.61124214413971
AT5G14890.1	-4.13697650195225	2.91736580749131	3.43478753705412e-05	0.00181966769435027	0.348607202815817
AT5G15140.1	-8.08026445236352	4.88648374027236	1.00275474813596e-16	7.0241113153687e-14	0.225574072094255
AT5G15480.1	-5.99546504301233	0.0533940354179603	0.000848757337896695	0.0265770654497354	0.770668742510911
AT5G15960.1	-6.52210063785413	7.21355724602091	8.13003913261084e-12	2.13560319604262e-09	0.262355186642413
AT5G17160.1	-5.32990409466791	4.17562633242373	1.96371418459653e-08	2.49259908545464e-06	0.284596409982422
AT5G17200.1	-9.77757043514567	0.617996586656953	2.33141251640914e-05	0.00130441558046656	0.729280631910823
AT5G17340.1.DE	-12.7843876266366	3.58056564675068	1.58249433505416e-15	7.87624088391559e-13	0.302221612713044
AT5G17540.1	-3.09981822646207	3.05973240122038	0.000855384922632355	0.0267403223830508	0.333375825463792
AT5G19240.1	3.53785906788348	6.14563653014627	9.29354233262669e-06	0.000604016378477555	0.243008643592418
AT5G19360.1	-7.26435934553419	1.79818869592076	2.26091345421459e-06	0.000176696926279176	0.544630201558429
AT5G19473.1	-6.40864170263525	2.07499076112149	2.71588544409514e-06	0.00020628731487619	0.486680702334263
AT5G19640.1	-10.8631984348068	1.67683243721574	2.40515533147857e-07	2.36528337885584e-05	0.581476464657704
AT5G20230.1.DE	-2.52345611615242	5.57482412258123	0.00112390654303363	0.0338478414783361	0.249564330565598
AT5G20690.1	-7.0051643655176	0.212838809390945	0.000375168384849289	0.0136979916267463	0.807963141733112
AT5G20810.2	-4.89279711794397	3.33562174945067	2.6803122173918e-06	0.000204406229707787	0.352804416450795
AT5G20960.1	3.8917042888963	3.55837312768545	7.07173565014143e-05	0.00328827653592988	0.345910949579437
AT5G22300.1	2.65497142153714	6.8224464780044	0.000827880134010568	0.0260527403902527	0.259621388533055
AT5G22390.1	3.25640928328147	3.65487040351559	0.000154837446303335	0.00649321645661857	0.285539783289261
AT5G23010.1.DE	5.46512258752171	7.35323850822157	1.03857726091902e-09	1.88871266690014e-07	0.255314364100891
AT5G23020.1	4.48320785674945	3.85769194609001	1.41166963445839e-06	0.00011608220781092	0.295669219486286
AT5G23190.1	-6.3706044105157	2.02433407014657	7.52485056531897e-06	0.000506467967052946	0.528364976752445
AT5G23960.1	-8.435758659649	3.66354708118356	1.60525505331768e-11	3.74817145967868e-09	0.345753797923549
AT5G23970.1	-8.97246361342616	4.1472487861032	1.79438366238452e-15	8.701840565815e-13	0.265000310248009
AT5G24120.1	2.60715778072264	6.83861522239042	0.000746590170127876	0.0240549572191286	0.247423375377802
AT5G24160.1	3.53219962040031	3.4705574525772	0.000192880267577331	0.00779475320660271	0.333848284990294
AT5G24420.1	-5.38610922036707	6.59539817403655	1.76606297430964e-06	0.000140934806046912	0.40157321512951
AT5G24580.1	-3.97909809902742	4.31268849938002	0.000242202697229911	0.00948401576130291	0.42074184380175
AT5G24770.1	-5.54865745589602	8.80932231965308	1.51756365410671e-06	0.000123183181931846	0.415227738355963
AT5G24880.1	-4.17639623201189	1.85769906833516	0.000721535507400842	0.023487781499952	0.517378767174691
AT5G24910.1	-6.25534783456455	1.47709192478654	5.61149242618191e-05	0.00270740194531578	0.622951936002346
AT5G24940.1	-6.4025622233226	1.63673368743558	1.84347422971841e-05	0.00107278855712813	0.573103600961331
AT5G25120.1	3.70223522551644	4.75109603916471	1.31247854440003e-05	0.000808563736489828	0.269082274293127
AT5G25290.1	-6.78071775910329	0.00227677274094977	0.000495384482958685	0.0172545243576383	0.795966438843768
AT5G25550.1	-11.5732962893388	2.37770685877847	1.27522048549247e-09	2.17281486865937e-07	0.459513107669881
AT5G25590.1	-3.44665344659426	4.85702706393686	3.43406208124154e-05	0.00181966769435027	0.26491478610372
AT5G25840.1	3.14889744649136	3.83138289898904	0.000111418038509198	0.0049465947472405	0.258999809844485
AT5G25930.1	3.36353673689175	3.32280512450257	0.000253810428916866	0.0098367144305424	0.320035894832415
AT5G25950.1	-10.0006895514551	0.833327225563961	1.05098555328193e-05	0.000673806432854951	0.698110646666101
AT5G26717.1	-8.89680151953424	3.40693584753997	1.33643160296079e-12	3.71704866276433e-10	0.318864470673789
AT5G27420.1	3.11790921401284	3.61132033736887	0.00148766331388129	0.0426952598716795	0.373264133076384
AT5G28470.1	-10.5790720457721	3.70798184097938	4.6929323361915e-15	2.06561171422244e-12	0.298349084576437
AT5G29560.1	-7.59763522505718	0.745304284884797	5.1447500890545e-05	0.00252079425995564	0.70430328426097
AT5G32481.1	5.38658014737098	1.90564885075855	0.000127850954580178	0.00553328399078927	0.573223705110051
AT5G35390.1	-6.63141375430621	0.683557766216931	0.000249590123120745	0.00969301437080626	0.763323385163433
AT5G35600.1	-5.70399214955497	0.297691515279632	0.000745312252094703	0.0240547621567698	0.731703856013965
AT5G35670.1	-2.84381037034447	4.58056565908873	0.000136523452010354	0.00581546857628788	0.224462755163795
AT5G35735.1	3.43988286147124	5.17356139103503	3.13031006590068e-05	0.00168191915557896	0.261412426177508
AT5G36220.1	3.77959257779844	4.81391582805101	1.30130108859404e-06	0.000107473831827856	0.22670550260604
AT5G36260.1	-6.93428601774333	3.21802960497263	1.2413549817772e-09	2.13434061548656e-07	0.3342594263173
AT5G37810.1	-9.7392689967443	2.87589282712661	9.95245508128882e-11	2.04598677122191e-08	0.395887692130192
AT5G38240.1	3.63866059154031	2.93142108512858	0.000331202381904766	0.0124286322400096	0.375557047758458
AT5G39320.1	-3.55090710886428	5.86931360745047	8.21573452744941e-05	0.00376232898589953	0.307597291724532
AT5G39670.1.DE	4.26692407136068	3.02763439773777	1.48629358910999e-05	0.000895231549389724	0.334131693048145
AT5G40350.1	-8.10651521918229	3.2701135934755	3.79344076232407e-10	7.32095358549338e-08	0.374644101334058
AT5G41761.1	4.81035103910986	2.41538983058541	4.53640098890929e-05	0.00228183382721387	0.442049917799248
AT5G42530.1	3.40411694567816	10.414417933949	3.28088711527031e-05	0.001752864915568	0.259829635954398
AT5G42610.1	9.84662555896978	0.684004206058569	2.07256556739919e-05	0.00118067568000665	0.729525225037307
AT5G42700.1	-8.59345993459234	1.74818266535552	7.38304052729551e-07	6.40529566480458e-05	0.571895113605394
AT5G43990.2	-3.45698996784372	3.9844307085573	2.47932999854942e-05	0.00137916377242839	0.255462969744709
AT5G44568.1.DE	4.71743981415965	2.74881533577157	1.59315947816659e-05	0.000938916434638879	0.389097853650767
AT5G44630.1.DE	-10.2354294337379	5.68463298265551	1.40626513550855e-19	3.32458656348414e-16	0.250042486833523
AT5G44635.1	-5.32895225618765	4.40920060598986	3.1596327591314e-08	3.83064963932386e-06	0.293041246045314
AT5G45116.1	-10.3256150626095	1.14948166292056	4.39048217784369e-06	0.000311093026954885	0.681650109968207
AT5G45250.1	2.49855812259926	5.01786789558528	0.00134615833280833	0.0392294184104837	0.252209734935034
AT5G45670.1	-6.41365389134979	6.50829989332765	2.39669781803104e-06	0.000185015289111923	0.525779682894675
AT5G46380.1	-9.55325834471312	0.401667016385828	4.45306139633675e-05	0.00224588667170445	0.750289867694976
AT5G46970.1.DE	-10.2681648831642	1.09433562635807	6.36061417415229e-06	0.000435863390854139	0.699760663766809
AT5G47220.1.DE	3.75467133549246	4.33670331979684	1.70884266960874e-06	0.000137529112384298	0.228425071586071
AT5G47740.2	-10.0348727895954	0.866727601052348	9.55563724700218e-06	0.0006162184253556	0.695834333138227
AT5G48230.2	-2.53313778323019	6.58142650238626	0.000870329572968459	0.0270288065903981	0.241076898998843
AT5G48480.1	-4.08714005448309	7.00388177256935	1.9333334007729e-06	0.000153635019364781	0.267390458123109
AT5G49070.1	-5.74438300340157	3.17302098920707	3.92898670909683e-08	4.67351733516657e-06	0.322382187726386
AT5G49180.1	-8.87783301660341	2.85286935723591	1.01878819117125e-10	2.07186463006687e-08	0.369495113060518
AT5G49615.1	-9.70538836239734	0.548721049695786	3.6366014212225e-05	0.00189473946775706	0.757496936770549
AT5G49630.1	3.15551601209075	7.93811770488072	0.000256050122879099	0.00990322285074111	0.293196749763312
AT5G50030.1	-8.04106161333089	4.92559562076525	3.84597308184487e-16	2.07825396848377e-13	0.233627510820595
AT5G50060.1	-8.80953990283396	-0.303614458171998	0.000292840124516104	0.0112014533600589	0.819189299785382
AT5G50370.1	-2.46988129028295	4.5935238754821	0.000711099684829249	0.023228028219647	0.221692960210138
AT5G50740.3	-2.56826953281149	4.58210856574504	0.000805599834490566	0.0256072431423867	0.242444106297796
AT5G51380.1	-3.90514315821719	2.62317911362157	0.000196304956956967	0.00791623806167827	0.390226999445848
AT5G52160.1	-9.81311503374778	5.97455678885415	1.5584170001883e-18	1.84214629528508e-15	0.258852410799502
AT5G52400.1	-7.59457871522279	0.7767400597299	4.81875019663154e-05	0.00238578592850503	0.703612780276301
AT5G53390.1	-13.104602199957	3.89952482568334	2.83399475071893e-17	2.55234965334986e-14	0.277709357263869
AT5G54095.1	-8.13852270584427	4.57604219185553	2.52646817621175e-15	1.19457731541732e-12	0.249496422529701
AT5G55340.1	-5.2529640507193	1.13615156749275	0.000490946232049548	0.0171314872449319	0.650329256720259
AT5G55460.1	3.36772165812621	3.55370388549982	0.000130856041493693	0.00565041167299135	0.295091302632665
AT5G55590.1	-5.30986286373824	1.37152879898121	0.000243566046453475	0.00949807141561767	0.605817596193263
AT5G55620.1	3.1585295576355	6.56175856476101	8.42239471346904e-05	0.00383837954736964	0.254838856676836
AT5G55720.1	-10.0069548606664	5.66512333433463	8.95190729596048e-20	2.41867746697858e-16	0.241805999668233
AT5G55820.1	-5.0613215375283	3.98294739610288	1.38288829589767e-07	1.43706408463256e-05	0.299045831224308
AT5G57123.1	-8.67974717570744	4.33270270187157	4.69630961304738e-15	2.06561171422244e-12	0.268475585292506
AT5G57200.1	-7.40306492878067	1.37455050662385	2.095819430577e-05	0.00119033732403912	0.66354863467517
AT5G57220.1	4.12046787185743	2.34682548225937	0.000373849430975476	0.0136979916267463	0.461661487838169
AT5G57420.1	-9.32388239627745	0.183141554054375	0.00011828585673696	0.00517856576033825	0.812609612849499
AT5G58050.1	-7.63033932365366	4.24585888404492	3.42593032391675e-10	6.67985775425128e-08	0.364838260153865
AT5G58400.1	-10.038994193506	0.871102095214168	1.057441484461e-05	0.000675655094446312	0.704538769838997
AT5G58610.1	-5.53157690828998	1.4399532004532	0.000183453557099124	0.00747770932201666	0.620838313618717
AT5G58770.1.DE	3.16504211150512	5.36820333237233	3.22609463277015e-05	0.00172847387505898	0.228445163183776
AT5G59220.1	-3.97125409778259	4.98954777351441	2.74336377006863e-06	0.000207540955933232	0.261512979597857
AT5G59240.1	-4.12979002582815	1.65786448520716	0.0015036850867399	0.0430896909780481	0.573899561948596
AT5G59310.1	-4.79355802906059	6.85582949994366	8.00366777204488e-08	8.74990569784306e-06	0.27010057958722
AT5G59370.1	-6.9116958815134	4.3684135094995	1.54579767150119e-13	5.22065560019678e-11	0.233796633165257
AT5G59590.1	-6.96795472039499	0.951458920786371	8.54770491205672e-05	0.00388612362984925	0.707868005893239
AT5G59640.1	-5.29735685871719	1.04208560891646	0.000477451082595045	0.0167948545965814	0.658999115332802
AT5G59780.3	4.65769602306238	5.53249823012634	1.81941492131826e-08	2.34085676237362e-06	0.234572080294964
AT5G60020.1	-3.64599410251356	5.22373616143402	1.768303132764e-05	0.0010354153916398	0.271236743793839
AT5G60260.1	-8.46282293179101	-0.626023934277282	0.00053786006955463	0.0184285280715339	0.82475202310127
AT5G60500.1	-10.3203571184144	3.45104881247057	7.51550505865592e-14	2.63223605878443e-11	0.317073375401723
AT5G60670.1	-2.97013569785976	5.67795250579649	0.000100089640119323	0.00447817411111995	0.233907505784146
AT5G60740.1	-7.84023535748635	2.36304618083146	3.91546250821697e-08	4.67351733516657e-06	0.449045889842775
AT5G61160.1.DE	7.38842456505397	0.596642393253011	0.000115059493208068	0.0050843929790752	0.75247815257537
AT5G61170.1	-2.64729273672909	6.99818592013035	0.000738282279320167	0.0239085799699849	0.253670720951275
AT5G61320.1	-5.59295260745283	0.169486715359352	0.00104520162279113	0.0317301738231919	0.744484000146256
AT5G61420.2	2.4821658688527	6.16396039991941	0.00100979269026435	0.0308533265766877	0.238264131738029
AT5G61710.1	-6.08793871011177	0.613478173807827	0.000486184014064248	0.0170281449222169	0.753484723243952
AT5G62310.1	-6.21624532592695	2.66372102940144	1.88048648553071e-07	1.91213123122808e-05	0.391503072429992
AT5G62920.1	-3.89544427824558	2.74539276052586	0.000157724304567861	0.00658507676002638	0.376428468768582
AT5G63800.1	2.96639285720916	6.55433681111022	0.000611995188080776	0.0206322014120708	0.299368576561815
AT5G63920.1	-4.34820579861117	3.27516498998014	7.90664527246626e-06	0.000528404176813266	0.3260903724939
AT5G64080.1	-6.48813513676328	5.95478331292929	1.92813966845915e-11	4.44718360360583e-09	0.268499339777304
AT5G64630.2	-3.10959872325499	2.75839076665392	0.0015512343999406	0.0442582938787639	0.369501954923602
AT5G64770.1.DE	5.15436010589587	5.91163293298917	1.17440441844884e-09	2.07584212767504e-07	0.234857699502951
AT5G65350.1.DE	-4.23323561143747	1.71422795090193	0.000881801077851385	0.0273401701400053	0.537256726643219
AT5G65790.1	-4.77081350482369	0.989327088455753	0.00118475287200112	0.0353426357541912	0.651652733855201
AT5G66170.2.DE	-2.93401577115761	3.96050232423117	0.000306099788142224	0.0116484211129455	0.262775627469115
AT5G66310.1	-2.79914729322652	5.28013848429907	0.000414443437072294	0.0149186267955998	0.255172576448265
AT5G66460.1	-2.31530785176187	4.95336411633717	0.00130380022713915	0.0383495702890867	0.219034185331242
AT5G66690.1	-4.78649757165846	2.1626381405878	0.000198029571774478	0.0079518753523794	0.521266242272663
AT5G66750.1	-5.0946140871588	3.93811682063341	3.01003951810667e-08	3.69668035103581e-06	0.271989474340045
AT5G67060.1	-5.43845287586027	0.408268721073338	0.000821129643963599	0.0259699413984675	0.707399439883575
AT5G67200.1	-2.63229557219476	4.48867047812122	0.000600851830902074	0.0202926976390195	0.241610230035432
AT5G67260.1.DE	-2.71787338165811	5.96637450783632	0.000373623759372912	0.0136979916267463	0.239349614951399
AT5G67265.1	-7.32389900040465	0.481862730270092	0.000133505390357613	0.00571264128469126	0.745565299141267
AT5G67510.1	-2.49887763393609	5.69710931501828	0.000887647299673458	0.0273867428690442	0.235864205408123
