baseMean	baseMeanA	baseMeanB	foldChange	log2FoldChange	pvalue	padj	dispersion
AT1G01310.1	398.783644139865	792.133781850182	5.43350642954891	0.00685932926236008	-7.18771677490787	2.89588475491345e-08	6.24051763562766e-06	0.000135022286800298
AT1G01400.1	28.8364940672108	55.5895215652831	2.08346656913848	0.0374794837313306	-4.73775510933309	0.000991350136966781	0.0441877370496855	0.310384327435806
AT1G01420.1	448.461647482514	35.9941476858534	860.929147279174	23.9185868434257	4.58006024971572	4.47474579191422e-05	0.00313209316708717	0.322689763762754
AT1G02530.1	61.174605485337	116.846051215106	5.50315975556818	0.0470975244635117	-4.40820495877052	0.00047928845004092	0.02398019433404	0.197002399284548
AT1G02690.2	814.447024787403	1514.98710810946	113.906941465349	0.0751867397785929	-3.73337794466072	0.000425294365460588	0.0217154033468757	0.000365755751800999
AT1G04580.1	539.030533034957	1073.5648129359	4.49625313400858	0.00418815248025181	-7.89947031648635	3.33138220442377e-09	1.0601542810543e-06	0.290458248230753
AT1G04610.1	32.0074739022485	64.0149478044969	0	0	-Inf	1.31384798556133e-05	0.00109961442412362	0.00225570224759813
AT1G04880.1	349.059843711067	694.092060935897	4.02762648623842	0.00580272663082713	-7.42905332020987	1.77832704234283e-08	4.26923285042443e-06	0.010686168726379
AT1G04890.1	123.04679584649	246.093591692981	0	0	-Inf	5.35013916284134e-09	1.59155009357219e-06	0.113783916999163
AT1G05290.1	42.2514491999373	84.5028983998746	0	0	-Inf	2.39468791522577e-06	0.000267501301485301	0.368732798149328
AT1G05440.1	240.273454881241	478.134123197613	2.4127865648701	0.00504625469676612	-7.6305712601774	2.56711040222527e-08	5.66586108775009e-06	0.105044187562888
AT1G05490.1	593.685207512815	1171.72853572845	15.6418792971835	0.0133494054469359	-6.22708070088498	2.89204112742675e-07	4.21007348805401e-05	0.0895330945888799
AT1G05680.1	253.312919737972	493.555000030034	13.0708394459101	0.0264830453447229	-5.23878715935503	1.03420271348416e-05	0.000918962982553068	0.00911448249102919
AT1G06080.1	625.989891509075	1242.13862341498	9.84115960317348	0.00792275468910021	-6.97978215166444	3.74902107075926e-08	7.48928530398097e-06	0.0490106838867522
AT1G06250.1	540.556078293992	1000.88894685895	80.2232097290367	0.0801519588969367	-3.64111840980212	0.000660263745123567	0.0317019266255119	0.0579629531895115
AT1G06265.1	783.912653098103	1466.82427067888	101.001035517327	0.0688569432182778	-3.86025405332983	0.000323617974277168	0.0172257113501162	-0.0012543698409995
AT1G06420.1	469.971443235719	934.509380041889	5.43350642954891	0.00581428773813416	-7.42618181516466	1.17229958214611e-08	2.97069397816433e-06	0.124310654005115
AT1G06660.1	220.029994531912	432.144042743387	7.91594632043829	0.0183178420560546	-5.77060663385082	2.57555466825922e-06	0.000285307178628326	0.000936741263526475
AT1G06920.1	29.4085561574883	58.2788323411872	0.538279973789438	0.00923628618085784	-6.75847140980601	8.7206253389359e-05	0.00552467764527773	0.0567893598421585
AT1G06990.1	480.894243352925	961.319860058079	0.468626647770166	0.000487482540662224	-11.0023618303305	2.08224763124833e-11	2.03524832757158e-08	0.079236508459145
AT1G07370.1	584.204415157397	1141.53885810549	26.8699722093027	0.0235383771813921	-5.40884133044605	3.6074349463079e-06	0.000375392698138991	0.228137483566108
AT1G07540.1	309.038708985067	617.140164674593	0.937253295540332	0.00151870409542138	-9.36294348240214	6.129562561444e-10	2.7500634128131e-07	0.234510859891068
AT1G08320.1	299.03408903748	593.033644967162	5.03453310779802	0.00848945612196556	-6.88011215435574	9.06581975244029e-08	1.55070846865491e-05	-0.00326430396059496
AT1G08860.1	119.308055121368	237.070923647387	1.54518659534904	0.00651782416660811	-7.26139385209837	2.94303828353984e-07	4.21701946303238e-05	-0.00784293495343869
AT1G09380.1.DE	304.695992972945	608.853705972101	0.538279973789438	0.000884087537793689	-10.1435231546292	2.42274555994401e-10	1.41075958477761e-07	0.235478521380986
AT1G09470.1	315.520488559252	606.685204857381	24.3557722611236	0.0401456506044994	-4.63861249571127	4.22383226449665e-05	0.00298702432596238	0.107151636676968
AT1G09610.1	187.093781749151	362.402243978028	11.7853195202734	0.0325199959881814	-4.94252911033937	3.42207006909963e-05	0.00250272584416169	0.00459061317249003
AT1G10780.1	279.940359662503	546.531266575019	13.3494527499872	0.024425780493118	-5.35545152745576	6.05568771070862e-06	0.000585625658186126	0.0873571255257646
AT1G11040.1	32.3176754334988	64.6353508669976	0	0	-Inf	1.16088391025521e-05	0.000992845964245766	0.0424208579639282
AT1G11190.1	564.751496458794	1068.22712886593	61.2758640516576	0.0573622054672121	-4.12375569580043	0.00017634945497263	0.0101393526968297	0.00684749832572942
AT1G11250.1	142.701042734231	285.402085468463	0	0	-Inf	2.38347983817586e-09	8.36295848861498e-07	0.0360476259250497
AT1G11765.1	274.090401534312	545.768016503754	2.4127865648701	0.0044209013571859	-7.82144374061811	1.38420690516906e-08	3.44390678006062e-06	-0.000924947072006251
AT1G12070.1	196.240793661114	391.474680700668	1.0069066215596	0.00257208619407371	-8.60284529453158	7.2142218832773e-09	1.95483984654983e-06	0.126507638252364
AT1G12890.1	41.7825228771203	82.6277924587002	0.937253295540332	0.0113430755881418	-6.46204432073286	3.6584568434476e-05	0.00264880018231412	0.104103190411764
AT1G13245.1	1410.52421704962	236.355935824383	2584.69249827487	10.9355937656473	3.45095965084708	0.000994584247970825	0.0441991756832561	-0.000681091562282078
AT1G13790.1	365.186689446165	686.158087504091	44.2152913882386	0.0644389276953249	-3.95592370289208	0.000308930973085529	0.0166106539713257	0.00847035557891149
AT1G14630.1	137.356403481361	258.811260995826	15.9015459668958	0.0614407035679654	-4.02466145307433	0.000409206277821321	0.0210510477658156	0.0473157089218637
AT1G16630.1.DE	507.063981298278	996.700176668677	17.4277859278801	0.0174854849390415	-5.83769838176033	1.12260802748317e-06	0.000140933653652108	0.0022051893025814
AT1G16760.1	170.068044163795	340.136088327591	0	0	-Inf	9.83613560122544e-10	4.1414670636052e-07	0.0664041802224958
AT1G17560.1	378.23188261615	723.932379981026	32.5313852512742	0.0449370495793086	-4.47595078481705	6.23035889565404e-05	0.00416900885712127	0.235434543478128
AT1G17920.1	627.100034919664	1153.05972766996	101.140342169366	0.0877147468967149	-3.51103677599612	0.000875017892884716	0.0399791146785792	0.0464041120257837
AT1G17950.1	76.6432813881828	147.523736351085	5.76282642528053	0.0390637233561238	-4.67802672361691	0.000174161294956253	0.0100346238323426	0.292295167876987
AT1G18520.1	206.45324893597	412.43787122417	0.468626647770166	0.00113623573504349	-9.7815221025518	1.71825688778371e-09	6.44181568559788e-07	0.031755811002315
AT1G18960.1	431.823838522193	862.640770422827	1.0069066215596	0.00116723745976679	-9.74268619561461	1.63339157538252e-08	3.99130898527399e-06	0.557502770228422
AT1G19460.1	35.1811009139296	70.3622018278593	0	0	-Inf	7.00832288054569e-06	0.000670541209899274	0.166993162104274
AT1G19790.1	99.7279576386137	194.282075517391	5.17383975983656	0.0266305563498751	-5.23077362097755	2.81116690992595e-05	0.0020906526084471	0.0141227427623474
AT1G20180.1	31.1372354760967	61.337217656653	0.937253295540332	0.0152803360071986	-6.03217992188606	0.000320560332956177	0.0171684837423574	0.595470576961859
AT1G20720.1	196.602052803796	375.567359701653	17.636745905938	0.0469602734378952	-4.41241538085089	0.000121243772509726	0.00730880961684183	-0.00361003643387687
AT1G21090.1	601.617010428117	1156.01695623768	47.2170646185526	0.0408446124979196	-4.61371039378121	4.01286014594024e-05	0.00287497268256786	0.0150809572948017
AT1G21290.1	21.6193053381939	43.2386106763878	0	0	-Inf	0.000102675737687409	0.00633645987754365	0.0831142336969808
AT1G22240.1	75.3311278176156	149.585695687652	1.07655994757888	0.00719694448476427	-7.11839975481649	1.39891196328392e-06	0.000170157433827353	0.211033582899545
AT1G22350.1.DE	451.703154649198	41.1905480934927	862.215761204902	20.9323692233441	4.38766370668766	6.90876054708991e-05	0.0045269370668072	0.0486053293347757
AT1G22470.1	31.1102649350764	62.2205298701528	0	0	-Inf	1.47414452054269e-05	0.00121936120449194	-0.0220393014292301
AT1G23350.1	195.692060375198	388.363400885716	3.02071986467881	0.0077780755287178	-7.00637104058455	1.41028796250044e-07	2.29742624748285e-05	0.00505422433684971
AT1G23510.1	194.509713438064	388.481146902339	0.538279973789438	0.00138560127841868	-9.49527211838821	2.5960822616414e-09	8.66458284592704e-07	0.0501789706631907
AT1G23520.1	465.703870559488	931.407741118977	0	0	-Inf	4.24865238857716e-12	7.52890887849405e-09	0.0581742899331482
AT1G23560.1	1009.97155190882	2008.06918433698	11.8739194806574	0.00591310278215237	-7.40186893027004	6.20570144508249e-09	1.7691420536356e-06	0.00785308531703299
AT1G23580.1	455.13899414622	909.201428344861	1.07655994757888	0.00118407199330811	-9.72202748306096	9.27013375836878e-11	6.50525694100094e-08	0.052552987149664
AT1G23600.1	454.592775281029	908.716923914289	0.468626647770166	0.000515701463720474	-10.9211762391912	2.65707896505103e-11	2.20360415501566e-08	-5.90486876978231e-05
AT1G23770.1	25.0639479405163	50.1278958810326	0	0	-Inf	4.43418977397462e-05	0.00312202893575665	0.46939628539819
AT1G23840.1	292.214146689393	37.9638383875302	546.464454991257	14.39434151555	3.84742988768038	0.000436656141496944	0.0222126492202386	0.312842587245325
AT1G24320.1	47.7840271198317	93.0159610227548	2.55209321690865	0.0274371536760698	-5.18772536534887	0.000144859752325873	0.00856268186102479	0.00814363676907869
AT1G24625.1	240.290017300221	37.059681043522	443.520353556921	11.9677326158328	3.58107794276221	0.0010999127404498	0.048241044680497	-0.000655518509006022
AT1G26310.1	138.421978883332	276.305677792875	0.538279973789438	0.00194813214874631	-9.00369274077645	1.74212342457493e-08	4.21933043219173e-06	0.137122450901976
AT1G26320.1	249.180740383802	498.361480767603	0	0	-Inf	1.05693016965329e-10	7.2315162207678e-08	0.135786629442363
AT1G26390.1	19.0456924549683	0	38.0913849099366	Inf	Inf	0.0002132601724067	0.0119846086209991	0.540196437945915
AT1G26420.1	36.2263413528429	1.34233926234001	71.1103434433457	52.9749411630736	5.72723817514806	0.000179000077440766	0.0102486906263575	0.121911108704934
AT1G26760.1	157.352313216666	307.326960086683	7.37766634664885	0.024005919768861	-5.38046597693782	1.05881599468704e-05	0.000936450341507303	0.101055496489875
AT1G28370.1	178.416629992536	12.9782623282321	343.854997656839	26.494686958888	4.72763117657969	6.88258187528658e-05	0.0045269370668072	0.244633180797701
AT1G28550.1	127.263037186472	251.366047856226	3.16002651671736	0.0125714134572573	-6.3137093225832	1.28884872978173e-06	0.000158175838729445	0.256779266950317
AT1G30020.1	162.677239329524	324.885852011278	0.468626647770166	0.00144243476553081	-9.43727821055619	6.39941723075504e-09	1.8055592863021e-06	0.0175362014439846
AT1G31580.1	63929.4911660829	10766.1644384814	117092.817893684	10.8760012502838	3.44307631721208	0.000834993041380493	0.0384068732042039	0.0397050518510314
AT1G31820.1	455.400589223659	47.9022444051927	862.898934042124	18.013747471686	4.17102643695413	0.000146490257330055	0.00862181798410524	0.214127163018621
AT1G35110.1	60.4837174104801	119.422248225611	1.54518659534904	0.0129388503256939	-6.27214675661016	1.1443876032401e-05	0.000981805640297022	0.0760940521963446
AT1G35180.1	536.279949124252	1014.0768474491	58.4830507994013	0.0576712218078094	-4.11600460248641	0.000176818905147412	0.0101450310190238	-0.000379042186419161
AT1G35290.1	269.661031623301	511.736611142741	27.5854521038602	0.0539055668545193	-4.2134219212738	0.000157746468179544	0.00918554327901652	-0.00206269092732467
AT1G35310.1	3096.15296803762	6152.49216464919	39.8137714260537	0.00647116166271848	-7.27175956554967	4.74167785832526e-09	1.4260465893038e-06	0.254787636498928
AT1G42560.1	47.6262968882806	93.3780871854805	1.87450659108066	0.0200743734165089	-5.63850123231871	8.56051461448217e-05	0.00543582747028186	-0.0187218911432816
AT1G47760.1	23.9903081432055	47.980616286411	0	0	-Inf	5.69928621748289e-05	0.00386084319802158	0.332003211808001
AT1G48530.1	22.7411185594869	44.405677171395	1.07655994757888	0.0242437457585349	-5.36624357141881	0.000892329130959029	0.0405668831496457	-0.041328638021065
AT1G48740.2	108.634339441471	214.786238992053	2.48243989088937	0.0115577231695054	-6.43499896975503	1.98373092007313e-06	0.00022621144925234	0.0267811200460121
AT1G49290.1.DE	138.294747413176	272.631521666132	3.95797316021914	0.0145176652209209	-6.10604673678824	2.46700190950599e-06	0.000274458976664065	0.0960591249712688
AT1G50580.1	22.0206174415287	44.0412348830573	0	0	-Inf	8.9249709243099e-05	0.00564107631077398	0.420124265748031
AT1G51250.1	262.073796599376	519.790646716781	4.35694648197004	0.00838211789590744	-6.89846947130083	1.20556817894021e-07	1.98758975429131e-05	0.00149080047898879
AT1G51670.1	133.620827920485	259.724682842282	7.51697299868739	0.0289420817321859	-5.1106874946954	2.63757531569315e-05	0.00199406522762127	-0.0017964832170018
AT1G51790.1	195.541627899708	10.2958999291641	380.787355870253	36.9843683883946	5.20884373282756	1.41644369195676e-05	0.00118186679760587	0.390855963521975
AT1G51800.1.DE	420.317813338658	55.6864224513976	784.949204225919	14.0958813597877	3.8172017816387	0.000455081129535112	0.0230215533329334	0.224279079743782
AT1G51915.1	40.9091099375973	81.8182198751946	0	0	-Inf	2.90285855572445e-06	0.000314013568984453	0.313528264708057
AT1G52200.1	176.575072371137	8.95356066682413	344.19658407545	38.4424249618156	5.26462743958489	0.000452493569643282	0.0229330444703654	0.664729485120397
AT1G52700.1	83.7729432043673	161.244780009665	6.30110639906997	0.0390778938623148	-4.6775034756996	0.000166778540099252	0.0096703285708397	0.00928928729080203
AT1G53070.1	1073.8445806771	2073.44387123994	74.2452901142586	0.0358077164007624	-4.80358567453282	1.68124354649494e-05	0.00134548244275072	0.392191507617089
AT1G55560.1	2179.92528337695	4337.05892772249	22.7916390314098	0.0052550909294143	-7.57206855714825	2.97411081043635e-09	9.68993626905024e-07	0.122030844762047
AT1G56650.1	196.495529292724	22.7413955785619	370.249663006886	16.2808681519931	4.02510572601372	0.000342387820325324	0.017951091698589	0.385830701311258
AT1G57750.1	6052.67422398	12056.2000368473	49.1484111127275	0.00407660879568319	-7.93841476678761	5.29335989286066e-10	2.49773575082432e-07	0.000567417893603345
AT1G58561.1	699.05482427523	47.8099757703023	1350.29967278016	28.2430528571594	4.81982413618194	1.86782756945155e-05	0.00146471933870344	0.0226865894912855
AT1G60060.1	998.870208968439	1873.56771670075	124.172701236123	0.0662760679153803	-3.91536817815166	0.000280464481669033	0.0152296665363454	0.00127676321084496
AT1G60300.1	29.7644514843184	59.5289029686367	0	0	-Inf	1.76151034819852e-05	0.00138930879566274	0.275227537880559
AT1G60760.1	42.0773344954106	84.1546689908211	0	0	-Inf	2.67844214959317e-06	0.000293214419000264	-0.0165704357486834
AT1G61070.1	1302.35400315833	2604.16972634287	0.538279973789438	0.000206699267080938	-12.2401791063186	1.09651092503876e-13	6.00186219929217e-10	0.121064614189549
AT1G61130.1	35.6313039821872	70.7243279905849	0.538279973789438	0.00761095918594088	-7.03770600102555	3.15669640919989e-05	0.0023161519390612	0.00291336106609176
AT1G61566.1	3201.73630486713	6384.82895720677	18.6436525274976	0.00291999247786487	-8.4198196320503	1.41619815198429e-10	9.01360721476885e-08	0.291972791008975
AT1G61940.1	24.9313353022107	49.8626706044214	0	0	-Inf	4.76399119821543e-05	0.00329244725032222	0.124013944393541
AT1G62940.1	3576.55543059831	7150.55876797971	2.55209321690865	0.000356908222101041	-11.4521592423884	2.68123113896542e-14	2.44599779370685e-10	0.235244410086384
AT1G63710.1	2130.1864819809	4170.82124775752	89.5517162042708	0.0214710031633264	-5.54146659173377	1.76828356847255e-06	0.000205997677840538	0.0125972925153871
AT1G63910.1	73.4457175020339	142.604141848117	4.28729315595076	0.0300642961725265	-5.05580500540643	8.48875527740164e-05	0.00540374139642956	0.176997623052214
AT1G65780.1	22.1583028529238	43.7783257320582	0.538279973789438	0.012295581541513	-6.3457162183856	0.000389457063487224	0.0201486973790517	-0.0372982389956998
AT1G65900.1	918.223112525659	1716.70012362318	119.746101428134	0.0697536510776288	-3.84158745665035	0.000334101299033489	0.0176519002933369	0.0469961745152248
AT1G66120.1	375.626609099555	751.253218199111	0	0	-Inf	0.000323283341422677	0.0172257113501162	1.58261507426355
AT1G66140.1	403.415536997772	25.9657891589124	780.865284836632	30.0728500896962	4.91038969759877	1.68448148410001e-05	0.00134548244275072	0.0563148736807426
AT1G66235.1	55.8616952187303	111.723390437461	0	0	-Inf	5.04586753064131e-07	6.83640111775204e-05	0.0763295866125595
AT1G67000.1	288.006404131586	12.1779542471746	563.834854015997	46.299636422662	5.53292895936031	4.17097315210855e-05	0.00296496605784173	0.540547997000875
AT1G67020.1	16.1576796539434	32.3153593078868	0	0	-Inf	0.000439565688304818	0.0223191720918854	0.302087876519187
AT1G67220.1	34.571010945849	67.596835296349	1.54518659534904	0.0228588600128222	-5.45110273262904	0.000242586143064291	0.0133583451979548	0.0203284897863585
AT1G68120.1	61.2867594830433	119.692105753446	2.88141321264027	0.0240735443202552	-5.37640762599227	6.4700753716872e-05	0.0043188542139594	0.0480597409051483
AT1G68320.1	73.3321057664747	137.88066524299	8.78354628995934	0.0637039738275118	-3.97247281976679	0.00101919055557276	0.0452077911262809	0.0485862853880948
AT1G68840.1	1085.40651258024	19.424733363321	2151.38829179716	110.755100291855	6.79122932644523	4.16905740971085e-08	8.20854411431414e-06	0.03706212713642
AT1G69940.1.DE	7247.09317472201	14479.4817234424	14.7046260016432	0.00101554919454308	-9.94352415728375	8.51690594758005e-13	2.58989646637079e-09	0.00157259749073939
AT1G70170.1	73.3376410882897	144.66146893346	2.01381324311921	0.0139208682033051	-6.1666069991669	7.86354775749431e-06	0.000734503669034486	0.228820683248942
AT1G70440.1	60.7363134670591	121.472626934118	0	0	-Inf	2.93562523506182e-07	4.21701946303238e-05	0.389879222588386
AT1G70720.1	551.476185503165	1102.41409103254	0.538279973789438	0.00048827385114905	-11.0000218611025	7.471101400093e-06	0.000705702964774615	0.987342065855932
AT1G71830.1	609.280076062415	1121.58674309374	96.9734090310888	0.0864609087332837	-3.53180819025023	0.000920693011385862	0.0414712172122791	0.0716861387477459
AT1G72100.1	13.5191354467086	27.0382708934172	0	0	-Inf	0.00111931313660492	0.0489350829434558	-0.0521863632461385
AT1G72250.2	741.912669912554	1417.43915612819	66.3861836969146	0.0468352968872765	-4.41625997939392	6.22662836805062e-05	0.00416900885712127	0.00992760401010531
AT1G72290.1	2884.27818395792	5767.01118132049	1.54518659534904	0.000267935425607279	-11.8658270370063	1.97283332795982e-14	2.44599779370685e-10	-0.000178316265301226
AT1G72910.1	1720.82194665198	225.093719549277	3216.55017375467	14.2898263896275	3.83691648379521	0.000316533554003977	0.0169860594234918	0.18341316782241
AT1G72960.1	293.568747567171	578.214642192345	8.92285294199789	0.0154317312134577	-6.01795626960508	8.91850246108732e-07	0.000114592288899079	0.127936780376817
AT1G74420.2	182.087519113796	346.310385709232	17.8646525183605	0.0515856678158072	-4.27688589628052	0.000165453264022239	0.00961385335405656	0.0398387938536407
AT1G74540.1	2861.56978989766	5712.3929269539	10.746652841424	0.00188128740071713	-9.05406402117232	2.26696601254995e-11	2.11642999857793e-08	0.239590595961795
AT1G74550.1	2307.35340343332	4599.18528758713	15.5215192795097	0.00337484104443479	-8.21096473207082	3.09991611939167e-10	1.6769076455631e-07	0.248876800855948
AT1G74810.1	299.738353128909	12.267906756453	587.208799501365	47.8654436456724	5.58091257605161	0.000223011802368379	0.0124305234362888	0.670919284678518
AT1G75150.1	192.071867445083	363.834535749647	20.3091991405204	0.0558198772930537	-4.16307723679492	0.000253347485801657	0.0138395488850694	0.00446900992913706
AT1G75160.1	187.814759351794	375.629518703587	0	0	-Inf	4.99591705780446e-10	2.39874136908758e-07	0.12670081255706
AT1G75430.1	56.5420198815144	111.53885316768	1.54518659534904	0.0138533484204479	-6.1736214650728	1.58799567775236e-05	0.00128843839096267	0.261287125692277
AT1G76540.1	836.872381462538	1627.76251154051	45.9822513845705	0.0282487470122734	-5.14566931230953	7.80373270421905e-06	0.00073141286523653	0.023946526536772
AT1G76740.1	390.114300391002	758.842841693905	21.3857590880993	0.0281820660525196	-5.1490788089837	1.00375143410043e-05	0.000894913215666275	-0.00120027659139737
AT1G78440.1	225.796987006928	417.948135546273	33.6458384675826	0.0805024250762746	-3.63482394576713	0.000859956626418586	0.0394226012593364	0.10525910358661
AT1G78950.1	448.211659666024	880.452120039133	15.9711992929151	0.0181397703854756	-5.78469999553079	1.44755153281353e-06	0.000175294647566552	0.413322121584208
AT1G79360.1	261.812890355669	506.09044818871	17.5353325226289	0.034648613870085	-4.85105855177744	2.33079977702874e-05	0.00179183506454277	0.00577278480003966
AT1G80540.1	93.3552816723965	186.241936697023	0.468626647770166	0.00251622516432765	-8.63452325714912	1.6419894213176e-07	2.56788379900687e-05	0.343907841266062
AT2G02140.1	366.825641942112	731.776777293143	1.87450659108066	0.00256158250609496	-8.60874892430936	1.48270349747838e-09	5.79694704556975e-07	0.0203915901710958
AT2G02720.1	363.149900415464	716.091427963293	10.2083728676346	0.0142556836585368	-6.13231896164371	0.000237510734192421	0.0131544330347437	0.763458671894571
AT2G02950.1	312.825167910362	32.7651218542788	592.885213966445	18.0950101941714	4.177520015368	0.000169493408800738	0.0098069674673543	0.0704486958652452
AT2G02990.1	1050.71920344861	2041.65702274925	59.7813841479631	0.029280816259463	-5.09390041767377	7.77081929242706e-06	0.000730830867337264	0.205046877730995
AT2G03000.1	21.0380882163023	42.0761764326046	0	0	-Inf	0.000120819179296867	0.00730880961684183	-0.00242955068656061
AT2G03090.1	1625.53532228366	3219.61581926362	31.4548253036953	0.00976974492282423	-6.67746338913992	4.82130628081053e-08	9.42496502094447e-06	-0.000150737420653675
AT2G03200.1	664.737508071034	1304.01092387608	25.4640922659922	0.0195275145320885	-5.67834785552286	1.58930025991494e-06	0.000189938731499354	0.032011981615642
AT2G03630.1	19.1122157064586	38.2244314129173	0	0	-Inf	0.000191867364553035	0.0109168940396829	0.179854264687192
AT2G03850.1	2473.24445992955	4939.5102268342	6.97869302489795	0.00141283096995847	-9.46719541162267	7.61084243384543e-12	9.39996014743233e-09	0.00847032120563276
AT2G04020.1	67.9366585907135	133.998810590346	1.87450659108066	0.013988979326177	-6.15956548637006	0.000212763339592127	0.0119812902838628	0.680534176296233
AT2G04070.1	83.8549294992441	0	167.709858998488	Inf	Inf	5.21088699555399e-08	9.87284288833693e-06	0.325116587774506
AT2G04495.1	156.349671962065	11.818144210061	300.881199714068	25.4592594544517	4.6701185503824	7.0213325598363e-05	0.00458615344863007	0.114665950765744
AT2G04570.1	7822.94691532381	14344.1023286231	1301.79150202457	0.0907544768017239	-3.46188737861846	0.000906781827044654	0.0410874255671492	0.00127180990552565
AT2G05300.1	117.443476393022	218.827153532745	16.0597992532991	0.0733903402481355	-3.76826600399799	0.000869959946614814	0.0398144879915622	0.168373560839074
AT2G07170.1	432.301072874023	853.874439540986	10.7277062070593	0.0125635640444116	-6.31461040231194	2.93907897328305e-07	4.21701946303238e-05	0.0494901508603238
AT2G11570.1	38.0064985165574	76.0129970331147	0	0	-Inf	5.03803142421012e-06	0.000505058036695174	0.0285841701384725
AT2G12540.1	21.7018251390403	0.537398930058411	42.8662513480223	79.766164296909	6.31770499982082	0.000758930442753447	0.0355049715508997	0.681233711943936
AT2G13680.1	1258.902417908	2501.88434321474	15.9204926012606	0.00636340070812542	-7.2959863126209	1.92881562945716e-07	2.94904056687059e-05	0.505283170174072
AT2G14282.1	88.3585581298454	176.178836285901	0.538279973789438	0.00305530440055764	-8.35446816147649	1.88570540367821e-07	2.91241412612286e-05	0.0881609291984258
AT2G14900.1	371.032264531258	722.103596552092	19.9609325104241	0.0276427545932934	-5.17695480270009	1.00386713391386e-05	0.000894913215666275	0.0301674664023258
AT2G15020.1	4181.52517305675	303.34163256068	8059.70871355282	26.5697413359196	4.73171227773262	1.97958255637464e-05	0.00154792044008175	0.194732959678409
AT2G16210.1	357.306553741403	713.675854187266	0.937253295540332	0.001313275894149	-9.5726142539543	2.97546127417273e-10	1.6769076455631e-07	0.0657217776498765
AT2G16750.1	3096.46801371277	5964.49417056059	228.441856864962	0.0383002900719562	-4.70650087115483	2.14006132846883e-05	0.00166389768288452	0.243554577314424
AT2G17890.1	113.747735716668	225.013031542447	2.48243989088937	0.011032427205982	-6.50210596160112	1.68004190542204e-06	0.00019776743650807	0.352923540248706
AT2G18150.1	42.2572395139674	84.5144790279348	0	0	-Inf	2.6546149102539e-06	0.00029177309583867	-0.023479813233432
AT2G18180.1	241.564252585677	475.142905524896	7.98559964645756	0.0168067323611531	-5.89481693305362	1.68371136752339e-06	0.00019776743650807	0.0274341585264962
AT2G18480.1	154.573709395017	304.321845660294	4.8255731297402	0.0158568081738268	-5.97875379043618	2.93045420888614e-06	0.000315750672396835	0.05601779628045
AT2G19000.1	715.936196782971	1421.26504737656	10.6073461893855	0.00746331320042314	-7.06596805409039	1.9021893940231e-08	4.44949737911318e-06	0.0647881767372139
AT2G19010.1	146.74311533773	293.486230675459	0	0	-Inf	2.21783657732389e-09	7.88282486340263e-07	0.0412962676230991
AT2G19070.1	2418.84057901954	4835.05941149614	2.62174654292792	0.000542236675870887	-10.8487896818892	2.32084578766175e-13	1.05861512527878e-09	0.282213152871022
AT2G19090.1	355.408184264285	674.238410156692	36.5779583718774	0.0542507780940227	-4.20421236015608	0.000145441507575224	0.00857854133473866	-0.00211246856376104
AT2G19330.1	227.951626911493	440.920014517266	14.9832393057203	0.0339817627061552	-4.8790954996578	2.40121110997736e-05	0.00183565211334806	-0.00121467018951053
AT2G19500.1	184.807328799792	369.614657599585	0	0	-Inf	6.57139079713375e-10	2.90073908606382e-07	0.294158953758508
AT2G19670.1	285.187726192149	545.551053475405	24.8243989088937	0.0455033470300372	-4.45788352213281	7.64036474566999e-05	0.00494329792812048	0.0634522913781381
AT2G19800.1	433.020814196929	840.12172290302	25.9199054908374	0.0308525595568125	-5.01846600812312	1.25831200607324e-05	0.00106617594372175	0.189434146614823
AT2G20430.1	97.6289957311315	194.789364814493	0.468626647770166	0.00240581228968256	-8.69926020212672	1.02567067143577e-07	1.73275030468235e-05	0.295654200385867
AT2G20590.1	304.125341123847	583.667003374147	24.5836788735461	0.0421193569816851	-4.56937277825476	4.5679783553822e-05	0.00318919468444132	0.171415772247612
AT2G20635.1	200.420765253032	370.114998519851	30.7265319862128	0.083018878211078	-3.59041675205446	0.00108763628862505	0.04777918129549	0.00179184787536257
AT2G20800.1	26.3179332782494	52.0975865827094	0.538279973789438	0.0103321479764686	-6.59671597885729	0.000148548991262715	0.00872422487742059	0.415102455477041
AT2G21260.1	110.005574835084	212.823496667212	7.18765300295577	0.0337728357794768	-4.88799286760365	5.77552720658679e-05	0.00390283033555228	0.10173491121343
AT2G21430.1	492.643809862078	934.385062038021	50.9025576861344	0.054477067061741	-4.19820715620049	0.000121085362697865	0.00730880961684183	0.00517018975902151
AT2G23060.1	120.692886964494	240.309213981409	1.07655994757888	0.00447989458973538	-7.80231949806116	1.18499244856849e-07	1.96550747469228e-05	0.0912891740905471
AT2G23510.1	281.080088514912	561.691550382053	0.468626647770166	0.000834313151856056	-10.2271233917633	3.33068376605936e-10	1.71988968508514e-07	-0.000835041290696514
AT2G23660.1	112.926168684659	225.852337369318	0	0	-Inf	8.39351368861594e-09	2.22034631486657e-06	0.286890122339072
AT2G23680.1	244.075797559691	20.2319898212147	467.919605298168	23.1277105926339	4.5315505558409	8.07425627629083e-05	0.00517508772293975	0.277891523318648
AT2G23770.1	274.071571557777	14.5974074952435	533.54573562031	36.5507187351018	5.1918278705691	8.4333949242256e-06	0.000777121724869381	0.301866416631524
AT2G24320.1	42.9726678588361	85.4070557438827	0.538279973789438	0.00630252347538619	-7.30985469787575	1.1311903516778e-05	0.000973535142915658	-0.00434578957777309
AT2G24490.1	568.888432073478	1062.99329405891	74.7835700880481	0.0703518738133298	-3.82926733979982	0.000356012316831518	0.0185941700134446	0.374214605873239
AT2G25060.1	1272.10835993075	2501.37554835928	42.8411715022178	0.0171270449694443	-5.8675799336059	7.07689608812589e-07	9.22288057808712e-05	0.00999211002858402
AT2G25200.1	159.288277591756	11.6405553171162	306.935999866397	26.3678142068601	4.72070607702561	4.91795244806768e-05	0.00338177192459086	0.0794237692816883
AT2G25270.1	651.37916807387	1226.67643271113	76.0819034366098	0.0620227970537088	-4.01105760086832	0.000239421471473352	0.0132106589340377	0.0167885023797837
AT2G25735.1	104.642228604717	0	209.284457209434	Inf	Inf	1.41263902695579e-08	3.48298242249784e-06	0.0961662294776311
AT2G26700.1	57.6044702152364	110.383367300733	4.8255731297402	0.0437164877983222	-4.51567869085735	0.000421718640891057	0.0215730761942177	0.0176299116732198
AT2G26760.1	467.862885862485	913.820679297447	21.905092427524	0.0239708872033459	-5.38257288319985	4.56283831929669e-06	0.00046206956832981	0.155653709131386
AT2G27180.1	463.589914673372	873.965898479049	53.2139308676954	0.060887880133885	-4.03770110467868	0.00018729006669491	0.0106786553027214	0.00102853370348313
AT2G27670.1	57.4289157542663	114.857831508533	0	0	-Inf	4.33531917287449e-07	6.02279264584918e-05	0.0499886284567382
AT2G28315.1	360.223216874349	676.12972897715	44.3167047715476	0.0655446771118761	-3.93137756594264	0.000360752982052518	0.0188058811672634	0.00951710456383346
AT2G28355.1	442.579315492897	885.158630985794	0	0	-Inf	4.76668088051923e-12	7.52890887849405e-09	0.234970418643662
AT2G29550.1.DE	5479.62576595294	10030.6457580037	928.605773902137	0.0925768685591528	-3.43320442591989	0.0010764703867854	0.0473646970185578	0.0698680790186982
AT2G29680.1	95.4969518958041	179.398597615028	11.5953061765803	0.0646343189452504	-3.95155579226825	0.00074001388250565	0.0349657559575264	0.131027925841103
AT2G30140.1	882.271289727306	123.013400219911	1641.5291792347	13.344311890413	3.73815300861874	0.000472443894493978	0.0237244853293783	0.0778089783565347
AT2G30370.1	243.3715994151	479.086919179473	7.65627965072594	0.015980982456876	-5.96750008675953	1.27284954503559e-06	0.000156915974542946	0.0452331726058605
AT2G31100.1	46.0745983925105	91.6805701372509	0.468626647770166	0.00511151541780996	-7.61203321235599	8.10162114305418e-06	0.000754167236201043	0.0196741058856
AT2G31210.1	283.893905489479	567.319184331188	0.468626647770166	0.000826037018865542	-10.2415059420488	3.09149164996773e-10	1.6769076455631e-07	0.0203988318686115
AT2G31230.1	700.450483326176	72.0828801322092	1328.81808652014	18.4345864660641	4.20434314841971	0.000108176300496268	0.00662319685007128	0.117551039984132
AT2G31880.1.DE	4862.40252077934	794.145539202466	8930.65950235621	11.2456206847488	3.49129138553593	0.000778843118270078	0.0361890975565628	0.115659733420628
AT2G32360.1	23.8115611874547	47.6231223749094	0	0	-Inf	5.97873369495825e-05	0.00402029444136652	0.266862895357887
AT2G32670.1	260.792023057972	504.814900179528	16.7691459364169	0.0332184052619153	-4.91187337523276	2.26964999566276e-05	0.00174974031214925	0.0812591219024879
AT2G32680.1	2803.92011103844	29.1025463555965	5578.73767572129	191.692424695631	7.58264951546109	1.60396977923677e-06	0.000190544359110096	0.629501110276708
AT2G33000.1	72.6287479289258	139.216056128494	6.04143972935762	0.0433961419204512	-4.52628940239634	0.000253233603512199	0.0138395488850694	-0.0136299014263389
AT2G33190.1.DE	30.8404074072412	61.6808148144824	0	0	-Inf	1.50309119371184e-05	0.00123905421052728	0.0531682748332217
AT2G33420.1	480.745883678317	955.051354305526	6.44041305110852	0.00674352538434095	-7.21228128304296	3.63384622717852e-07	5.12634554357845e-05	0.501517393519069
AT2G33460.1	181.984614424355	352.025656042034	11.9435728066767	0.0339281316622291	-4.88137420316383	3.42926845790935e-05	0.00250272584416169	-0.00473262575015617
AT2G33560.2	308.476088294603	602.196843895908	14.7553326932977	0.0245025075153801	-5.35092679177581	5.65431514702724e-06	0.000554649809834557	0.181464016216271
AT2G33670.1	155.88022275977	311.291818871769	0.468626647770166	0.0015054255183083	-9.37561295290331	8.43744580335149e-09	2.22034631486657e-06	-0.00379615933650261
AT2G33690.1	143.155437531848	286.310875063695	0	0	-Inf	2.44495033901842e-09	8.47005074408304e-07	-0.00680972732827744
AT2G33850.1	1335.15265482091	2629.16757802135	41.1377316204655	0.0156466753828696	-5.99800004496079	0.000809509547642472	0.0374234076011473	0.878918689309014
AT2G33880.1	688.363746182314	1373.37745250422	3.35003986041043	0.00243927104985011	-8.67933420650026	3.77457729490322e-10	1.91301169272058e-07	0.134575430830418
AT2G34220.1	75.948634014932	146.723428270027	5.17383975983656	0.0352625331948672	-4.82572007086256	0.000102798457528112	0.00633645987754365	0.139446775578007
AT2G34700.1	54.7868973586135	109.573794717227	0	0	-Inf	5.60188373529197e-07	7.51531147389562e-05	0.10580110207333
AT2G36090.1	95.7051344634403	12.713037051621	178.69723187526	14.0562189152493	3.81313666043316	0.00104003853547757	0.0460578877652915	0.172417308341927
AT2G36190.1	1281.77499805886	2560.66858290508	2.88141321264027	0.00112525815791878	-9.79552826062175	8.58663415981468e-12	9.39996014743233e-09	0.0300749547071653
AT2G37390.1	113.728957023231	218.794727774176	8.66318627228554	0.0395950412535856	-4.6585364263085	8.967938336747e-05	0.00564217325057682	0.0454940303682299
AT2G38910.1	79.2777346168803	158.555469233761	0	0	-Inf	7.11970149723378e-08	1.29317584359141e-05	-0.0103374758458822
AT2G39250.1	263.247110119696	11.9080967193394	514.586123520052	43.2131293227016	5.4333978038264	5.12862606043061e-06	0.000512263642415565	0.0450626377998944
AT2G39590.1	40.3257175369123	78.2386485089546	2.4127865648701	0.0308388067898943	-5.01910924396421	0.000324116355822541	0.0172257113501162	0.227313229782421
AT2G39820.1	109.103183623988	210.011807623461	8.19455962451537	0.0390195185558697	-4.67966021247731	8.49023969769333e-05	0.00540374139642956	0.182710950923254
AT2G40085.1	66.115075865686	129.817365166502	2.4127865648701	0.0185860078254977	-5.74963926937566	2.75089223496968e-05	0.00205700597504509	-0.00995482444393852
AT2G40116.1	271.3503207734	532.093295357415	10.6073461893855	0.0199351246894783	-5.64854356069584	2.81460524487042e-06	0.000306892893791289	0.0584942800566363
AT2G40850.1	634.23888191184	1175.88024790892	92.5975159147541	0.0787474031300558	-3.66662384155308	0.000650511646105673	0.0313989466148502	0.16258684823648
AT2G41970.1	106.422946517208	211.370359765085	1.47553326932977	0.00698079556173184	-7.16239282307511	5.36093486836847e-07	7.22749091022208e-05	0.00224794906953747
AT2G42140.1	80.6782874239981	158.804481631088	2.55209321690865	0.0160706624315384	-5.95942679175124	8.60236906847162e-06	0.000787390089183717	0.254258071927658
AT2G42260.1	106.910886508234	205.177533378547	8.6442396379208	0.0421305368847202	-4.56898988897097	0.000143839103798118	0.00852075452975518	0.188016073149141
AT2G42840.1	7540.33240890438	15007.6225808712	73.0422369375663	0.00486700918443047	-7.68274878756369	1.44951330470257e-05	0.00120578359036778	0.763574499602789
AT2G42940.1	109.96945735335	217.526128141831	2.4127865648701	0.011091939094769	-6.49434459002252	1.60829242014148e-06	0.000190544359110096	0.305685932193118
AT2G43100.1	1553.1705832542	158.92222764771	2947.41893886069	18.5462976607297	4.21305930978694	9.04741639693981e-05	0.00566625601656573	0.269705010614504
AT2G43960.1	25.3822559114088	50.7645118228175	0	0	-Inf	4.71407430457557e-05	0.00327448694334071	0.00153324866440757
AT2G44380.1	36.6879640286378	1.07479786011682	72.3011301971587	67.2695144641432	6.07188094005379	6.84171081425608e-05	0.00451190220637495	0.257657717559477
AT2G44560.1	148.414793206323	295.822679791086	1.0069066215596	0.00340375059231664	-8.19865895633692	3.82333644206612e-08	7.58239650336707e-06	0.118000977040859
AT2G46360.1	55.2848333289878	109.493106710397	1.07655994757888	0.00983221665658203	-6.66826757827488	8.4957565488753e-06	0.000780241158488655	-0.0171544757085614
AT2G46440.1	3877.30445231284	562.923468394197	7191.68543623148	12.7756006633487	3.6753192180395	0.000467313407389553	0.0235099877452891	0.0525354734244071
AT2G46880.1	90.7302784757976	181.460556951595	0	0	-Inf	3.06155436529795e-08	6.44488651384648e-06	0.0900568939306067
AT3G01230.1	884.583533848659	1759.70593478153	9.46113291578733	0.00537654202829176	-7.53910569600411	4.4336597239281e-09	1.34822665916071e-06	0.018823784340942
AT3G01290.1	1070.68565653978	26.4132355796924	2114.95807749988	80.0719045237284	6.32322421624091	1.56256966293002e-07	2.47193101358779e-05	0.143134035480158
AT3G01530.1	97.5446659876422	195.089331975284	0	0	-Inf	2.22735067028289e-08	5.12253219700018e-06	0.0269182641296561
AT3G02120.1	275.686150558158	539.985954917795	11.3863461985225	0.0210863747377576	-5.56754510779761	4.57544771329212e-06	0.00046206956832981	0.130649956503983
AT3G02810.1	665.664959339352	1324.42087897983	6.90903969887868	0.00521664963799164	-7.58266074271021	5.63824880274868e-09	1.64650615124882e-06	0.0134679172396962
AT3G02970.1	227.511878562284	451.534410612118	3.48934651244898	0.00772775325742877	-7.01573525414871	1.18248090944562e-07	1.96550747469228e-05	0.209475977917566
AT3G03080.1	133.689022879539	264.895605868189	2.48243989088937	0.00937138946776122	-6.73752131685929	5.91457581722325e-07	7.8961029739398e-05	0.0832590228903699
AT3G03130.1	545.678056742496	1080.22943395618	11.1266795288102	0.0103002928628415	-6.60117083238929	1.04965721473388e-07	1.76239378238263e-05	0.191304299034422
AT3G04290.1	8574.82123492149	16644.9137175602	504.728752282742	0.0303233024122112	-5.04342930848622	8.96787995886884e-06	0.000812691850047425	0.0577029939367969
AT3G04960.3	868.450867262294	1692.09132325947	44.8104112651222	0.0264822652590666	-5.23882965606448	4.50720282301595e-06	0.000460272861419032	0.0765754372680546
AT3G05020.1	3221.72635712454	6165.38823341223	278.064480836854	0.0451008874558674	-4.47070036792196	4.46155174262126e-05	0.00313086533569381	0.0528621275876676
AT3G05110.1	30.8996114665841	59.7157563640296	2.08346656913848	0.0348897292104547	-4.84105378938346	0.000778158866302493	0.0361890975565628	-0.0283445024819863
AT3G05152.1	14.9052929008818	29.8105858017636	0	0	-Inf	0.000669953498474286	0.0321108359829146	0.049812220542105
AT3G05480.3	104.915261721158	197.139710683792	12.690812758524	0.0643747153453004	-3.95736204194423	0.000595202085413185	0.0291926356157492	-0.0087654438357398
AT3G05720.1	48.7693129925357	94.4482527943732	3.09037319069808	0.0327202790868588	-4.93367113600882	0.000213963720749204	0.0119995063718529	0.0103246483005432
AT3G05980.1	187.186223148228	372.428286379357	1.94415991709994	0.00522022625080525	-7.58167194839545	5.30885551407308e-08	9.9515587472022e-06	0.00368801614445292
AT3G06260.1	318.327333032978	627.383546493862	9.27111957209425	0.014777434989977	-6.0804603159864	7.00417334389869e-07	9.17178067348417e-05	0.199500628206722
AT3G06560.1	43.1501205795246	82.2726146728107	4.02762648623842	0.0489546430760205	-4.35241049184403	0.000883842055740496	0.0402479024650681	0.012300604259493
AT3G07195.1	171.924620078356	8.41616173676572	335.433078419947	39.855826077417	5.31671872596967	1.06654654460599e-05	0.000938560959253269	-0.00523690615376525
AT3G07450.1	320.727191453963	641.454382907926	0	0	-Inf	2.52127230758467e-09	8.53575194525408e-07	0.544459254840272
AT3G07850.1	13861.8029407456	27667.2001640496	56.4057174417025	0.00203872155864168	-8.93811953402428	1.86002391504949e-11	1.88537535211387e-08	0.0686208801113788
AT3G08770.2.DE	19229.6090533005	38374.1565103193	85.0615962817019	0.0022166375502958	-8.81741139498885	2.56429119477197e-11	2.19311004432873e-08	0.267976082634529
AT3G09940.1	125.39932510479	4.83427424491366	245.964375964666	50.8792764960439	5.66900625051374	7.11734200504477e-06	0.000676345194423837	0.210772724823287
AT3G10000.1	79.4587976982431	158.917595396486	0	0	-Inf	7.18221018071815e-08	1.29317584359141e-05	0.014440503635935
AT3G10310.1	395.637999669246	777.008239927328	14.2677594111628	0.0183624299949473	-5.76709919912305	1.76883419659918e-06	0.000205997677840538	-0.00114967439547948
AT3G10580.1	45.9366359620404	90.8663653025212	1.0069066215596	0.0110811807890336	-6.4957445694239	2.24261634914914e-05	0.00173378317072072	0.0281749114303838
AT3G10880.1	92.9149865981286	182.080960014096	3.74901318216133	0.020589814453258	-5.60192536070648	1.70466556389404e-05	0.00135620020792593	0.209408580224711
AT3G11165.1	56.7577461230963	113.515492246193	0	0	-Inf	4.6569373979776e-07	6.34084889093786e-05	0.0395259989260131
AT3G11430.1	657.350769252373	1306.92489883635	7.77663966839974	0.00595033400566771	-7.39281363224218	1.1434304986341e-08	2.92461737258112e-06	0.384603050293105
AT3G11825.1	74.8804842274925	149.760968454985	0	0	-Inf	8.80187841851871e-08	1.52497717415914e-05	0.338771700861937
AT3G12420.1	29.2759435191827	58.013607064576	0.538279973789438	0.00927851242192662	-6.75189076094057	9.29074813348622e-05	0.00579200899583715	-0.032394131445173
AT3G12470.1	60.9780156896458	120.949124757732	1.0069066215596	0.00832504264562886	-6.9083266221503	4.81614887788831e-06	0.000484589567978115	-0.00307492369961239
AT3G12540.1	32.5390825182768	65.0781650365536	0	0	-Inf	1.06072641722911e-05	0.000936450341507303	0.344794214265431
AT3G13220.1	1149.20580737148	2295.99882817809	2.4127865648701	0.00105086576493799	-9.89420588998293	8.12401740485396e-12	9.39996014743233e-09	0.0601968307304628
AT3G13390.1	2765.44913893314	5505.86491897934	25.0333588869516	0.00454667145949381	-7.7809735253308	1.94870394897788e-07	2.96097987593073e-05	0.551438800468067
AT3G13650.1	182.133343236574	347.168220541	17.0984659321485	0.0492512416761638	-4.34369609287144	0.000149208256780448	0.00874417895410557	0.066283922400515
AT3G13662.1	142.869367124728	285.738734249456	0	0	-Inf	2.21252890846621e-09	7.88282486340263e-07	0.301715572535689
AT3G14040.1	12208.9563749162	24379.7010049048	38.2117449276104	0.00156735904677103	-9.31744857794606	5.58850855156367e-12	7.67582453845042e-09	0.141152335596391
AT3G14520.1	57.3405618296595	114.142843685529	0.538279973789438	0.00471584513237144	-7.72826794344966	2.21753569807474e-06	0.000249751098703331	0.0267876408342908
AT3G14890.1	781.567123682921	1463.65277159801	99.4814757678283	0.0679679482034627	-3.87900161795852	0.000339952030271153	0.0178919368547325	0.0152639090933618
AT3G15280.1	198.150009353469	387.636832434653	8.66318627228554	0.0223487180458941	-5.4836641110227	5.42191227405334e-06	0.000535692762152678	0.0437279696784297
AT3G15400.1	33066.5227558703	65913.9009482937	219.144563446972	0.00332470936015273	-8.23255605622667	1.93112478420511e-10	1.17446717986946e-07	0.251746752556555
AT3G15720.1.DE	104.039763734042	202.854981016593	5.2245464514911	0.0257550809218914	-5.27899911679067	2.83785676001781e-05	0.00210478221702351	0.106398459832664
AT3G16660.1.DE	791.960761725105	4.47678033341207	1579.4447431168	352.808184786005	8.46274022009536	3.92895469117022e-10	1.9550478543263e-07	-0.000649350524104242
AT3G17060.1.DE	593.201039585645	1177.68818620735	8.71389296394007	0.00739915120657061	-7.07842450315101	2.80660990268278e-08	6.14490398532978e-06	0.0211392935733663
AT3G17290.1	15.621438786691	31.242877573382	0	0	-Inf	0.000533980492263381	0.026426723530315	0.0578649033693581
AT3G17980.1	327.935413975273	648.28420162584	7.58662632470666	0.0117026241047986	-6.41702412505145	2.69437837375574e-07	3.9645025447821e-05	0.00529350125233972
AT3G18220.1	165.33839480018	329.201256331029	1.47553326932977	0.00448216172008178	-7.80158958125089	5.05020537250572e-08	9.66531612830326e-06	0.00441019078091309
AT3G18360.1	266.948352724847	530.407358937246	3.48934651244898	0.00657861632885417	-7.24800010881953	5.0338026118351e-08	9.66531612830326e-06	0.144130591994875
AT3G18362.1	92.6655830363303	184.86253942489	0.468626647770166	0.00253500059681139	-8.6237981977819	1.43963966301145e-07	2.33136439628979e-05	0.0873321980327847
AT3G18720.1	28.4338603982794	56.3990941487887	0.468626647770166	0.00830911657080631	-6.91108918753025	0.000104152039067618	0.00640546742742149	0.0450660026323809
AT3G19030.1	171.090218493097	5.99902461430889	336.181412371886	56.0393453912532	5.80836819829513	0.000914417988621422	0.0413649446489109	0.86473026543021
AT3G19090.1	598.227783281146	1193.29554004557	3.16002651671736	0.00264815078132	-8.56079901551183	4.17863399259118e-10	2.04215812695063e-07	0.00525411858370912
AT3G19390.1	1376.49401879137	2744.74277126656	8.24526631616991	0.0030040215070373	-8.37888914292009	3.15302015346999e-10	1.6769076455631e-07	-0.000695285657869305
AT3G20150.1	686.788094150003	1328.56295026827	45.0132380317403	0.0338811480650211	-4.88337342845614	1.58720114201385e-05	0.00128843839096267	0.00940218043593967
AT3G20450.1	329.073833878851	639.48506859584	18.6625991618623	0.0291837918950024	-5.09868884275258	1.07689319261984e-05	0.000944628618449349	0.00476950703836366
AT3G21310.1	249.274104809943	477.45387725879	21.0943323610971	0.0441808797997541	-4.50043404156356	6.69604383164213e-05	0.00443229641009149	-0.00270743045767022
AT3G21320.1	425.286291585261	832.327903964776	18.2446792057467	0.0219200619357329	-5.51160431509633	3.02787868535199e-06	0.000323699155705911	0.00255466011848043
AT3G21880.1	89.8410664774336	178.136946359518	1.54518659534904	0.00867415001170239	-6.84906189111893	1.23980816187321e-06	0.000153534252371701	0.357432425637261
AT3G21970.1	560.10462213226	1119.74061761675	0.468626647770166	0.000418513573944998	-11.2224379640724	5.40985000433732e-11	4.11268819218621e-08	0.456585678382969
AT3G22060.1.DE	607.87407633114	102.615402133812	1113.13275052847	10.8476186555009	3.43930646189166	0.000984499762598118	0.0439539796130266	0.00310746400839465
AT3G22510.1	311.7747354471	619.661151060001	3.88831983419987	0.00627491303521039	-7.3161888199477	3.0271478724899e-08	6.44488651384648e-06	0.139429202032171
AT3G22910.1	1535.04601467546	2982.35184662319	87.7401827277241	0.0294197959328874	-5.08706895023951	7.03176436864556e-06	0.000670541209899274	0.0721196220184288
AT3G23130.1	59.7145983012236	119.429196602447	0	0	-Inf	3.59716035852122e-07	5.10088521720253e-05	-0.0152242430687895
AT3G23350.1	68.6197085249905	137.239417049981	0	0	-Inf	1.55648810474029e-07	2.47193101358779e-05	0.0384187121905964
AT3G24230.1	167.918448294864	313.874964259111	21.9619323306182	0.0699703220435516	-3.83711305799678	0.000531763071697033	0.0264125077063601	0.0134800923720336
AT3G24620.1	103.043602008755	205.548924043721	0.538279973789438	0.00261874381631374	-8.57690935250748	8.16162190435597e-08	1.44107915018332e-05	0.0156454332451568
AT3G25510.1	252.940820713142	12.713037051621	493.168604374663	38.7923516915874	5.2777003332715	8.83973141236603e-06	0.000803740097321042	0.10042943584461
AT3G25610.1	850.970160026139	104.222966672763	1597.71735337952	15.3298011406257	3.938267077253	0.000254121094064393	0.0138541555823791	0.373220462492419
AT3G26050.1.DE	242.179982523147	470.174672384075	14.1852926622185	0.0301702611718541	-5.05072900440354	1.27235834332926e-05	0.00107475009692084	0.0579943597237548
AT3G26165.1	1184.33672127362	167.179329496428	2201.49411305082	13.1684588021862	3.71901460156359	0.000427516850230094	0.0217882330672201	0.217766673823155
AT3G26210.1	1267.051860522	96.1642988474991	2437.93942219651	25.3518140454878	4.66401707765023	2.6208423012123e-05	0.00199242255832162	0.245385523380162
AT3G26230.1	1325.01749369017	111.199888261074	2538.83509911927	22.8312738332849	4.51293944948698	4.19727612917046e-05	0.00297593401821599	0.0473913875425484
AT3G26280.1	1946.64262118649	121.332096050966	3771.95314632202	31.0878429458401	4.95827861252163	7.26415040828558e-05	0.00471622086866774	0.506201952856131
AT3G26320.1	148.028038895262	7.78881029742891	288.267267493094	37.0104363163463	5.20986023856977	1.66878816755787e-05	0.00134327631087423	0.265695286368662
AT3G26830.1.DE	176.409022210647	15.2201266833562	337.597917737938	22.1810189074914	4.47125373356201	0.000979042773920857	0.0437817690141602	0.589496020825072
AT3G26860.2	496.20226342158	985.49548714428	6.90903969887868	0.00701072687699398	-7.15622025305534	2.37171907914666e-08	5.36439733537898e-06	0.0142860322530044
AT3G27503.1	80.2994497827158	160.598899565432	0	0	-Inf	6.08150343984368e-08	1.12458504149758e-05	0.153409997671826
AT3G28007.1	996.54397804147	1864.33040175242	128.757554330516	0.0690636993364947	-3.85592857681892	0.00032502173200382	0.017238749537753	-0.000760792967472321
AT3G28315.1	79.7759476063296	159.551895212659	0	0	-Inf	7.31717011748801e-08	1.30886478284583e-05	0.135486751224417
AT3G28780.1	7395.60410715867	14783.0136546928	8.19455962451537	0.000554322671677573	-10.8169863648022	6.13972647213717e-14	4.20080085223625e-10	0.0027689687066773
AT3G28820.1	1620.55262507852	3239.62971688771	1.47553326932977	0.000455463555491552	-11.1003767600229	3.20645380402741e-13	1.25363182440889e-09	0.176851555024955
AT3G29060.1	153.56420962877	303.240099423341	3.88831983419987	0.0128225780218188	-6.28516984003496	1.37023602747495e-06	0.00016741348035685	0.012969808589942
AT3G29070.1	113.058781322965	226.117562645929	0	0	-Inf	8.230810045097e-09	2.2084393070021e-06	0.365790745773867
AT3G29410.1	98.391108386145	196.78221677229	0	0	-Inf	2.04272154432242e-08	4.73772908686575e-06	-0.0101206887399191
AT3G42640.1	3699.45817290016	6922.62388695677	476.292458843543	0.0688023019336565	-3.8613993554765	0.000298990677798742	0.016107828484244	0.0685855231185347
AT3G42725.1	52.6786448763728	101.069996596795	4.28729315595076	0.0424190491769218	-4.55914390655627	0.000460987209187532	0.0232773024742516	0.0789265201571563
AT3G42850.1	846.374169807873	1681.46340680053	11.2849328152135	0.00671137579894545	-7.21917574254976	1.14058162070539e-08	2.92461737258112e-06	0.125772468239206
AT3G43110.1.DE	40.0433716358637	76.8063567373361	3.28038653439116	0.0427098312397435	-4.54928799233474	0.000819655823040705	0.0378285675632007	0.227375682087635
AT3G43120.1	305.096980709228	606.166334932218	4.02762648623842	0.00664442456489898	-7.23364002320638	3.5133109377145e-08	7.16982545490201e-06	0.0384581940553156
AT3G44042.1	44.5462867785086	87.5473869616683	1.54518659534904	0.0176497169016088	-5.82421114667037	5.69175332686984e-05	0.00386084319802158	0.298082409164889
AT3G44070.1	42.7969545696378	85.5939091392757	0	0	-Inf	2.58536174728972e-06	0.000285307178628326	0.0581626393516638
AT3G44860.1.DE	2876.01009725502	258.029481919664	5493.99071259038	21.2921045754798	4.41224665203062	5.4396967953372e-05	0.00370332392773106	0.0570625861827252
AT3G46090.1	45.1152693756645	3.40198247329525	86.8285562780338	25.5229287509907	4.67372198245783	0.000655751692239814	0.0315406191796471	0.548471647982793
AT3G47410.1	24.5749994535151	49.1499989070303	0	0	-Inf	5.39331930739896e-05	0.00368916606369395	-0.0348022909681827
AT3G48450.1	114.12109143898	220.326236557521	7.91594632043829	0.0359282963487267	-4.79873566265941	7.26530461537414e-05	0.00471622086866774	-0.00714921544144471
AT3G48900.2	106.95474192111	204.568710944107	9.34077289811352	0.0456608092948567	-4.45289975957415	0.000156317147086514	0.0091330517679469	-0.00454604453061391
AT3G48950.1	15.844003934275	31.68800786855	0	0	-Inf	0.000477847154991153	0.0239518698494467	0.442824056998421
AT3G49300.1	51.8533739848475	103.238121321925	0.468626647770166	0.00453927911288563	-7.7833210846886	4.45566780338433e-06	0.000456714293794091	0.292839372747473
AT3G50170.1	46.6780216773924	89.6070301726235	3.74901318216133	0.0418383822668717	-4.57902912071097	0.000565889566156842	0.0278547943283821	0.250455028739407
AT3G50570.1	389.081469181865	764.902085574127	13.2608527896032	0.0173366670580454	-5.85002961999264	1.56233180349948e-06	0.000187534635079709	0.15067381438627
AT3G50740.1.DE	2702.59407177339	51.8369935573223	5353.35114998946	103.272793860424	6.69031643108111	0.00104681278663416	0.0462829924791661	1.07753965354084
AT3G51410.1	44.0954756401447	88.1909512802893	0	0	-Inf	2.1904899734842e-06	0.00024772450245585	0.0769946787147629
AT3G51690.1	23.5107917068934	46.5529567660166	0.468626647770166	0.0100665281074533	-6.63428999856795	0.000284736576191025	0.0154310309251406	-0.0190195565677765
AT3G52630.1	257.075523288163	496.792913974466	17.3581326018609	0.0349403788049059	-4.83896094050698	0.000497739867157865	0.0248126496983178	0.610269117821684
AT3G52820.1	238.914605729715	467.310465230429	10.5187462290015	0.0225091176244356	-5.47334668668332	6.94620750189367e-06	0.000667030901445004	0.388968490035789
AT3G52910.1	361.121741867018	690.560751817918	31.6827319161179	0.0458797170744389	-4.44599969503307	6.52898117947833e-05	0.00433701837184376	0.13237829287723
AT3G53480.1	132.363341692911	255.803830443825	8.92285294199789	0.0348816236508913	-4.84138899431095	5.85405177738294e-05	0.00394614997643883	0.150885038051223
AT3G53650.1	308.732003608125	579.150848905331	38.3131583109195	0.0661540225371961	-3.91802730661885	0.000941803431835751	0.0423239348480802	0.500542738546771
AT3G54490.1	125.677206912661	249.410253908222	1.94415991709994	0.00779502801763455	-7.00323007625733	4.40394214273711e-07	6.08722669507218e-05	0.0626501086833248
AT3G54700.1	267.243085619176	533.479264616793	1.0069066215596	0.00188743347369439	-9.04935848995291	1.42569354145314e-09	5.73799718271904e-07	0.0188416493966237
AT3G54800.1	1026.82161866858	2040.62310458291	13.0201327542556	0.00638046914445617	-7.29212177799222	9.04255070844749e-09	2.3569193122742e-06	0.189903565867653
AT3G55100.1	235.583756347152	470.230259398764	0.937253295540332	0.00199317946220369	-8.9707126710355	3.07026614470935e-09	9.88553457040064e-07	0.0823659907494683
AT3G55540.1	20.6805943048007	41.3611886096014	0	0	-Inf	0.000134511243179026	0.00802026950615159	-0.0422166936315809
AT3G57860.1	196.782066664075	384.520920368477	9.04321295967169	0.0235181299134669	-5.41008284353885	9.00053373608107e-06	0.000812959099963917	-0.00360740055888696
AT3G58310.1	115.877230548756	231.754461097512	0	0	-Inf	7.08423360757259e-09	1.93881305372047e-06	0.432772779062024
AT3G58340.1	65.8533514789151	131.23807631006	0.468626647770166	0.00357081314315366	-8.1295316434569	9.88220031891323e-07	0.000125793515501403	0.103577007357873
AT3G58360.1	37.3318546969693	74.6637093939386	0	0	-Inf	5.23548241824694e-06	0.000521035210263935	-0.00189638171832632
AT3G58480.1	224.949861379393	448.962469463246	0.937253295540332	0.00208759831676099	-8.90394014084142	3.55519186265555e-09	1.11837345858801e-06	0.0372488917931171
AT3G58650.1	348.266197726374	679.97220949439	16.5601859583591	0.0243542099620113	-5.35968500611906	5.80267281686272e-06	0.000567169820185354	0.000396332651522013
AT3G58960.1	24.9774696196559	49.9549392393119	0	0	-Inf	4.8892799049499e-05	0.00337052424278763	-0.0174668262081683
AT3G58990.1	1782.99964431639	236.789485491491	3329.20980314129	14.0597873095211	3.81350286498628	0.000324146497563206	0.0172257113501162	0.388283859915935
AT3G59160.1	24.3055824475454	48.0728849213014	0.538279973789438	0.0111971639453434	-6.48072282178713	0.000235024935993801	0.013067281095146	0.0762803340640269
AT3G59455.1	670.111966516595	1339.75530638542	0.468626647770166	0.000349785252229747	-11.4812429164292	3.18617354462443e-10	1.6769076455631e-07	0.518335308658276
AT3G59510.1	1172.23663792605	2318.55337036126	25.9199054908374	0.0111793439056349	-6.48302066812867	8.06799655938653e-08	1.43379824569669e-05	0.0642341179609219
AT3G59830.1	118.583081209526	233.936482576314	3.22967984273663	0.0138057980831743	-6.1785819003741	2.07814513295844e-06	0.000235994506219114	-0.00764664494397284
AT3G60010.1	33.7496901860422	66.4228204245056	1.07655994757888	0.0162076819487433	-5.94717842095448	0.000113036624437764	0.00690532664645696	0.193663988285859
AT3G60330.1	308.578163962852	594.067128955853	23.0891989698516	0.038866312987951	-4.68533593535958	4.14072177870299e-05	0.00295112691769644	0.136388866335208
AT3G60570.1	48.9509301120485	96.9646069285566	0.937253295540332	0.00966593198517164	-6.69287544145871	1.72250368178373e-05	0.00136641973226253	0.0588037825219637
AT3G60840.1	377.500384903961	714.363424892516	40.6373449154056	0.0568860939675347	-4.1357801666983	0.000194525243608543	0.0110451594752668	0.0146284477107161
AT3G60890.2	66.4524154861975	129.086164464214	3.8186665081806	0.0295823067021193	-5.07912163774483	9.72391786483353e-05	0.00603456199829397	0.193315936329922
AT3G61035.1	35.2323080044644	69.9263360351394	0.538279973789438	0.00769781464767353	-7.02133535112071	3.63827041207892e-05	0.00264819639994085	0.0833473712589644
AT3G61230.1	386.640666122532	760.609466120905	12.6718661241592	0.0166601478006651	-5.90745499013125	1.06286058321005e-06	0.000134668372413392	0.0110230204745055
AT3G61280.1	2386.32315460925	42.8050610092799	4729.84124820922	110.497243472771	6.78786656954739	8.73167154149629e-06	0.000796561289158901	0.631939764502745
AT3G61490.1	1216.82923990385	2349.84451018291	83.8139696247947	0.0356678789858614	-4.80923076223912	1.60901498186553e-05	0.0012989829505515	0.107346069840998
AT3G61910.1	41.4162009395857	80.2106553362434	2.62174654292792	0.0326857639042786	-4.93519377474642	0.000292554824371092	0.0158234000659843	0.102696573751132
AT3G61920.1	19.8377936429569	39.2069606381436	0.468626647770166	0.0119526390248738	-6.38652700355538	0.000616748350823405	0.0300876450362477	0.483626654472559
AT3G62060.1	287.165932330652	530.965226608221	43.3666380530822	0.0816751001381128	-3.61395987128775	0.000777857056669454	0.0361890975565628	0.0360966378204751
AT3G62710.1	1053.14558044216	2088.42650836596	17.8646525183605	0.00855412074439635	-6.86916471316068	3.04879368054637e-08	6.44488651384648e-06	0.375170863607076
AT3G63470.1	124.255624074496	235.839382024833	12.6718661241592	0.053730916420163	-4.21810374529847	0.000330633244839531	0.0175024577268245	0.17756615321533
AT4G00610.1	15.172834303105	30.34566860621	0	0	-Inf	0.000593527972763015	0.0291627891536413	0.362207756839526
AT4G01010.1	430.345425926342	64.0265284325571	796.664323420128	12.4427224608828	3.6372302757816	0.000636204987980433	0.0309815980623638	0.391440746322345
AT4G03350.1	18.9334687507078	37.8669375014157	0	0	-Inf	0.000203149513544428	0.0115109645687037	0.115929256242609
AT4G03455.1	14.7715221997702	29.5430443995404	0	0	-Inf	0.000712382553038552	0.0339069316722767	-0.0346710622765339
AT4G04540.1	35.2051430041144	2.14959572023364	68.2606902879952	31.7551294159517	4.98891774457522	0.000382255779817481	0.0198135912538728	-0.0221845249082076
AT4G05190.1	636.076258060316	1246.49841051095	25.6541056096853	0.0205809372826794	-5.60254750383623	2.38801999205716e-06	0.000267501301485301	0.110536863535684
AT4G05230.1	23.4125652097319	46.8251304194639	0	0	-Inf	7.27216167267533e-05	0.00471622086866774	-0.00111137133117964
AT4G05590.2	597.614010931848	96.2426707287173	1098.98535113498	11.4188991516323	3.51335166808955	0.000921313214888399	0.0414712172122791	-0.00128508690180545
AT4G08670.1	1411.1933486105	2819.36597735632	3.02071986467881	0.00107141814469624	-9.86626265093485	4.93224688118137e-12	7.52890887849405e-09	0.266068605387595
AT4G09060.2	271.887185892561	536.744972068569	7.02939971655249	0.0130963494440605	-6.25469146754708	6.14537941631031e-07	8.16440504201848e-05	0.296297718132868
AT4G09987.1	57.4692597576815	114.938519515363	0	0	-Inf	4.05939307803724e-07	5.6682382530471e-05	0.362178902323395
AT4G10595.1	22.5130401169479	45.0260802338957	0	0	-Inf	7.95507914543661e-05	0.00511067150357533	0.395663058669676
AT4G10850.1	723.176078286597	1446.35215657319	0	0	-Inf	3.91780651989891e-13	1.34028161045742e-09	0.0357785516658829
AT4G11000.1	139.595955249232	13.6978824024594	265.494028096004	19.3821220167824	4.27665462516024	0.000218096729769272	0.0122062807777616	0.0152229606326639
AT4G11320.1.DE	4157.1178133212	8198.66259156399	115.573035078417	0.0140965717015036	-6.14851184918081	2.62394572206581e-07	3.88173764981065e-05	0.28300994587228
AT4G11720.1	27.3058122956404	54.6116245912808	0	0	-Inf	3.0622056042297e-05	0.00225286137033759	-0.0354520184740529
AT4G12030.2	1572.09128502268	259.888374981555	2884.2941950638	11.0982039703335	3.47225431806243	0.000893858651179538	0.0405690274717771	0.272762325908819
AT4G12310.1	723.245692947443	40.3856077612111	1406.10577813367	34.8170018004332	5.12172006829907	5.88045517516924e-06	0.000570696089482382	0.0554646375197919
AT4G12735.1	24.5973253095656	0.894892841560007	48.2997577775712	53.972671960783	5.75415720575084	0.000614243065080157	0.0300189360805603	0.459541575543915
AT4G12870.1	931.294728916705	1859.56873796873	3.02071986467881	0.00162441957804606	-9.26585996434105	1.55360920008024e-09	5.90544119274946e-07	0.496420842969461
AT4G12920.1	105.906586967321	211.813173934641	0	0	-Inf	1.28825059545211e-08	3.234572687737e-06	0.0363310111571194
AT4G13266.1	30.6616604514904	61.3233209029808	0	0	-Inf	1.56314667069319e-05	0.00127702083831436	0.0286906644811199
AT4G13700.1	38.3155419850017	76.6310839700034	0	0	-Inf	4.42203924309361e-06	0.000454971315808218	0.0574575145198991
AT4G13710.1	964.095183609225	1838.45531788197	89.7350493364785	0.0488100246242914	-4.35667871021411	7.69307612092133e-05	0.00496566290748526	0.185574953952765
AT4G13770.1.DE	9803.90056799667	1565.40839916404	18042.3927368293	11.5256777378123	3.52677968200468	0.000694439407206425	0.033168268231109	0.0258213128350825
AT4G14310.2	627.145689153066	1205.02874038717	49.2626379189616	0.0408808821465401	-4.61242986202396	4.43755209006627e-05	0.00312202893575665	0.0733842371728649
AT4G14390.1	105.097816493887	3.84942889407525	206.346204093699	53.604368276887	5.7442786671117	9.21453728828658e-06	0.000829550843769168	0.00650695746429753
AT4G14400.1.DE	30660.5547605745	943.923096926326	60377.1864242227	63.9640947666472	5.99919039315593	2.78325507512334e-07	4.07337566288639e-05	0.34337718176819
AT4G14785.1	57.7829354773499	115.5658709547	0	0	-Inf	3.95348745427876e-07	5.54866895634365e-05	0.326575794999664
AT4G14811.1	27.6152962859502	54.692312598111	0.538279973789438	0.00984196769562144	-6.66683750355709	0.000113686807231576	0.00692957804078788	0.563356446571506
AT4G15210.1.DE	8487.53660273241	15957.9359824029	1017.13722306188	0.0637386454102517	-3.97168783085159	0.000237921819358307	0.0131544330347437	0.110452769410041
AT4G15500.1	127.574253470748	5.99902461430889	249.149482327188	41.5316652865394	5.37613981525265	1.30672154842691e-05	0.00109906366296483	0.0165275847953431
AT4G16030.1	19.201010152931	38.4020203058621	0	0	-Inf	0.000183260529104041	0.0104707184979528	0.379222758836018
AT4G16230.1	100.088625434375	200.177250868749	0	0	-Inf	1.79585270462137e-08	4.27216094560774e-06	0.0168553011839831
AT4G16260.1.DE	334.318113854915	2.95453605251524	665.681691657315	225.308366466068	7.81575707651717	4.10848922518059e-05	0.00293579982022826	0.841301815709512
AT4G16270.1	1470.56397785567	2934.47858268218	6.64937302916633	0.00226594703004738	-8.78567014829676	7.48125895517635e-11	5.38808144961227e-08	0.0101353519503417
AT4G17200.1	14.501664671935	29.0033293438699	0	0	-Inf	0.000742294073784085	0.0349657559575264	0.281560946771546
AT4G17280.1	183.510260251192	358.585240842521	8.43527965986298	0.0235237781679014	-5.40973639888837	1.10817306831849e-05	0.000956734401695278	0.105685149394415
AT4G17690.1	213.404881337345	426.341136026919	0.468626647770166	0.00109918234054848	-9.82935355353007	1.52276670656806e-09	5.86972946835981e-07	0.00582101513113138
AT4G18900.1	64.8928835244099	127.30332715793	2.48243989088937	0.0195001964701967	-5.68036753015109	2.90620993487232e-05	0.00214385858484059	0.0206056350135202
AT4G18920.1	149.0494548204	298.0989096408	0	0	-Inf	1.7804451801008e-09	6.58475995797279e-07	0.195487211961659
AT4G19370.1.DE	239.45593725216	25.6082952474108	453.303579256909	17.7014352137611	4.14579443213538	0.000204314986042344	0.0115530837562126	0.317435579382981
AT4G19590.1	52.6139461325963	103.752358995863	1.47553326932977	0.0142216840523945	-6.13576387881289	2.36628797623072e-05	0.00181402154995749	0.192990174029331
AT4G19620.1	122.603981676934	245.207963353869	0	0	-Inf	5.6552023610563e-09	1.64650615124882e-06	0.0200403282203808
AT4G19690.2	423.090462745066	845.712298842363	0.468626647770166	0.000554120648844337	-10.8175122506775	3.9810800829261e-11	3.20453528557416e-08	0.0284993642055632
AT4G19980.1	20.4095787141594	40.8191574283189	0	0	-Inf	0.000134006752752887	0.00800763495489302	0.349117241847781
AT4G20160.1.DE	132.817481498312	263.481843101467	2.15311989515775	0.00817179608967812	-6.93513107962184	3.46515073477281e-07	4.93928360985741e-05	-0.00670168881740158
AT4G20420.1	2251.93703777375	4478.89142335221	24.982652195297	0.0055778651085493	-7.48607123906963	2.52629314369183e-09	8.53575194525408e-07	0.315774909282939
AT4G21070.1	215.063801992278	405.740071666142	24.3875323184134	0.0601062946981493	-4.05634010309349	0.000336173622601901	0.0177271670585141	0.00151544346907416
AT4G21630.1	378.773501925294	751.57521744725	5.97178640333835	0.00794569361084273	-6.97561112106744	5.23078858085667e-08	9.87284288833693e-06	0.00211647550222349
AT4G21680.1	78.2925027761328	153.963259009338	2.62174654292792	0.017028390797891	-5.87591408462294	2.73112575641267e-05	0.00204782053976718	0.522097100570307
AT4G21895.1	314.878479461664	627.344172358458	2.4127865648701	0.00384603327994487	-8.02241303820796	6.83526303398594e-09	1.88957049206189e-06	0.024052120015256
AT4G22050.1	32.4502880718044	64.9005761436088	0	0	-Inf	1.09405369664708e-05	0.000953568839803731	0.22894024444753
AT4G22070.1	89.7131955611861	179.426391122372	0	0	-Inf	3.68769627698073e-08	7.42094644914769e-06	0.0940004648223066
AT4G22690.1.DE	5693.04532963664	566.646263158793	10819.4443961145	19.0938246654995	4.25503421142058	0.000129744071741311	0.0077869205162636	0.434285616982032
AT4G23130.2	593.341442673421	52.0261630783273	1134.65672226851	21.8093485110606	4.4468747693181	5.25138598621183e-05	0.00360200330001617	0.0514637113322394
AT4G23200.1	105.81289361402	3.75947638479684	207.866310843244	55.2912931396102	5.78898040838012	8.42871512061555e-06	0.000777121724869381	0.0368346571714041
AT4G24050.1	486.0547996719	902.113709116763	69.9958902270374	0.0775909838412372	-3.68796717039393	0.000601757864884452	0.0294613761111944	0.019703105085939
AT4G24130.1	1458.88623228002	2818.33556227242	99.4369022876135	0.035282137307822	-4.82491823120359	1.52611148218866e-05	0.00125128112709425	0.0820151612644538
AT4G24265.1	34.8207141826942	66.6903618267288	2.95106653865954	0.0442502703213222	-4.49816992124486	0.0010664641011897	0.046999983126183	0.248865828375887
AT4G24890.1	152.332444389987	303.588328832395	1.07655994757888	0.00354611770392934	-8.1395438612126	3.08491717814195e-08	6.44488651384648e-06	-0.00638133270517011
AT4G25780.1	410.926876066646	784.465033694988	37.3887184383042	0.0476614212646239	-4.39103421640743	9.82274618032316e-05	0.00608210220504716	0.0163167751227525
AT4G26020.2	19.2026087376026	37.8669375014157	0.538279973789438	0.0142150384822991	-6.13643818515627	0.000756919284267238	0.0354715187873729	0.112761236863058
AT4G26330.1	19.4754999319903	38.9509998639806	0	0	-Inf	0.000204930925624232	0.0115640197370804	0.525491046207964
AT4G26760.1.DE	1554.4712258352	2883.00252833074	225.939923339662	0.078369658409728	-3.67356098102644	0.000558191470297222	0.0275750616590151	0.0931162272914312
AT4G27790.1	340.144116672383	674.785073589198	5.50315975556818	0.00815542603261323	-6.93802404057789	6.75884841850859e-08	1.24145076186405e-05	0.00557090030428362
AT4G28556.1	79.4394568757553	148.25262092776	10.6262928237502	0.0716769306151298	-3.80234733085497	0.000964972273469612	0.0432940347218301	0.025677609231704
AT4G28950.1	140.176586834968	274.451040592618	5.90213307731908	0.0215052311864976	-5.53916854908408	1.25531164847617e-05	0.00106617594372175	0.462383434777277
AT4G29250.1	507.139679842815	1013.20279973805	1.07655994757888	0.00106253155622666	-9.87827859603701	5.09826905886921e-11	3.98655507437522e-08	0.00332770629143254
AT4G29470.1	166.440185857289	331.265531793209	1.61483992136831	0.00487475987201823	-7.68045313041129	4.9507920241597e-08	9.6094522068938e-06	0.0240347558445975
AT4G29700.1.DE	1955.39236623333	3773.30660496071	137.478127505941	0.0364343908139351	-4.77855532086001	2.07180689064204e-05	0.00161541911632739	0.00670558283079762
AT4G31360.1	552.182611021923	1021.97607899673	82.3891430471195	0.0806174867889284	-3.63276338120326	0.000644667806602116	0.031217758902533	0.0954315377354479
AT4G31690.1	40.9598765062666	81.9197530125332	0	0	-Inf	3.21963089425247e-06	0.000340211808161782	-0.0144686649451264
AT4G32280.1.DE	384.68882810651	11.7258755751705	757.65178063785	64.6136636689351	6.01376737471356	7.84447362823776e-07	0.000101267714272458	0.403906610124978
AT4G32480.1	533.526594954121	993.979192913386	73.0739969948561	0.0735166264201907	-3.76578562497762	0.000637724438687235	0.0310004306181035	0.331283808709207
AT4G32500.1	354.16661597648	707.794951979171	0.538279973789438	0.000760502702490705	-10.3607590048896	1.09205369916956e-10	7.2895916192372e-08	0.252384110094153
AT4G32714.1	175.545694532535	351.091389065069	0	0	-Inf	7.08917324036535e-10	3.03150770691123e-07	0.23219316467816
AT4G33150.1	3667.96763123047	6763.38542148092	572.549840980028	0.0846543269826936	-3.56227237851225	0.000749390413809717	0.0352393760225848	0.322155253239205
AT4G33355.1	2949.90872712811	5888.81113474509	11.0063195111364	0.00186902233053409	-9.06350047857616	2.31996857488081e-11	2.11642999857793e-08	0.138319869226397
AT4G33800.1	41.0025366352938	82.0050732705875	0	0	-Inf	3.07777039618146e-06	0.000327752607792584	-0.00500054911181351
AT4G34510.1	721.858375458255	1436.07941790015	7.6373330163612	0.00531818290908214	-7.55485088778095	6.08602681090728e-09	1.75328822906221e-06	0.012915766827904
AT4G35420.1	2770.05193859688	5358.01203197788	182.091845215885	0.0339849638502336	-4.87895960155223	1.10699634527361e-05	0.000956734401695278	0.242896206616516
AT4G35620.1	301.432246742666	593.960587177699	8.90390630763315	0.0149907359172458	-6.05978498073176	9.51891919785647e-07	0.000121735411498568	0.18874542398627
AT4G35700.1	156.628438661111	313.256877322222	0	0	-Inf	1.46896079874044e-09	5.79694704556975e-07	-0.00607404605234184
AT4G36070.2	21.6654396556391	43.3308793112782	0	0	-Inf	0.00010562316062264	0.00648137816125653	-0.0417079885075258
AT4G36490.1	670.041598734083	1327.72170470537	12.3614927627923	0.00931030404864504	-6.74695600169974	5.35821281953964e-08	9.97575295545312e-06	0.15135178501795
AT4G36600.1	163.403471277184	319.410329573355	7.39661298101359	0.0231570875960506	-5.4324023688717	6.73419830558631e-06	0.000648949081786219	0.122057319187385
AT4G37050.1	216.979710981526	431.945608719934	2.01381324311921	0.00466219172614608	-7.7447759501497	2.32116670071911e-08	5.29380752210673e-06	0.0748101521913346
AT4G37410.1	22.3914581140029	43.7760096064462	1.0069066215596	0.023001334078	-5.44213864982689	0.00091821309819549	0.041468079325766	0.0598757016865788
AT4G37810.1	199.569212772669	392.906972472287	6.2314530730507	0.0158598688993493	-5.97847534427132	1.80514605853423e-06	0.000209335751398156	0.12393842018519
AT4G38340.1	115.499057911219	13.2527521072914	217.745363715147	16.4301997013396	4.0382781105607	0.000393804725951163	0.0203351844147763	0.0171320300430974
AT4G38560.2	268.733297269461	16.5670981969203	520.899496342001	31.4418065342809	4.97461220698684	1.59124589354495e-05	0.00128843839096267	0.175185532460155
AT4G38660.1.DE	1719.94633152343	3315.40290823788	124.489754808975	0.0375489068009357	-4.73508528405454	2.68851803945947e-05	0.00202141103582217	0.139716233622527
AT4G40100.1	41.4047297823596	81.7328996171402	1.07655994757888	0.0131716842620509	-6.24641635510302	3.8766465031109e-05	0.00279200161834576	0.0912900192790523
AT5G01120.1	38.8385769381001	76.2712739328898	1.4058799433105	0.0184326270011894	-5.76159449257145	0.00012002178206371	0.00728327301889052	0.124985181957503
AT5G01420.1	64.1583181045385	127.379382913537	0.937253295540332	0.00735796699671976	-7.08647707937261	3.28428851824939e-06	0.000345709262182497	0.445343959181675
AT5G02110.1	229.604894743846	454.922496331741	4.28729315595076	0.00942422762233407	-6.72940989981812	2.59823566894352e-07	3.86459314063295e-05	0.096398291880998
AT5G02570.1	137.286282302942	264.452791698633	10.1197729072506	0.0382668409066482	-4.70776138457266	7.81047355875585e-05	0.00502957742014188	0.0393824554758809
AT5G03010.1	21.3268098455156	41.7163663954909	0.937253295540332	0.0224672802672871	-5.47603069731647	0.00114365030837927	0.0498398433753566	0.110281886984211
AT5G06070.1	13.5629536385418	27.1259072770836	0	0	-Inf	0.00106377733620778	0.046957190544088	-0.0419688068482672
AT5G07030.1	4242.35597947255	8289.8713670675	194.840591877595	0.0235034517726803	-5.41098353980855	5.86842365546222e-06	0.000570696089482382	0.432633414429175
AT5G07230.1	1267.57377382587	2535.14754765174	0	0	-Inf	2.15602971521028e-14	2.44599779370685e-10	0.12287106300609
AT5G07530.1	38058.2675279654	76080.0078042506	36.5272516802228	0.00048011629775598	-11.0243284698128	8.8039459776799e-08	1.52497717415914e-05	0.813630945882169
AT5G07600.1	784.060770694512	1567.18428809348	0.937253295540332	0.000598049190934987	-10.7074482252276	5.60934269106286e-12	7.67582453845042e-09	0.0671972610323118
AT5G07660.1	340.685770712881	661.442368972629	19.9291724531343	0.0301298697936282	-5.05266175144218	1.30917405044773e-05	0.00109906366296483	0.00217824650923131
AT5G07700.1	26.0466722199737	0	52.0933444399474	Inf	Inf	9.07204438846891e-05	0.00566857787268532	0.671917751479274
AT5G09480.1	103.460312745063	200.689172417075	6.2314530730507	0.0310502704156874	-5.00925035689507	0.000142748074007399	0.00847446700528091	0.516559948247401
AT5G09560.1	25.5399634869881	49.6043937046464	1.47553326932977	0.0297460196392151	-5.07115955768863	0.00113517671610342	0.0495494678888652	0.253574721540928
AT5G09730.1	1437.00503982993	2862.01580016153	11.9942794983312	0.00419085020343154	-7.89854132955688	1.34063645244122e-09	5.47619976573302e-07	0.0153432393382628
AT5G09910.1	55.3469389280773	105.728998074376	4.96487978177875	0.0469585437505628	-4.41246852060311	0.000518869503039787	0.0258189464712598	0.00263750534185675
AT5G10510.3	210.050613636059	390.43230859912	29.6689186729987	0.0759899168679238	-3.71804819029372	0.000704341513580741	0.0335826107032713	-0.00449017887472565
AT5G10720.1	47.7828650115753	91.8674235326438	3.69830649050679	0.0402569958783339	-4.63461667258593	0.000417319937593585	0.0213880375506765	0.312160026442848
AT5G11080.2	22.2459392365902	43.9535984993909	0.538279973789438	0.0122465507300135	-6.35148072180597	0.000362085736528017	0.0188394723142562	0.184358964951407
AT5G11510.1	488.144069617927	942.439474001652	33.8486652342007	0.0359160096408922	-4.79922911784393	2.77258436107852e-05	0.00206757735133507	0.107116694064655
AT5G12420.1	71.9115135649261	6.62405992803368	137.198967201818	20.7122170832391	4.37241008609894	0.00041516596423147	0.0213175649326207	-0.00588010659460096
AT5G13150.1	243.952542934255	487.36680589472	0.538279973789438	0.00110446580948666	-9.82243552622017	6.90951104382612e-10	3.00157933726085e-07	0.0433873267297
AT5G13580.1	321.959099034214	623.298625566541	20.6195725018873	0.0330813700786607	-4.91783720421482	2.56810713724969e-05	0.00195777036580082	0.00263424973968309
AT5G13790.1	182.408840882496	361.936268552352	2.88141321264027	0.00796110658974617	-6.97281530608166	1.95826277968234e-07	2.96097987593073e-05	0.0949358013220306
AT5G13840.1	782.206691394805	1500.07890560454	64.3344771850659	0.0428873954194687	-4.5433024869865	4.76388365809807e-05	0.00329244725032222	0.145192377748103
AT5G14670.1	168.532956395761	329.618593118853	7.44731967266812	0.0225937487391155	-5.46793252822314	7.47785222831914e-06	0.000705702964774615	0.0945036927640681
AT5G15120.1	160.15159399147	317.89040141807	2.4127865648701	0.00758999502377849	-7.04168534489387	2.22742920397562e-07	3.34946606892333e-05	0.105405176352544
AT5G15230.1	7169.2964772746	13860.9631750883	477.629779460925	0.0344586284104231	-4.85899091203258	1.52706773037664e-05	0.00125128112709425	0.162180740372074
AT5G16090.1	21.8180744581288	42.6988956207173	0.937253295540332	0.0219502936063194	-5.50961595244926	0.000994836751713159	0.0441991756832561	0.349296525390839
AT5G16490.1	240.622779147476	447.276533043076	33.9690252518745	0.0759463614618096	-3.71887534192356	0.000793071467607232	0.0367877625855504	0.00721538872925726
AT5G16690.1	171.533291127855	320.34459655032	22.7219857053905	0.0709298235402617	-3.81746383132491	0.000725649084714878	0.0344084206356103	0.0342672259154775
AT5G16920.1	1574.06745658101	3143.82867337171	4.3062397903155	0.00136974378622774	-9.51187822571523	8.54853220633357e-12	9.39996014743233e-09	0.00159725330250818
AT5G16960.1	3517.48164694155	7025.36285431527	9.60043956782587	0.00136654003030304	-9.5152565630565	4.95178163595779e-12	7.52890887849405e-09	0.0171857377034748
AT5G17340.1.DE	430.647275844222	861.294551688444	0	0	-Inf	6.34887439989085e-12	8.27409497981966e-09	0.0362134362216386
AT5G18510.1	33.0822717623653	66.1645435247306	0	0	-Inf	1.10251924471231e-05	0.000956734401695278	0.0283235322829464
AT5G19240.1	2610.00410572315	405.567115024422	4814.44109642187	11.8708862678178	3.56935574397454	0.000640200607517248	0.0310656209690285	0.136251241246673
AT5G19340.1	400.135936708139	792.615593765552	7.65627965072594	0.00965951176200376	-6.6938340144765	8.87636272016551e-08	1.52785091148107e-05	0.135848657237874
AT5G20100.1	43.5828986737354	85.7599174041603	1.4058799433105	0.016393205425852	-5.93075821210167	6.51512822704154e-05	0.00433701837184376	0.149668711757615
AT5G20240.1	4995.59465340295	9959.10760156802	32.0817052378688	0.00322134336944182	-8.27812183599093	1.85036127459666e-10	1.15092471279912e-07	0.0558134241709148
AT5G20740.1	2515.66951779957	5018.05923617517	13.2797994239679	0.00264640148690034	-8.56175233445111	1.18785278671826e-10	7.74027501592984e-08	0.0340131072092437
AT5G22200.1	176.860732831935	349.693839177631	4.02762648623842	0.0115175791935886	-6.44001867198847	6.31917056724635e-07	8.35473720214484e-05	-0.00492704049737261
AT5G22380.1	88.0325993401794	7.51895276959368	168.546245910765	22.4161862796051	4.48646894468495	0.000235390586813321	0.013067281095146	0.0361398191670043
AT5G23010.1.DE	6043.20137272904	261.532997530298	11824.8697479278	45.2136818665028	5.49868749969891	1.46676014633274e-06	0.000176838289360504	0.0893637238559724
AT5G23270.1	304.474758740083	594.992131430369	13.9573860497959	0.0234581019016876	-5.41376990649383	5.58717814167975e-06	0.000550035580508962	0.362881444370614
AT5G23350.1	133.94682329463	252.549327230518	15.3443193587417	0.0607577122735153	-4.04078864109652	0.0004646076262904	0.0234169088698263	0.0212750392595791
AT5G23370.1	121.508294632589	227.324003276341	15.692585988838	0.0690318037807988	-3.8565950078005	0.000799481639746061	0.0370223578960579	0.0526019531848864
AT5G23780.1	85.6949509904335	161.320835765271	10.069066215596	0.0624164024927752	-4.00193098303669	0.000655182731877702	0.0315406191796471	0.0399461567036385
AT5G23960.1	455.986946305115	909.282492741282	2.69139986894719	0.00295991607716236	-8.40022801312478	1.10238855028305e-09	4.57123785517373e-07	0.414950231315975
AT5G23980.1	124.188426889663	7.25141136737049	241.125442411955	33.2522084593019	5.05537825587642	3.65470870077779e-05	0.00264880018231412	0.124723457623119
AT5G24130.1	29.7194752296792	59.4389504593583	0	0	-Inf	1.76754242491698e-05	0.00139006037600942	0.314088456260378
AT5G24560.1	29.4422021017201	57.4785242601296	1.4058799433105	0.0244592212727649	-5.35347771738139	0.000532848585432092	0.0264184784168578	-0.0150181805129258
AT5G24770.1	16219.2827601369	31753.3898817537	685.175638520106	0.0215780312297877	-5.53429294981411	1.93525947433461e-06	0.000221607453111253	0.0958177795081407
AT5G24820.1	266.453561901277	532.907123802554	0	0	-Inf	7.22532168874869e-11	5.3443947020993e-08	0.203366625927634
AT5G24910.1	98.7063559890626	194.930272087236	2.48243989088937	0.0127350147532674	-6.29505555882745	3.6346734573957e-06	0.000376794481750021	0.425851092090648
AT5G25400.1	191.920118273159	380.74986335562	3.09037319069808	0.00811654445115762	-6.94491864151922	1.55037139924177e-07	2.47193101358779e-05	0.0164661095161457
AT5G25530.1	70.06374847291	139.65887029805	0.468626647770166	0.00335550936915111	-8.2192524992891	7.20280497750878e-07	9.34248183054314e-05	0.00908019080794405
AT5G25550.1	185.999684481737	371.999368963473	0	0	-Inf	5.83077232773245e-10	2.65960961775636e-07	0.0137015178543098
AT5G26717.1	381.834974310157	762.124762024965	1.54518659534904	0.00202747197354339	-8.94610231296155	5.51547016216662e-10	2.55843029488434e-07	0.0223185570667832
AT5G28470.1	470.384157689443	940.230035405097	0.538279973789438	0.000572498169086378	-10.7704413002337	2.43910456096278e-11	2.15333592336869e-08	0.230772646310343
AT5G28680.1	302.007782811552	598.442752541517	5.57281308158746	0.00931219077834991	-6.74666366969768	0.000559798149340533	0.0276046049570301	0.962936398882688
AT5G28888.1	75.534955774681	142.963951885231	8.10595966413136	0.0566993256498583	-4.14052461311499	0.00064561720033739	0.031217758902533	0.130050493763208
AT5G35917.1	29.9584208047883	59.4482149618064	0.468626647770166	0.00788293892543692	-6.98705068763531	8.39854821059343e-05	0.00537036138849348	-0.0154819473246852
AT5G36110.1	33.684669111247	66.4320849269537	0.937253295540332	0.0141084431802931	-6.14729738964864	0.000125087179629303	0.00752392512548302	-0.00135540594653168
AT5G36296.1	32.0627632513078	62.5803399072665	1.54518659534904	0.0246912464463879	-5.33985652232469	0.000345076598470647	0.018057469114617	-0.0300261510365709
AT5G37000.1	212.682336918702	403.941021480574	21.4236523568288	0.0530365850893385	-4.23686830333784	0.000156511300758809	0.0091330517679469	0.00503877495595136
AT5G37010.1	564.189577790935	1086.9249173886	41.4542381932721	0.0381390080677039	-4.71258886773953	2.63516328889074e-05	0.00199406522762127	0.2519774715838
AT5G37860.1	20.6344599873555	41.2689199747109	0	0	-Inf	0.000130663879275355	0.00782496509410925	0.100183205229088
AT5G37870.1	18.3522516288162	36.7045032576325	0	0	-Inf	0.000243185385111703	0.0133644530516809	0.0048101858651527
AT5G38450.1	41.5872279456034	83.1744558912068	0	0	-Inf	2.98747077673015e-06	0.000320631765559022	0.00527087518091208
AT5G39220.1	544.140726269137	1081.11274616968	7.16870636859103	0.00663085917170927	-7.23658846976054	1.81076684335903e-08	4.27216094560774e-06	0.239909412942553
AT5G39320.1	2116.17938688855	3895.82241456363	336.536359213467	0.0863839065033879	-3.5330936293582	0.000838798472307888	0.0385171754867823	0.14855340292208
AT5G39532.1	13.605613767569	27.2112275351379	0	0	-Inf	0.000969805082787489	0.043439648945545	0.7261239871873
AT5G39670.1.DE	299.812148991602	28.8280565765372	570.796241406667	19.800025016991	4.30743034801376	0.000115556080846685	0.00702786404580462	0.0100506648837519
AT5G39870.1	381.217966712113	762.435933424226	0	0	-Inf	1.059684992205e-11	1.11544072564102e-08	0.194259903902111
AT5G40350.1	346.859233140545	691.375333042239	2.34313323885083	0.00338909001647543	-8.2048863283955	4.21423944049662e-09	1.31062846599445e-06	0.0727843061533537
AT5G40645.1	30.4911874836226	60.5137483194751	0.468626647770166	0.00774413518885175	-7.0126801467986	6.91413217599171e-05	0.0045269370668072	0.258530632698097
AT5G40940.1	92.388332564343	183.700105181107	1.07655994757888	0.00586042096447093	-7.41477998493922	4.65197508528593e-07	6.34084889093786e-05	0.0667661501145529
AT5G41761.1	194.850522016143	13.0728470887346	376.628196943552	28.8099596351974	4.8484957340682	2.8737516129734e-05	0.00212564416605016	0.204843198874209
AT5G41890.1	94.6992735513645	185.231613964452	4.16693313827696	0.0224957989032943	-5.47420058687845	1.68627768877337e-05	0.00134548244275072	-0.00849244510127931
AT5G42330.1	128.217415781012	246.365765346428	10.069066215596	0.0408703952898545	-4.61279999290612	9.04762452221289e-05	0.00566625601656573	0.065212485029168
AT5G42340.1	175.082390975507	349.696155303243	0.468626647770166	0.0013400966543764	-9.54344722594864	4.40605328774408e-09	1.34822665916071e-06	-0.00566543852498317
AT5G42490.1	234.116079828924	464.06522651957	4.16693313827696	0.00897919710452865	-6.79919783580934	1.59201554749822e-07	2.5040391668926e-05	0.171257875906008
AT5G42700.1	119.641779706643	238.745279439496	0.538279973789438	0.0022546203847597	-8.79289974037351	3.31015363696433e-08	6.86305187397271e-06	0.236980956270323
AT5G42930.1	23.3320447511426	46.195462854515	0.468626647770166	0.0101444301845406	-6.62316835898523	0.000298466476896052	0.016107828484244	-0.0339551170959946
AT5G43080.1	172.142626726639	317.516694627285	26.7685588259937	0.0843059885635803	-3.56822107504725	0.00111137524927435	0.0486657885154248	0.266078082289201
AT5G43185.1	43.4662485970613	86.3942172203332	0.538279973789438	0.00623050929921212	-7.32643418667508	1.08421874243153e-05	0.000948015927887093	-0.022668974993309
AT5G44300.1	789.495930491883	1577.91530103619	1.07655994757888	0.000682267259131032	-10.5173753941207	4.8053904429257e-12	7.52890887849405e-09	0.0901659876509356
AT5G44330.1	74.6670741115226	147.788961627696	1.54518659534904	0.0104553586298388	-6.57961364103554	3.39004331337367e-06	0.000354117196184774	0.434828988738542
AT5G44540.1	1961.34040094867	3918.25420208936	4.42659980798931	0.00112973778108344	-9.7897963313404	3.93796390851565e-12	7.52890887849405e-09	0.308603543106652
AT5G44568.1.DE	245.400598820563	17.5473112965346	473.25388634459	26.970165306069	4.75329245908287	0.000170505200402433	0.00984469688737083	0.517349501379804
AT5G44630.1.DE	1860.16169316661	3717.23301314251	3.09037319069808	0.000831363861176276	-10.2322323432	1.23941578216978e-12	3.39203311264226e-09	0.263042132263227
AT5G45116.1	78.2560194510448	156.51203890209	0	0	-Inf	8.37447603506883e-08	1.46918371876772e-05	0.250844886628108
AT5G45380.1	3729.3214279221	207.308976483476	7251.33387936072	34.9783883089053	5.12839191095318	5.4054208986454e-05	0.00368916606369395	0.518424348348821
AT5G45880.1	2878.24135834968	5738.35839751129	18.1243191880729	0.00315845019299132	-8.30656746276544	2.09758546292688e-10	1.24797215107354e-07	-8.78393927776121e-05
AT5G45960.1	1540.94757564566	3067.4184319021	14.4767193892206	0.0047195124208221	-7.72714646414209	1.94064279323248e-09	7.08153492869154e-07	0.0606736881718852
AT5G46770.1	95.938427059738	191.408227471706	0.468626647770166	0.00244830984519429	-8.67399813519431	1.24223556720898e-07	2.03577862295662e-05	-0.00710785385046451
AT5G46930.1	40.5066397714565	81.013279542913	0	0	-Inf	3.09203411478656e-06	0.000327995308734413	0.267703106969087
AT5G46960.1	64.593131259836	128.647982545883	0.538279973789438	0.00418413070408982	-7.90085636539154	1.14806021300813e-06	0.000143470830637473	0.00104647736001734
AT5G46970.1.DE	75.3256145226605	150.651229045321	0	0	-Inf	4.45922035922571e-07	6.13266044177332e-05	0.54084380516048
AT5G47220.1.DE	746.080012513801	100.449593534294	1391.71043149331	13.8548139671483	3.79231543432636	0.000401399305019937	0.0206883167227602	-0.000253860816226743
AT5G47530.1	194.253347563471	385.694935240321	2.81175988662099	0.00729011358385878	-7.09984299197637	1.52531410026153e-07	2.45557625270339e-05	0.00630552123851691
AT5G48310.1	424.139946184857	829.984506472313	18.2953858974012	0.0220430450866633	-5.50353265425156	3.37731923093446e-06	0.000354117196184774	0.022365529770071
AT5G48820.2	133.407558022222	262.388516236454	4.42659980798931	0.0168704022244641	-5.88936181897544	3.92985104123074e-06	0.000405857219986426	0.0869752408577895
AT5G49260.1	34.3323423898149	68.6646847796297	0	0	-Inf	8.33313778567377e-06	0.000773089203112948	0.0174657979576343
AT5G50830.2	522.449128938483	1036.98231155653	7.91594632043829	0.0076336367864909	-7.03341374086398	3.41705234919178e-08	7.03142020245719e-06	0.0961189230870328
AT5G51030.1	310.095602214103	573.645593224042	46.5456112041643	0.0811400135448884	-3.62344264639813	0.000674334026498032	0.0322642895755212	0.133032138952479
AT5G51750.1	10308.3250593748	19736.119478013	880.530640736714	0.0446151859648838	-4.48632133641841	3.97766367356085e-05	0.0028572362051972	0.000639038333331602
AT5G52330.1	107.175685198939	211.799277180969	2.55209321690865	0.0120495841670321	-6.37487283008398	1.86924403187467e-06	0.000215854306600616	0.252938208483977
AT5G52760.1	251.054139627277	30.8876997874924	471.220579467061	15.2559297943538	3.93129820458599	0.000340667137009012	0.017895159703767	0.171618441425166
AT5G53390.1	537.879989194599	1075.7599783892	0	0	-Inf	1.88406411157851e-12	4.29692221714006e-09	-0.000965606918296936
AT5G53660.1	153.097821640875	290.693070636605	15.502572645145	0.0533296944822077	-4.22891712671287	0.000221139747493261	0.0123513318559093	-0.00296699077846755
AT5G53950.1	103.691302617857	202.677392123648	4.7052131120664	0.0232152834747147	-5.42878129245541	1.47474626822139e-05	0.00121936120449194	0.0851018787322753
AT5G54320.1	15.0425377904114	30.0850755808229	0	0	-Inf	0.000713742146331771	0.0339126650361248	0.261232228338437
AT5G54560.1	19.7536314477086	39.038636247647	0.468626647770166	0.0120041756786115	-6.38031985202987	0.000741058209194083	0.0349657559575264	0.227445033548166
AT5G55330.1	79.2403148091836	157.473722996808	1.0069066215596	0.00639412469837914	-7.28903740479468	1.11341230818981e-06	0.000140423355071607	0.0162470394924206
AT5G55340.1	77.5927146618769	151.297109489554	3.88831983419987	0.0256998950430598	-5.28209372222975	4.62965906652184e-05	0.00322403331635038	0.00991283405770828
AT5G55520.1	651.242072487987	1289.01433220831	13.469812767661	0.0104496997675618	-6.58039469723623	1.02101871354209e-07	1.73275030468235e-05	0.119096089517132
AT5G56640.1	239.825673363979	478.175813458629	1.47553326932977	0.00308575471155115	-8.34016089886922	6.78009042253306e-09	1.88957049206189e-06	0.00105744166370452
AT5G56970.1	275.207687929765	547.325002668831	3.09037319069808	0.00564632197620975	-7.46847288519849	2.56108441788068e-08	5.66586108775009e-06	0.116575603383832
AT5G57720.1	129.956376188944	258.905845756328	1.0069066215596	0.00388908415187838	-8.00635383256311	7.17430732799696e-08	1.29317584359141e-05	0.01673926099084
AT5G58610.1	96.1982717973119	188.299263782366	4.09727981225769	0.0217594043118154	-5.52221712804645	1.72938744880944e-05	0.00136791548263054	0.275101962590539
AT5G59080.1	533.585225758506	81.9220691381452	985.248382378867	12.0266540230746	3.58816341605851	0.000756081588301183	0.0354715187873729	0.0366038565064633
AT5G59370.1	745.144524073254	1477.87684869206	12.4121994544469	0.00839866966278808	-6.89562345949631	3.53670869779221e-08	7.16982545490201e-06	0.0144058434306137
AT5G59490.1	51.1161019040046	99.540803939062	2.69139986894719	0.0270381568406343	-5.20885938162759	9.49164731178342e-05	0.00590380462792929	0.397636894344207
AT5G59540.1	2024.29491419579	53.3615539638312	3995.22827442774	74.8709131884677	6.22633344576182	1.75800397884475e-07	2.73369618710358e-05	0.0159321183413895
AT5G59780.3	1719.75487966567	127.321856162827	3312.18790316852	26.0142916777202	4.70123252075079	2.23148719958559e-05	0.00173006633649457	0.145248273025213
AT5G59810.1	582.845800621994	1165.22297459622	0.468626647770166	0.000402177658685934	-11.2798794386278	8.95286427400881e-05	0.00564217325057682	1.29647931470718
AT5G59870.1	2883.94389280267	5457.81574506794	310.072040537401	0.0568124786582623	-4.13764834241957	0.000140267101580289	0.00834528268706382	0.246394907363189
AT5G60020.1	1350.74351083805	2498.93331024468	202.553711431415	0.0810560692440336	-3.62493597515533	0.000726690555662919	0.0344084206356103	0.0486295954448661
AT5G60650.1	73.7792792136301	138.84466546332	8.71389296394007	0.0627600126721621	-3.99401054616751	0.00088073254747687	0.0401731472655783	0.158622237117233
AT5G60740.1	184.130259383758	366.715332172168	1.54518659534904	0.00421358601560624	-7.89073570818389	2.83113051332634e-08	6.14939522926312e-06	0.00796727396158778
AT5G61160.1.DE	53.6380905134309	0.537398930058411	106.738782096803	198.621128786397	7.63387529085843	2.65629167861618e-05	0.00200268293830214	0.630852601817812
AT5G61610.1	261.914028283086	508.426897304337	15.4011592618359	0.030291786967787	-5.04492950191806	1.21548218565371e-05	0.00103630269336358	-0.00121644858705882
AT5G61630.1	93.0954909667791	186.190981933558	0	0	-Inf	2.47304805816264e-08	5.54773600457338e-06	0.441306242906313
AT5G61700.1	142.537350594959	285.074701189918	0	0	-Inf	2.64913994074793e-09	8.73513998775777e-07	0.0784532590356048
AT5G62080.1	2000.7279013769	3997.96645624136	3.48934651244898	0.000872780337364173	-10.1620937796143	1.42836665670759e-12	3.55377624188848e-09	0.373063721394487
AT5G62210.1	2245.07361414525	4406.18727180219	83.9599564883186	0.0190550131687839	-5.71368558458803	1.16524057831386e-06	0.000144955927942244	0.124771149441451
AT5G62230.1	1426.99761355346	2791.28840326615	62.7068238407725	0.022465189826819	-5.4761649373479	1.88267748287186e-06	0.00021649208971108	0.0263051661055214
AT5G62850.1	557.887759188779	1047.50869487812	68.2668234994349	0.0651706509294204	-3.9396337850006	0.000244332339239133	0.0134005760727387	0.0196482833476679
AT5G63540.2	63.5884133116448	120.40709357645	6.76973304684014	0.056223706143541	-4.15267763362535	0.000769200087114928	0.0359240067989101	0.0702718516191156
AT5G63650.1	661.309568254014	1230.87640713987	91.7427293681581	0.0745344770896506	-3.74594826862277	0.000488247879729259	0.0243838831613693	0.0222940020714493
AT5G64770.1.DE	2222.98237428343	118.716524905056	4327.24822366181	36.4502602070145	5.18785720842529	4.53671118081717e-06	0.0004615639836305	0.0985014925578413
AT5G64910.1	235.396426859761	451.243707953775	19.5491457657481	0.043322810758728	-4.52872934257802	6.70480383578587e-05	0.00443229641009149	0.0491999547709139
AT5G65205.1	975.146750015197	1793.73540040652	156.558099623873	0.0872804871824418	-3.51819703525194	0.000832239920799282	0.0383446837583077	0.0105316317386499
AT5G65350.1.DE	116.930580511933	221.917588217188	11.9435728066767	0.0538198567433405	-4.21571763892919	0.000277762161770346	0.0151129122133814	0.182001443625602
AT5G65360.1	3594.30869870624	6697.94185835145	490.675539061031	0.0732576587611346	-3.77087659503011	0.000369412969399718	0.0191842393672324	0.403975346284681
AT5G65510.1	48.2259602456566	94.9763872219835	1.47553326932977	0.0155357906579567	-6.00826052383563	3.6877446645225e-05	0.00266296031605941	0.351414069072423
AT5G66230.1	687.742235882435	1358.99393913253	16.4905326323398	0.0121343680479296	-6.36475721419531	1.89421848308195e-07	2.91241412612286e-05	0.0160881788778921
AT5G66750.1	552.900415037702	1073.94703144996	31.8537986254462	0.0296604932018293	-5.07531360230189	9.919629042983e-06	0.000890099697207734	0.0136450218939038
AT5G66870.1	131.286576739623	258.266913688931	4.3062397903155	0.0166736022388921	-5.90629036554871	2.84966456978235e-06	0.000309482618832553	0.130984503008226
AT5G66940.1	62.7544546117932	125.508909223586	0	0	-Inf	2.55958075713491e-07	3.82790197602559e-05	0.0988329878565987
AT5G67265.1	48.5735815846037	96.6785365214372	0.468626647770166	0.00484726666984925	-7.68861283085879	5.31159319906821e-06	0.000526694502435141	0.284386911115002
AT5G67270.1	532.454724057755	1048.14030217909	16.7691459364169	0.0159989515731374	-5.96587882277422	6.64313456262303e-07	8.74083205335899e-05	0.0494746279100213
