logFC	logCPM	pvalue	padj	dispersion
AT1G01150.1	-5.4105272141669	0.394349180903595	0.000892254489603286	0.0365704126809107	0.712148669400556
AT1G01460.1	-7.38940879932872	1.90435468065412	3.60833756487598e-06	0.000351575352984838	0.581111801964977
AT1G01470.1	3.04330665734107	5.65950664881229	6.9720135559385e-05	0.00435814518602832	0.233315187904014
AT1G01600.1	-5.36736943547359	6.29782047903004	2.16262385675826e-09	4.69924433128447e-07	0.25765925826644
AT1G02310.1	-5.97266487003359	0.0428601099813945	0.000842231158874357	0.0350447521258678	0.764895051450132
AT1G02790.1	-8.74995116530472	8.56731861527005	3.71615314116274e-17	4.62475258417703e-14	0.256845461373438
AT1G02800.1	-8.05995153607596	4.3493996009404	1.60790943948418e-11	5.17917088748676e-09	0.338645521300912
AT1G02810.1	-4.59139626847899	2.04970515797575	0.00044937730208382	0.0210316259038511	0.549609560506499
AT1G02930.1	4.27743497995392	6.01112565765289	2.10566824558522e-06	0.000220885405731332	0.288342530942475
AT1G02980.1	-5.76081459937891	1.01672500639076	0.000172671103312075	0.0093800836063121	0.629587727532542
AT1G03050.1	-7.37013890970363	4.77701010858895	4.20470215808784e-14	2.05572393546941e-11	0.244931711608108
AT1G03920.1	-3.5419261258455	2.59799444887438	0.000887424618547027	0.0364269844545713	0.414067605643678
AT1G04450.1	-10.9436163825165	1.76398563555507	1.43161141486674e-07	1.98964918414399e-05	0.566465465376695
AT1G04470.1	-7.03750643689947	3.87411737102845	6.03990866295826e-10	1.4764880293137e-07	0.337308495645821
AT1G04520.1	-3.08272682767589	4.80733518194993	0.00126130464789923	0.0481283243389344	0.357918981332247
AT1G04660.1	-12.6017070597515	3.40660862526123	2.50114819334402e-12	9.38067621720083e-10	0.395001130531688
AT1G04670.1	-12.3135633415299	3.12014817534404	3.54582364970448e-12	1.22887475576277e-09	0.382960703125146
AT1G04820.1	-2.79935417065712	8.42089673985382	0.000631201097609238	0.0276064773984718	0.272767950897808
AT1G04880.1	-7.41365449894725	3.27964262681107	2.20496516274529e-10	5.69525860290598e-08	0.332588978471527
AT1G05440.1	-7.54225473068229	2.74600518079694	2.37952822478065e-08	4.02154958433761e-06	0.428197053921468
AT1G05680.1	-5.21722777167944	2.82043127304451	8.44923791907474e-06	0.000727620565417957	0.422852971526626
AT1G06260.1	-9.52142613447189	6.06003220791848	2.15649100863279e-19	7.38032091566966e-16	0.239176476260185
AT1G06460.1	2.92846773902357	7.0060608984568	0.00126214021240202	0.0481283243389344	0.329480507236004
AT1G07240.1	2.65374969691222	4.48346336622698	0.000610553967235083	0.0268751721365424	0.24532303854887
AT1G07370.1	-5.38918575764682	4.02194391711264	1.76078154411008e-07	2.3984297460791e-05	0.33275535259839
AT1G07410.1	-3.82216098062207	2.65541215513328	0.000591855287657968	0.0262797324938639	0.442945175102695
AT1G07820.1	-2.54256107873407	6.41443724545183	0.00103381249772408	0.041320806387135	0.249606160737356
AT1G07850.1	-8.63982019634675	1.78170039990759	7.80493233602764e-07	9.07908951253999e-05	0.577717847897585
AT1G08065.1	-11.8290362193521	2.63915427058965	4.76019861169915e-10	1.19568328247441e-07	0.453957992811331
AT1G08135.1	-9.2043565631847	0.0752317270905358	0.000146899434172882	0.00812263341112872	0.81409587688008
AT1G08695.1	-8.27646303532214	-0.787067272064901	0.00112600245535424	0.0441673656520684	0.89694397893354
AT1G08730.1	-4.36975181099134	3.80778962874142	6.83698111416005e-07	8.03389295813683e-05	0.268681278104617
AT1G08930.1.DE	4.86367445611189	6.30233811717886	4.05842464944281e-08	6.42286754202859e-06	0.263859507594649
AT1G09200.1	-4.20341138626451	6.38371210506586	4.8102306574083e-05	0.0031888451614814	0.378720113171246
AT1G09380.1.DE	-9.93877066855238	3.08119579942971	2.75062661004161e-11	8.36771177292547e-09	0.384504088670179
AT1G09610.1	-4.89583250176256	2.38779172995958	0.000446343231340459	0.0209253961145041	0.616605384235756
AT1G09880.1	-5.7742607739524	3.07561831455191	3.21488955454668e-07	4.05624244764671e-05	0.373429458489489
AT1G10640.1	-5.15901614305401	5.8429406320636	4.5553822940154e-06	0.000431563362726116	0.408093527787898
AT1G10747.1	-8.68686732117911	-0.41068938635081	0.000443206709177059	0.0208139905498434	0.850093651926599
AT1G11040.1	-9.04472671389649	-0.074642312064211	0.000183994081512335	0.009839011636184	0.809930060687668
AT1G11080.2	-3.63677391635831	3.04847958527381	0.00121389428925907	0.0468101573882028	0.459090915161815
AT1G11350.1	2.83056719418816	5.41274422223286	0.000626033071677681	0.027468204277986	0.276480774732816
AT1G11600.1	-9.78024232658161	4.2779079875646	2.66712593393913e-14	1.40429309510229e-11	0.316992921196013
AT1G11765.1	-7.73031700106253	2.93222498496672	3.28811289414627e-09	6.97870100223493e-07	0.394076208087617
AT1G12000.1.DE	-2.662435703253	6.25221425136554	0.000540071926574945	0.0244407095499098	0.243923597150568
AT1G13140.1	-7.4198167305033	6.12228470730636	3.76482669246117e-15	2.34266340938396e-12	0.234395063519124
AT1G13150.1	-4.49444266536721	4.54901499048565	5.48116075506082e-07	6.64020797844293e-05	0.277177890890009
AT1G13245.1	3.42721897591904	5.266305331669	7.16246435267104e-06	0.000638765835543259	0.224510883600452
AT1G13290.1	-8.82909365231387	-0.278231313748024	0.000320844551825286	0.0157455639143724	0.834505267520425
AT1G13340.1	4.5775882833067	2.57897362947124	4.58045079362312e-05	0.00305129348609751	0.414146319764395
AT1G13680.1	-8.25923847584199	-0.802753001857635	0.00115828558735131	0.0451747878861701	0.896973563258852
AT1G13890.1	-11.1254389044809	1.94316717331804	4.90744702470522e-08	7.46449956052246e-06	0.540198858409589
AT1G14630.1	-4.0312248574885	1.94651483744927	0.000874051917317405	0.0361490444776937	0.502533727053838
AT1G14880.1	8.88833969779615	6.41887436073649	2.47918642821895e-17	3.23226881991461e-14	0.253547416119077
AT1G15125.1.DE	8.44082676732402	7.58388389325717	5.76136653842645e-11	1.6604258363745e-08	0.399719196476004
AT1G16380.1	-10.0790029697471	0.91738398096773	7.72488065982711e-06	0.000680062725355005	0.687054270481777
AT1G16630.1.DE	-5.8188807039828	3.81574363525591	1.03955508523909e-08	1.96289508129387e-06	0.306267051066421
AT1G16705.2	-7.34961845147716	3.65483261070324	1.52891096288725e-11	4.98333967296311e-09	0.295480821464024
AT1G16760.1	-11.4347595096544	2.24857628476668	6.5814873904957e-09	1.30575755988683e-06	0.497134762415649
AT1G17540.1	-6.79502156630918	2.99146186714085	4.48364935529926e-08	6.89650762352463e-06	0.402628414664369
AT1G17560.1	-4.48220535810675	3.39675685028836	5.1776563173399e-06	0.000477303206439223	0.327594203110085
AT1G18140.1	-8.13183269931349	2.14215786160491	2.55654704280664e-07	3.3490766260767e-05	0.522558330403748
AT1G18250.2	-7.03860852587529	5.51281454246083	1.73103604806826e-11	5.51093441396058e-09	0.29653116767224
AT1G18590.1	2.83953345779771	4.99704281624353	0.000202298513435566	0.010630961611041	0.236276993701767
AT1G18990.1	-7.19682933147884	3.23232504239481	6.18850238119206e-10	1.49942483800582e-07	0.338344433263275
AT1G19850.1	-4.97952617380331	6.1212378008128	1.70172016983858e-08	3.00589655032326e-06	0.258991089618823
AT1G20120.1	-6.08841670152475	6.15919487268585	1.35946730886525e-11	4.48444041559296e-09	0.242210908938391
AT1G20130.1	-11.4253215988607	8.26574753589506	5.52255743452487e-17	6.04808399999426e-14	0.35445355593018
AT1G20135.1	-11.9367897567309	2.74599416920791	1.38223541376438e-10	3.71021797975048e-08	0.431644106001137
AT1G20150.1	-9.86794172214768	5.06610433977063	6.19548006900963e-19	1.41355040674512e-15	0.242528936241848
AT1G20930.1	-5.40107151186917	3.89401226084724	7.40485467290575e-09	1.45854328121933e-06	0.272010026998454
AT1G21120.1	6.13574312165316	0.678376980378969	0.000408142636364451	0.019467834914673	0.745413694176112
AT1G21290.1	-8.46682570208857	-0.613234875525105	0.00076473075211864	0.0323110544170621	0.880233247412509
AT1G22350.1.DE	4.36211658342813	3.62036940908448	4.91941021340823e-06	0.000458124259295592	0.314942032379963
AT1G22780.1	-2.66060702416453	6.8907739554023	0.000744202680579112	0.031492310960704	0.256197035572853
AT1G23070.1	-4.80111385029679	1.04511382856033	0.000779152236030505	0.0327184188194466	0.617974076634147
AT1G23250.1	-8.8454266859506	2.84543451022309	1.38621419341319e-09	3.16276320012165e-07	0.424288285367261
AT1G23420.1	-9.13740456062454	2.27311778647956	4.12624447212341e-08	6.45556842298668e-06	0.507432358595997
AT1G23570.2	-10.7552492800118	5.64323328977971	3.92694073503084e-20	5.37578551922047e-16	0.251653722684075
AT1G23580.1	-9.66671620135873	3.65858548026669	1.09222401272737e-13	5.15586228352807e-11	0.314958797003563
AT1G23590.1	-10.7467203660933	3.87322859772898	6.50023717396612e-16	4.94361093294495e-13	0.285902710915216
AT1G23640.1	-11.3898352578022	2.20413214651686	9.34179666306812e-09	1.80119049886015e-06	0.504726908364329
AT1G23660.1	-13.0200493905471	3.82321214120363	1.91884280252071e-16	1.81158610655912e-13	0.291806924876179
AT1G23770.1	-8.68194822918876	-0.413731462765794	0.000541146718051144	0.0244489372830401	0.877048226954063
AT1G24020.1	-6.04751688913167	9.12905109468584	1.87260932211959e-09	4.13469117986389e-07	0.304990265836233
AT1G24070.1	-3.85583979842204	6.3366627392546	0.000109283121143413	0.0062205043114044	0.363654093948019
AT1G24320.1	-5.16316545948101	0.460604070266009	0.00111599994122637	0.0438378226554328	0.701383708885116
AT1G24400.1	-2.85992957069484	5.19101291244813	0.000174959974969672	0.00945155430016492	0.234756804338837
AT1G25240.1	-6.65359085917359	2.53713460371307	3.3403985444971e-07	4.1952647591645e-05	0.442207429347131
AT1G26515.1	-8.56754640124366	-0.521229151461814	0.000593158032700755	0.0262797324938639	0.862901848599272
AT1G26710.1	-12.9638872471441	3.76726040979853	3.55799356028886e-16	2.86512663785732e-13	0.295336419920647
AT1G26770.2.DE	-3.23880582278285	4.59205942045983	0.000173934203905176	0.00942998924498975	0.289254601661493
AT1G27040.1	-7.50605523938848	1.4994670971428	7.94771610108104e-06	0.000697437561318903	0.615705470155048
AT1G27270.1	-9.35935889816822	0.224551389010277	9.41776091644766e-05	0.0055095913703295	0.793476856372578
AT1G27400.1	-2.48551575382092	6.77702759099893	0.00107124188998443	0.0425682608213118	0.241370227697628
AT1G27710.1	-10.1707002961507	6.03331896882922	1.73157292518569e-19	7.38032091566966e-16	0.254125746252188
AT1G28270.1	-8.03206023948303	4.77140300897722	1.05611902706285e-15	7.41422636973177e-13	0.240210276249806
AT1G28430.1	-9.78194666888	5.80230328801858	4.334015435036e-19	1.07873644178046e-15	0.247803087339298
AT1G28710.1	-4.70631128495505	4.58718269335125	1.22863068462375e-08	2.25762949760494e-06	0.230919154224696
AT1G29010.1	-9.20301614827547	0.0744522100075401	0.000128489687436195	0.00719410869594187	0.798190842738596
AT1G30080.1	-7.10707931113684	1.64037351160388	5.77083415855604e-06	0.00053020022962116	0.571932735345958
AT1G30250.1	6.3275337972125	3.78056456092219	3.6077654807263e-06	0.000351575352984838	0.51892723366268
AT1G30600.1	-3.80760973866582	4.03580089451232	1.00472535885806e-05	0.000849023938277	0.272839404453837
AT1G30650.1	-5.69884438157971	0.945935489527933	0.000650745683018019	0.0282805810402386	0.749864514249101
AT1G30820.1	-2.6700977745237	6.98080791750453	0.00124265915808662	0.0477177630985323	0.280561026214582
AT1G31580.1	3.42901097208064	10.7719820410763	3.40430302808827e-05	0.00237166444290149	0.264016916945786
AT1G31860.1	-2.59297509980484	4.31816139641687	0.000927716937850329	0.0376295733946728	0.251630524944992
AT1G32350.1	6.70161151958311	-0.120963535295982	0.00105678786267941	0.0421161497704505	0.87312650935552
AT1G33720.1.DE	3.30393901335381	3.57541418009742	0.000283544092277117	0.0141922371160058	0.31679981003186
AT1G34095.1	-3.10092500260606	3.16077792210117	0.000980788775508672	0.039481871710351	0.342650026423187
AT1G35110.1	-6.21478205485589	0.789896427312238	0.00016237236180981	0.00887343891016124	0.673435268272262
AT1G36150.1	-9.10119561687478	2.25323376994537	6.28178853563472e-08	9.38153110262016e-06	0.520988637189418
AT1G41797.1	5.4016502208306	1.39458183374103	0.00125907516211424	0.0481283243389344	0.785580393145497
AT1G45130.1	-2.93926106629084	5.08397019049647	0.000494314503681016	0.0226915818141637	0.284287910692788
AT1G49270.1	-8.09220822215048	1.24305051597487	3.64625360508932e-05	0.00249576943634351	0.757025367781708
AT1G49290.1.DE	-6.06996063025121	1.95346243041233	1.02607074296364e-05	0.000861742051276119	0.513665906448276
AT1G49870.1	-5.89910465971819	3.77614139328997	3.47097616021454e-09	7.19938305231166e-07	0.293130245968307
AT1G51210.1	-7.53029580427707	0.699120290702479	6.82669769710875e-05	0.00429673922411817	0.720307880993446
AT1G51800.1.DE	3.77606851348672	3.51024707462943	3.37792624922653e-05	0.00236532590223972	0.303256141041061
AT1G51860.1	6.83433223562252	1.35357342115108	1.66725635424972e-05	0.00130050745649581	0.594686916518151
AT1G52343.1	-11.245504123732	2.06176488302673	3.15911531380094e-08	5.11795373825774e-06	0.535111328018546
AT1G52870.2	3.38649688798722	8.43852546936164	3.10409667482119e-05	0.00220745617817998	0.256024529032513
AT1G53140.1	-5.12048882667583	3.57982923148442	2.60048476260731e-07	3.39041296740122e-05	0.314127559718721
AT1G54020.2	-5.53871237222932	5.79635385813135	2.62923394562446e-08	4.38937781690562e-06	0.310591938000869
AT1G54280.1	-6.95771260284003	3.12475139250472	1.02593184731571e-08	1.95062416997617e-06	0.377842995050865
AT1G54560.1	-10.9848131387378	4.12034872279282	4.10491001576304e-17	4.88644918789462e-14	0.271970710692633
AT1G55200.1	-5.35719872419221	3.02970895935421	6.64721799770631e-07	7.84457679134487e-05	0.356812417045467
AT1G55910.1	2.37996501259988	5.4596627464886	0.00125084070878748	0.0479646607365441	0.229126913297786
AT1G57630.1	5.5129649401824	0.970219700482886	0.000459882256777102	0.021486546601195	0.674456830642706
AT1G57750.1	-7.96793709346807	7.3875131352438	1.040083997207e-15	7.41422636973177e-13	0.249348610884516
AT1G58430.1	-10.2659947625217	6.43580939337053	1.45002698983025e-19	7.38032091566966e-16	0.259222353867174
AT1G58561.1	4.79035048666925	4.25002537286831	1.73995060311604e-08	3.05372484376373e-06	0.241339617344362
AT1G59780.1	-6.09484543311285	0.157822495868534	0.000580864816502599	0.0258593460341865	0.745839486343585
AT1G60300.1	-8.92818667390638	-0.183955070857362	0.00027613211841103	0.0138974655698081	0.835806006316017
AT1G60410.1	-9.96388206336187	0.806010619792363	1.14948119461418e-05	0.000928367127650198	0.699870320129108
AT1G60740.1	-6.83333147375345	4.31002223788447	6.92512681239897e-13	2.87277343934351e-10	0.243924522904863
AT1G61450.1	-7.74937492413653	1.75280069092228	1.34607901798239e-06	0.00014682987025235	0.551223761358291
AT1G61563.1	-8.27865225155452	6.34761963515775	2.72971983615427e-16	2.49123331313559e-13	0.248958944749426
AT1G61566.1	-8.41659559693252	6.47225720136859	1.2328262495125e-15	8.23257314278114e-13	0.265801152660777
AT1G61860.1	-4.95366057058198	2.98269355157981	4.30240946894666e-06	0.000410437870558504	0.370948279310195
AT1G61940.1	-8.67218128296849	-0.423406826933228	0.000479600060807547	0.0222182234599828	0.858550894209131
AT1G62180.1.DE	3.11191445349963	8.56978518889877	0.00011667794825566	0.00660025939109858	0.25878472752284
AT1G62870.1	-2.78452532739325	3.83599222464716	0.000570213018446858	0.0254679644894886	0.262842306504715
AT1G63060.1	-8.76025543092912	3.27194520419308	1.7913644134712e-11	5.63744439958943e-09	0.348580604856123
AT1G63350.1	4.08505461010313	2.99966157092882	8.86209014517071e-05	0.005229206165617	0.379658623369465
AT1G63750.3	4.14281273872399	3.74832817870828	2.46486458267732e-06	0.00025031152522046	0.273974504429465
AT1G64030.1	-8.26185699737264	1.42914668445016	3.33144814246375e-06	0.000329284183005469	0.611549964610668
AT1G64450.1.DE	-3.04389194825578	3.55813462575119	0.000508405303233647	0.023238111514581	0.300444095271568
AT1G64680.1	2.58167944100618	6.53611351717996	0.000769647889576162	0.0324187531826242	0.244312736353853
AT1G65190.1	3.5654595738417	6.163042000635	5.79207139968194e-06	0.000530371648334086	0.23566646855288
AT1G65470.1	-2.86477450889391	3.76819369853417	0.000808021695616955	0.0338269510769061	0.291212595879106
AT1G65730.1	-3.83931540436341	3.7149967216915	9.16826686731279e-05	0.00539823609806789	0.350132428091827
AT1G65790.1	3.81450760176761	5.10144714713554	5.07180754788964e-05	0.00332203394386771	0.325939720507446
AT1G66140.1	4.87905320342575	3.45726622918867	5.86011387955982e-07	7.03702008370475e-05	0.310027782565354
AT1G66210.1	-6.61546739645705	3.0544919334686	1.16876020695092e-07	1.65800444073105e-05	0.415547808617067
AT1G66360.1	-6.0184659073159	1.2545147660265	9.27575127472488e-05	0.00544980244958568	0.62253044900478
AT1G66920.2	6.0868747837863	4.15782307415226	5.54892232693905e-11	1.61621217435388e-08	0.250220362335488
AT1G67000.1	5.48615394035192	2.95917139242717	2.13819451188238e-06	0.000222591739698964	0.401256287984879
AT1G67040.1	-4.05111485263581	4.09681142744529	8.45112457733702e-06	0.000727620565417957	0.296808461086944
AT1G67160.1	-8.59680238565825	-0.493636735137794	0.000566181327524936	0.0253706686846239	0.86302145175216
AT1G67290.1	-7.36675253467381	5.3119240452753	6.70675832785875e-12	2.29530420323056e-09	0.300351209263733
AT1G67540.2	-10.2638308304616	1.09775537332562	3.55316343316256e-06	0.000348681224503791	0.658863598991974
AT1G67630.1	-4.18257905370857	3.5516951340689	1.03849670639447e-05	0.00086655210068361	0.316387151881298
AT1G68630.1	-6.39619463167216	0.46014164087588	0.000407362338144494	0.019464526101323	0.770962518645162
AT1G69450.1	2.65361569773374	5.52580801242553	0.000387183251051644	0.0186303870484059	0.23055987563705
AT1G69720.1.DE	3.24280343677435	4.19860634234634	5.3643643555563e-05	0.00346393706817868	0.250174854962599
AT1G69940.1.DE	-9.96591777813242	7.64744476302245	7.19077296447784e-20	6.56253909981463e-16	0.254282835049689
AT1G70560.1	-3.2603511412218	3.92565608527685	0.000148023840593815	0.00815441595899006	0.284897987246166
AT1G70710.1	-4.69519043264926	6.87108117514091	1.90346589468428e-07	2.51763249906091e-05	0.277601375842724
AT1G70810.1	2.90135634602665	4.92189870042897	0.000201647286792153	0.010630961611041	0.244850473859542
AT1G71680.1	-10.9545842886913	4.92393195073164	2.5634737828841e-19	7.79837207795377e-16	0.253711379004566
AT1G72230.1	-3.70384783330096	4.53785612310848	0.000178974617552272	0.00962700599992861	0.361549121241789
AT1G72260.1	-9.04897585626359	6.49430753149256	4.6338870590969e-15	2.81935986202253e-12	0.301778752141249
AT1G72670.1	-5.93468206859834	2.87321613170129	3.85476519535945e-07	4.79725528562484e-05	0.390779717259974
AT1G72930.1	3.38532827270639	8.01457079451028	2.54939529504871e-05	0.00186133050088369	0.250592202296819
AT1G73620.1	-5.47458748181822	3.18040569112029	3.06094338283614e-07	3.89793343621724e-05	0.347120665619658
AT1G73870.1	4.61176927095207	5.71622730194517	8.42389261399322e-07	9.6501153087247e-05	0.300378838113702
AT1G74055.1	-4.41619239083776	1.48905831917731	0.000985299995004672	0.0395550272188166	0.57881006377872
AT1G74810.1	5.53397711893178	3.01389149237394	2.17236990590617e-06	0.000224442700580396	0.408136505766597
AT1G75050.1	-4.93758193621005	3.00153394476601	6.33458877970634e-06	0.000576195037207906	0.382047607614347
AT1G75060.1	-4.21673373127622	3.53346534190801	1.2626007811318e-05	0.00101078206978385	0.326381902183776
AT1G75150.1	-4.14651551996965	2.424740547056	0.000439987857181494	0.0207697026582278	0.480270223897477
AT1G75640.1	-4.91939028750559	3.63603797250077	9.66022689667738e-07	0.000109292294299227	0.328359533979345
AT1G75780.1	-3.04222481377942	4.0706880287507	0.000687042647254053	0.0296228986443602	0.315722602955664
AT1G75870.1	-7.35562266206863	2.80898428102725	2.71969275309475e-08	4.51287684163523e-06	0.4216439194621
AT1G75890.1	-4.35381511590809	2.57034232098851	8.803048525752e-05	0.00520558672973141	0.416472160642354
AT1G76530.1	3.6771704914617	4.02249121950547	7.62140928788687e-06	0.000673117951267918	0.251575617526465
AT1G76540.1	-5.13341896233322	4.53518041316656	3.10391713724407e-08	5.08875133536559e-06	0.277964069026198
AT1G77730.1	-6.56633771595013	-0.194032738826881	0.000872135156447189	0.0361243395588012	0.823317628333117
AT1G77920.1	3.17399245845387	5.19380359138608	8.68315142333511e-05	0.0051569631848046	0.256643785418772
AT1G78070.1	2.92923583257418	6.63480076549751	0.000143425761097462	0.00796522091904138	0.239431700194623
AT1G78160.1	-10.2423996921152	3.38221836665682	4.03882707475301e-13	1.75522295999465e-10	0.33498849121785
AT1G78290.2	3.21658769236104	5.74179118743314	5.14971750930123e-05	0.00334902887617953	0.24752991923777
AT1G78770.1	-3.37766007310131	3.07306579478342	0.000521873801991592	0.0237743474621095	0.355796029816696
AT1G79820.1	-2.37368321439892	4.69129789906518	0.00131681642123207	0.0497971226476695	0.229061473452174
AT1G80370.1	-5.65815871377387	2.68277020774731	1.99355584483638e-06	0.000211556455332462	0.415138832390483
AT1G80470.1	-6.49091736419013	2.80200436663896	1.67229487825633e-07	2.30079203375779e-05	0.411234473040051
AT1G80990.1	-8.74379719176459	-0.35648316149987	0.000418556909797335	0.0198952597801063	0.854462218716305
AT2G01830.2	-3.11837279879404	4.10625741687359	0.000150778757697727	0.00827288899199611	0.265640605814463
AT2G01913.1	-4.35338259312201	2.16381955049152	0.000247586000917307	0.0125997344221467	0.471195138108036
AT2G02170.1	-2.50114165234752	4.99494606677843	0.000694611924128963	0.0298552274265728	0.226433156408474
AT2G02930.1	6.34055643660694	0.955694251728068	0.0003243890250729	0.0158880986001269	0.777808397111978
AT2G02950.1	4.15437057729068	3.10793014646644	3.54488798173611e-05	0.00245089616292811	0.351335968777093
AT2G03200.1	-5.65741899009515	4.20586295053724	1.87537606167134e-08	3.27044084028661e-06	0.30906342072908
AT2G03210.1	-6.98100179222397	0.988500322404383	8.48114639951999e-05	0.00509222165071179	0.712531059200219
AT2G03310.1	3.26315604705134	4.60137088280302	0.000334518720181936	0.0162678295557038	0.319365441989514
AT2G04495.1	4.62444775950702	2.09807065064041	0.000150253356462867	0.00826061575621854	0.4804954093076
AT2G04570.1	-3.48516004874258	7.75535892101145	1.45337770340764e-05	0.00114344908452867	0.248284654505847
AT2G05410.1	-8.25617246754533	-0.805405575785356	0.0011693904197381	0.0455430160768269	0.898710310975515
AT2G06983.1	-10.077593294082	0.91655295457312	8.21999699167858e-06	0.000716736616672509	0.690910700415976
AT2G07560.1	-9.76719910203096	6.60120673586984	2.05739395275719e-19	7.38032091566966e-16	0.249582444006922
AT2G14610.1	7.58182526597017	4.68531491230582	9.71730326499198e-13	3.8557977694524e-10	0.285401149308761
AT2G14710.1	-9.19264775616716	0.0650705098114239	0.000126682814410346	0.00710747699946896	0.794585559918394
AT2G14900.1	-5.14453303134006	3.3683272200002	9.3715248493874e-06	0.000794374547527485	0.426304322883653
AT2G15390.2	8.17991378577366	4.06135326835051	1.67646640780805e-13	7.64999562989612e-11	0.283618398707513
AT2G16130.1	-11.2578031832128	2.0737400608818	2.06929714994272e-08	3.58577763723303e-06	0.520381204181472
AT2G16570.1	-5.18634127057849	2.39895340917448	2.29005584346635e-05	0.00171779284762371	0.462221123515839
AT2G16730.1	-7.67045341494008	5.31715231087322	4.13254749529315e-14	2.05572393546941e-11	0.261550859757174
AT2G16750.1	-4.7095890121758	6.42375847897164	1.63219318251159e-07	2.25696046181742e-05	0.275679347568936
AT2G16780.1	-3.72444734336442	4.29622785060575	5.16332286448039e-06	0.000477303206439223	0.248273646652168
AT2G16850.1	-3.56290255595794	4.09834252627892	7.65343761390313e-05	0.00467730956319317	0.305008846730345
AT2G17000.1	-9.0418970166814	-0.078942758358548	0.000230034233189172	0.0117942083716973	0.836175682650416
AT2G17845.1	-6.92030511980594	0.929387651092531	8.30426922652369e-05	0.00501904165900645	0.699774001686332
AT2G17950.1	-10.1394512897059	3.26801214238521	2.67679041509414e-12	9.77171263664834e-10	0.356352351645565
AT2G18050.1	5.06016490265067	5.17511989648481	2.1245358346536e-08	3.63368653215905e-06	0.267541615331762
AT2G19100.1	-8.64758785657046	-0.449838111263093	0.000936254282577233	0.0379196834359202	0.962503680538283
AT2G19500.1	-11.5529572919123	2.3654671228899	3.62444509847857e-09	7.46117912415375e-07	0.488636796421632
AT2G19800.1	-5.04501240441707	3.58488509785581	1.79171126181121e-07	2.42746712828778e-05	0.301133738978531
AT2G19920.1	-6.67269029944127	2.36820505304378	5.2082400945359e-07	6.36591096197761e-05	0.454848904846763
AT2G21050.1.DE	-2.64742135236322	4.57189376596432	0.00113772440660516	0.0444996521834895	0.270654365659778
AT2G21510.1	-4.7831097155668	2.25891441174949	6.49247303572212e-05	0.00411475507511657	0.458816960213998
AT2G21790.1	-3.51972635780305	5.89447754071433	1.12053526720159e-05	0.000911922614106472	0.245271079229263
AT2G22055.1	-6.70955159635249	3.01199215634685	4.5718331103412e-08	6.99286138145428e-06	0.395221417650546
AT2G22610.1	-5.34645976599636	4.25236504628839	1.83983087527248e-09	4.09534386455977e-07	0.249094714611641
AT2G23360.1	-2.42782309386766	5.04830539829841	0.00119285142526234	0.0462269490738202	0.234826183416876
AT2G23660.1	-10.8492369876658	1.67131297529832	3.09246953325882e-07	3.91984830329136e-05	0.59228074414885
AT2G24165.1	6.22985418666938	0.275895981527266	0.000636810913935779	0.027807409908529	0.785395643166756
AT2G24170.1	-3.02738670169177	3.62257297570063	0.00103831734651048	0.0414403653500152	0.333132266126494
AT2G24600.3	3.09369374360887	4.33650385943397	8.56684913529777e-05	0.00511464587137481	0.244647639457264
AT2G24700.1	-7.01650962057203	3.0544702516063	5.57423053067815e-09	1.13049524221805e-06	0.36794312560702
AT2G24800.1	-10.0081222941161	0.849012037844754	1.03816374445137e-05	0.00086655210068361	0.698871205345225
AT2G25130.1	-5.93995206819738	0.0303580842103721	0.00131312065460647	0.0497260448166952	0.826274684799899
AT2G25210.1	-3.12774031604416	5.77555810776088	7.4885834818839e-05	0.00461744030334875	0.246484741878103
AT2G26010.1.Hnull	-5.28319532305833	5.09279307751049	0.000614891526245058	0.0270226566566026	0.733615351892813
AT2G26490.1	-8.96344058204211	3.47394628723187	8.1862853089217e-13	3.3452582906413e-10	0.315855246258138
AT2G26650.1	3.43845043440475	3.43851980440382	0.00031100997577409	0.0153980870284246	0.341494851179036
AT2G26850.1	-6.72689156924947	3.6624032483889	1.91695611683807e-10	5.04657130027976e-08	0.299262905128215
AT2G26940.1	-8.17419243924438	-0.881017014437645	0.00129190302597737	0.0491947328904512	0.895688220107657
AT2G27650.1	-9.70743424206602	0.558065173406298	2.74063125111254e-05	0.00197771323673604	0.73131884337187
AT2G27660.1	4.32147933760471	2.40903590374732	0.000291427850067657	0.0145337032914433	0.475882043414634
AT2G28550.3	5.59234219948029	5.92261704421723	1.00281924823625e-10	2.74561881974604e-08	0.234177896710815
AT2G29040.1	-8.19049373899707	1.35958891462685	4.63878894101194e-06	0.00043794966350333	0.621795502408124
AT2G29550.1.DE	-3.4296349888428	7.24589012195363	9.39124631501859e-05	0.00550584438670008	0.296120853361467
AT2G29720.1	3.2364771421153	4.09521515587109	0.000310275922023403	0.0153895733135485	0.311096235521309
AT2G29830.1	-8.5085645689781	-0.574640011863183	0.000691115340429721	0.0297516460780272	0.875753753370719
AT2G29940.1	-2.68652983591845	5.28569257463977	0.000378741161595284	0.0182562575058403	0.234244525508987
AT2G31100.1	-7.22763014741932	0.40860611284309	0.000165847443293513	0.00902731043724274	0.752686376872188
AT2G31220.1	-6.08271642921033	3.87956495422932	1.52909392157475e-10	4.06456917269856e-08	0.261274849578024
AT2G31425.1	-11.3192715903884	4.44410982704696	5.00463499765033e-18	7.6123278667038e-15	0.268326246604572
AT2G31430.1	-5.6560863264489	0.260427068202963	0.000875459976652092	0.0361526677236163	0.742261542703874
AT2G31880.1.DE	3.46144847568452	7.04025201042956	3.39056338919286e-05	0.00236811824063039	0.26776962014469
AT2G32290.1	3.13119241243589	5.27681366818566	6.71753768743246e-05	0.00423777567613395	0.243462901804906
AT2G32360.1	-8.60712455301608	-0.483429467380139	0.000593187285189668	0.0262797324938639	0.873953382266889
AT2G32720.1	-2.63658093874534	5.85873694222296	0.000712719657515722	0.0304623270789268	0.250200938697476
AT2G33010.1	-7.46576181776564	0.657637188519242	7.15793499321818e-05	0.00444392521948573	0.716903470010414
AT2G33100.1.DE	-5.08528700368389	2.90289129286912	2.39353777441322e-05	0.00178077909580597	0.454968921199544
AT2G33190.1.DE	-8.97751542645542	-0.137985258767649	0.000219099602959878	0.011361227328482	0.817903225027284
AT2G33420.1	-7.19174653671482	3.73443425060552	5.52844185345198e-11	1.61621217435388e-08	0.306484771518341
AT2G33670.1	-8.98832406567424	2.12579957114345	6.60505002581508e-08	9.77511700847519e-06	0.509877618132503
AT2G34370.1	-8.50950847824401	-0.574371768798122	0.000650378594054645	0.0282805810402386	0.865967310870538
AT2G35310.1	-9.27196271619949	4.48499492100273	4.260600088401e-16	3.33288485200945e-13	0.267442814956521
AT2G36970.1	3.98782778456257	5.37141052373263	2.22294429741888e-06	0.000228804480898614	0.258862691110063
AT2G37620.1	-2.80002069800631	5.84307949159392	0.0002154298253314	0.0112134091021833	0.233409117502787
AT2G37770.2	-4.29472958252841	3.51905504715162	3.71228175319438e-06	0.000358763621479474	0.299181057423856
AT2G38080.1	-3.33931850963093	5.24464758388959	0.000470689716161636	0.0218794800319006	0.349722896535453
AT2G38400.2	-2.61369094185566	6.01636687631816	0.000573218485745673	0.0255605031290404	0.238270364500698
AT2G38530.1	-3.99505592625249	5.16819956167462	0.000281104816955481	0.0141217775842645	0.433324764575312
AT2G38790.1	5.45352809036221	3.82816803532953	8.53082897229117e-09	1.66832547451686e-06	0.277831609962832
AT2G38860.2	2.79698369247807	4.69513064512209	0.000312904847367596	0.0154360753442836	0.243834932667457
AT2G38905.1	-5.62464748740507	1.66091427873598	0.000494367464646278	0.0226915818141637	0.73081233174796
AT2G38920.1	-9.56490832651562	0.421480363371337	5.71706889494026e-05	0.0036743574947082	0.777995389637386
AT2G39030.1.DE	4.10371563277627	2.74939518050997	0.000224445685859089	0.011550936904391	0.428121253756615
AT2G39900.1	-3.45083398193456	4.03581512871925	3.58420876737278e-05	0.00247184009677328	0.265049046666905
AT2G40000.1.DE	2.71242344791393	6.70104909522716	0.00065489265423877	0.0284156988595932	0.2595868047529
AT2G40550.1	-3.83884475396379	4.02004533446781	2.94402052249354e-05	0.00210455190301176	0.308213204628004
AT2G41100.1	3.29019336123831	6.49665452254264	2.4458503730998e-05	0.00180986317202971	0.23776120228188
AT2G41180.1	3.76367124546367	4.51731507101021	2.53322736630416e-06	0.000254989823757506	0.237431418353412
AT2G41225.1	-9.29301810330994	0.16082097237418	0.000100102349710049	0.005810704554974	0.786443250907127
AT2G41990.1	-5.9442399822341	3.17689505302282	9.71929524438897e-08	1.40796076452977e-05	0.357868640869401
AT2G42005.1	-6.37281246075541	3.46132741262285	1.73780594351597e-09	3.89994991209211e-07	0.310239702555271
AT2G42140.1	-5.93648790337021	1.19540021793889	9.96671258101885e-05	0.00580592816501521	0.617073921078656
AT2G42410.1	-10.8267735563688	1.64910712376467	2.6504198148844e-07	3.43913953136114e-05	0.58221906059343
AT2G42740.1	-3.11522990803787	3.86928703478215	0.000147150230903972	0.00812263341112872	0.26377440075774
AT2G42830.2	-9.34648276431191	3.33054968873521	2.54734210655122e-12	9.42482155881973e-10	0.338683749530292
AT2G43040.1	-3.72034050485809	3.74755291191004	6.32302942063249e-05	0.00402600517459295	0.318944735037408
AT2G43360.1	-2.46740100915396	5.93052564627683	0.0010812137562906	0.0427950148880952	0.238425883844342
AT2G43550.1	-3.11850596143653	5.8653503417616	0.000472963543799097	0.0219479133316534	0.312717880407751
AT2G43840.2	-4.15179763359907	2.1916084857805	0.000366239451456232	0.0176847794381308	0.463501541777107
AT2G44190.1	-4.80804171763253	2.15697839712907	7.76453601172602e-05	0.00472411625477882	0.470318609481968
AT2G44380.1	5.97687533413562	0.0891704034585685	0.00129485788468673	0.0492054388023063	0.839067568110577
AT2G44490.1	2.92497553780854	7.20470631709077	0.000196101534709228	0.010425366832629	0.248799620482562
AT2G44830.1	-3.34004505441121	4.32964849214437	7.04473064824932e-05	0.0043935690300323	0.271357328895733
AT2G46430.1	3.77321844154611	5.86251096197942	2.27488982051672e-05	0.00171110462626174	0.294580446185761
AT2G46455.1	-4.6353065092191	0.895696292892327	0.00126100013614179	0.0481283243389344	0.634006931773059
AT2G46860.1	-9.07252404529962	5.25424079993581	8.30391724429257e-17	8.74434423967254e-14	0.259522945159592
AT2G46950.1	-5.764745318751	2.31219395193858	3.42665051952169e-05	0.0023811742277661	0.55064609978229
AT2G46970.1	2.57382414666415	4.82968253199256	0.000546277579711315	0.024601345978	0.229126698141325
AT2G47010.1	-2.77339846435486	4.26993288706566	0.000561484661434439	0.0252428383340123	0.261152662837084
AT2G47040.1	-8.31511975583112	8.50617085935991	3.26686651362978e-16	2.71041025080817e-13	0.256070106306356
AT2G47240.1	-3.37420460556377	8.39240518610175	3.61874870302819e-05	0.00248315089574458	0.258714487048357
AT2G47460.1	-5.51001827197808	2.89786238989092	8.60875463303149e-07	9.82079554574038e-05	0.377174139875199
AT3G01015.1	-5.72362737069217	0.714074824141203	0.000843777814081073	0.0350558312165792	0.781425136276403
AT3G01290.1	6.28812675082516	4.85659762936913	3.50463813529078e-12	1.22887475576277e-09	0.235349712998277
AT3G01328.1	-8.63317298905415	-0.458714920119055	0.000628086333036939	0.0275142011395494	0.890268094428153
AT3G02120.1	-5.52222730138738	2.93910801831339	1.35678791627474e-05	0.00108070632187309	0.47994740120291
AT3G02550.1	-4.08495998758482	3.66285887723947	2.4803086718102e-05	0.00182059976207752	0.33262335354399
AT3G03480.1	-3.66308896477806	3.07113838602291	0.000492028706236259	0.0226788787004083	0.402155913884936
AT3G03510.1	-9.36203086024809	0.226672824189035	8.22630337564014e-05	0.00498291947171795	0.778639560529313
AT3G03650.1	-7.65227460691667	3.49795787657602	2.10705769899492e-10	5.49420311816971e-08	0.34702469826197
AT3G03670.1	-6.54377336401154	0.600082744299219	0.000469757077851773	0.0218732636641219	0.82024676533298
AT3G03800.1	-9.2193335795632	2.35420077790714	1.47751788054519e-08	2.64398444780698e-06	0.480657584597323
AT3G04620.1	-5.7375443734707	4.59401897576482	7.73709395965929e-11	2.18385459300528e-08	0.236745520390473
AT3G04720.1	6.10646584691533	4.44122241901279	4.38918352917016e-10	1.11269866523287e-07	0.280477090216927
AT3G04920.1	-2.56881861471079	7.50924856254833	0.00109012725398693	0.0430686783360868	0.256608838359455
AT3G05930.1	-6.32562402875316	3.41808976294396	8.96408724175297e-09	1.7406223020706e-06	0.337069925214818
AT3G06100.1	-7.0937280825022	3.63327658999744	7.64401452884284e-11	2.18005701859571e-08	0.304605241664392
AT3G06160.2	-6.12178049484093	3.78098082454484	5.47451368696851e-10	1.36260645668646e-07	0.280497900239194
AT3G06490.1	-4.52851238583324	2.17367022800172	0.000156570217069562	0.00857347194629505	0.469404327127342
AT3G06830.1	-3.49846253770267	3.80397558821819	3.87716827454469e-05	0.002627549262098	0.272730542970312
AT3G08770.2.DE	-8.83012192252669	9.05776802458016	1.1440138598816e-16	1.11864126677494e-13	0.268725108429301
AT3G09080.1	-6.65362977330315	0.705591423323402	0.000181518452772377	0.00973375314129618	0.73294478384761
AT3G09940.1	5.61920321314049	1.80747368859043	4.42776094066877e-05	0.00295677236084317	0.536991717541477
AT3G10116.1	-9.4115985316085	0.273887809307743	6.84967400591016e-05	0.00430131249100492	0.768858999242071
AT3G10520.1	3.02213716048602	5.82339545925314	8.50207616413172e-05	0.00509361801526832	0.236554898801532
AT3G10880.1	-5.51656841180296	1.39549512459343	0.000709511289753162	0.030447820693028	0.74486847015077
AT3G11080.1	3.60995065160244	2.86978991736838	0.00108046581841613	0.0427950148880952	0.443322071739764
AT3G11430.1	-7.35827567760382	4.18489603507557	3.12323186641475e-12	1.12514427987591e-09	0.282248384945914
AT3G11480.1	-5.17383092847311	5.05210987740413	3.74226193311571e-08	5.95694124806831e-06	0.285931891077836
AT3G11660.1	2.91510894941039	6.71968780766989	0.0012113408561819	0.0468101573882028	0.32458303769676
AT3G11825.1	-10.2573039986466	1.09161649334199	4.54221968405673e-06	0.000431563362726116	0.674270849850555
AT3G11840.1	4.26774070487317	3.28913971336233	2.45282349142904e-05	0.00181013084560204	0.354630416937995
AT3G11980.1	-9.92166793421429	6.58251233232082	9.67146137728908e-17	9.80722003884436e-14	0.299528078783683
AT3G12145.1	-6.74047580104541	8.76914318377129	2.54967239441113e-11	7.84353713332386e-09	0.288663239555128
AT3G12420.1	-6.548025020847	-0.211231128175222	0.000897214130111553	0.0366639189079466	0.82460547483589
AT3G12470.1	-6.76946801213877	0.800304807397961	7.54378419892019e-05	0.00462061001302541	0.668203433266245
AT3G12850.1	-9.22239697780902	0.0939833030286342	0.000130691398193044	0.00730244855332115	0.804055869317925
AT3G12890.1	-9.24762075002772	0.117380686241959	0.000111052078303098	0.00629502039722676	0.789015659832918
AT3G13220.1	-9.80198191159061	4.99398593849345	2.33714293011988e-18	4.57061687741086e-15	0.248646827183199
AT3G13227.1	-6.70327089986788	2.57947098692773	1.75958268526707e-07	2.3984297460791e-05	0.425819240002195
AT3G13400.1	-8.04352614370259	7.81200315827082	9.88060700605315e-12	3.33976715084851e-09	0.34970565196579
AT3G13450.1.DE	-2.76369025977221	5.01448754015338	0.000257531016994524	0.0130572994709131	0.232769176996555
AT3G13510.1	-3.19052491630579	6.9571526451993	8.07687416963721e-05	0.00490325361176268	0.257953757155077
AT3G14020.1	3.39309287417544	4.38035362077572	2.75415480246116e-05	0.00197916021880798	0.251214743271066
AT3G14190.1	-4.76408822367741	4.25339435867344	4.1958920560497e-08	6.52723457969232e-06	0.252830468457313
AT3G14380.1	-9.36689394706901	2.51531772629231	5.68524914334627e-09	1.14453261982116e-06	0.465794827254784
AT3G14520.1	-7.52510797758372	0.714953970063503	6.04525921139801e-05	0.0038581154300435	0.711354046479767
AT3G15720.1.DE	-5.21961565558452	1.55444359309304	0.000441366760375195	0.020798933790555	0.647480813855079
AT3G15870.1	-6.56565833749934	0.621884259894825	0.000261121548638814	0.0132148740853643	0.75422436166206
AT3G16030.1	2.93085329316976	3.83338804081117	0.000925377193291425	0.0375903593102759	0.309891534386187
AT3G16180.1	-2.67304756240527	5.29298541666188	0.000420130226026617	0.0199354340699874	0.235801905769195
AT3G16220.1	2.4746127737525	5.10825029330518	0.000818935057765704	0.0341793032722061	0.228098977749913
AT3G16660.1.DE	8.41406333018946	4.43409304106205	9.29896358787812e-16	6.88098173168959e-13	0.248071818668095
AT3G17060.1.DE	-7.04551831977622	4.03998534106038	1.23651577375572e-11	4.12860553288509e-09	0.282170443212981
AT3G18360.1	-7.21251624514687	2.89225025586129	1.02302149111796e-08	1.95062416997617e-06	0.390238358864114
AT3G18950.1	4.00803240347242	4.40911707740763	1.22351076969725e-06	0.000135074602272343	0.246933356598973
AT3G19090.1	-8.58335492000364	4.05327220209893	3.25500413972239e-14	1.65117240618631e-11	0.280016007295248
AT3G20150.1	-4.89184004761175	4.25171123677596	1.60315012484727e-08	2.85017190053205e-06	0.24746555232537
AT3G20260.1	-4.80013597629533	4.43944975482926	1.2552629816945e-07	1.76245359875967e-05	0.275511951446288
AT3G20520.1	-9.42739893620099	3.93563989194727	2.43005681218605e-15	1.54726803397307e-12	0.275365321190046
AT3G21040.1	-5.12478240037995	1.05883253302295	0.000442716165307572	0.0208139905498434	0.621949873440109
AT3G21780.1	4.80901452455171	2.96578711334267	1.0795918487622e-05	0.000884974408001806	0.387883881270864
AT3G21970.1	-10.836233731697	3.96223766787801	1.17101921848759e-15	8.01533379574296e-13	0.295931540722616
AT3G22030.1	-8.24180552047511	-0.818612766954019	0.0011872977622105	0.0461092559312925	0.896293538403752
AT3G22060.1.DE	3.42112874388278	4.0551805723216	4.94935120130476e-05	0.00325741073414719	0.270444041909097
AT3G22275.1	-5.3496191667385	2.71490212541877	2.05108696315025e-05	0.00155990861011363	0.47638968140035
AT3G22880.1	-3.93542338346324	3.77206483748863	6.84405686479523e-06	0.00061437191115157	0.277188099900772
AT3G22910.1	-5.11219404728046	5.40722043665026	1.09004459261344e-09	2.56294470267623e-07	0.230185993938715
AT3G23570.1	2.51861142524279	5.41754976183195	0.000812868750438656	0.0339779137683358	0.235659205979606
AT3G23670.1	-5.62715931718519	4.20563928599573	1.08623581835793e-08	2.02313268508992e-06	0.29700331315515
AT3G23890.1	-6.09290272261521	5.89634119172844	1.3082467611462e-10	3.54638495776453e-08	0.267749109979809
AT3G24620.1	-8.37396520123414	1.53889904982596	1.89892537890475e-06	0.00020468770846076	0.593967201200978
AT3G24660.1	-2.84732922251584	3.87490826656813	0.000413119617752858	0.01967096002514	0.260362683757664
AT3G24900.1	4.60703626032492	2.05583115312192	0.000243891137920888	0.0124348146464357	0.514981123434764
AT3G25260.1	-6.52695853589643	1.74803540545658	1.15686972686902e-05	0.000931586360351379	0.560920384066454
AT3G25510.1	5.23153843487228	2.78558447708407	3.50421780662296e-06	0.000345115033552266	0.391792461360463
AT3G25717.1	3.65826439307503	4.53766237434225	3.80839120960374e-06	0.000365859448869266	0.234757323003682
AT3G25760.1.DE	2.81084183200858	5.20579051143842	0.000215934203201489	0.0112183350084508	0.234492619066971
AT3G25980.1	-5.6597252987829	4.10012136492179	1.14916012885823e-08	2.12586859243307e-06	0.300221681116415
AT3G26050.1.DE	-5.10603992693172	2.75497444997208	2.56226543104482e-05	0.00186575173501532	0.456295450152699
AT3G26125.1	-7.05252024913074	5.43411963951314	2.37953832645581e-14	1.27743882039282e-11	0.230973718124219
AT3G26500.1	5.89250368414934	2.22998488513499	8.35776784316372e-06	0.000726435954850729	0.491660427384138
AT3G26830.1.DE	4.41460692918752	2.25788972764838	0.000239138778722909	0.0122152623556987	0.478557002521154
AT3G27060.1.DE	-3.39160607183238	5.73920833151151	7.46281831751893e-05	0.00461744030334875	0.282148126253347
AT3G28230.2	-8.65911299732604	-0.43556971346503	0.00048777875561714	0.022558943496692	0.857737669483123
AT3G28780.1	-10.8398835518709	7.6761707304939	3.73309328218401e-21	1.02208360972916e-16	0.260561645365302
AT3G28810.1	-6.92455648731584	4.09242413825049	2.43236769587489e-12	9.24941599241091e-10	0.259373753187475
AT3G28900.1	-2.78557829835544	5.86355479383954	0.00028730625530097	0.0143543028538052	0.240594815496566
AT3G29020.2	-9.31691445647006	0.184054616096811	0.000106307038303906	0.00608908033833187	0.798532796778945
AT3G29050.1	-8.28145390064541	-0.781974351586249	0.00121603184277322	0.0468266326628523	0.911020378309976
AT3G29156.1	-8.92737577720734	-0.186005045439986	0.0002506918833485	0.0127341244419269	0.822906465971839
AT3G29410.1	-10.6472564203292	1.47270711199935	5.76341677183461e-07	6.95139153286607e-05	0.600381005180319
AT3G43600.1	2.54332026187886	4.35602397736431	0.00129577856665557	0.0492054388023063	0.257985272501835
AT3G43860.1	-7.1394250923594	4.86593459501946	8.51575857668974e-13	3.4287199128116e-10	0.263455969633706
AT3G44705.1	-9.84757298751791	0.691712114457292	6.894140132772e-05	0.00431932866579324	0.849181567584086
AT3G44860.1.DE	4.38221888604515	6.28528720373188	8.79158235816659e-08	1.28034432651193e-05	0.236725786273922
AT3G45260.1	4.64237683842129	4.58099978016137	2.11603238274706e-08	3.63368653215905e-06	0.233784353735495
AT3G45780.1	3.24894057148484	8.74366412162131	8.44012665780273e-05	0.00507873028052705	0.267453639840257
AT3G46320.1	-4.01744383424095	5.05631429716501	1.05039202803504e-05	0.00086835045369708	0.300416089204512
AT3G46900.1.DE	4.19025873709721	3.23732574821694	3.68468694165427e-05	0.00250952845212816	0.360100687253725
AT3G48160.2	-3.90141652766445	2.26487749773147	0.00110053177328055	0.0434126410000431	0.497217467214306
AT3G48490.1	-5.23533425590108	1.82067121945691	0.000100173583766673	0.005810704554974	0.539925497978122
AT3G48720.1	4.70999056352175	5.02102930222999	1.39378109738116e-08	2.51054820165782e-06	0.234096081851419
AT3G49270.3	-10.3771414648152	1.20826030240001	2.03877032530754e-06	0.000215158873265577	0.638503283564155
AT3G50410.1	-3.97558849693572	2.50653222518046	0.000325717326556503	0.0159246690781973	0.429576880883644
AT3G50740.1.DE	6.63309817698282	6.17132443705415	2.10461316640679e-11	6.54797771398312e-09	0.277926011749654
AT3G51230.1	-5.00900550579973	2.03551742830618	0.000565089189668902	0.025363240858926	0.643685588980424
AT3G51490.2	-6.61034186164998	3.47105809836112	1.16986409959101e-09	2.7143821341273e-07	0.319553306531839
AT3G51740.1	-3.89337603439851	4.71241368476829	6.03845388818701e-06	0.000551089430015574	0.271174581857163
AT3G52130.1	-9.75671173787555	5.19773374698151	3.35013644564242e-18	5.39549327913199e-15	0.253054862959283
AT3G52160.1	-9.01358640911063	5.43024384919308	1.37508568393808e-17	1.88242354702704e-14	0.245907222817178
AT3G52580.1	-2.50524968181815	5.95250295127265	0.00089409741472155	0.0365911705794639	0.237295746401149
AT3G52710.1	2.79652537710343	4.85894861407731	0.000175022390524987	0.00945155430016492	0.225781970735353
AT3G54180.1	-6.02217617356565	3.44290532011144	4.10906792681281e-08	6.45556842298668e-06	0.346626303026748
AT3G54560.1	-5.77309971526986	5.55374834227406	3.91771597383408e-07	4.85353600215399e-05	0.394025041174411
AT3G54750.3	-3.57232996598906	4.07022537933844	2.74491774703128e-05	0.00197771323673604	0.272147284327077
AT3G54820.1.DE	-3.15749395519596	5.35454528750931	4.9097669816087e-05	0.00323914482384252	0.238380036681427
AT3G55090.1	-4.47988838671852	3.00650048527669	1.42467523288989e-05	0.00112462616764076	0.359085364921344
AT3G55190.1	-8.80013392746406	1.95692874845269	2.47565333924864e-07	3.25869772958118e-05	0.545041171953341
AT3G55290.1	-2.82457705758419	4.92444759752758	0.000181670179889782	0.00973375314129618	0.230668861371218
AT3G55780.1	-6.98433143606054	1.00773429888019	3.91404108762448e-05	0.00264598841822397	0.650251587852547
AT3G56130.1	-2.8897319125959	6.16903841058812	0.000312621650532181	0.0154360753442836	0.259430357687789
AT3G56180.1	-6.86658821757379	1.79299213612173	3.70257390020592e-06	0.000358763621479474	0.535023541785966
AT3G56220.1	-6.05036853258625	3.26727300837262	1.24169577548686e-06	0.000136531681273312	0.442693877460211
AT3G56480.1	-2.74791444220126	5.46661323247407	0.00073336924574915	0.0310819142095449	0.269506389698209
AT3G57240.1	6.04537790283757	3.09459869266436	1.84600611956694e-07	2.46545373403041e-05	0.378521164257099
AT3G57500.1	-6.30879036544101	0.343271549883244	0.00053999228286869	0.0244407095499098	0.778944671724771
AT3G57860.1	-5.36569675125622	2.45904423792642	5.13129222775052e-05	0.00334499166437099	0.524524955740156
AT3G58280.1	-9.05328539808978	-0.0659384420847782	0.000214992344612427	0.011211953148845	0.829682681961031
AT3G58310.1	-10.8871617234426	1.70865895132451	2.92292881045948e-07	3.75712994843053e-05	0.59374452108615
AT3G58340.1	-7.74744953506796	0.909832302670799	3.16410000534116e-05	0.0022384985541663	0.689509221810461
AT3G58780.3	-4.47845886653834	3.67812010194186	2.65464189729336e-06	0.000265260731773704	0.310762130692098
AT3G59030.1	-8.57033705870938	-0.520354676264427	0.00073246134694337	0.0310819142095449	0.900830885795944
AT3G59210.1	2.4968509545968	4.85142770721521	0.000847931839290806	0.0351750391332469	0.233007628591656
AT3G59890.1	-4.50676198241424	3.20138426973368	1.81999410681644e-05	0.00140365122959232	0.373737146456392
AT3G60330.1	-4.70023154473222	3.09918789763262	5.00843053870599e-06	0.000464833287183835	0.350027486860773
AT3G60955.1	-4.20566426060662	1.63656450428138	0.00123905519404689	0.0476461968508566	0.561847362034237
AT3G61610.1	-3.38554665001697	3.28925358318333	0.000333179954300853	0.0162604883579377	0.335265303591191
AT3G61760.1	-3.92635172061427	3.21120769922248	8.64891100072012e-05	0.00514779422366775	0.358351976938608
AT3G61880.2	5.82419242781625	3.94842176180516	4.72956296242695e-07	5.80675804252411e-05	0.39736591257916
AT3G62150.1	4.13574125051729	4.51451090724303	2.2470927557599e-06	0.000229564002089367	0.273139982408535
AT3G62170.1	-9.21199279350004	7.90523885110179	3.06808210931825e-18	5.25006375443902e-15	0.255022695371841
AT3G63470.1	-4.19983836749391	1.80079923252669	0.00110757836291207	0.0435695229858757	0.551956896580412
AT4G00460.2	-4.48958414897159	2.53674328762037	0.000101662889483637	0.00585984894983684	0.441665938246705
AT4G02410.1.DE	3.93033678663835	5.50198615810613	2.03038733593718e-05	0.0015484672665912	0.310078469071479
AT4G02650.1	-6.79708447342856	2.83248512039496	5.33513993839909e-08	8.02586793260598e-06	0.403420045679532
AT4G03210.1	-5.21003813316596	8.49767946772248	1.96499143165865e-06	0.000209336577460631	0.387132216181222
AT4G03620.1	-6.6281687999557	2.0833024699954	1.60358759223824e-05	0.00125801216870747	0.601135677940749
AT4G04080.1	-7.6319291213055	0.818324118138976	5.03175996402824e-05	0.00330370638021892	0.713308877542306
AT4G04460.1	-7.94644219205784	8.20770002096855	1.76992893016594e-15	1.15378295664317e-12	0.253899257306741
AT4G04490.1	3.44400580770114	4.04471987945466	5.82216867692458e-05	0.00373314183151096	0.279014081627051
AT4G04500.1	5.79664592581102	3.08018084769039	6.25404504066312e-07	7.47727070603999e-05	0.393230252893673
AT4G08850.1.DE	2.64194712149877	7.19749936396592	0.00121280774362581	0.0468101573882028	0.274325575710896
AT4G10120.1.DE	3.04717898993861	8.62879096163228	0.000190781856259311	0.0101820983285062	0.265883292118764
AT4G10440.1	-6.43673976623676	3.61443599650804	7.63422091482637e-10	1.81754203849592e-07	0.303395458831225
AT4G10595.1	-8.52722994234552	-0.556996718185917	0.000726335637327248	0.030927439213659	0.887846686827823
AT4G11320.1.DE	-6.14011685112654	6.84272230606765	6.74416735741682e-10	1.61972419367294e-07	0.294498325502678
AT4G11810.1	-4.65671570539354	2.41434124190199	7.54237268990262e-05	0.00462061001302541	0.452215002067341
AT4G11820.2	-3.01172256029381	7.11359366269413	0.000125691744360934	0.00706635373482137	0.246980914801581
AT4G12320.1	6.97930335786549	6.42924676017299	9.94111738080052e-11	2.74561881974604e-08	0.318337947347477
AT4G12410.1	-6.67331326241729	1.59398579968372	1.62463085144415e-05	0.00127087908804827	0.590267161838385
AT4G12600.2	-2.79553451034278	5.51644075891037	0.000262936572252323	0.0132821778813586	0.238653226464986
AT4G12620.1	-3.97779509977593	2.64471699415713	0.000798859573645365	0.0334946037776975	0.492841884085189
AT4G12940.1	-8.38800687656027	1.55283418553719	2.0432195130958e-06	0.000215158873265577	0.599725883550284
AT4G13240.1	-11.0888364918658	1.90692792664477	7.20162810499884e-08	1.06007191336969e-05	0.552123277562906
AT4G13700.1	-9.28998494187937	0.157998949939962	0.000101410002052235	0.00585760431685261	0.787895024410184
AT4G13770.1.DE	3.51021763540329	8.06618095239548	1.73884299329258e-05	0.00134866238848039	0.255771029946332
AT4G13790.1	-6.22927848943878	1.45845247799396	3.98575525349004e-05	0.00268783234200256	0.594609267656788
AT4G13830.2	3.0395525790891	6.32114006048861	0.000298438732557166	0.0148562801066957	0.280865064202191
AT4G14090.1.DE	3.16355636409384	3.42788549306579	0.00088300247316294	0.036409223964952	0.34859825491339
AT4G14315.1	-9.43065096007523	0.292229488490769	6.66062058778829e-05	0.00421157346589043	0.769050781962338
AT4G14400.1.DE	5.96441934494386	9.68773138876006	3.08014654918574e-09	6.58838534141847e-07	0.307125755852255
AT4G14805.1	-6.45982959875808	-0.315034343047492	0.00115589074558473	0.0451456957537296	0.835299151735243
AT4G15160.1	-6.75285741692407	3.31431744283909	1.90038370622317e-07	2.51763249906091e-05	0.446375099649762
AT4G15210.1.DE	-3.97014442464896	7.87321309122681	6.42675966237283e-06	0.000582643221179158	0.283575437352081
AT4G16260.1.DE	7.76609773034738	3.22056858344735	1.34638541472812e-09	3.09770472855808e-07	0.383406493693239
AT4G16590.1	-6.31600797981655	7.31823780960067	1.03282657483094e-06	0.000115892454066788	0.48203547985383
AT4G16990.2	3.81640501304869	8.1369531533486	7.34084636320526e-06	0.000652548807072068	0.26955130779997
AT4G17250.1	4.4343643433568	4.57647351599335	9.12638761977114e-07	0.000103681064996562	0.282322773926363
AT4G18550.1	-6.17057879868896	2.84815682473224	2.84564680658403e-07	3.67504546780492e-05	0.403261828191511
AT4G18780.1	-3.12377092759275	4.692006425103	0.000107189988776071	0.00611407229729178	0.255870098221655
AT4G18970.2	-3.34679289137342	6.15173538612886	0.000996277285276406	0.0399371534313071	0.395357336962279
AT4G19038.1	-5.89466752711851	0.852971136755796	0.000202179628844501	0.010630961611041	0.654341648643921
AT4G19370.1.DE	4.10483803909337	2.70054756314639	0.000197557157044764	0.0104823980673035	0.421065467336712
AT4G19380.1	-4.83917174864683	2.78612087273386	3.34595161225593e-05	0.00234894382543474	0.436259202924009
AT4G19620.1	-10.9655017244878	1.78557302534423	1.30456389397921e-07	1.8223293292478e-05	0.564838189003203
AT4G20050.1	-8.39245854680472	6.06855858826893	3.19394375677873e-16	2.71041025080817e-13	0.252809033132825
AT4G20160.1.DE	-6.95098276707092	1.89740075186093	9.35744263808314e-06	0.000794374547527485	0.599512882578049
AT4G20680.1	-9.63365768188808	0.487209008492675	3.81052810907803e-05	0.00258879526298877	0.749701276700451
AT4G21070.1	-4.03108515363308	2.5863810767169	0.000778594830286937	0.0327184188194466	0.501021105746784
AT4G21650.1	-3.08124868894522	8.34073093910114	0.00036062264041604	0.0174443238020331	0.295501674911505
AT4G21960.1.DE	2.91586155191397	11.2221031372914	0.000718935816907301	0.030660036964338	0.298508985945655
AT4G22050.1	-9.05223045143779	-0.0671922710033769	0.00019818461343426	0.0104953511242101	0.819257723094011
AT4G22690.1.DE	4.21684317056794	7.25755979843266	3.7214240293718e-06	0.000358763621479474	0.296833789818257
AT4G23130.2	4.42220500951369	4.01214822922552	1.16012369274513e-06	0.000129117994242557	0.285585679593514
AT4G23170.1	3.00737298568858	5.20391473374174	0.000320903782615135	0.0157455639143724	0.277832635344168
AT4G23200.1	5.70657433296109	1.5594048882067	7.50250080872513e-05	0.00461744030334875	0.572874541944613
AT4G23320.1	6.67034621184009	3.14638762046262	3.14743442104713e-08	5.11795373825774e-06	0.380542849427316
AT4G23810.1.DE	2.76820144255777	3.89830274413983	0.000662546751893063	0.0286210865349431	0.266870514526134
AT4G25010.1	-6.19722439887638	3.64782234170893	1.04759981414715e-08	1.96453666517363e-06	0.331023638808933
AT4G25110.1	5.19417367725809	2.50614550115415	3.13205829941297e-05	0.00222157057460175	0.475808602846698
AT4G25630.1	-3.37426758649103	5.04590020104827	1.4142384085043e-05	0.00112233140250549	0.233320865451015
AT4G26440.1	-7.8469107592132	1.00611301937286	2.01469506176189e-05	0.00154079151106086	0.669607247654683
AT4G26760.1.DE	-3.69026267282384	5.42453820929819	2.72017721308429e-06	0.000270820843334672	0.232566120070615
AT4G26770.1	-6.15903061508539	1.1296833053526	0.000209989249731948	0.0109929171480134	0.711718800177824
AT4G27330.1	-9.42183132256732	2.55488678075633	3.35443473576882e-09	7.06469758697036e-07	0.454244837116992
AT4G27510.1	-5.2334059324547	1.2929501268415	0.00060402049796767	0.0266303980899466	0.674002444182089
AT4G28000.1	-8.01809417432802	4.44326261452046	9.42853177570261e-15	5.49242066993535e-12	0.254131055744807
AT4G28130.1	-8.5281795097888	-0.55672077263692	0.000657575808545973	0.0284869747819307	0.871632527427616
AT4G28250.1	-3.84296403598817	6.41455849019857	3.25079344894709e-05	0.00229390396491552	0.315248705374588
AT4G29050.1	4.29197890694305	3.43757513904033	8.85369338359208e-06	0.000757516472341774	0.322612232661345
AT4G29340.1	-8.9971381949603	4.45844306080091	2.90425062237297e-16	2.56501541257902e-13	0.256377196163913
AT4G29470.1	-7.67171044520401	2.21803071820824	5.27805133509857e-07	6.42256744460728e-05	0.527064071210557
AT4G29700.1.DE	-4.77040207354863	5.75812498393091	1.79983135630381e-07	2.42746712828778e-05	0.282195108411953
AT4G30770.1	-9.95225788920379	0.794742355657868	1.19203800589155e-05	0.000957091160214219	0.700950322289179
AT4G30800.1	-4.05679855041064	3.73521477830837	4.82737206350458e-06	0.000452632259337986	0.281313376669215
AT4G30850.1	-4.47873198091144	4.63284465799886	4.93724900038171e-08	7.46833924759396e-06	0.233570326893719
AT4G31500.1	2.73593904971322	7.677606048459	0.000438472899419057	0.0207339369830645	0.248148046790093
AT4G31910.1	-4.28230459423937	2.73859050188832	0.000229582398496751	0.0117931266199673	0.461570102477287
AT4G32280.1.DE	5.97919751499205	3.41422357784044	6.30483846335553e-08	9.38153110262016e-06	0.353902965138737
AT4G32830.1	-5.05674927134112	3.89962143911893	7.95229235863814e-08	1.16430915768531e-05	0.287479481221316
AT4G32940.1	3.99835300121076	10.018209609359	3.33864862029601e-05	0.00234894382543474	0.337382773062161
AT4G33010.1.DE	2.7615977578035	11.6643478174595	0.000713187174754084	0.0304623270789268	0.271676710936912
AT4G33050.2	4.15782438824196	6.39176725300251	1.93220973762557e-06	0.000207458707476276	0.274118140237708
AT4G33355.1	-9.06644328446242	6.34891186431782	2.84961037673214e-18	5.20129883363662e-15	0.244043384483875
AT4G33400.1	-3.29770397267848	4.79909442973111	1.75728709584838e-05	0.00135911761009132	0.229068394782289
AT4G33465.1	-10.1327605877812	0.970270461436549	7.00207923947312e-06	0.000626503031037694	0.68750817989071
AT4G33600.1	-7.15934040350441	0.364919430020689	0.000194741691783193	0.0103732155239923	0.761016656489413
AT4G33800.1	-9.38661594774726	0.249999775386367	7.5048794148442e-05	0.00461744030334875	0.773713362017715
AT4G33970.1	-6.15221133281961	3.33585890177487	1.35783985800922e-05	0.00108070632187309	0.565705266779748
AT4G34440.1	-6.48082765854348	1.96494204503898	1.11118379833833e-05	0.000908152275065827	0.562740033188838
AT4G34850.1	-10.4367777471702	6.11066000217725	1.34271635594583e-19	7.38032091566966e-16	0.259550329317723
AT4G34950.1.DE	3.63920239313981	5.71747302455991	2.00878116915621e-05	0.00154057197844056	0.274160554456811
AT4G35090.1.DE	2.83145066861909	10.5129609029174	0.000463940489983086	0.0216392277261447	0.26558476426048
AT4G35100.1	-2.74103756696999	9.46622967561997	0.000594222685842118	0.0262830741771751	0.260676295392494
AT4G35190.1	-4.1413047160072	4.13358203383716	2.12100741816379e-06	0.000221645275198116	0.271005638451925
AT4G35620.1	-6.00315061190947	3.07185342229185	2.34830926107858e-05	0.00175188989806731	0.569602221850328
AT4G35730.1	-4.90026690846543	3.48182342860131	6.610425781986e-07	7.83492846255388e-05	0.315419451101099
AT4G36070.2	-8.46778514589893	-0.612984965107271	0.000732896311808301	0.0310819142095449	0.873216289650784
AT4G36600.1	-5.48370212992925	2.19396361121283	5.1061049258821e-05	0.0033365166292536	0.542632149859643
AT4G37490.1	-6.52664093355725	3.74308045390446	2.14887941440637e-09	4.69924433128447e-07	0.325882783501253
AT4G37750.1	-5.07473812906199	4.99412582024269	2.2691313467387e-09	4.89185410569755e-07	0.236393585547357
AT4G37810.1	-5.93236516751132	2.4809815451702	7.37606577178688e-06	0.000653557620601142	0.492866406118682
AT4G37900.1	-7.45191854747716	8.05137414005591	1.6679681867678e-13	7.64999562989612e-11	0.271056109110905
AT4G38550.1	4.53554782292126	6.53040538827536	5.49861905169156e-05	0.0035422750827356	0.431773308680762
AT4G38660.1.DE	-4.71558452914811	5.57188778605313	1.82559384501201e-06	0.000197561003488474	0.330034492895266
AT4G39010.1	-3.92314299342088	4.12823126060549	8.4424370332709e-06	0.000727620565417957	0.28200766398728
AT4G39770.1	4.09919743775417	2.59052868409787	0.000569902843294401	0.0254679644894886	0.489304106343322
AT5G02390.1	-5.21584172941122	1.32302689609587	0.000526222643167337	0.0239326407762102	0.665650271726393
AT5G02450.1	-2.70888842571892	6.98856063600497	0.000638639426100924	0.02784284848283	0.258065516271539
AT5G02550.1	-3.19072338446646	3.35976852735608	0.00049479069151743	0.0226915818141637	0.32296106427237
AT5G02570.1	-4.67907157441921	1.94694217080707	0.000389143795846298	0.0186918736604838	0.552071161476133
AT5G03170.1	-2.8236183101339	4.13833515074309	0.000982035670943022	0.039481871710351	0.294653542088955
AT5G03610.1	-2.54680741809886	5.10334626410414	0.000712992508705933	0.0304623270789268	0.234755357365367
AT5G03670.1	-5.31071843154765	3.35219192653231	2.51872357097061e-06	0.000254465434131381	0.396859206274242
AT5G04770.1	-4.95827034654602	3.46434570567468	3.45991272639021e-05	0.00239820127938829	0.460948902477104
AT5G04885.1	-3.08603940125034	6.24661559521057	7.06861840386579e-05	0.00439844780180549	0.239944804463581
AT5G04980.2	3.18553299646197	3.80351118736614	0.000395795448316497	0.0189449013626877	0.313291179961769
AT5G05940.1	-3.72974904221707	2.45274479070971	0.00092138339139612	0.037483738295742	0.451784610373639
AT5G07030.1	-5.39045027212025	6.87158712958764	3.72477107949027e-07	4.65664417284767e-05	0.35717507898185
AT5G07570.1	-5.0103322930808	1.9972376637543	0.000145689330258621	0.00807455095779513	0.538589786094005
AT5G07660.1	-5.06137755851833	3.24331633516932	6.51327543064816e-07	7.75334643546592e-05	0.329541978560746
AT5G08480.2	-4.16432391428421	2.24021171433768	0.000339170440225594	0.0164648005016605	0.460522859354315
AT5G08640.1	-4.51406070790542	7.39633764281577	7.82594369757638e-07	9.07908951253999e-05	0.290443575920661
AT5G09500.1	-9.11945469807515	3.63767915940284	3.24015402139741e-13	1.43084156373935e-10	0.31319959997151
AT5G09660.4	2.54848445094624	10.2598731757535	0.0010631957299607	0.0423099358874911	0.252152050870581
AT5G10160.1	-2.92269968677358	4.93206146669163	0.000103229476339019	0.00593764670732351	0.227596533704076
AT5G10180.1.DE	2.61160314678719	6.4168482941334	0.000768025521923256	0.0324002631197794	0.249163291040983
AT5G10200.1.DE	-2.422310075291	4.56614335115536	0.00130587330711832	0.0495200904094078	0.237154888843402
AT5G10260.1	-3.80337040314702	2.58581432997957	0.000972093998905559	0.0391972924831153	0.474143988626278
AT5G10390.1	-3.78247105840655	4.75293908717105	8.34884978840531e-05	0.00503487132944381	0.339822955692619
AT5G10930.1	2.60678497003743	5.93928338458381	0.000513812990450744	0.0234461431092515	0.233222233880695
AT5G11400.2	-7.63282628663265	0.798744969133822	4.40144075538283e-05	0.002946382553585	0.698732969776496
AT5G11540.1	-4.05245108917244	1.91282599273042	0.00110200465667227	0.0434126410000431	0.524310505465673
AT5G11840.1	2.64693133268632	5.41304532242728	0.00119370513879948	0.0462269490738202	0.273629143490891
AT5G12000.1	-6.9940976716393	4.3446370860918	9.94024791317151e-13	3.88791496592461e-10	0.254772933030628
AT5G12870.1	-4.45388235874397	1.28334354004126	0.000949159895968559	0.0383855964427226	0.580509471788973
AT5G13130.1	-9.49067952802339	0.349492527519941	5.33467204057088e-05	0.00345290746569244	0.756868557843715
AT5G13200.1	3.31951188413929	3.56929604553661	0.000202296876063009	0.010630961611041	0.30461177019712
AT5G13670.1	-11.1883084600018	2.00517818454172	3.36331859319107e-08	5.41016298316627e-06	0.531738173447217
AT5G13790.1	-6.89246650623246	2.35222710511047	8.02744173065654e-07	9.27355810732681e-05	0.487149855899625
AT5G14200.1	4.10228931793055	6.68617865451134	8.60465579305651e-06	0.00073851683685923	0.306215380796031
AT5G14890.1	-4.13058062588836	2.91990496249546	6.42238382911674e-05	0.00407977834935933	0.373500457315074
AT5G14980.1	-7.35073505559776	2.27784850064913	1.18752393261807e-06	0.000131632460530972	0.540602592776064
AT5G15110.1	-9.33854379826373	5.18764369380078	1.04613441747122e-18	2.20323955507265e-15	0.235251594301089
AT5G15120.1	-6.95455881382791	2.1667195175315	1.29554554060305e-06	0.000141882965424683	0.506475276697361
AT5G15630.1	-3.17664040233259	3.39513232863582	0.000534904801254317	0.0242871617803349	0.32449122102237
AT5G15800.2	-7.00306708728459	5.72235016189063	6.06456378524702e-13	2.55448756732736e-10	0.257380887328541
AT5G15830.1	4.83141265786743	2.14478239028546	0.000140317614813221	0.00782435025656047	0.514223439621102
AT5G16570.1	4.83492892965185	6.35549193585744	4.43918433579528e-07	5.47479405088915e-05	0.307849740060916
AT5G17000.1	2.83208514174097	4.76198930404169	0.000238955984662426	0.0122152623556987	0.240194433643013
AT5G17160.1	-5.3041309125275	4.17836827161417	3.37900533299767e-08	5.41016298316627e-06	0.292210482975035
AT5G17200.1	-9.77462600792467	0.623189578837843	2.53444067774687e-05	0.00185535966085646	0.735593776024716
AT5G17340.1.DE	-12.775300340463	3.5794524586578	5.36115782890078e-15	3.19093783037988e-12	0.315623500807008
AT5G17480.1	-12.4138422825223	3.21984164830618	1.68311952398938e-12	6.49044076722608e-10	0.376307876432695
AT5G18000.1	-7.57151891887566	2.76554159615445	9.87642967023495e-08	1.42319351548086e-05	0.473386178217838
AT5G18090.1	-6.30413556312638	1.53126398393775	3.66982549941785e-05	0.00250563970944043	0.600575105995918
AT5G19600.1	-6.72876108104087	3.64655120089161	5.61779341287907e-10	1.38567176442537e-07	0.314804401387581
AT5G21050.1	-5.45625969595323	0.736065878537448	0.000546317190351145	0.024601345978	0.683692267012362
AT5G22200.1	-6.42425294121808	2.30596193507087	9.99133389544791e-07	0.000112573140215419	0.45591875638367
AT5G22380.1	4.43375563879435	1.30009272846715	0.00117470192662145	0.0456848921150124	0.605750697517921
AT5G22420.1	-9.27842806539491	0.147048198518271	0.000103733568419635	0.00595413285065238	0.788644468530083
AT5G23010.1.DE	5.48618382358465	7.37110182943996	1.09523550974513e-09	2.56294470267623e-07	0.257364787892777
AT5G23190.1	-6.34748250096582	2.02765741849016	1.04445813662147e-05	0.00086655210068361	0.54498780053654
AT5G23270.1	-5.4157479140833	3.07909941913852	7.52107839992717e-07	8.79998314152163e-05	0.365597758607601
AT5G23700.1	-6.95975565461637	1.88413238068109	2.24272472610044e-06	0.000229564002089367	0.522323916586185
AT5G23960.1	-8.43163786457484	3.65869491577912	4.42113909004651e-11	1.31572138202591e-08	0.361575258512114
AT5G24100.1	-8.5946435856011	-0.497083344830856	0.000600011916330718	0.0264963326729334	0.872119867077565
AT5G24820.1	-12.0866682823285	2.89475181348279	3.76760143101642e-11	1.13355120417361e-08	0.41357286549814
AT5G24860.1	-5.40702557254198	2.11500944913698	4.27691346246571e-05	0.00287709124542626	0.519560071252614
AT5G25340.1	-5.28850495032863	2.22902685094249	8.79761133701701e-05	0.00520558672973141	0.544049360578057
AT5G25380.1	-9.28122874959632	0.149247309205109	9.91946929297678e-05	0.0057907281401367	0.783639503554857
AT5G25830.1	-3.17169316198347	3.0465837028423	0.000912723032873089	0.0371866724955838	0.351515863464214
AT5G26150.1	-7.26499102932518	0.46505381372858	0.000142659510208919	0.00793876977644309	0.748303873143201
AT5G27200.1	-7.39002271764551	0.564911461132963	0.00010711254267285	0.00611407229729178	0.73770005306902
AT5G27870.1	-7.6741653667238	4.41194631724328	2.2860453691813e-13	1.02605960922647e-10	0.270226403619469
AT5G28237.1	-4.43876172238459	3.26487085493359	1.05296888355101e-05	0.00086835045369708	0.344165097748144
AT5G28470.1	-10.5667051411014	3.70450647116256	1.62024832035627e-14	9.2418289089655e-12	0.311679757753469
AT5G28640.1	-7.03577676417432	5.35987037056825	3.25663135739291e-14	1.65117240618631e-11	0.232636600687774
AT5G28680.1	-6.74296642873147	3.06530856351465	4.34067865851901e-08	6.71431870008994e-06	0.39863807969868
AT5G28970.1	-7.33991112999449	0.536672302087001	0.000110300951331094	0.00626541441181332	0.735487322025102
AT5G35090.1	-10.0589422048337	0.898064583182769	7.9782744160722e-06	0.000697882349002047	0.686265313108684
AT5G35110.1	-9.23612487121639	2.37092794965399	1.2691060068566e-08	2.31645689078179e-06	0.477246324672639
AT5G36150.1	-11.265754224209	2.08148686875523	2.5652032295556e-08	4.30875455349711e-06	0.529043442576998
AT5G36220.1	3.79977213500913	4.82886999678963	2.16513775305277e-06	0.000224442700580396	0.238454107566628
AT5G37010.1	-4.72113260231028	3.97127901216824	1.83334645219177e-07	2.46054865267443e-05	0.273884314107414
AT5G37320.1	-5.93723749923507	0.497825267243583	0.000826796179816498	0.0344548745923834	0.792940822537074
AT5G37470.1	-9.55049568425082	0.407064395827378	4.64655289624912e-05	0.0030878148482137	0.754439857905806
AT5G38390.1	-8.90504642956783	-0.206028899405185	0.000274953241043936	0.0138636183914216	0.82996960966077
AT5G39080.1	4.44465671528151	4.40574024146947	2.99744012334564e-07	3.83490248304113e-05	0.260788399942983
AT5G39310.1	-11.6968640945152	2.50790882615	3.41913110599272e-09	7.14598401152478e-07	0.499435287708109
AT5G39493.1	-9.25867730577005	3.77600467786755	6.94508832124983e-14	3.33595742364034e-11	0.302203780903046
AT5G39670.1.DE	4.28196374806519	3.04235025313159	2.59269349079683e-05	0.00188290066537205	0.355066819657072
AT5G40940.1	-7.35739601810199	1.38508240819878	1.42534526524469e-05	0.00112462616764076	0.636953442506865
AT5G41130.2	-3.28325545262527	4.88570440893431	2.80954293837023e-05	0.00201367738506907	0.238872452703676
AT5G41400.1	3.11530972825672	4.65553909669135	4.31795474297353e-05	0.00289758046342824	0.229062698876187
AT5G41740.2	3.20449980068558	4.93526990776268	2.32905878803225e-05	0.00174227597151735	0.225064347803277
AT5G41880.1	-4.12750641706064	3.59442163431127	0.000101010839425131	0.00584688324021284	0.396778115908696
AT5G42170.1	-10.0438966745531	4.5654400393736	4.48002856922807e-17	5.11077925820397e-14	0.268491933568999
AT5G42230.1	-5.63977137288777	2.48918887674846	1.13344825268838e-05	0.000918126618649562	0.48017643897501
AT5G42610.1	9.84190382226573	0.687340872575734	2.10474438785683e-05	0.00158748750950778	0.730864125552167
AT5G43185.1	-7.12199181083114	0.328974344723679	0.000205428854121519	0.0107747827528603	0.760563543033606
AT5G43530.1	-5.41863550412374	0.413121101200534	0.000965112019650067	0.0389731592713852	0.72732435343893
AT5G44568.1.DE	4.7414271576396	2.77268305727992	2.98684253327635e-05	0.00212960316975451	0.417994881898368
AT5G44630.1.DE	-10.2315401125921	5.68930290678462	4.21107074944325e-19	1.07873644178046e-15	0.257103297022331
AT5G45700.1	-5.97150928550868	3.24786436197095	2.10077249891326e-05	0.00158748750950778	0.569605920073789
AT5G45775.2	-2.56934508388959	7.12688963607863	0.00113109514281495	0.0443036536697146	0.258252036793531
AT5G46650.1	-6.52174258397534	1.09874319226503	0.000120187420370214	0.00677080531340759	0.703929132286703
AT5G46700.1	-3.73246715433143	4.77659333696207	2.73696268351916e-05	0.00197771323673604	0.293965959105136
AT5G46970.1.DE	-10.2667833092388	1.10095914751495	4.84933231775513e-06	0.000453139486443063	0.680183190032086
AT5G47220.1.DE	3.76816295227879	4.3499807891847	2.64998584019076e-06	0.000265260731773704	0.238562795841176
AT5G47470.1	-7.14738640128488	2.04658887878751	3.89143416393038e-06	0.00037252998592395	0.570287065971291
AT5G47600.1	-8.73930575206754	3.64894603121047	5.22301140680345e-13	2.23438795791987e-10	0.30787671328603
AT5G47740.2	-10.0279763556701	0.868099635568991	9.25141722417296e-06	0.000789079601808821	0.692519635438921
AT5G48480.1	-4.08830164532751	7.00741210595302	1.95671136961995e-06	0.000209268752300096	0.267782575900283
AT5G48650.1	-7.99316488565891	3.65900485475609	3.23938594744871e-12	1.15183308902855e-09	0.303383229666538
AT5G48657.1	3.8040029814321	2.46625998034521	0.000662762294574452	0.0286210865349431	0.441795474913318
AT5G49130.1	-6.66657018985792	2.12026686606575	1.94097874116497e-05	0.00149275440883022	0.618521101448763
AT5G49150.1	-6.05188845382022	1.9359647050388	1.04409753377533e-05	0.00086655210068361	0.512098019874799
AT5G49240.1	-9.49200193668561	0.350735167842868	5.31709851763207e-05	0.00344968815910541	0.756538732250069
AT5G49340.1	-8.65911274861491	-0.43556971346503	0.000489062416984049	0.0225801684900612	0.858134436288931
AT5G49630.1	3.16260576135186	7.93917047062633	0.000223744028599953	0.0115365117872658	0.289004456214841
AT5G51380.1	-3.89673527000922	2.62517088285275	0.000283429935378573	0.0141922371160058	0.409355573265263
AT5G51600.1	-5.58502916541947	4.39857529505052	3.92772396394313e-10	1.00502013466167e-07	0.24548653272655
AT5G51750.1	-4.51068813292816	8.15458226771921	9.97625846212074e-08	1.43005225358327e-05	0.250532319580266
AT5G51810.1	-11.2541946702458	2.07032531119471	2.76265858703761e-08	4.55655599123511e-06	0.530688643280027
AT5G51950.1	-7.44900296104032	6.3679593094757	2.0933519231414e-14	1.14627764607377e-11	0.249471689918783
AT5G52340.1	-4.65881499776916	2.4962856039596	4.87426738151372e-05	0.00322349194778899	0.429008424737046
AT5G52750.1	4.25281702504436	3.93438259944935	1.07779380153723e-06	0.000120444557111379	0.266101818355899
AT5G52760.1	3.91649279374951	2.79715701350139	0.000213260906708277	0.0111428823755075	0.39596233373462
AT5G53520.1	-8.82284030760962	-0.28390197672432	0.000318744451736799	0.0156958711224853	0.833597923853138
AT5G54510.1	-3.30305284680783	4.68828061545088	2.43701037196333e-05	0.00180820886108358	0.23732949400549
AT5G55340.1	-5.23157590397588	1.1387268439254	0.000390180791117807	0.0187088614361023	0.627238156922493
AT5G55460.1	3.37809404949393	3.55944355208525	0.000175622328206671	0.00946528292120167	0.307902457605396
AT5G57123.1	-8.67239063255279	4.34005078618032	1.80059764847024e-14	1.00609312280544e-11	0.281232208367697
AT5G57630.1	3.54707342117548	4.69360503557033	1.7191388805103e-05	0.00133716771049692	0.257718559158561
AT5G58120.1	4.27123931542317	4.72211662083178	1.02809285423604e-07	1.46604970084002e-05	0.228277992869996
AT5G58670.1	3.00175501411532	4.13866629636597	0.000220545403170704	0.0114020941091933	0.261714794694152
AT5G58770.1.DE	3.18503662100555	5.38444196455961	3.61546078750524e-05	0.00248315089574458	0.233912997727437
AT5G59080.1	3.55862248879361	3.86137498846847	2.06347259719445e-05	0.00156498105924063	0.262610231763669
AT5G59590.1	-6.94607447990914	0.954616419670902	7.72385224805341e-05	0.00470982963695889	0.697885190823995
AT5G60090.1	-8.46618224862653	1.62945898311577	1.61944436142894e-06	0.000175947488776044	0.596984459822077
AT5G60210.1	-2.44811171105436	6.00486523560808	0.00108163739736886	0.0427950148880952	0.23517555056434
AT5G60615.1	-7.91363771719297	2.83184328514826	4.31149736503723e-09	8.80929002666824e-07	0.408501987095681
AT5G60930.1	-5.17712314245225	4.5329466413981	6.10604545640573e-09	1.220273128109e-06	0.255511543599092
AT5G61110.1	-9.5130033352565	0.371519774253095	6.02463845469109e-05	0.00385393869745297	0.773550231240962
AT5G61160.1.DE	7.41587561015683	0.621182821989903	0.000118760056738505	0.00670418885246089	0.759442650030359
AT5G61270.1	3.88996747441589	4.26814291554667	2.95380173765324e-06	0.000293014991939159	0.253317997845731
AT5G61420.2	2.49867604707608	6.17687709640104	0.000886851463354927	0.0364269844545713	0.235954804065811
AT5G61430.1	-5.17105846744714	4.24819309112726	1.29738046479105e-08	2.35238276460359e-06	0.265425831312427
AT5G61600.1	3.67920811766388	3.05489198584923	0.000333932057344007	0.0162678295557038	0.382859973730263
AT5G61720.1	-9.10415112107926	7.14083807804998	9.58023510931036e-18	1.38051187925162e-14	0.257290547822311
AT5G62065.1	-8.35734650085596	1.50470796737332	2.46846531317887e-06	0.00025031152522046	0.604128434600927
AT5G62210.1	-5.69506143358844	5.95570919717165	2.13676004119072e-08	3.63368653215905e-06	0.319173841913228
AT5G62230.1	-5.50559478693376	5.30468970246659	9.44857346548955e-11	2.63971931542488e-08	0.227235272776651
AT5G62410.1	-2.95544239582134	4.76072268929391	8.5745368894446e-05	0.00511464587137481	0.226686635868129
AT5G62500.1	-3.86035328637224	4.17771798440217	1.01177923846287e-05	0.000852353962150001	0.279115814475788
AT5G62730.1	-5.26930479045208	5.00852531458766	8.1833762014063e-07	9.41397718564298e-05	0.36394019181605
AT5G63090.2	-7.98829863258648	1.16260827893439	1.12245853009197e-05	0.000911922614106472	0.651365803473422
AT5G63140.1	-4.45432751033909	4.40346830968443	1.24779887188096e-07	1.76100439758912e-05	0.24590577677932
AT5G64140.1	-2.55940469801534	6.31083466278712	0.00101922632759354	0.0407973649461747	0.251886183350367
AT5G64770.1.DE	5.17326233633934	5.92969858536594	1.48925639522918e-09	3.36978106156858e-07	0.239027044456876
AT5G65205.1	-3.54646166337882	4.75306262245696	4.71070399955787e-06	0.000443210875614759	0.227735951456412
AT5G65350.1.DE	-4.22119749133739	1.7191674854225	0.000899366402553053	0.036697097966468	0.538339364904195
AT5G65360.1	-3.77227921084609	6.63969751406632	2.46034238457435e-05	0.00181079876739949	0.297608205189562
AT5G65420.3	-4.21046409522094	1.86609225891668	0.000885451355137197	0.0364269844545713	0.535370227456517
AT5G65510.1	-5.90044825332751	0.477435484411374	0.00049672394430005	0.0227421486136974	0.724714741366368
AT5G65530.1	-4.08592065960955	3.62264349076612	6.55400138459582e-06	0.000592217834682669	0.291740854401998
AT5G66170.2.DE	-2.92826166787127	3.96080416918248	0.000301037036212737	0.0149584265235363	0.261055327697944
AT5G66490.1	3.14082906131657	3.80049133618803	0.000164240610731977	0.0089576567355195	0.270343230167158
AT5G66690.1	-4.78787922091929	2.15994517538689	0.000220720620836132	0.0114020941091933	0.537496028246558
AT5G66940.1	-10.0011002942101	0.842217413352926	1.07431331573064e-05	0.000883292020161835	0.699823961677686
AT5G67110.1	-3.86305360048651	4.37986248915678	6.78921013549877e-06	0.000611453237828358	0.269968584071481
AT5G67210.1	-3.3539648793141	3.49358291594343	0.000352545364761157	0.0170837867996385	0.335316550636244
AT5G67260.1.DE	-2.69953881275232	5.970437390578	0.000435654685632848	0.0206363142524944	0.241891022502761
