logFC	logCPM	pvalue	padj	dispersion
AT1G01150.1	-5.41503991292809	0.397361150147897	0.000986850090687251	0.0276114251037421	0.724700596343479
AT1G01460.1	-7.41119416693951	1.91247142865927	2.85861731662766e-06	0.000192982101410772	0.56977806545662
AT1G01470.1	3.03567157683779	5.66063681023744	5.67909811411754e-05	0.0024995937639167	0.226912161323307
AT1G01600.1	-5.38621251114122	6.30517870525638	3.49956625244482e-09	4.81151049017038e-07	0.265987608864398
AT1G02310.1	-5.98328995659581	0.0512960571381522	0.000915251619405747	0.0260304695953928	0.778603840223098
AT1G02790.1	-8.7585593240461	8.57104854339128	5.55151978481945e-17	4.05047424300096e-14	0.26017847594096
AT1G02800.1	-8.08698219107005	4.3643334300171	5.17734679223144e-12	1.19773498351988e-09	0.323279732590626
AT1G02810.1	-4.6122499742779	2.05307657763793	0.000323848381695433	0.0108349273382052	0.534826527783837
AT1G02930.1	4.28638168599566	6.01809696000719	2.5686399341505e-06	0.000176547462140707	0.294080780806566
AT1G02980.1	-5.7723205403948	1.02317837479881	0.000240230451194175	0.00843920677621018	0.660063942430974
AT1G03050.1	-7.38658429846738	4.78576134447173	6.90174944419501e-15	2.72762889492457e-12	0.230614612537797
AT1G03740.1	2.54168830243979	5.71818892489009	0.00163484247159291	0.0424253921834712	0.269831521942457
AT1G03920.1	-3.54583755568818	2.60412459950036	0.000704877927258627	0.0207310608993739	0.400004475785821
AT1G04450.1	-10.9481398395675	1.76934188032341	1.29618169920238e-07	1.19944228457898e-05	0.562342461783804
AT1G04470.1	-7.05893807256147	3.88933305539416	5.17704342085151e-10	8.53987075596115e-08	0.335588080631992
AT1G04520.1	-3.10360909565227	4.80517313768706	0.000854145759812787	0.0246248405222623	0.339306888882401
AT1G04660.1	-12.6157785928126	3.42155127859768	1.29327687882763e-12	3.22808715675791e-10	0.384206432864728
AT1G04670.1	-12.3142985504551	3.12181130286702	8.72072629269867e-13	2.29766913572908e-10	0.359272313078111
AT1G04820.1	-2.81491769853819	8.43035056368665	0.000677414783353125	0.0201104200942234	0.27841224286005
AT1G04880.1	-7.42002197814201	3.28454424963705	9.86583364494645e-11	1.83485161024151e-08	0.319778309075871
AT1G05440.1	-7.55470563929606	2.74914247856736	1.03775527944638e-08	1.24596314247454e-06	0.4063505501984
AT1G05680.1	-5.23568715762429	2.82483959520053	3.68217631638872e-06	0.000240865119730669	0.397790375338351
AT1G06260.1	-9.52739359214851	6.06599758489843	8.88272253535198e-19	1.12336830997085e-15	0.248073878762682
AT1G06460.1	2.92392528417035	7.01677131458732	0.00151046416539441	0.0397965350243498	0.339028949696034
AT1G07240.1	2.65129439631929	4.48887575969311	0.000415898071995589	0.0134405220200278	0.231481901810015
AT1G07370.1	-5.40878252104431	4.02347344793123	1.23097510527248e-07	1.15032501216842e-05	0.326877941807049
AT1G07410.1	-3.83926389777537	2.65771927840853	0.000423447040078429	0.0136148988987929	0.421235187469481
AT1G07820.1	-2.54492839597493	6.41534530826266	0.00127863666477326	0.0346510536153553	0.259214209898352
AT1G07850.1	-8.65746574358421	1.79192068379543	6.8257479663008e-07	5.37279829546582e-05	0.572165254893837
AT1G08065.1	-11.8295178025489	2.64056293654256	2.33809327513048e-10	4.06914031460782e-08	0.435948600703453
AT1G08135.1	-9.21446996872696	0.0854941556225478	0.000153953215318726	0.00577172429762102	0.821768737992531
AT1G08730.1	-4.37807688992467	3.81499633864495	4.63069165548016e-07	3.78638882346805e-05	0.261299739559047
AT1G08930.1.DE	4.86791180356641	6.31211875074244	8.25134185487324e-08	8.02707461471515e-06	0.276537575632952
AT1G09200.1	-4.22613190096894	6.38328257167911	4.98266379128395e-05	0.00226127110336499	0.383215042803922
AT1G09350.1	3.62864905305856	2.51149210847256	0.00151461653506226	0.0398301742384449	0.472071314045396
AT1G09380.1.DE	-9.9464310214139	3.09087858570716	7.44134130452021e-12	1.68050291127081e-09	0.361715226182768
AT1G09610.1	-4.92406183957846	2.39195746774753	0.000350561482512476	0.0116058487316957	0.595890579690755
AT1G09880.1	-5.78937325095131	3.07984504357892	1.1585833582205e-07	1.09891631527214e-05	0.347310355366856
AT1G10640.1	-5.1907525376711	5.84982064129807	3.4114483302865e-06	0.000225488414026254	0.401457044066518
AT1G10747.1	-8.69242890169651	-0.404825165400127	0.000417581010767356	0.0134719587997564	0.841375268580522
AT1G11040.1	-9.04753264449111	-0.0711744696194716	0.000203340085882453	0.0074097952237724	0.822523138696758
AT1G11080.2	-3.63862105531671	3.06321674000456	0.000875252760938554	0.025156886174249	0.437333889490925
AT1G11350.1	2.82535099203934	5.42096968889318	0.000564140915546992	0.0173448187486652	0.271473071549814
AT1G11600.1	-9.80359710330672	4.29145276104851	9.46626442013166e-15	3.52107913823329e-12	0.306036243546457
AT1G11765.1	-7.74543296306947	2.93836459199342	1.13485952461794e-09	1.73615203080664e-07	0.37126055136494
AT1G12000.1.DE	-2.67766382710942	6.25855948580837	0.000642476183346697	0.0192740200027491	0.253009687745023
AT1G12600.1	-3.81512668656918	1.83839022433246	0.00167729553375055	0.0434083168830121	0.515400620723774
AT1G13140.1	-7.42775686825943	6.12815803858125	1.15655364701871e-14	4.21919666998939e-12	0.243212959958526
AT1G13150.1	-4.48759158713472	4.55471056464209	3.84563177636385e-07	3.1580794284685e-05	0.269333167573208
AT1G13245.1	3.41859616832569	5.26465905170925	5.31208210030528e-06	0.000338155024975809	0.217319336368378
AT1G13290.1	-8.83581659495611	-0.271259270729407	0.000315093030763903	0.0105980758751618	0.834845428399479
AT1G13340.1	4.57030545917039	2.57780901725695	3.30654738315964e-05	0.0015799799460589	0.398964703709606
AT1G13890.1	-11.1295093379107	1.94809332909881	4.23748122030055e-08	4.29866410423002e-06	0.534636622885459
AT1G14630.1	-4.04045260825758	1.94984385165444	0.000822464963610013	0.0238930480240152	0.497574860219813
AT1G14880.1	8.88441593667155	6.42373377291566	1.37173249651459e-16	8.39411788996188e-14	0.26624103370941
AT1G15125.1.DE	8.44564426815304	7.60218659362236	1.13567495974823e-10	2.05178609394514e-08	0.412081798276189
AT1G16380.1	-10.0865152155179	0.925501541076717	1.08134320984e-05	0.000606895878422038	0.713714912127285
AT1G16630.1.DE	-5.837853200455	3.82074858255087	5.22928788456432e-09	6.9370343475654e-07	0.297346034341865
AT1G16705.2	-7.36006566896366	3.65952526537078	5.02625862476261e-12	1.17713735940428e-09	0.281664756431571
AT1G16760.1	-11.4418033179261	2.25645626508732	3.95245099599033e-09	5.394100388053e-07	0.481459856459503
AT1G17540.1	-6.80145002863541	3.00336784134237	1.91497307779816e-08	2.12334477841289e-06	0.381988424571618
AT1G17560.1	-4.49233699629089	3.39816766552522	3.15569371578569e-06	0.00021153183670832	0.315779546099052
AT1G18140.1	-8.13213663183289	2.14934532496515	1.67734512971874e-07	1.50090741088512e-05	0.506449168760411
AT1G18250.2	-7.0575795018767	5.51527893210721	7.60682565517415e-12	1.69766450210181e-09	0.28644867824026
AT1G18590.1	2.82946948730866	4.99136243169778	0.000142543963701705	0.0054081179828427	0.22452378880439
AT1G18650.1	-2.26612963143954	5.2345013628576	0.00189254934445555	0.0478051412307881	0.226004762308677
AT1G18990.1	-7.20161472094848	3.23741977427569	2.56335004228733e-10	4.42061366383552e-08	0.323467095628901
AT1G19850.1	-4.99963352210632	6.12991151022797	2.5396768273395e-08	2.69392249543252e-06	0.267006536953778
AT1G20120.1	-6.10281417790946	6.16759314048309	2.71268858948972e-11	5.53330134866882e-09	0.250403227553881
AT1G20130.1	-11.4350260175368	8.28192617484587	1.2759209110178e-16	8.17544777694781e-14	0.363526815825577
AT1G20135.1	-11.9387368865748	2.74885617235289	5.31633374334856e-11	1.06158790643497e-08	0.410239811065885
AT1G20150.1	-9.88020941651937	5.07474273634273	1.00982166781283e-19	4.78907925960236e-16	0.231552899985498
AT1G20480.1	-3.77378991385565	2.22490682841127	0.00138213609843086	0.0369804256519511	0.492783513908598
AT1G20930.1	-5.40544174136848	3.89556517835584	6.16838331592243e-09	7.96015180292847e-07	0.269098536887735
AT1G21120.1	6.14684888857345	0.691630806918081	0.000446226135308212	0.014274721394261	0.75840514265938
AT1G22350.1.DE	4.35078954089733	3.62165678564402	3.28081987626508e-06	0.000218375975623679	0.301776407903868
AT1G22780.1	-2.66427609182675	6.89179234555744	0.000838383911488346	0.0243182611635075	0.261757079386312
AT1G23070.1	-4.81313858733454	1.05131921526388	0.00105217353161858	0.0291808945830476	0.65097031659202
AT1G23250.1	-8.84864581410303	2.85384990842041	3.97286008300764e-10	6.61097857672412e-08	0.396293444858271
AT1G23420.1	-9.14509052533665	2.27431436285997	2.54762711204236e-08	2.69392249543252e-06	0.490730454414976
AT1G23570.2	-10.7697020390206	5.65167001427776	1.11679392862327e-20	1.09962729037545e-16	0.244214252322513
AT1G23580.1	-9.670453211563	3.66630615058014	3.08479756984721e-14	1.0559313577533e-11	0.300385322015552
AT1G23590.1	-10.7602618626684	3.88180858945	5.17719204879092e-16	2.88856862251658e-13	0.283995896241712
AT1G23640.1	-11.3976912781423	2.21280910145406	5.84291396761189e-09	7.59178616202723e-07	0.489824195122303
AT1G23660.1	-13.0272789521358	3.83136338093563	1.0207883576508e-16	7.17198338690211e-14	0.286007006500411
AT1G24020.1	-6.06602259310216	9.13160983081113	1.82344959831813e-09	2.64052205191565e-07	0.305879612208505
AT1G24070.1	-3.88167624493585	6.33884969861301	0.000114826508996619	0.00453803932430387	0.369817708098336
AT1G24320.1	-5.16543085249107	0.464875008503038	0.00126570174251423	0.0343495880622246	0.717321923465179
AT1G24400.1	-2.86130911817376	5.19783354503274	0.000131505958171138	0.00508478578229788	0.226672249264677
AT1G25240.1	-6.65987887086601	2.54613075582089	1.94382187963441e-07	1.7311878430359e-05	0.425394236475091
AT1G26515.1	-8.57271459937301	-0.515764370841032	0.000494314797802809	0.0156285861905321	0.838726558614486
AT1G26710.1	-12.968403467021	3.77270507096544	1.29290159888474e-16	8.17544777694781e-14	0.285559052607446
AT1G26770.2.DE	-3.26019217962967	4.59475625624691	9.68532753161449e-05	0.00395119705967155	0.271489854565888
AT1G27040.1	-7.5266201993431	1.50716788524243	1.67672202088931e-05	0.000876237375654826	0.666057261279632
AT1G27270.1	-9.35954079385913	0.225630233996404	0.000104179211223971	0.00421381585696956	0.804857954074
AT1G27400.1	-2.49246603205737	6.78122663063358	0.00125193658621595	0.0341224670122364	0.249086982262204
AT1G27710.1	-10.1704993106749	6.0386459647451	5.77992375935769e-19	8.43424259346272e-16	0.262166372529476
AT1G28270.1	-8.03974207919303	4.77445635812932	1.60422273010823e-16	9.22185005762219e-14	0.226733223217525
AT1G28430.1	-9.79093586765694	5.811367147835	3.28186205132836e-19	7.78211538921237e-16	0.246292572187449
AT1G28710.1	-4.71170696287161	4.59381837174048	4.7015307499903e-09	6.28084776952929e-07	0.21878605077421
AT1G29010.1	-9.2104007036077	0.0821838624437835	0.00013926538785853	0.00529431745025312	0.807694366272723
AT1G29310.1	-2.3858685097064	5.69148856131563	0.00136678050458016	0.0366730214595271	0.233823087108582
AT1G30080.1	-7.12303195152397	1.65037891669014	7.02194016851196e-06	0.000427018859210043	0.584343975274636
AT1G30250.1	6.32513265045401	3.79657748321148	3.20068116210998e-06	0.000213791977624036	0.515175447140373
AT1G30600.1	-3.82676710230259	4.04306009889734	8.28813375388165e-06	0.000486767483935402	0.270657676220839
AT1G30650.1	-5.7264782982211	0.960662359384902	0.00073752599465161	0.0215908458619461	0.768624862473436
AT1G30820.1	-2.68778914274834	6.99159203376004	0.00132015307125089	0.0356742218826629	0.286763180876944
AT1G31580.1	3.4135639771599	10.7679969480078	4.15524446374418e-05	0.00193198498718694	0.26779265118798
AT1G31860.1	-2.6005901533089	4.31932737184115	0.000600878553507396	0.0182670932051848	0.236379439289435
AT1G33720.1.DE	3.28804484522874	3.57310192243765	0.000231244578497451	0.00821415748648026	0.30566673377141
AT1G34095.1	-3.10504311370213	3.1681754058547	0.00073124967009743	0.0214721768215435	0.327760823919055
AT1G35110.1	-6.21504169262841	0.793271071342783	0.000205927813583106	0.0074693128559685	0.696087406606535
AT1G36150.1	-9.10983344814136	2.26521843353111	3.89938051823287e-08	4.04214472299878e-06	0.504627424839147
AT1G41797.1	5.39298817597505	1.40507388150836	0.00171258624723475	0.0439023798784368	0.831253450803567
AT1G42560.1	-5.52615316594649	0.461353890451645	0.0016900017496087	0.0435588766169526	0.816287542899543
AT1G45130.1	-2.96419709156123	5.08997506147489	0.000305558679219391	0.0103139646704481	0.269360428151976
AT1G49270.1	-8.11846840470501	1.25971587656217	5.21940154503627e-05	0.00233518979503156	0.7930428863143
AT1G49290.1.DE	-6.08402158513402	1.96153170030921	9.00568118475817e-06	0.000520834520633722	0.50810281891438
AT1G49870.1	-5.91236340397366	3.77948044705372	1.47070540496878e-09	2.23194252258063e-07	0.282610604431132
AT1G51210.1	-7.54819798654179	0.708051526821821	7.92402647988133e-05	0.00329646452463484	0.735447413472203
AT1G51800.1.DE	3.77470120679991	3.51484706384676	2.29254592191313e-05	0.00115663819517798	0.291334554466174
AT1G51860.1	6.83180169001461	1.35374002079199	3.07046014439964e-05	0.00148210251753845	0.635553903964981
AT1G52343.1	-11.2461479764803	2.06332671906986	2.253025314671e-08	2.41468306323778e-06	0.522128821265976
AT1G52870.2	3.37448051440199	8.43610648532654	4.00845008741746e-05	0.00187753822613109	0.261643432989809
AT1G53140.1	-5.13606659389818	3.58389073215051	1.1736135946281e-07	1.1076343228903e-05	0.299717927377301
AT1G54020.2	-5.55811983236414	5.79786541102816	1.64584199021019e-08	1.9037574728224e-06	0.303233961400108
AT1G54280.1	-6.97658069453008	3.13215475783707	3.50020267603328e-09	4.81151049017038e-07	0.355049876653094
AT1G54560.1	-10.9920507920688	4.12907443848866	4.52081181224483e-17	3.43039200313137e-14	0.273086627691934
AT1G55020.1.DE	-2.38630277103913	5.44658108210114	0.00151594021086754	0.0398301742384449	0.238092564935133
AT1G55200.1	-5.36180386924071	3.03481935476738	2.93685365617365e-07	2.55560155310157e-05	0.335753371841431
AT1G55910.1	2.37267386684134	5.45779466058117	0.00110272339211199	0.03049367747575	0.223006728262383
AT1G57630.1	5.50757603135399	0.963848987106	0.000588760784203496	0.0179562573574603	0.699759096978711
AT1G57750.1	-7.97199845171978	7.39318169699094	3.06028429363992e-15	1.29007984556332e-12	0.257911268787791
AT1G58430.1	-10.2658441923856	6.43745440479494	7.22598923403257e-19	9.79121541211413e-16	0.269937201580493
AT1G58561.1	4.78286342476331	4.25004818074833	1.00724723062849e-08	1.22794140791365e-06	0.233414012537356
AT1G59780.1	-6.10351940099923	0.164519076830319	0.000655115770365017	0.019601807829376	0.763102255812849
AT1G60300.1	-8.92879185093751	-0.182513424842951	0.000286978741126049	0.00980898507956964	0.841040750711846
AT1G60410.1	-9.96717164929391	0.810072958836707	1.45652409225125e-05	0.000773956919608015	0.718954391164497
AT1G60740.1	-6.84230621508263	4.31545579407788	1.75788839753571e-13	5.21049107832069e-11	0.231764295823946
AT1G61450.1	-7.75447380258223	1.75626075508632	1.27181545606662e-06	9.46130949081716e-05	0.548845246027235
AT1G61563.1	-8.28119564538832	6.34926731952371	1.12035582995488e-15	5.44952566519079e-13	0.259723765023793
AT1G61566.1	-8.42756627853596	6.47383400775844	2.95082350297688e-15	1.27220731480617e-12	0.274597683095058
AT1G61860.1	-4.96887365851905	2.98879367067222	2.04272961096216e-06	0.00014329492189376	0.348008184230044
AT1G61940.1	-8.67396864098329	-0.420939487501624	0.000440475675465051	0.0141145668303581	0.845891277523093
AT1G62180.1.DE	3.10996716863133	8.57050695913189	0.000133227863314083	0.00513685481111413	0.262813606777742
AT1G62870.1	-2.7911231517367	3.84032475251136	0.000482819997200775	0.0152906433170262	0.257650903322754
AT1G63060.1	-8.76766075482584	3.27477923010554	7.13939325692778e-12	1.63173843474602e-09	0.334196630057944
AT1G63350.1	4.08321243333549	3.00715642032164	5.66255373436598e-05	0.00249810800792843	0.36091364616532
AT1G63750.3	4.1373205355345	3.7489067223042	1.5283020961011e-06	0.00011150727216553	0.262963769468114
AT1G64030.1	-8.26509513846567	1.43763107763357	7.06100216017652e-06	0.000427018859210043	0.659768533770661
AT1G64450.1.DE	-3.05170800523211	3.56655987821633	0.000365269877312671	0.012029808285801	0.287340011645287
AT1G64680.1	2.57091913478711	6.53617188723156	0.00104449979264927	0.0290956843855458	0.254948820060811
AT1G65190.1	3.56036601758873	6.1650996130896	9.02411752799396e-06	0.000520834520633722	0.24492536913537
AT1G65470.1	-2.87810557876639	3.77003101770705	0.000586644887327172	0.0179205370573212	0.280127381558237
AT1G65730.1	-3.83846486610313	3.72694313754204	7.49349544789886e-05	0.00313800460588612	0.341591843482103
AT1G65790.1	3.81048182836168	5.1128784190133	4.37833012847217e-05	0.00201594472177469	0.320169009968321
AT1G66140.1	4.87099855514706	3.45851962037743	3.42227465575034e-07	2.89823884908857e-05	0.297544023798494
AT1G66210.1	-6.63450294091765	3.06903038676105	4.88655720268214e-08	4.90465556269208e-06	0.392844771971443
AT1G66360.1	-6.03652406366811	1.26059893446125	0.000147571370961771	0.00556546502414472	0.661762244148397
AT1G66920.2	6.08472126306618	4.1611585672388	5.68448564682497e-11	1.10035400734969e-08	0.25056675950532
AT1G67000.1	5.48332153623254	2.96708554215258	1.17330102089582e-06	8.86753799457915e-05	0.382427933135885
AT1G67040.1	-4.0695752185819	4.0992802019601	7.06820884512142e-06	0.000427018859210043	0.293239194149558
AT1G67160.1	-8.5999377290172	-0.489980954311983	0.000499344488491841	0.0157613393455744	0.84384535954903
AT1G67260.1	2.82445877239382	3.1019213004981	0.00184495413431975	0.0469152545952354	0.325544253309132
AT1G67290.1	-7.38987944762921	5.32688204399757	4.01861130643517e-12	9.52913206038441e-10	0.294836455961285
AT1G67540.2	-10.2668293145354	1.10157429051664	5.76174155705586e-06	0.000359540254399177	0.69251427296747
AT1G67630.1	-4.20055711540447	3.55724931937924	5.60906155369379e-06	0.00035233078699858	0.300876261356205
AT1G68630.1	-6.39063132079903	0.464578768684274	0.000439864757316447	0.0141145668303581	0.780288767606628
AT1G69310.1	3.16339668971934	2.78413746080694	0.00128356177164871	0.034734902722077	0.367261114564332
AT1G69450.1	2.64602327212599	5.52725389996599	0.00034690321740881	0.0115249632823908	0.225805478778319
AT1G69720.1.DE	3.2348220924644	4.20077965579345	4.45878131271277e-05	0.00204306960150148	0.244142219568075
AT1G69940.1.DE	-9.97023004125415	7.65301252484365	2.45790814960024e-19	6.66093108541666e-16	0.262046625226566
AT1G70560.1	-3.25812947451868	3.93314411006475	0.000152160450901185	0.00571580941306037	0.285650192177199
AT1G70710.1	-4.71583803475374	6.88209566805908	2.40637608878008e-07	2.10363845180452e-05	0.284104505502248
AT1G70810.1	2.90478259237834	4.92931428536476	0.000129980302114141	0.00506309308235165	0.231747491029296
AT1G71680.1	-10.964120842102	4.92696583778992	1.70889945885965e-20	1.09962729037545e-16	0.236496052326491
AT1G72230.1	-3.72791363368418	4.5385542371084	0.000114584217804879	0.00453803932430387	0.345305788985874
AT1G72260.1	-9.06748596197273	6.49694364101216	8.6635376686211e-15	3.35402672599474e-12	0.310285962932699
AT1G72670.1	-5.94550280981887	2.87690362203123	1.45282778986198e-07	1.31866713749674e-05	0.364021961116742
AT1G72930.1	3.37623545248068	8.01348875310844	3.25145749552912e-05	0.00155757951237847	0.255976683513944
AT1G73010.1.DE	-2.6191095773158	3.62010976372397	0.0014088180254443	0.0375355027284808	0.274268764741117
AT1G73620.1	-5.48917874905896	3.18684847660999	1.29561771796882e-07	1.19944228457898e-05	0.326802944973817
AT1G73870.1	4.5944238569864	5.70075051606647	5.89967045482957e-07	4.72222567629185e-05	0.290530703875143
AT1G74055.1	-4.43119329737607	1.49202288430706	0.00151865599254715	0.0398463404960159	0.623785468982255
AT1G74810.1	5.53131001274516	3.02297123729468	1.20778255046638e-06	9.09191864378858e-05	0.389500962934804
AT1G75050.1	-4.95607194544462	3.00775566424623	2.71587804950381e-06	0.000184660238706406	0.358783317136685
AT1G75060.1	-4.23297579631335	3.53613565455622	6.92636916212032e-06	0.000423849106469104	0.31014471813543
AT1G75150.1	-4.166628597464	2.42876323862266	0.000348119748605263	0.0115451601941291	0.464579126372559
AT1G75640.1	-4.9378848873014	3.64892895404722	5.34097323928523e-07	4.34842327679145e-05	0.314732900287533
AT1G75780.1	-3.06713608147575	4.07542389687386	0.000604274152648085	0.0183116304724188	0.313199111389572
AT1G75870.1	-7.37231540161057	2.81483165740764	1.01490982600058e-08	1.22794140791365e-06	0.396483812512065
AT1G75890.1	-4.36058254060308	2.57476485160151	6.22164803800747e-05	0.00268237871093186	0.399920152094441
AT1G76530.1	3.66676807341855	4.01947680989126	7.68856829328656e-06	0.000454368039014474	0.250190741594553
AT1G76540.1	-5.15542119222082	4.54169202002537	1.09403352652659e-08	1.29711349988809e-06	0.262441012646141
AT1G77590.1	-2.58132725026837	6.69743957107393	0.00168911168560382	0.0435588766169526	0.279213947115042
AT1G77730.1	-6.56499719429631	-0.189461292838164	0.000899770340650968	0.0257057881960073	0.830906597824269
AT1G77920.1	3.17848300108161	5.20396369669662	6.69954757822762e-05	0.00284318607514492	0.249655581574585
AT1G78070.1	2.9219354700123	6.63411569074983	0.000205256995130424	0.00745924367360946	0.249760209318847
AT1G78090.1	-3.59087831462083	2.506756224445	0.00192450108184439	0.0485475871311011	0.48632046114136
AT1G78160.1	-10.2449843976617	3.38662530576118	1.66174895608666e-13	5.08441575757482e-11	0.323157718132369
AT1G78290.2	3.20493296201556	5.73440232554306	4.02974400398368e-05	0.00188286314668893	0.239494899596737
AT1G78650.1	-2.71974229746586	3.37514336474079	0.00158190890553973	0.0412537232979243	0.298565764481553
AT1G78770.1	-3.39002432196253	3.07695666033825	0.000296887486039824	0.0100931104125008	0.330278501346852
AT1G79820.1	-2.38308590314023	4.69749376696237	0.000981020910699309	0.0275295365029081	0.219547460418749
AT1G80370.1	-5.67294463459823	2.68926755572519	1.05855707175578e-06	8.06458941815546e-05	0.39435178984408
AT1G80470.1	-6.50827023834779	2.80980549446823	6.9276998751145e-08	6.80924697569545e-06	0.387201579729556
AT1G80990.1	-8.74435825130876	-0.355102626335677	0.000405863609100656	0.0131386222946066	0.849963695142859
AT2G01420.2.DE	2.3335501210226	5.78768378999814	0.00173979901371752	0.044539793913929	0.234728162742152
AT2G01830.2	-3.11674211608284	4.112597641825	0.000162454449383981	0.00603084325795326	0.267969878430697
AT2G01913.1	-4.35772231454108	2.16709645076894	0.000197609226001557	0.00722282662283149	0.457413904573921
AT2G02170.1	-2.50697308784454	4.9985476239307	0.000507259917927627	0.015984585785859	0.216703178622799
AT2G02930.1	6.33809746227797	0.967837604649014	0.000396801654882538	0.0128892592347975	0.803622986630211
AT2G02950.1	4.1443537495687	3.1022343841964	1.94165762295112e-05	0.000998190924319313	0.328498315717315
AT2G03200.1	-5.67865466601389	4.20983531322236	8.64554978731272e-09	1.07193515990407e-06	0.297335053590108
AT2G03210.1	-6.9939985563539	0.988645058773923	0.000112803493523103	0.00450501530975422	0.738448163587293
AT2G03310.1	3.25853795702928	4.61205036422329	0.000269219948030335	0.00930255448840703	0.309110060148835
AT2G04495.1	4.62006434668125	2.10071614571963	0.000126468956456153	0.00494663114221282	0.470006178217265
AT2G04570.1	-3.49364759390116	7.76088662408229	1.82712465084341e-05	0.000950704642638676	0.255040049160289
AT2G06983.1	-10.0793184708199	0.919134402564262	1.14549758006214e-05	0.000635382722040317	0.71668113389417
AT2G07560.1	-9.77400482209066	6.60913562907691	1.06541731199691e-18	1.26318540053634e-15	0.260357693351114
AT2G14610.1	7.56707928384711	4.67189099144998	2.6771330452274e-13	7.57988266686026e-11	0.270889756688879
AT2G14710.1	-9.19739003309712	0.0703531735580138	0.000137920403997727	0.00527489932225178	0.804569391218518
AT2G14900.1	-5.16966619380069	3.37201921814482	5.56719828486616e-06	0.00035233078699858	0.410342366787744
AT2G15390.2	8.1744677800739	4.06613819550441	2.04430342674982e-13	5.87582363718849e-11	0.285914722173542
AT2G16130.1	-11.2634800864019	2.08025625822663	1.44335913139467e-08	1.69240619920048e-06	0.50792185913186
AT2G16570.1	-5.18310114474357	2.40355670755791	1.82924193233061e-05	0.000950704642638676	0.451781083368866
AT2G16730.1	-7.67510927003192	5.32824431588296	3.11714053949313e-14	1.0559313577533e-11	0.257358045748445
AT2G16750.1	-4.72398374476162	6.42507775316278	2.21837215784965e-07	1.95732650392594e-05	0.282999025345267
AT2G16780.1	-3.73640445037939	4.2998427378729	2.92146606237628e-06	0.00019652557164283	0.237070477648322
AT2G16850.1	-3.58251540293974	4.10037469678276	6.4752142573392e-05	0.00277906820049151	0.301299040883397
AT2G17000.1	-9.05291988100237	-0.0679342656618229	0.000241518150969353	0.00846876030293646	0.844966639018549
AT2G17845.1	-6.94017525151274	0.9361594821753	0.000107681844013306	0.00434622251262217	0.724683400258721
AT2G17950.1	-10.1536374933995	3.2768456154672	1.09341639712566e-12	2.76561454046316e-10	0.342989389098677
AT2G18050.1	5.05858826634439	5.1845414729824	1.4452809924643e-08	1.69240619920048e-06	0.261249034742413
AT2G19500.1	-11.5621949092425	2.37552405376182	2.33769362768043e-09	3.33428933211262e-07	0.476138491222987
AT2G19800.1	-5.05202745062435	3.59410444785691	1.00431419712806e-07	9.72032669363231e-06	0.289969441305933
AT2G19920.1	-6.67998076855821	2.37633391919988	3.83511426853039e-07	3.1580794284685e-05	0.4447430604254
AT2G21050.1.DE	-2.66791458900045	4.57513319314986	0.000732340453533928	0.0214721768215435	0.255369396995893
AT2G21510.1	-4.78868705598095	2.26522737658309	4.95385242286502e-05	0.00225900433802282	0.445303772233547
AT2G21790.1	-3.5345690022085	5.89883813947924	9.80805620826928e-06	0.000560418151418278	0.243706056066399
AT2G22055.1	-6.72660906191619	3.01645723148551	1.70220676774062e-08	1.94523267373732e-06	0.371137084217703
AT2G22610.1	-5.36012042435508	4.25805936674585	6.86931607292515e-10	1.07694980085446e-07	0.238204390221188
AT2G23360.1	-2.43876280709297	5.05045998716846	0.000844801996092562	0.0244297162589572	0.2234128645255
AT2G23660.1	-10.8498980989462	1.6728915392778	3.52939205625086e-07	2.9494523042766e-05	0.598882028824462
AT2G24165.1	6.23709730989984	0.287758178672244	0.000689801084889579	0.0203824401563167	0.797899524421704
AT2G24170.1	-3.0496932454496	3.62714535393153	0.000682307085566164	0.0201924577428863	0.315824059229504
AT2G24600.3	3.09128587858318	4.34063803963476	5.40622589233167e-05	0.00240178232265883	0.231414542135712
AT2G24700.1	-7.0189021695092	3.057232319236	1.68724661628698e-09	2.46208217776646e-07	0.343600370052124
AT2G24800.1	-10.0105935582479	0.852298657356472	1.33631606407347e-05	0.00073054512205976	0.719001394053011
AT2G25130.1	-5.9341892986715	0.0349319739586565	0.0013637536387426	0.0366436353072906	0.832132169439671
AT2G25210.1	-3.13283229684559	5.77644189818854	5.99073674901594e-05	0.00262812054379811	0.241000523226318
AT2G26010.1.Hnull	-5.28436784890091	5.08313179066752	0.00053401296294678	0.016706988865404	0.718458891087579
AT2G26490.1	-8.9731975085611	3.47925866611953	2.97544739135765e-13	8.30062309030216e-11	0.303286339820673
AT2G26650.1	3.44128962642423	3.44930296183239	0.000233416748382875	0.00826103678511779	0.329657554062435
AT2G26850.1	-6.73700849256404	3.67235518776302	7.60426400918487e-11	1.44252888254237e-08	0.28672375378383
AT2G27650.1	-9.71050232832489	0.561882215566253	3.05346458465047e-05	0.00147765875435764	0.742309067279916
AT2G27660.1	4.32119048604624	2.41872275581151	0.000247373692784703	0.00862624807376069	0.46659078484452
AT2G27710.1	-2.52507736968148	7.6281620559548	0.00179309190296133	0.0457190233859897	0.271751478185744
AT2G28550.3	5.58449778857531	5.9197437493844	1.0259008932269e-10	1.88945048004992e-08	0.234107756578255
AT2G28710.1	6.07389024602329	0.076543651591179	0.0014455615266021	0.038246475595355	0.853988278947642
AT2G29040.1	-8.19249695821875	1.36681895174329	8.66356335907332e-06	0.00050413434638534	0.662977492632735
AT2G29550.1.DE	-3.44881623206112	7.24799470691938	9.85394365364158e-05	0.00401135860750173	0.300581566306418
AT2G29720.1	3.23589584432966	4.1066690708471	0.000326177112793815	0.0108936264607371	0.312817548607061
AT2G29940.1	-2.69165509203721	5.29384278921586	0.00032882579758232	0.0109627862568306	0.230548185545406
AT2G31100.1	-7.24358219446176	0.415464616052648	0.000180974207482268	0.00665325720143144	0.763688508668936
AT2G31220.1	-6.08995004284781	3.88501891941248	1.24350308062212e-10	2.22540126786807e-08	0.258912709321635
AT2G31425.1	-11.3256837365596	4.44613632378831	4.50067391582928e-19	8.43424259346272e-16	0.250459761723988
AT2G31430.1	-5.65537179260938	0.263050858271192	0.00101098478909093	0.0282450389529528	0.761192858283346
AT2G31880.1.DE	3.45243098483405	7.04354824053451	4.59938964980508e-05	0.00210241979895909	0.275641619586297
AT2G32290.1	3.12620204284637	5.28245722028455	6.12850990471357e-05	0.00266627887882465	0.24029639008631
AT2G32720.1	-2.64831593508301	5.85995839250283	0.000612029373211128	0.0184875751748648	0.246225953972573
AT2G33010.1	-7.46653615490191	0.663741632993423	8.1835725804484e-05	0.00338957143779708	0.729520384240479
AT2G33100.1.DE	-5.10608970898005	2.91839406203367	1.38686992292509e-05	0.000747412569258211	0.43227123913936
AT2G33190.1.DE	-8.9801548653803	-0.134683353908246	0.000234317105474226	0.00827745901461093	0.826609742539811
AT2G33420.1	-7.20848541004001	3.74579404003535	2.02015625213084e-11	4.21124880251891e-09	0.293275452918484
AT2G33670.1	-9.00108128208469	2.13192749371565	4.31189543276955e-08	4.35088597657651e-06	0.494951973594717
AT2G34370.1	-8.51312022423345	-0.570317564265121	0.000552652241237699	0.0171223271241102	0.840588943200808
AT2G35310.1	-9.27043357006263	4.48752750233055	4.51668997436913e-17	3.43039200313137e-14	0.249615060568732
AT2G36970.1	3.98758754140261	5.38059530890907	1.86103827720261e-06	0.0001332222495039	0.254971471314025
AT2G37620.1	-2.80913099309421	5.84952595471237	0.000188953621140673	0.00693317252038406	0.230673133640312
AT2G37770.2	-4.3065869232692	3.52681716915172	1.95674963520869e-06	0.000137990857174382	0.283771523119539
AT2G38080.1	-3.36947974703923	5.25860730536999	0.000370990137832287	0.0121759219977136	0.342699132412772
AT2G38400.2	-2.62756924625261	6.02171418302968	0.000606449732533234	0.0183482478886052	0.242579942619039
AT2G38530.1	-4.02428342422968	5.17064919411766	0.000203505709624956	0.0074097952237724	0.419879790216551
AT2G38700.1	-2.35325314550134	5.97076218526615	0.00169463489260493	0.0436190283754622	0.237208759950707
AT2G38790.1	5.45496507374301	3.83330627388934	6.97248117007614e-09	8.8770448185466e-07	0.274854425016367
AT2G38860.2	2.79735110042272	4.70226454697707	0.000243623426481251	0.00851111675939105	0.235834328672248
AT2G38905.1	-5.64694519455999	1.66091576897578	0.000512338411791279	0.0160724398886994	0.734100316202211
AT2G38920.1	-9.56401376809813	0.42155306448871	6.2469442705499e-05	0.0026871776147921	0.785811639710493
AT2G39030.1.DE	4.08387549709791	2.73680864538143	0.000163491162385223	0.00605747529384312	0.40777056057423
AT2G39900.1	-3.46814048659544	4.04317211586605	3.20549612336191e-05	0.00153944965721963	0.263583200278192
AT2G40000.1.DE	2.70867066924712	6.70736880931469	0.000921590702561822	0.0261324000412523	0.273477209701586
AT2G40550.1	-3.86205966302509	4.02536022938704	2.30030462062881e-05	0.0011574742348363	0.303306599299037
AT2G41100.1	3.28518065563175	6.49744351543528	3.83659224064994e-05	0.00180595917630594	0.248812861358096
AT2G41120.1	2.32778697455571	4.23378683969269	0.00174866129338606	0.0447063406139265	0.232420498457113
AT2G41180.1	3.75488868827302	4.51806482214729	1.47259728210337e-06	0.000107857800932436	0.226072329733156
AT2G41225.1	-9.2960861571463	0.164574392014501	0.000110430135596049	0.00443826201749375	0.797538277858048
AT2G41990.1	-5.95861394449822	3.18108761505981	3.92227179026467e-08	4.04377694898483e-06	0.337065431841354
AT2G42005.1	-6.38458801099991	3.46669065442272	6.80571802958022e-10	1.07587059184281e-07	0.295342899614384
AT2G42140.1	-5.93606888088297	1.19716105094802	0.000157282689864628	0.0058617929798271	0.654920176333827
AT2G42410.1	-10.8297949308622	1.65298844857728	3.37482594620901e-07	2.87087211657331e-05	0.594079366865012
AT2G42740.1	-3.11791416639763	3.87248545598515	0.000136876228106396	0.00525780700411038	0.261453480207299
AT2G42830.2	-9.35102369234905	3.33331058015986	1.37872697219401e-12	3.39668190422343e-10	0.329805499015471
AT2G43040.1	-3.74122008405046	3.75199877523623	3.95378932053501e-05	0.00185651939135022	0.304367191493382
AT2G43360.1	-2.47467751330008	5.93258014387296	0.00104770640891407	0.0291023891195383	0.238402912947123
AT2G43550.1	-3.14111777060906	5.86706562876076	0.000386776756331791	0.012628494092279	0.307480229538771
AT2G43840.2	-4.15738285433976	2.1953749612669	0.000303931644061096	0.0102773320638841	0.451728459461464
AT2G44190.1	-4.81577487783933	2.16346770111453	6.01334227545958e-05	0.00262812054379811	0.457003417024205
AT2G44380.1	5.95493453175528	0.0808547695056041	0.00134724344072454	0.0363028523729325	0.842806854330864
AT2G44490.1	2.92096362243448	7.20831533776407	0.000263243252604775	0.00911263595239522	0.25822903940145
AT2G44740.1.DE	-2.84528404200591	3.68716969091571	0.00186015433031234	0.0471753043396058	0.332414214820971
AT2G44830.1	-3.36062883784347	4.33584929832051	3.54739824477869e-05	0.00168235361758629	0.253908311446732
AT2G46400.1	2.5483794252206	3.68756523289934	0.00165502741785034	0.0428905329462036	0.268662426280425
AT2G46430.1	3.76855754145847	5.87163824394807	2.5669673077267e-05	0.00127809369626182	0.297583260192254
AT2G46455.1	-4.64243502556527	0.901354552799729	0.00158316871696831	0.0412537232979243	0.661822477017201
AT2G46860.1	-9.06859434809093	5.25770220216953	3.18087738795484e-17	2.72654180592803e-14	0.252438677272043
AT2G46950.1	-5.79127604067426	2.31944655597424	1.96169185670726e-05	0.00100035737961658	0.533255881844289
AT2G46970.1	2.56397130133966	4.82598999129725	0.000379822468781067	0.0124442698320844	0.215612210539883
AT2G47010.1	-2.79190943330299	4.27807262914054	0.000385550290162022	0.0126101534558165	0.25003619949211
AT2G47040.1	-8.32243297122709	8.5146858845129	6.90702197921893e-16	3.63961685960508e-13	0.262033801227735
AT2G47240.1	-3.37697030905602	8.3990901424434	4.42337887212812e-05	0.00203175538024868	0.264813150850634
AT2G47460.1	-5.51674014046403	2.90435484163902	3.47205093181682e-07	2.91437195471527e-05	0.352189628380286
AT3G01015.1	-5.71270835623463	0.718233598132698	0.00092343334159745	0.0261455678956771	0.793402744022298
AT3G01290.1	6.28238665274717	4.85948077443669	1.03306350068471e-12	2.64827224432283e-10	0.22425699715687
AT3G02120.1	-5.55096755216855	2.94718393419026	6.31085632546996e-06	0.000388691378227809	0.453635324848012
AT3G02550.1	-4.10914406467407	3.67153500152713	1.43463746805168e-05	0.000764468336206192	0.317144239626955
AT3G03480.1	-3.68561945028114	3.0832674669567	0.00029610347794464	0.0100845295809871	0.378275643075381
AT3G03510.1	-9.36487312693847	0.230228306101576	9.29774270232709e-05	0.00380946391065108	0.792049812911191
AT3G03650.1	-7.66791273536323	3.50099050768122	7.98948395056291e-11	1.50059911427899e-08	0.330955515718942
AT3G03670.1	-6.54859047351535	0.614570114566396	0.000478353691857272	0.0151999489690661	0.825454082821918
AT3G03800.1	-9.23388387989194	2.36226682428678	1.01627201392959e-08	1.22794140791365e-06	0.469496421269689
AT3G04620.1	-5.74715476773282	4.59789977905288	1.74789681221118e-11	3.76790937814161e-09	0.221603614673876
AT3G04720.1	6.08447844880103	4.42781056222262	1.41471892891143e-10	2.50815122256541e-08	0.262555174913343
AT3G04920.1	-2.57436652369557	7.51061040736423	0.0012554839451052	0.0341313367568619	0.263848175458651
AT3G05930.1	-6.34203812085224	3.43002087421748	4.44704796096461e-09	6.02574998710705e-07	0.3243509926803
AT3G06100.1	-7.1054149714329	3.63702303775019	2.36071921349008e-11	4.86770037825074e-09	0.288567027240935
AT3G06160.2	-6.12321204436306	3.78593259640821	3.06445252400924e-10	5.14448357349162e-08	0.272588481863762
AT3G06490.1	-4.54040415542332	2.17983917953354	0.000121376957301041	0.00475727454545609	0.455098826682474
AT3G06830.1	-3.50569103983648	3.81198590781664	2.98049073283494e-05	0.00144974126158664	0.265814479472917
AT3G08030.1	-2.93139380357583	6.65253186517289	0.00143117727778366	0.0380244159097423	0.33728308754859
AT3G08770.2.DE	-8.83926522258333	9.05954500215458	1.41813894166729e-16	8.40690491357138e-14	0.270672674133621
AT3G08990.1	-2.79228983177185	3.16634168212147	0.00182361897220489	0.0464349689969486	0.319248950074584
AT3G09080.1	-6.64830008641723	0.710088551435353	0.000210938549122665	0.00762191290829895	0.748685615371381
AT3G09500.1	-2.5094986158321	7.52102156040974	0.00156376642719741	0.0408603982423345	0.262242447683317
AT3G09940.1	5.60619529408201	1.79914216790154	4.2273168886114e-05	0.00195590735065752	0.532402304714054
AT3G10116.1	-9.41538130831714	0.278329302265967	7.89935954406772e-05	0.00329342528683439	0.783995710771527
AT3G10520.1	3.02005746090242	5.82601278958931	8.03233572779871e-05	0.00333421025725036	0.234684021369422
AT3G10880.1	-5.54050163378153	1.39697039385333	0.000979072136860487	0.0275155532388792	0.784877570361474
AT3G11080.1	3.60770160097846	2.88059736450908	0.000769281312632214	0.0224511792317432	0.420769195898638
AT3G11430.1	-7.37947081400338	4.19554534562143	1.69030970886963e-12	4.11091989452012e-10	0.275749226209513
AT3G11480.1	-5.17538381359126	5.04922195503198	1.7600007690729e-08	1.98733420174481e-06	0.273427726669556
AT3G11660.1	2.90115058257273	6.72352947583073	0.00161081048199034	0.0418590066347353	0.338332569720153
AT3G11825.1	-10.2575707294427	1.09281141007822	7.05424923377471e-06	0.000427018859210043	0.706110028433469
AT3G11840.1	4.26489193736662	3.29697634841205	1.95791889664591e-05	0.00100035737961658	0.344574768063089
AT3G11980.1	-9.9129125154529	6.585922821978	5.44815889971019e-16	2.95290212364292e-13	0.3119287589769
AT3G12060.1	-5.45904175649911	0.478274408220579	0.00170329100748105	0.0437824260324059	0.821240613722636
AT3G12145.1	-6.76324005981817	8.77914911696926	3.31929976904985e-11	6.69862942753997e-09	0.293307141669604
AT3G12420.1	-6.54746450022451	-0.205984690610506	0.000929329832326008	0.0262342067250363	0.82989983630546
AT3G12470.1	-6.77586306711261	0.805013217608291	9.59886308931213e-05	0.00392436277595369	0.689330288727574
AT3G12850.1	-9.22342956075008	0.0958403754219595	0.000139055284190473	0.00529431745025312	0.81141417017248
AT3G12890.1	-9.2520150897698	0.122355032510746	0.000118228571238521	0.00465697712469065	0.798051564745004
AT3G13220.1	-9.81331891655563	4.9978981495716	3.86027581364391e-19	8.13660357609166e-16	0.23693933311755
AT3G13227.1	-6.7082705433674	2.58310353075539	1.02076029039266e-07	9.82935162880648e-06	0.409709078162411
AT3G13400.1	-8.06159291442823	7.82893654189244	1.79864520909307e-11	3.79114440183284e-09	0.359430464980371
AT3G13450.1.DE	-2.77357959279178	5.0226936234272	0.000179552178607097	0.00661379578286725	0.223443433580206
AT3G13510.1	-3.20374216190843	6.96000559431167	8.60409245472354e-05	0.00355007086935938	0.261706107351371
AT3G14020.1	3.39284881675283	4.38681124290711	1.58544524326633e-05	0.000835441562910062	0.237131969791031
AT3G14190.1	-4.77049767908211	4.25505451185008	1.90659232775679e-08	2.12334477841289e-06	0.241780427431842
AT3G14380.1	-9.37296131711691	2.52420569402451	2.6371160157323e-09	3.70563635692161e-07	0.444805662681725
AT3G14520.1	-7.52374888759281	0.719075004390692	7.15419895908205e-05	0.00301589231675081	0.727941021924489
AT3G15720.1.DE	-5.24149871833368	1.55687437310154	0.000627435417766488	0.0188927775794131	0.683101800275415
AT3G15870.1	-6.55785689658899	0.62412008849469	0.000286848006620225	0.00980898507956964	0.764751569702257
AT3G16030.1	2.9299188046528	3.84355017582876	0.000888472772250872	0.025455938042995	0.308177517397095
AT3G16180.1	-2.68835655714345	5.30041708247146	0.000323366083857055	0.0108349273382052	0.229564728676779
AT3G16220.1	2.46626938050223	5.10526747080483	0.000633572854595891	0.01904734873484	0.217674559852204
AT3G16660.1.DE	8.40493371812007	4.43137169649161	1.09656282515988e-16	7.42921314045818e-14	0.231925766036055
AT3G17060.1.DE	-7.06446518855808	4.0468836610784	1.01840669322278e-11	2.22059482418806e-09	0.280090388717378
AT3G18360.1	-7.22488742777651	2.90102273260173	3.43212101927525e-09	4.78730409820966e-07	0.366127431581046
AT3G18950.1	4.00006223255978	4.41092442642673	5.88588834119526e-07	4.72222567629185e-05	0.232395062238305
AT3G19090.1	-8.58201826260616	4.05851725129564	3.33413661340827e-14	1.10962406239219e-11	0.280406814123591
AT3G20150.1	-4.90389764433267	4.25634053430876	6.88686428018986e-09	8.82728482400011e-07	0.236765842989881
AT3G20260.1	-4.81605790370376	4.44191587935176	3.75550838014943e-08	3.91439527315575e-06	0.255611201647527
AT3G20520.1	-9.43535814753703	3.93924161470546	1.88998575956148e-15	8.53643568068602e-13	0.273078768038253
AT3G21040.1	-5.12635385907493	1.06408573944325	0.000624934004973044	0.0188473737270885	0.65717716005708
AT3G21780.1	4.81126471678675	2.97518897893959	6.24312296566223e-06	0.000385772125923819	0.369143038667317
AT3G21970.1	-10.8418126125649	3.96277332871909	1.0805223631442e-15	5.43066146577126e-13	0.295027885342704
AT3G22060.1.DE	3.40672330930143	4.05359631800675	5.29357297191087e-05	0.00235725538209271	0.270999831346724
AT3G22230.1	-2.48670815771251	7.122963291953	0.00193805510679861	0.0488245755324962	0.268305827946016
AT3G22275.1	-5.37182561223433	2.71883920697337	1.03394807739528e-05	0.000583749852029419	0.452563151462882
AT3G22880.1	-3.93907415729716	3.77480149644337	4.77385659746512e-06	0.000304916025770752	0.268258587005202
AT3G22910.1	-5.12035361749706	5.41507794086875	6.27387751029097e-10	1.00860556245949e-07	0.224174229157635
AT3G23570.1	2.51725455674797	5.41909310546378	0.000661960518450897	0.0197546430058771	0.227871421772623
AT3G23670.1	-5.65114026809055	4.21397362259213	5.83664594115659e-09	7.59178616202723e-07	0.287022374314588
AT3G23890.1	-6.11474132809671	5.90636564065168	1.11401814443728e-10	2.03201194230532e-08	0.26696408442186
AT3G24620.1	-8.37321323985543	1.54346005314433	4.45074331838885e-06	0.000285238516046745	0.644375403020254
AT3G24660.1	-2.85846254714674	3.88000658787033	0.000357753750769217	0.0118027628732036	0.25653266589729
AT3G24900.1	4.61319972227164	2.06517036763367	0.000238882345676219	0.00840741762055263	0.504997772003846
AT3G25260.1	-6.54315382798482	1.75334944902015	1.10776758527285e-05	0.000616256630282286	0.558864534380371
AT3G25510.1	5.22778736233962	2.78775409394685	1.90851150121872e-06	0.00013509128051537	0.371520536289428
AT3G25717.1	3.64582493053034	4.53248796008847	2.04707031276801e-06	0.00014329492189376	0.2217012937801
AT3G25760.1.DE	2.79657925295352	5.19909748286548	0.000160292002932198	0.00596223391298785	0.223387341798313
AT3G25980.1	-5.67562683823167	4.10162279622043	9.54643571565363e-09	1.17594730861006e-06	0.296954025346699
AT3G26050.1.DE	-5.0966313241641	2.75916400972152	1.66736351959141e-05	0.000875098464701752	0.436841065813624
AT3G26125.1	-7.06024137708017	5.44137257538498	9.14577392314649e-15	3.46990662644178e-12	0.223944324429202
AT3G26500.1	5.89408164610778	2.23885192290952	6.18911683368618e-06	0.000383684791944532	0.478825008342857
AT3G26830.1.DE	4.41667094491474	2.26629649783709	0.000190608863540577	0.00698040567831034	0.465274971531367
AT3G27060.1.DE	-3.4103812112078	5.74109648279148	5.03099854194804e-05	0.00227775757376502	0.272060306622867
AT3G28230.2	-8.66101087810014	-0.433004843829852	0.000451499873387666	0.0143707258358457	0.846201716785307
AT3G28780.1	-10.8427158569688	7.68249559655622	1.73899940491636e-20	1.09962729037545e-16	0.270005631909842
AT3G28810.1	-6.92964466899893	4.10023752054573	2.51449037618268e-12	6.03795980204879e-10	0.260048713051901
AT3G28900.1	-2.78616194157247	5.86645721741504	0.000277209882300642	0.00954386836160287	0.239487253347726
AT3G29020.2	-9.31720812700248	0.185233854409123	0.000114645166333564	0.00453803932430387	0.807204188713896
AT3G29156.1	-8.93407869940032	-0.179011038176899	0.000259075075038764	0.00898474254750523	0.82983678203798
AT3G29410.1	-10.6521766771904	1.47842140856293	1.40237147958316e-06	0.000103112352587955	0.651031132103854
AT3G29670.1	3.64308267156528	2.36949737085019	0.00158865886367903	0.0413399981399056	0.475838089012306
AT3G43600.1	2.54379672842196	4.36389688926758	0.000982711463772446	0.0275362429361349	0.246038671936665
AT3G43860.1	-7.15956842856211	4.87791538449146	1.75216567054416e-13	5.21049107832069e-11	0.248751524414977
AT3G44860.1.DE	4.37588488435642	6.28655523402565	1.67631922687988e-07	1.50090741088512e-05	0.246706269594303
AT3G45260.1	4.63350239258244	4.58090713354084	1.05260740828181e-08	1.25584670032113e-06	0.223182653295999
AT3G45780.1	3.24000142111832	8.746659362335	0.000111835125753107	0.0044777882567313	0.275422297489223
AT3G46320.1	-4.03222220563194	5.05506593866977	5.57938256887214e-06	0.00035233078699858	0.285208831759684
AT3G46900.1.DE	4.19534948555842	3.24761829374117	2.86702276286044e-05	0.00141901688292858	0.348908168886829
AT3G48160.2	-3.91670560884012	2.26593796662136	0.000817317283139953	0.0237799215662038	0.479662266494295
AT3G48490.1	-5.24207722730825	1.82141175954068	9.26279820421399e-05	0.0038033610808212	0.534723219971375
AT3G48720.1	4.69769038139582	5.0186567602447	7.29916612717822e-09	9.23101209550472e-07	0.224440117896726
AT3G49270.3	-10.3815729071205	1.21347053078735	3.70635112578672e-06	0.000241613336275512	0.677344604298012
AT3G50410.1	-3.97953139542186	2.50995587261635	0.000225783376612502	0.00806612175958411	0.408606768953969
AT3G50740.1.DE	6.63906153997337	6.18326867010206	5.63794168126843e-11	1.10035400734969e-08	0.289989973003359
AT3G51230.1	-5.0321146505674	2.0364453653697	0.000393852430825575	0.0128154041385269	0.624182334091151
AT3G51490.2	-6.61114447266603	3.47774393062776	5.79182758789844e-10	9.39068114037892e-08	0.308228118455709
AT3G51740.1	-3.91061355303169	4.72509878159305	3.75488790669952e-06	0.000243939121883869	0.261746093669461
AT3G52130.1	-9.76896757358375	5.20116503852151	5.4053686117313e-19	8.43424259346272e-16	0.240985952810939
AT3G52160.1	-9.02916084405454	5.43924575266541	3.93667238372488e-18	4.39286324230947e-15	0.237852370643658
AT3G52580.1	-2.50805722138077	5.95521369116765	0.000973126766587224	0.0273890426738274	0.241103803543763
AT3G52710.1	2.79178474310676	4.85949339666535	0.000114723666860725	0.00453803932430387	0.213258970125455
AT3G54180.1	-6.0321024336415	3.44277568237744	1.92522562934643e-08	2.12334477841289e-06	0.33025339623847
AT3G54560.1	-5.79618549206524	5.55374101090549	2.27704417241768e-07	1.99979296068349e-05	0.381062878846323
AT3G54750.3	-3.58731290383302	4.07291682504766	2.38942918419978e-05	0.00119913946095952	0.270294641832413
AT3G54820.1.DE	-3.17170287661587	5.358372048082	3.41940317344715e-05	0.00162980095980634	0.230904555818554
AT3G55090.1	-4.49125501952533	3.01462607771951	7.6142912540724e-06	0.000453784650523462	0.338630012556278
AT3G55190.1	-8.79938973641296	1.9600567226948	2.09926401123788e-07	1.86088963986834e-05	0.538021400592852
AT3G55290.1	-2.8381590977703	4.93020865884626	0.000102544366971291	0.00415655265266109	0.216267714197779
AT3G55780.1	-6.9881005498517	1.009975838534	5.65577203128847e-05	0.00249810800792843	0.679799059440826
AT3G56130.1	-2.90553742032144	6.17128094963983	0.000346417487124266	0.0115249632823908	0.265688220719942
AT3G56180.1	-6.87505137812555	1.79984948501724	3.38136010867741e-06	0.000224281123292345	0.53126450119488
AT3G56220.1	-6.06909670158556	3.26686071974343	6.25001525232082e-07	4.94478436352969e-05	0.425539364708789
AT3G56480.1	-2.76632738288478	5.46814601517194	0.000549412445017075	0.0170877340954944	0.260781570111222
AT3G57240.1	6.02643727610744	3.08609782810472	8.2372984407151e-08	8.02707461471515e-06	0.356866022804515
AT3G57500.1	-6.32735718165773	0.348298967625181	0.000579108374729945	0.0177188481752049	0.789680569759245
AT3G57860.1	-5.38999187231429	2.46409012817779	2.90927092085185e-05	0.00142239354042679	0.502999335349684
AT3G58280.1	-9.05295993528957	-0.0653384866317814	0.000226809554972268	0.00808755123651114	0.836654964257567
AT3G58310.1	-10.8868792460625	1.7093152368154	3.05738118057873e-07	2.63629640888993e-05	0.595970451913958
AT3G58340.1	-7.7589549641522	0.912769836981004	4.24635549089675e-05	0.00195993585553069	0.714272676406005
AT3G58780.3	-4.47543057919992	3.68476443970555	1.83940960808078e-06	0.000132172728277623	0.299867268431253
AT3G59210.1	2.49315018885444	4.85624885576259	0.00066230642866304	0.0197546430058771	0.223216593719733
AT3G59890.1	-4.52548082336538	3.20501854562176	1.00018581296513e-05	0.000568069606944568	0.352466589855056
AT3G60330.1	-4.71099963637146	3.10767974467582	2.36429920834188e-06	0.000163688890446151	0.328367708205002
AT3G60955.1	-4.22536760354478	1.6449267879428	0.00139395822678657	0.0371918249819145	0.575031368053597
AT3G61610.1	-3.39595799597599	3.29121153208955	0.000229691864890364	0.0081749618704882	0.320359648162268
AT3G61760.1	-3.94309364811645	3.21461878686735	4.98185020166635e-05	0.00226127110336499	0.338694576175287
AT3G61880.2	5.81954985827691	3.96057484532404	5.83891923712167e-07	4.71337437992332e-05	0.401244709968325
AT3G62150.1	4.13839182375892	4.52546745679885	1.3475110906265e-06	9.98526773015024e-05	0.261971647674823
AT3G62170.1	-9.22397803990942	7.91355191572661	9.94910346725283e-18	9.93339435651506e-15	0.263236348439189
AT3G63470.1	-4.22106627145096	1.80891309212924	0.000903907451389674	0.0257464329622554	0.546228090666252
AT4G00460.2	-4.50377440379515	2.54015419020373	6.20648224106835e-05	0.00268193549232498	0.422251684905055
AT4G01720.1	3.13556954306275	3.17573483324124	0.0019618082927382	0.0492920573685347	0.39266163212808
AT4G02410.1.DE	3.92646474828476	5.51266005833877	1.94736574273792e-05	0.000998419679452389	0.308497456398148
AT4G02650.1	-6.81076153205107	2.84286556548808	2.20238664315581e-08	2.37382242162873e-06	0.381449213540979
AT4G03210.1	-5.22931943127124	8.49589575011862	1.80827775898766e-06	0.000130429768395422	0.386602239027657
AT4G03620.1	-6.64900752289799	2.08594323604784	1.15522530695226e-05	0.000638910322824616	0.58141007013215
AT4G04080.1	-7.62763118493564	0.819701376833538	6.15619477556772e-05	0.00266627887882465	0.731553988202469
AT4G04460.1	-7.95746581104141	8.21520448074316	3.29537775331957e-15	1.35898513001027e-12	0.259400358757448
AT4G04490.1	3.4387872107041	4.05116253205028	6.54152463189977e-05	0.00279204563298053	0.281428901489331
AT4G04500.1	5.79193789022772	3.08704441762698	3.02862890997637e-07	2.62342878640419e-05	0.372723654749311
AT4G08850.1.DE	2.63774448205836	7.20485754747729	0.00155286450967097	0.0406315031013218	0.285627127811106
AT4G10120.1.DE	3.03413847598049	8.62829891860921	0.000235666333783807	0.00830964749419856	0.271476021232222
AT4G10440.1	-6.43651275758362	3.6189999842668	2.93812455492444e-10	4.97644846490326e-08	0.289091691830731
AT4G11320.1.DE	-6.16466807458066	6.85254323859558	8.42380266236213e-10	1.30983226643451e-07	0.299187286480623
AT4G11810.1	-4.65498152434401	2.41897696712894	6.15532866250962e-05	0.00266627887882465	0.441817883731285
AT4G11820.2	-3.01559251082531	7.11827226281304	0.00015054253455243	0.00566625373107064	0.253214455074082
AT4G12320.1	6.97019261148019	6.43575933609813	2.66898104999859e-10	4.56131265932191e-08	0.332778934942237
AT4G12410.1	-6.68270102677906	1.59446566470063	2.42017112669478e-05	0.00121136269850659	0.615622414567558
AT4G12600.2	-2.7974567901599	5.51804955405839	0.000212651023702439	0.00765462982852994	0.232296620134646
AT4G12620.1	-4.00019172308716	2.6468905096045	0.000550374566807966	0.0170877340954944	0.470264416431647
AT4G12940.1	-8.38520025741421	1.55530054286294	4.19394654738199e-06	0.000270609408176314	0.642021101783745
AT4G13240.1	-11.0966639573563	1.91553978553958	5.9116099157596e-08	5.87137382732773e-06	0.544781717442751
AT4G13700.1	-9.29264878476395	0.161376666718831	0.000111885694975785	0.0044777882567313	0.799037572444023
AT4G13770.1.DE	3.49712878818298	8.06246576924358	2.18873365319654e-05	0.00110720739736369	0.260218738175256
AT4G13790.1	-6.24752781099935	1.46481533354543	7.43956294099248e-05	0.00312923523260814	0.64085137845579
AT4G13830.2	3.0289327702656	6.32538902147516	0.000423002800870697	0.0136148988987929	0.293400931616402
AT4G14090.1.DE	3.16874354083957	3.43956177074384	0.00069692162485278	0.0205608137223285	0.337443875194494
AT4G14315.1	-9.43365616203647	0.295947514594447	7.5250426209698e-05	0.00314427441673562	0.781928400484632
AT4G14400.1.DE	5.95608339464849	9.69357093532036	4.53899855337901e-09	6.10672358564538e-07	0.31305251025774
AT4G14805.1	-6.47446585710591	-0.309989584077682	0.00114985351412677	0.0316126393666447	0.834471781118576
AT4G15160.1	-6.7671124686061	3.33182702626276	1.44065572959647e-07	1.31390573030986e-05	0.439237293655239
AT4G15210.1.DE	-3.9917115982376	7.88059701217876	7.4696779207848e-06	0.00044700249260974	0.289999576175191
AT4G15540.1	2.53928385722348	6.52930182566566	0.00189010705654446	0.0478051412307881	0.276884239345377
AT4G16260.1.DE	7.74567050794121	3.20605484159477	5.54620087721986e-10	9.06995091731559e-08	0.364222715461711
AT4G16590.1	-6.34945406997698	7.32544536603906	1.02156245210835e-06	7.81412891794172e-05	0.484813062085272
AT4G16790.1	2.41428184858357	4.78151320575955	0.00186706496698989	0.0472873463602111	0.251721215118194
AT4G16990.2	3.80346383528356	8.13627870180592	1.01458165365579e-05	0.000574525790144788	0.276347311370877
AT4G17250.1	4.43014366548729	4.58502728507713	6.25592117684305e-07	4.94478436352969e-05	0.273904202819157
AT4G17360.1	2.71014882649634	3.47969806645813	0.00144558371122138	0.038246475595355	0.291388119467954
AT4G17483.1	-3.7147848297927	2.20085407689718	0.00138423033354319	0.0369842949680483	0.480656751180641
AT4G18550.1	-6.1759966150591	2.85775430372692	1.1416310287177e-07	1.08827842285301e-05	0.378409910784358
AT4G18780.1	-3.14412380358479	4.69862113167379	6.66438337019351e-05	0.00283460431687379	0.244548321460624
AT4G18970.2	-3.37250955454008	6.15184204586753	0.000972186343365812	0.0273890426738274	0.398757688735041
AT4G19038.1	-5.90060305713437	0.857366835071149	0.000250874289764425	0.00871627340078965	0.675745661112287
AT4G19370.1.DE	4.100551191875	2.70649620810083	0.000138932526220504	0.00529431745025312	0.402999025536101
AT4G19380.1	-4.8628969627148	2.79698003974076	1.66992959526639e-05	0.000875098464701752	0.412179444668153
AT4G19620.1	-10.969114547127	1.79003924688817	1.18224590454354e-07	1.11025766382134e-05	0.560479035335103
AT4G20050.1	-8.40808287188839	6.07942119616184	1.08784995097158e-15	5.43066146577126e-13	0.262723975456716
AT4G20160.1.DE	-6.94440665742295	1.90349331051609	7.63085416536554e-06	0.000453784650523462	0.58826152567667
AT4G20680.1	-9.63521976864937	0.489595416535918	4.20203203737038e-05	0.00194896204765076	0.759108477337185
AT4G21070.1	-4.05609637198263	2.59068721099188	0.000548263194391787	0.0170877340954944	0.480391140242961
AT4G21650.1	-3.1046575725958	8.34818225756372	0.000367461779819145	0.0120810224664977	0.300084435761536
AT4G21960.1.DE	2.89852520547715	11.2210666396726	0.000889683021745159	0.025455938042995	0.305721081317396
AT4G22050.1	-9.05318579340828	-0.0654193042165114	0.000212457235898156	0.00765462982852994	0.828150038939969
AT4G22690.1.DE	4.21063898132501	7.2649249149859	5.90327381557464e-06	0.000367164276332626	0.308505706041635
AT4G22770.1	-3.54312051203371	2.41954362181232	0.0014441272113738	0.038246475595355	0.451792115216859
AT4G22950.1	4.98124406237717	0.526372219214053	0.00168718066807562	0.0435588766169526	0.722023974513954
AT4G23130.2	4.41023118664046	4.01349878791331	1.22919149863857e-06	9.21650700757852e-05	0.285431622835465
AT4G23170.1	2.99645578473655	5.20845093863982	0.000279868277705107	0.00961793700736572	0.270922271239781
AT4G23200.1	5.70110390527575	1.55430956988472	0.000131038255555501	0.00508478578229788	0.612488836124655
AT4G23320.1	6.66376832703684	3.15092174452419	1.51531621842309e-08	1.7635305928519e-06	0.363604667179851
AT4G23690.1	-3.44572246214291	3.16145999064044	0.00101831561915564	0.0284080107285036	0.411475754751813
AT4G23810.1.DE	2.76656179256106	3.90371020921806	0.000667146313600983	0.0198677638446007	0.26681260060154
AT4G24670.1	-2.24948270312756	4.40340572656045	0.00184938454394541	0.0469649595698052	0.220996793121018
AT4G25010.1	-6.1921691971471	3.65407126296868	5.5936496354767e-09	7.36885649895784e-07	0.31938874439477
AT4G25110.1	5.18282537424224	2.50816284843031	2.08502783767015e-05	0.00105756625883964	0.455689706579769
AT4G25630.1	-3.37649051931212	5.04832196633942	9.03292342058484e-06	0.000520834520633722	0.223408082596059
AT4G26440.1	-7.86203271596971	1.01256052630464	2.90345575085192e-05	0.00142239354042679	0.69915907116664
AT4G26760.1.DE	-3.70296011367241	5.43212444238924	1.68229312912139e-06	0.000121805727707759	0.224641036871622
AT4G26770.1	-6.15116806251591	1.13668402152794	0.000295813185846069	0.0100845295809871	0.748826290805371
AT4G27330.1	-9.43302190626405	2.56006159410672	1.48348958768036e-09	2.23347599034099e-07	0.432670789969553
AT4G27510.1	-5.25203883625214	1.29375112841258	0.000841449341893931	0.0243699145278288	0.710700285154279
AT4G28000.1	-8.03171708597473	4.45290853139132	1.21656410428661e-15	5.76955526457924e-13	0.237874126233761
AT4G28130.1	-8.53017038110342	-0.554105688787503	0.000556387768449152	0.0171620747438706	0.845444122178453
AT4G28250.1	-3.87033725795308	6.42199399422102	3.63157572722325e-05	0.00171797983903803	0.322788544407261
AT4G29050.1	4.29341280536576	3.44546435857319	5.76020394925316e-06	0.000359540254399177	0.310551167373412
AT4G29340.1	-8.99874309565795	4.4618677613394	2.84695196255639e-17	2.57174660617594e-14	0.238998886244595
AT4G29470.1	-7.66939113455159	2.22525371418019	3.46372624895899e-07	2.91437195471527e-05	0.51024091882424
AT4G29700.1.DE	-4.79252249755696	5.76386079261986	1.077851697545e-07	1.03266902537519e-05	0.274652432118504
AT4G30770.1	-9.95552248041141	0.798779571870909	1.52031352896701e-05	0.000805596302919109	0.720673912591208
AT4G30800.1	-4.06201621861528	3.73804721659962	2.6325836673629e-06	0.000180289213609654	0.266751403799555
AT4G30850.1	-4.49157064650456	4.64050219902207	1.81042197491448e-08	2.03217188545134e-06	0.220545235150623
AT4G31500.1	2.7290294963538	7.67813219449145	0.000563087455171105	0.0173405341308374	0.256477628285803
AT4G31910.1	-4.30533406111783	2.74299320569499	0.000154593068881088	0.0057842810979768	0.438675910476156
AT4G32280.1.DE	5.96778433597483	3.40335762173694	3.6672583959784e-08	3.84352993213869e-06	0.340470021180858
AT4G32830.1	-5.07162413296073	3.90249951602833	6.1949235849709e-08	6.12071356285927e-06	0.282883271718213
AT4G32940.1	3.99770896851368	10.031081934302	4.15265126480578e-05	0.00193198498718694	0.345314569706023
AT4G33010.1.DE	2.74649183950998	11.6629712365756	0.000877960608137223	0.0251965396919261	0.278210358299406
AT4G33050.2	4.15205556118103	6.39855662958754	3.59950883720871e-06	0.000236272258276295	0.288213994335928
AT4G33355.1	-9.07820243311929	6.35773485880666	1.46991686164642e-17	1.39421614327163e-14	0.255273334968862
AT4G33400.1	-3.30842921894023	4.80391289661328	8.65828482902013e-06	0.00050413434638534	0.214897563453252
AT4G33465.1	-10.1336543318776	0.972060108405736	9.9463632710417e-06	0.000566614147902886	0.714246149294006
AT4G33600.1	-7.15684809289251	0.368183977605691	0.000215814428341757	0.00772727617585109	0.772567463754309
AT4G33800.1	-9.39044685077333	0.254481231084488	8.60850079022306e-05	0.00355007086935938	0.788514297757806
AT4G33970.1	-6.16648760946994	3.3557354938457	1.10698660188228e-05	0.000616256630282286	0.556888141141552
AT4G34440.1	-6.49671698102351	1.97917442574006	9.59350559629862e-06	0.000549815109250105	0.556268087063312
AT4G34850.1	-10.4349831859268	6.11305049284227	5.17485599383915e-19	8.43424259346272e-16	0.268612958363595
AT4G34950.1.DE	3.63648848607741	5.72645147993981	1.87169938607398e-05	0.00096484068896259	0.271793126846107
AT4G35090.1.DE	2.81684080871544	10.5108771102131	0.000554196565851537	0.0171223271241102	0.270333968091346
AT4G35100.1	-2.75556203421821	9.47041978748907	0.000601978919076332	0.0182712641518048	0.263587152903112
AT4G35190.1	-4.14390917974291	4.14324170622022	2.23921588653283e-06	0.00015559679621805	0.273060177871425
AT4G35620.1	-6.02898995979656	3.07376689274878	1.04295151166384e-05	0.000587085761906914	0.534212496265663
AT4G35730.1	-4.91408935667303	3.48572534256634	3.27974446611454e-07	2.80255641991859e-05	0.301894317525943
AT4G36070.2	-8.47218055697308	-0.608248461336457	0.000599629682076913	0.0182583869486341	0.84127803033503
AT4G36600.1	-5.47292703986246	2.1972581007057	5.12203948121322e-05	0.00230795935768681	0.529742272835647
AT4G37490.1	-6.54303595655314	3.7455534806872	6.77194032231827e-10	1.07587059184281e-07	0.310694693157442
AT4G37750.1	-5.086678356041	4.9980227635404	8.81064829255542e-10	1.35884551308761e-07	0.225036722631356
AT4G37810.1	-5.95025522113875	2.4836126957433	4.21614237735975e-06	0.00027111939287632	0.46791701737716
AT4G37900.1	-7.45756361079717	8.06172467725198	3.40691812483851e-13	9.36655606205601e-11	0.278185315552323
AT4G38550.1	4.52887184627557	6.54271928936242	7.46659599374031e-05	0.00313365765489499	0.445857309724208
AT4G38660.1.DE	-4.74431905195522	5.57976474634328	1.01581223159097e-06	7.80160244262379e-05	0.317855179698551
AT4G38860.1	2.41863565120375	5.57016397829452	0.00118533585200232	0.0324939611452082	0.23363688038253
AT4G39010.1	-3.93935735411276	4.14045996974448	8.32528238013418e-06	0.000487440144293659	0.282889057396035
AT4G39770.1	4.07728321592735	2.58526837682749	0.000509416650630029	0.0160259268034024	0.47411362312327
AT5G01120.1	-5.61690925443043	0.180049510653099	0.00199167530214801	0.0499102780472229	0.839717825039833
AT5G02390.1	-5.20743945203467	1.32967625362087	0.00076412769995917	0.0223351347738451	0.707616201564172
AT5G02450.1	-2.71524493911691	6.98929271582103	0.00067958877297402	0.0201434359739331	0.261635031252725
AT5G02550.1	-3.19916810059616	3.36899105499286	0.000391383572494676	0.0127569525261581	0.313193617982705
AT5G02570.1	-4.69839190172127	1.95023297656496	0.000299733852048926	0.0101702739769231	0.543870608287006
AT5G03170.1	-2.84648868157277	4.14274471817534	0.000856024233755422	0.0246415473662221	0.292164314982147
AT5G03490.1	2.46056484519803	4.12986243066381	0.00153885677295409	0.0403205980427335	0.250036836429211
AT5G03610.1	-2.56043587366762	5.10679065379669	0.000482381940240265	0.0152906433170262	0.223041331183418
AT5G03670.1	-5.3322550213645	3.3548557679141	1.63301422100112e-06	0.000118690727097285	0.382883111099478
AT5G04250.1	-3.14135299855083	3.73342940108419	0.00135337006471972	0.0364162129471391	0.37102282124952
AT5G04770.1	-4.95902023714458	3.48062008357819	2.95592888105355e-05	0.00144149025381969	0.451529721371692
AT5G04885.1	-3.09942397987067	6.25326766223593	9.16706698546903e-05	0.00377221823675374	0.249269922930522
AT5G04980.2	3.18760560136145	3.81471629022612	0.00035439066021392	0.0117121791363381	0.308725869309723
AT5G05940.1	-3.74819658353956	2.45918369491895	0.000674756577145429	0.0200629032420828	0.435593557423914
AT5G07030.1	-5.42176174772792	6.88208028198847	3.83866746933257e-07	3.1580794284685e-05	0.360918848960705
AT5G07570.1	-5.01773198938048	2.00973687946746	0.000126952170756808	0.00495531415484908	0.530897479125217
AT5G07571.1	-5.46712297344694	0.0869182934258841	0.00150517290113266	0.0397122808546405	0.771983073902969
AT5G07660.1	-5.07216268558229	3.2494220652165	3.69588085867172e-07	3.07503771442994e-05	0.316066314743657
AT5G08480.2	-4.17173044280765	2.24372230935935	0.000272775415198266	0.00940827204783836	0.446980845276703
AT5G08640.1	-4.53294385356248	7.39979554770085	8.91249592113381e-07	6.87276616357351e-05	0.295253140997333
AT5G09500.1	-9.12071211516805	3.63975782108186	8.90545110378339e-14	2.86332893964018e-11	0.297751247558606
AT5G09660.4	2.538054552601	10.2585973029615	0.00120255048227667	0.0329183010805028	0.255627293479862
AT5G10160.1	-2.92696920308715	4.93810306404348	6.5496062555421e-05	0.00279204563298053	0.216096221844556
AT5G10180.1.DE	2.59557752139069	6.41282224641595	0.00104780873846308	0.0291023891195383	0.259336401964788
AT5G10200.1.DE	-2.43201044158095	4.56826593437931	0.00091692905483711	0.0260391379794311	0.224856421708471
AT5G10260.1	-3.82423217659803	2.58847183196429	0.00070011165036648	0.0206228540488387	0.454707185181962
AT5G10390.1	-3.80172168161317	4.75151148855597	5.08554963418862e-05	0.00229697325144186	0.323563388640355
AT5G10930.1	2.60052347624334	5.94101784379552	0.000573179019540158	0.0175941844671146	0.23612792228848
AT5G11400.2	-7.6459171294441	0.803198214386251	5.48486671413735e-05	0.00243102620484078	0.71805138548509
AT5G11540.1	-4.06874465285384	1.91714396293092	0.000903402327693281	0.0257464329622554	0.516823526985005
AT5G11840.1	2.63547055682269	5.41700602114772	0.00111559823415919	0.0307600268924417	0.268472415175747
AT5G12000.1	-7.00984476643026	4.35322891636825	2.00129248004276e-13	5.84069513021712e-11	0.239992467503514
AT5G12870.1	-4.4605916158516	1.2872674943792	0.00143117541284251	0.0380244159097423	0.623181677781926
AT5G13130.1	-9.49520542095904	0.354645310100045	6.02652839510899e-05	0.00262812054379811	0.770688474457804
AT5G13200.1	3.31979583126093	3.57553739146414	0.000145368577197186	0.005493310576555	0.292282621681613
AT5G13670.1	-11.1927454462886	2.01046872178846	2.55617316382633e-08	2.69392249543252e-06	0.521592005808664
AT5G13790.1	-6.90740347424469	2.35537974563517	5.75831164943898e-07	4.6681697431563e-05	0.474329552759275
AT5G14200.1	4.08149435601647	6.67026687809652	1.17774224543267e-05	0.000649470069647027	0.312942135428518
AT5G14890.1	-4.13268184370411	2.92402298868213	3.66101864013019e-05	0.00172760008963358	0.350673554347363
AT5G14980.1	-7.3602798507622	2.29239256476346	8.40082286619107e-07	6.53129548244445e-05	0.526648323489393
AT5G15110.1	-9.34976432680696	5.19419535919207	1.97234687982176e-19	6.23590338503648e-16	0.225402871056369
AT5G15120.1	-6.96771540407304	2.16975550020349	8.58002888808438e-07	6.64339379620248e-05	0.489348009873632
AT5G15600.1	-3.43611282885055	3.29411022105553	0.00110488770153859	0.0305090534180305	0.414177484149935
AT5G15630.1	-3.19387851463141	3.40006205739593	0.000397983181645193	0.0129055400954005	0.312929424847788
AT5G15800.2	-6.99864967291778	5.72475878770154	3.51423343932196e-13	9.52357262056252e-11	0.252207641664117
AT5G15830.1	4.81386878349801	2.1313432741005	0.000136919170270455	0.00525780700411038	0.499858665524455
AT5G16570.1	4.83988597517446	6.36987543277941	8.08232433590103e-07	6.30953467703878e-05	0.322588482236337
AT5G17000.1	2.83167406058698	4.76851661143411	0.000171949355498789	0.00634606862609343	0.229641045503613
AT5G17160.1	-5.32350340037877	4.18219507788554	2.17879758538837e-08	2.36181658256099e-06	0.286233549755317
AT5G17200.1	-9.77520619333746	0.624658310006513	2.88976963732654e-05	0.00142017953419908	0.747479644407658
AT5G17340.1.DE	-12.7817822743368	3.58685214264274	1.58504857794586e-15	7.33374915210559e-13	0.302117042820137
AT5G17480.1	-12.4136306192173	3.22056556953221	4.98041941875897e-13	1.33068389258955e-10	0.35652097504946
AT5G18000.1	-7.58951895437894	2.76858777579783	3.95749979852397e-08	4.05804168529728e-06	0.444653058396782
AT5G18090.1	-6.31685913019651	1.53231198040915	7.04710038607408e-05	0.00297736067536359	0.64836153079252
AT5G18470.1.DE	2.68027961370882	3.36409843517357	0.00195433026851073	0.0491692907077567	0.301478166256788
AT5G19600.1	-6.74703912660658	3.65342174159569	1.94956678734021e-10	3.42437795887442e-08	0.298773925545481
AT5G20230.1.DE	-2.51727235728042	5.58213712394509	0.00118272490058793	0.032469307328731	0.250656806064486
AT5G21050.1	-5.46529170140798	0.746669738772009	0.000643144684330005	0.0192740200027491	0.703097949463523
AT5G22200.1	-6.43116160610807	2.31148552081678	7.62211527779336e-07	5.97485648015455e-05	0.446190865206796
AT5G22380.1	4.42866447481506	1.29507530215862	0.0017100720161963	0.0438972478311825	0.645539232120475
AT5G22420.1	-9.28076198184896	0.150118090113863	0.0001143345750717	0.00453803932430387	0.799714333144348
AT5G23010.1.DE	5.47067269086482	7.36488189679661	2.00316014724444e-09	2.87878393888084e-07	0.26459394784446
AT5G23190.1	-6.36449627789411	2.03089996036259	7.94220445387997e-06	0.000467899436304668	0.53081757670109
AT5G23270.1	-5.43056382505612	3.08944916600119	3.20012992287404e-07	2.74689885234934e-05	0.34335731304584
AT5G23350.1	-4.03669031494488	1.91516284526637	0.00176504464797659	0.045064464296253	0.568895169975547
AT5G23700.1	-6.96654779249771	1.88935913620227	1.90787886764003e-06	0.00013509128051537	0.515526270945016
AT5G23960.1	-8.43222646704384	3.66968735025944	1.78760253733797e-11	3.79114440183284e-09	0.347253095694919
AT5G24100.1	-8.60331676382512	-0.48846396857089	0.00051258967488999	0.0160724398886994	0.851362043941178
AT5G24820.1	-12.0880303841219	2.8970342983254	1.00464259045007e-11	2.21605464428346e-09	0.387152255123158
AT5G24860.1	-5.40279246287787	2.12161313339765	3.47499884568504e-05	0.00165214857400113	0.508353696014106
AT5G25340.1	-5.31142807058075	2.2334619641643	5.28673074061299e-05	0.00235725538209271	0.524665790115922
AT5G25380.1	-9.28636684871857	0.154920630144495	0.000110167684462739	0.00443711459502795	0.795460426224535
AT5G25830.1	-3.17942668604	3.05156510782407	0.000575730313108272	0.0176439483677931	0.327349436462993
AT5G26150.1	-7.26743192019671	0.472862311694242	0.000156115171524984	0.00582973386580502	0.759285474622996
AT5G27200.1	-7.40064426785599	0.566902969483452	0.000118326988618919	0.00465697712469065	0.747764063928673
AT5G27870.1	-7.69241754191157	4.42313372357613	3.81532269261564e-14	1.24787364618825e-11	0.253605043107495
AT5G28237.1	-4.44201766917552	3.27400104119603	7.41738371639979e-06	0.000445277750316785	0.333739845325536
AT5G28470.1	-10.5748173971465	3.71417226598474	5.25473645921259e-15	2.12090107726091e-12	0.299453581848877
AT5G28640.1	-7.04029996449993	5.36696310303069	1.92313625120115e-14	6.88337635571431e-12	0.228742787432382
AT5G28680.1	-6.75627401414404	3.0788154640327	1.66583533029598e-08	1.91520583125544e-06	0.375946499607685
AT5G28970.1	-7.34271896760017	0.544744973950751	0.000119914918555314	0.00470970187369423	0.745241705364122
AT5G35090.1	-10.0645372531582	0.904343644830911	1.10602081743005e-05	0.000616256630282286	0.71223943878158
AT5G35110.1	-9.24678629474948	2.37521477064599	8.32802316436361e-09	1.03935920676301e-06	0.464501886666957
AT5G36110.1	-5.94245393676325	-0.015052277751579	0.0014896205495638	0.0393566877788653	0.832845357624773
AT5G36150.1	-11.2746045731554	2.0911291616838	1.72783172580562e-08	1.96269268494207e-06	0.515199829349747
AT5G36220.1	3.78498736349392	4.82509284296261	1.24020525241226e-06	9.26247781033883e-05	0.226082958287028
AT5G37010.1	-4.73079116464728	3.9726746668125	1.47947803911912e-07	1.33646182867094e-05	0.271228748133021
AT5G37320.1	-5.95483737650406	0.499390970135331	0.000848820088746486	0.0245085495944001	0.79648404293722
AT5G37470.1	-9.55368486658606	0.410973027482013	5.2075462306983e-05	0.00233518979503156	0.765752669399083
AT5G38390.1	-8.90724037776295	-0.203147528815444	0.00028189313886927	0.00967000514349014	0.833332162991892
AT5G39080.1	4.42980674018329	4.40307429959747	1.3564518567266e-07	1.24308655662336e-05	0.245175739096443
AT5G39310.1	-11.7091357556004	2.52098552844792	1.61410240342559e-09	2.37360640255686e-07	0.477592745529857
AT5G39493.1	-9.25937102987421	3.77754225945919	2.92731950313516e-14	1.0283564995273e-11	0.29255686781282
AT5G39670.1.DE	4.27204228029257	3.03881660509669	1.34922004327462e-05	0.000733403833665565	0.331228979300845
AT5G40940.1	-7.35141780268413	1.38877919789772	2.59434561732279e-05	0.00128834388378569	0.6800713296822
AT5G41130.2	-3.29823606232962	4.89446120255915	1.40941733299838e-05	0.000753144980478289	0.224261444157339
AT5G41400.1	3.10724064771106	4.65523083391425	2.87992356313919e-05	0.00141901688292858	0.217845158440324
AT5G41740.2	3.1986980648801	4.93568839146619	1.34927747996459e-05	0.000733403833665565	0.212265028957564
AT5G41880.1	-4.14872344690467	3.59458383411155	6.83688803815598e-05	0.00289499477865667	0.380838365289201
AT5G42170.1	-10.0413002468034	4.56800776497333	8.00920622426822e-18	8.44081344857601e-15	0.255182908274033
AT5G42230.1	-5.66243417742728	2.49719226296604	6.43912555910966e-06	0.000395308128984823	0.45565358746388
AT5G42610.1	9.84787170818469	0.694031021467948	2.53171026010187e-05	0.00126385641142454	0.747244165456993
AT5G43185.1	-7.12192537187576	0.334525151535471	0.000231659159476381	0.00821415748648026	0.77420202246573
AT5G43530.1	-5.41891461573523	0.419796507066833	0.00108890219323009	0.0301554373804012	0.742865712442068
AT5G44568.1.DE	4.72356510084796	2.76104206258576	1.86179071536252e-05	0.000962347952872672	0.395738771822851
AT5G44630.1.DE	-10.231287764187	5.69114367219371	1.38726341724877e-19	5.26327740504184e-16	0.249876419050376
AT5G45700.1	-5.99683363026106	3.24849379151029	1.40440003327075e-05	0.000752583859636896	0.546882203654193
AT5G45775.2	-2.57332154180481	7.12779350365511	0.00125586046685765	0.0341313367568619	0.263621041734591
AT5G46650.1	-6.51168240220572	1.10161549274223	0.000171377275737612	0.0063372844458918	0.73805773256569
AT5G46700.1	-3.75492708642748	4.78009684551237	1.39522192685918e-05	0.000749783568060021	0.277251207538276
AT5G46970.1.DE	-10.2658649605186	1.10101794779899	7.68389070532938e-06	0.000454368039014474	0.713977002736266
AT5G47220.1.DE	3.75964158580826	4.34766922851917	1.37848290148622e-06	0.000101750274868458	0.224683895688328
AT5G47470.1	-7.16659750217537	2.05055680453345	2.83561122798523e-06	0.000192112660695999	0.554324922720829
AT5G47600.1	-8.74020748726914	3.65284615440645	1.55106798183583e-13	4.82356715006978e-11	0.29353403019583
AT5G47740.2	-10.0323572122716	0.873212747355258	1.19424285798503e-05	0.000656660493216697	0.713345375742222
AT5G48480.1	-4.08356488344486	7.01054146823048	2.69026381723482e-06	0.000183576635298362	0.274498784553417
AT5G48650.1	-8.008121892692	3.66680067346461	9.82067629953466e-13	2.55203053975579e-10	0.289022120451592
AT5G48657.1	3.79911756475967	2.47063389388948	0.000534588415461266	0.016706988865404	0.427749166215398
AT5G49130.1	-6.69707613402415	2.13219737292431	1.35948240629811e-05	0.000736839464213576	0.597791463870691
AT5G49150.1	-6.0639338462069	1.94208239812689	9.15374861708878e-06	0.00052620185232174	0.506152438348881
AT5G49240.1	-9.49670236427053	0.35605189200042	6.00947973730962e-05	0.00262812054379811	0.770397134887363
AT5G49340.1	-8.66101103335284	-0.433004843829852	0.000450814316355566	0.0143707258358457	0.845977431685301
AT5G49630.1	3.15937389964618	7.947686145099	0.000300229490093671	0.0101702739769231	0.300284926814284
AT5G51380.1	-3.90067693544492	2.62986026086333	0.000215891216299477	0.00772727617585109	0.39494447017456
AT5G51600.1	-5.59631514721709	4.40317758292743	7.32236877380588e-11	1.40308419837472e-08	0.227990829355831
AT5G51750.1	-4.51827210456619	8.15994012408839	1.30294803683417e-07	1.19985069217205e-05	0.25571730520518
AT5G51810.1	-11.2553858519908	2.07242615514873	2.00844792366675e-08	2.20232700069122e-06	0.518833456012214
AT5G51950.1	-7.44812769850167	6.3734884612145	9.05961861352463e-14	2.86434941830937e-11	0.2624534712928
AT5G52340.1	-4.66808364892632	2.50205707704229	3.10080938279541e-05	0.00149295314699566	0.408514784815766
AT5G52750.1	4.24498654803197	3.93650227856617	1.08457524195194e-06	8.2297569359313e-05	0.266235369565145
AT5G52760.1	3.9016822587161	2.78976314959134	0.000144805110463032	0.00548294001094554	0.374691513553355
AT5G53520.1	-8.82874763065918	-0.277672497462099	0.000319375188994474	0.0107230926287171	0.833870889619934
AT5G54510.1	-3.31278331255124	4.69726339638301	1.57819182729966e-05	0.0008339359042862	0.228377399742134
AT5G55340.1	-5.24721471421132	1.14279194314827	0.000554104466778728	0.0171223271241102	0.661635954353449
AT5G55460.1	3.3720470916074	3.56380194839398	0.000131609373701015	0.00508478578229788	0.295576688221199
AT5G57123.1	-8.67499130634211	4.33933683002402	2.76183051153236e-15	1.2184168559016e-12	0.263656406923784
AT5G57630.1	3.54692041749974	4.70256245454421	1.25458290625833e-05	0.000687845021147993	0.250023324912187
AT5G58120.1	4.26127415546879	4.71931039047109	5.57964224108457e-08	5.57083227965128e-06	0.218173754404773
AT5G58670.1	2.98567541802981	4.13515782797722	0.000243235763604047	0.00851111675939105	0.262561699949713
AT5G58770.1.DE	3.17055847016308	5.37940502343798	3.02269993397918e-05	0.00146651196285384	0.227522935133913
AT5G59080.1	3.55148116301886	3.86238768367584	2.00593280381609e-05	0.00102017547690057	0.260534895088224
AT5G59590.1	-6.96242386464142	0.958052279256767	0.000102003109773176	0.00414346679314166	0.723295385502069
AT5G60090.1	-8.46312236674645	1.63115023888535	2.12982078024727e-06	0.000148539338975333	0.611712740963802
AT5G60210.1	-2.45047616294276	6.0098315152518	0.00124069642845403	0.0338647643852847	0.241153602762196
AT5G60615.1	-7.91420607033263	2.83631432590681	1.59312852319139e-09	2.36106625663599e-07	0.385758290394675
AT5G60930.1	-5.19274954615066	4.54440694254028	2.54932979230358e-09	3.60901389253723e-07	0.244088119970307
AT5G61110.1	-9.51321108225683	0.372625402018568	6.49478175402979e-05	0.00278117403778657	0.781365308952776
AT5G61160.1.DE	7.39379776937759	0.608974282664438	0.000131313930964558	0.00508478578229788	0.767473465127659
AT5G61270.1	3.87412886755173	4.25979147948046	1.90568975960009e-06	0.00013509128051537	0.242072128274183
AT5G61420.2	2.48734247020894	6.17462131648244	0.00114638060134323	0.0315629027684776	0.244309121869814
AT5G61430.1	-5.17204793846152	4.25689165505091	7.64598333277406e-09	9.60558303461748e-07	0.257788346671519
AT5G61600.1	3.68323458693698	3.06507289983081	0.000213763785689262	0.0076801117699343	0.361256299873697
AT5G61720.1	-9.10474941175602	7.14601262626399	3.30577024440404e-17	2.72654180592803e-14	0.264898436183024
AT5G62065.1	-8.36830502216872	1.50729285888654	5.59611318515233e-06	0.00035233078699858	0.653863268420726
AT5G62210.1	-5.72264962456841	5.96391801812093	2.06883973630334e-08	2.25551090791232e-06	0.320421229859861
AT5G62230.1	-5.50924258806047	5.30918025554327	5.44753436049673e-11	1.07645548769399e-08	0.221748760886695
AT5G62410.1	-2.96189215905967	4.76606553102309	5.18745393459977e-05	0.00233189576159615	0.214653862096579
AT5G62500.1	-3.87430150627789	4.17876647223229	7.39960758879894e-06	0.000445277750316785	0.27285559162668
AT5G62730.1	-5.28273665245258	5.02616222281293	6.05211754521077e-07	4.82389369044741e-05	0.357250802777625
AT5G63090.2	-7.99187160067905	1.1714594659375	1.85274636915749e-05	0.000960289579861135	0.689382624899003
AT5G63140.1	-4.46043943278932	4.40579043044519	4.16458192257525e-08	4.24742575651895e-06	0.228735282831275
AT5G64140.1	-2.56410212506393	6.31110673195883	0.0012149325924912	0.0332093246103141	0.260315761349752
AT5G64770.1.DE	5.15984897756795	5.92327565200325	1.57468707277552e-09	2.35211132051588e-07	0.238700272586541
AT5G65205.1	-3.55270118103359	4.75937143661151	2.45493391647538e-06	0.000169345805074684	0.216009141882323
AT5G65210.2	2.62476604135092	3.72834528032835	0.00137588321910638	0.0368651195853785	0.27419590241614
AT5G65350.1.DE	-4.22819789330407	1.72103073918948	0.00092762660414545	0.0262251515359749	0.541097007759781
AT5G65360.1	-3.78690222236531	6.63923073993541	2.87774025275299e-05	0.00141901688292858	0.304410256234653
AT5G65420.3	-4.22375971683251	1.86811811074431	0.00080256110766684	0.0233864580836251	0.526875387216124
AT5G65510.1	-5.90740927778708	0.478281977288088	0.000549770277333034	0.0170877340954944	0.734978508662109
AT5G65530.1	-4.09873619846687	3.63047956524091	3.5746480849032e-06	0.000235455118647964	0.276902460521367
AT5G66170.2.DE	-2.92996307179596	3.96727966650722	0.000311705615461557	0.0105027629223903	0.26300614593545
AT5G66410.1	-2.43985843360341	4.22304829923558	0.00133840172727739	0.0361159043619518	0.240853025472274
AT5G66490.1	3.13460687700386	3.8026663333639	0.000137554271569065	0.00527152430639426	0.264128883627874
AT5G66690.1	-4.78337042365009	2.16899100464887	0.00020913355621336	0.00757111366673176	0.524678768616789
AT5G66940.1	-10.0033693547729	0.845310500245888	1.37146198833389e-05	0.000741214641558232	0.720251871857851
AT5G67030.1	2.4249625846986	9.52905574437684	0.00196917470333397	0.0494116985743986	0.257637960224261
AT5G67110.1	-3.85856677893001	4.38578093320256	3.83992740113909e-06	0.000248612364503784	0.256005414885129
AT5G67210.1	-3.37074846495245	3.49535696830506	0.000250051624388493	0.00870363176999946	0.321292957303089
AT5G67260.1.DE	-2.71230907193926	5.97349289170127	0.000450106574069543	0.0143707258358457	0.245062047647115
