baseMean	baseMeanA	baseMeanB	foldChange	log2FoldChange	pvalue	padj	dispersion
AT1G01280.1	991.072717195623	1979.54988683518	2.59554755607104	0.00131118067462331	-9.57491778871075	9.22940590589711e-11	1.65459037185594e-07	-0.000328916069555855
AT1G01420.1	443.346824477935	36.6173834892197	850.07626546665	23.2151012569458	4.53699166838616	9.9371519964723e-05	0.012832583772506	0.337323065957755
AT1G03170.1	571.507612962974	1129.42690465155	13.5883212744014	0.0120311648486838	-6.37707985980742	3.99294331951042e-07	0.000118260564750022	0.0782749769609997
AT1G04150.1	64.8763565507614	128.836459389537	0.916253711985695	0.00711175793193293	-7.13557806571704	7.3951041397849e-06	0.00141902674366802	0.368615176925059
AT1G04610.1	32.5345610882149	65.0691221764299	0	0	-Inf	1.9255148425007e-05	0.00334181072792732	0.00654545065126523
AT1G05440.1	243.867136101663	485.367409604335	2.36686259899094	0.00487643494836287	-7.67995747333464	6.90232746038525e-08	2.57636463891202e-05	0.0986763513831408
AT1G05550.3	208.993332173845	395.235805953431	22.7508583942584	0.0575627462177327	-4.11872076760281	0.000376776049636632	0.0405786316225254	0.130766524332712
AT1G05835.1	907.753308180101	1791.45609183333	24.0505245268755	0.0134251264301225	-6.21892051502759	7.44399649039848e-07	0.000202834016370378	0.0973664262018415
AT1G09380.1.DE	309.949928569521	619.365501964023	0.534355175019547	0.000862746106015097	-10.1787763224452	8.46158332098871e-10	8.53930453075187e-07	0.245027122151186
AT1G09460.1	183.767031855396	359.1360806067	8.397983104092	0.0233838468413004	-5.41834390480053	1.82950325561465e-05	0.00323703277331091	0.227430246182306
AT1G09790.1	137.88073515302	275.76147030604	0	0	-Inf	8.44590309767517e-09	5.2144209620744e-06	0.0138643564002198
AT1G10770.1	1513.203914183	3009.68809047685	16.7197378891573	0.00555530586111608	-7.4919179397142	1.34086258032757e-08	6.89355162052179e-06	0.0839881104777909
AT1G11610.2	17.2952659787075	34.5905319574149	0	0	-Inf	0.000407831952864041	0.0432397083721377	0.387673394600949
AT1G11770.1	425.407546894719	849.21202826438	1.60306552505864	0.00188770939612689	-9.04914759890086	5.72022112368693e-06	0.00115290121743673	0.809803761018546
AT1G13110.1	3378.04475985279	94.3592011613237	6661.73031854426	70.5996896598866	6.14158993663981	7.1404541062891e-05	0.00972815467440827	0.674531279168478
AT1G13140.1	2557.10756577736	5085.05125411839	29.1638774363256	0.0057352179907146	-7.44593596177827	1.33357362068687e-08	6.89355162052179e-06	-0.000212273938709927
AT1G13470.1	1861.37015650474	53.8891157937291	3668.85119721576	68.0814881294209	6.08919066677422	7.30360010845484e-07	0.000202834016370378	0.141504745351842
AT1G14100.1	86.4600446311172	166.049700306007	6.87038895622741	0.0413754974779613	-4.59507953151836	0.000230764933283737	0.0266435716191325	0.00544778890976647
AT1G14860.1	82.8534650252814	161.965686883593	3.74124316696948	0.0230989862047654	-5.43602665542573	5.39245834321655e-05	0.00753506179158793	0.198688148629305
AT1G15415.1	680.052167960416	1353.31017528363	6.79416063720071	0.00502040165018102	-7.6379814950788	1.18737347620674e-08	6.37508793686342e-06	0.217649590033738
AT1G16360.1	137.290268147126	266.564451727127	8.01608456712586	0.0300718438455989	-5.05544286076044	4.97498598459576e-05	0.00702375223358887	0.07056979568031
AT1G16630.1.DE	514.788975485589	1012.47555760322	17.1023933679561	0.0168916604845668	-5.88754503480882	2.49969391535944e-06	0.000572366889123647	0.00105984577786433
AT1G17560.1	383.269841375636	734.550058918131	31.989623833142	0.0435499574804437	-4.52118487951047	0.000104259598014587	0.0134003090882144	0.227160437253432
AT1G20080.1	228.065860337431	450.481741764894	5.64997890996757	0.0125420819228591	-6.31707934159642	1.6252110317357e-06	0.000406272937548023	0.0524598072804092
AT1G20130.1	11401.2809790478	22794.3934168904	8.16854120517926	0.000358357472198689	-11.4463129427357	0.00024606500272197	0.0281713411519674	1.69797932682228
AT1G21540.1	1535.52262346509	2921.1827310728	149.862515857374	0.0513019997904536	-4.28484112551085	0.000167287806034486	0.0197649803735364	0.383389965342602
AT1G22100.1	50.7220113976081	101.444022795216	0	0	-Inf	1.60181883731134e-06	0.000404132959991291	0.283044530313032
AT1G22350.1.DE	446.056610773504	41.9425611573477	850.17066038966	20.2698794954424	4.34126560688682	0.000148883582000176	0.0179503532846938	0.0551537454245903
AT1G22690.1	748.273271121197	67.0824203390222	1429.46412190337	21.3090719547554	4.41339585762661	0.000128916927679012	0.0160844677043878	0.295144410600739
AT1G23510.1	197.733117981424	394.931880787828	0.534355175019547	0.0013530312466889	-9.52958912759258	7.52888109811629e-09	4.77085935259239e-06	0.0551050734858952
AT1G23610.1	131.693817439786	262.929508023579	0.458126855992847	0.00174239422359458	-9.16471320832594	5.77506153727561e-08	2.18553995510675e-05	2.30340391906321e-05
AT1G23690.1	239.627861536278	479.255723072555	0	0	-Inf	5.29799781502582e-10	6.09875010517886e-07	0.0151682197013749
AT1G24145.1	392.737027472945	12.7848949340651	772.689160011826	60.437662100219	5.91737594894312	1.8866724230902e-06	0.00045493849720674	0.00300827593177355
AT1G27260.1	23.2713361284968	46.5426722569936	0	0	-Inf	0.000344888788092707	0.0378932649110891	0.794790005781748
AT1G28305.1	361.304104205162	722.073853235305	0.534355175019547	0.000740028423166591	-10.4001316964106	3.28374090841242e-10	4.47376861362108e-07	0.177805058986148
AT1G28375.1	934.658186768826	1868.78201836263	0.534355175019547	0.000285937669438693	-11.7720116863643	3.80115568021215e-12	2.35601619863599e-08	-0.000107803471397179
AT1G30740.1	40.8309868631154	81.1276185512113	0.534355175019547	0.00658660003291282	-7.24625033861466	2.36923527870152e-05	0.003912540780246	0.158781862555183
AT1G30780.1	61.9060016333164	123.812003266633	0	0	-Inf	6.1119321842378e-07	0.000173477008495949	-0.0128915825371982
AT1G32361.1	35.2668694102505	69.4650284704618	1.06871035003909	0.0153848688119884	-6.02234404802726	0.000142325921122301	0.0173490601539232	-0.00952564335110975
AT1G35110.1	61.3815994310028	121.236361655974	1.52683720603194	0.0125938883778496	-6.31113240414876	1.88504696762171e-05	0.00331379095314556	0.0704650304260824
AT1G35310.1	3149.24423565788	6259.02165974151	39.4668115742524	0.00630558795284348	-7.30915338641562	1.6251515819889e-08	8.20039450111732e-06	0.26456980448628
AT1G36150.1	174.1100091063	347.68566303758	0.534355175019547	0.00153689160016296	-9.34576887202271	9.64262458542881e-07	0.000255089548256082	0.637522543833979
AT1G48020.1	293.660557413758	581.976806135487	5.34430869202812	0.00918302694486408	-6.76681450590988	3.65825352480694e-07	0.000112000103420157	0.0181248116104144
AT1G48590.2	276.415125264095	536.951294973825	15.8789555543657	0.0295724318071339	-5.0796033054021	2.25250996464627e-05	0.00381219823084979	0.152356703901811
AT1G49290.1.DE	140.558237287211	277.222774769398	3.89369980502288	0.0140453821236793	-6.15376031430025	4.84475350392686e-06	0.00100770872881679	0.102675251184272
AT1G49870.1	500.134417118627	984.388364799223	15.880469438031	0.0161323213539505	-5.95390214031594	1.91741179507096e-06	0.000458295057825382	0.0744199648903341
AT1G51210.1	57.8356755068906	115.213224157788	0.458126855992847	0.00397633916889113	-7.97434346528501	4.51442321251437e-06	0.000953558168175128	0.208457294178848
AT1G54840.1	129.376384568794	253.026561908594	5.72620722899427	0.0226308541909638	-5.46556515029541	2.4803458369312e-05	0.00402233390354652	0.0147952183469366
AT1G54870.1	257.372608022631	514.745216045262	0	0	-Inf	3.70323049766806e-10	4.80502974287901e-07	0.0159539064155383
AT1G56030.1	35.6095433865145	71.2190867730291	0	0	-Inf	0.000152027903370439	0.0182148429131234	0.820631673632003
AT1G56120.1	2582.18915794603	149.315586753957	5015.06272913811	33.5870007824564	5.06983106790952	1.61207056907109e-05	0.00292574098284435	0.232750077656397
AT1G56360.1	491.531504910484	981.078045758944	1.98496406202479	0.00202324786555514	-8.94911121118107	1.38403035920359e-09	1.21651803959933e-06	0.0276464621885036
AT1G57820.1	883.859462870526	1703.58495061122	64.1339751298354	0.0376464790363552	-4.73134124956081	6.26523082680353e-05	0.00866573652633212	0.342098920831573
AT1G58561.1	689.834590244806	48.5998341476025	1331.06934634201	27.3883516206952	4.77549053434391	4.46759517175101e-05	0.00647516134254636	0.0273939460069272
AT1G61290.1	129.600824488436	255.842304346868	3.35934463000333	0.013130528348622	-6.25093122094675	4.20800793935201e-06	0.000902833073476091	0.0709622593417295
AT1G63910.1	74.4590246488265	144.718679274691	4.19937002296233	0.0290174706127016	-5.10693442135389	0.000129275485439699	0.0160844677043878	0.169266753558702
AT1G64030.1	97.1896580116891	193.844960848359	0.534355175019547	0.00275661112200674	-8.50288852544718	2.94514421606353e-07	9.55348685705943e-05	0.123563704974888
AT1G66140.1	398.211008331874	26.4137158290109	770.008300834736	29.1518355773713	4.86551482205229	4.01464276291998e-05	0.00591302627048884	0.0634513765211838
AT1G66360.1	85.6616182098425	168.956373820694	2.36686259899094	0.0140087203901688	-6.15753100924293	1.32561443979907e-05	0.00244056366592196	-0.000728945034773591
AT1G67220.1	35.1222282276113	68.7176192491907	1.52683720603194	0.0222190061692209	-5.49206190170668	0.000326419522000971	0.0361556062417986	0.025279915792002
AT1G67481.1	60.0240591377018	119.589991419411	0.458126855992847	0.00383081268386552	-8.02813380096899	3.21528267990354e-06	0.000718114938213209	0.0912799491239965
AT1G69600.1	211.971349672832	423.408344170645	0.534355175019547	0.00126203269816569	-9.63003499488808	5.38023596532474e-09	3.75899152777355e-06	0.0925812811983338
AT1G69940.1.DE	7361.9935199389	14709.4817079496	14.5053319282198	0.000986121211896985	-9.98594738907729	5.49610818752169e-12	2.49596593155985e-08	0.000833196399812359
AT1G73050.1	133.205219958159	264.501704173321	1.90873574299809	0.00721634572814452	-7.11451582628895	7.38932602181134e-07	0.000202834016370378	0.129957564612317
AT1G73600.2	4151.64673128074	307.039301180357	7996.25416138112	26.0430965372868	4.70282909075617	4.37864803621233e-05	0.00638018190859431	0.433310053809879
AT1G73620.1	331.130029453654	648.212096893249	14.0479620140596	0.0216718603083599	-5.52803319036016	8.3369543481495e-06	0.00157753702832207	0.0133080638415158
AT1G74540.1	2910.82691960061	5811.04220707802	10.6116321231969	0.00182611513478109	-9.09700655595482	1.13351132422576e-10	1.81681862132374e-07	0.249118866707259
AT1G74550.1	2347.03860754952	4678.73261471969	15.3446003793461	0.00327964892267421	-8.25224289805821	1.28374308816588e-09	1.20618729883945e-06	0.258568373303368
AT1G76470.1	967.346184308786	1922.70711286823	11.9852557493428	0.00623353170596201	-7.32573450808557	2.01115820005684e-08	9.36717608570489e-06	0.357632365732806
AT1G80660.1	4644.53709394781	9263.42211172735	25.6520761682689	0.00276917923623428	-8.49632584892124	5.37177049780874e-10	6.09875010517886e-07	0.0295568888914947
AT2G01430.1	30.2307895389354	59.5453253658851	0.916253711985695	0.0153875003009159	-6.02209730485184	0.000323296244570789	0.0359558207023056	0.0932181379976408
AT2G03200.1	674.601905567432	1324.237032896	24.9667782388612	0.0188537079228639	-5.72900790628795	3.4781883501127e-06	0.000770517692389195	0.0285067769131385
AT2G03210.1	70.4954790795069	140.074704447028	0.916253711985695	0.00654117897733772	-7.25623359519801	3.79119292747464e-06	0.000819860514982769	0.46868365445882
AT2G12505.1	32.7885072992571	0	65.5770145985142	Inf	Inf	0.000415577491661266	0.0438901375689386	0.902869613982813
AT2G13620.1	137.266929714769	274.533859429538	0	0	-Inf	9.86642501106291e-09	5.60084059794671e-06	0.25358335273539
AT2G15020.1	4131.21589739856	308.448774209684	7953.98302058743	25.7870469447231	4.6885746643644	4.76527120704112e-05	0.00683390051839244	0.20683324206955
AT2G16260.1	42.8347454880334	85.6694909760668	0	0	-Inf	4.6065260126731e-06	0.000965527852256281	0.0867859590840271
AT2G16570.1	191.583073745934	372.936413905638	10.2297335862307	0.0274302353023085	-5.18808919179497	2.41186722715458e-05	0.00395894928948844	0.0207376107380359
AT2G18130.1	129.486160849789	258.972321699579	0	0	-Inf	1.15257280394653e-08	6.37508793686342e-06	0.0444807502907928
AT2G18480.1	157.061471054078	309.389216910175	4.73372519798187	0.0153002268316165	-6.03030314820174	5.75435134950803e-06	0.00115290121743673	0.0612056783254909
AT2G19000.1	726.747463425635	1443.03575136613	10.4591754851435	0.00724803628409189	-7.10819410704444	5.66402079359903e-08	2.17370758568995e-05	0.05978643077289
AT2G19010.1	149.173604476141	298.347208952283	0	0	-Inf	6.05378334409149e-09	4.12383721399513e-06	0.0459397934952562
AT2G20980.1	143.409273739735	278.877934289538	7.9406131899318	0.0284734366315539	-5.13423955858138	4.82677105021e-05	0.00688585641759801	0.199172606837007
AT2G21490.1	1429.94363163659	2854.69616816103	5.19109511214207	0.00181844049466256	-9.1030825678099	1.85500435947658e-10	2.66027151510621e-07	0.4270838871749
AT2G22030.1	40.9167730436418	81.8335460872837	0	0	-Inf	5.44449238756348e-06	0.0011154250268897	-0.00941078167056388
AT2G22807.1	95.2930011039836	190.127875351974	0.458126855992847	0.00240957226889923	-8.69700721302225	2.77815481983198e-07	9.12038102780503e-05	0.204214460039407
AT2G23060.1	122.709557721294	244.350405092549	1.06871035003909	0.00437367946917998	-7.8369367901949	2.6699450906468e-07	8.87203217438341e-05	0.0978017436864975
AT2G23660.1	114.572311981113	229.144623962225	0	0	-Inf	2.06264887383402e-08	9.36717608570489e-06	0.276766039542979
AT2G24615.1	24.4143818244117	48.8287636488235	0	0	-Inf	8.07462146542128e-05	0.0106804507616407	-0.0283200755054658
AT2G24700.1	302.408854747576	600.313426196083	4.50428329906913	0.00750321932263076	-7.05827455515093	1.52150384061075e-07	5.38414761674828e-05	0.14178497542295
AT2G25270.1	660.274112655254	1245.87808943467	74.6701358758382	0.0599337419199021	-4.06048773943123	0.000368760989535651	0.0400318702903084	0.0143157341414906
AT2G27120.1	139.526798549047	278.061115067082	0.992482031012395	0.00356929458034058	-8.13014531012905	1.39670439921152e-07	5.00755282496257e-05	0.121867219318593
AT2G28180.1	131.693644526026	261.478553309053	1.90873574299809	0.00729977934649987	-7.09793142896006	1.81568056091673e-06	0.000441729142177313	0.503441255266275
AT2G29460.1	284.336322095827	28.3911179696019	540.281526222052	19.0299489720879	4.25019978798566	0.000327994249737062	0.0361829446025727	0.207354671025005
AT2G32885.1	318.783192864254	636.497675378468	1.06871035003909	0.00167904831608949	-9.21814053897334	2.01167452180246e-09	1.61217962853157e-06	0.0438003944190882
AT2G33190.1.DE	31.3101538320923	62.6203076641847	0	0	-Inf	2.18417319002137e-05	0.00374304094853473	0.04785826752361
AT2G33880.1	699.972621545708	1396.66212678044	3.28311631097663	0.00235068757720581	-8.73270147717568	1.4435682223137e-09	1.22919834130011e-06	0.141993838645159
AT2G34190.1	560.376734797468	1089.29820093681	31.4552686581225	0.0288766369310722	-5.11395345881649	1.94723533742957e-05	0.00335811825786589	-0.000661559346358562
AT2G34700.1	55.6128637374922	111.225727474984	0	0	-Inf	1.01209297995267e-06	0.000265168360747598	0.0991561582937912
AT2G34870.1	496.863560853515	992.658411356991	1.06871035003909	0.00107661441016567	-9.85928264401617	0.000192999256388267	0.0225701447985729	1.29019072981853
AT2G37390.1	115.353379405044	222.156319067942	8.5504397421454	0.038488393118948	-4.69943274953575	0.000140402370527969	0.0172796962355272	0.0412984017687183
AT2G38530.1	1313.01546875193	2478.97448755566	147.056449948206	0.0593214858347365	-4.07530145611637	0.000356133625935815	0.0389716025682694	0.0468425801741353
AT2G41225.1	38.9960077676517	77.9920155353033	0	0	-Inf	6.91281364127212e-06	0.00133588897941406	0.025879337998332
AT2G42180.1	35.1169494049498	69.69954363488	0.534355175019547	0.00766655199091057	-7.02720640889779	7.27792824157346e-05	0.00981727666962345	0.607205462271848
AT2G42800.1	1397.27341286811	2765.00180670477	29.5450190314591	0.0106853525230314	-6.54822168469327	2.07204492415688e-07	7.14671899916794e-05	-0.000696577422121554
AT2G42990.1	2093.89945800458	4181.15645506817	6.64246094097996	0.0015886659617648	-9.2979684739885	9.0366551041267e-11	1.65459037185594e-07	0.0565177548694343
AT2G45480.1	126.861229748968	248.454379124934	5.26808037300142	0.0212034112320974	-5.55955980367818	1.92116645594693e-05	0.00334181072792732	0.189903400985416
AT2G45650.1	426.514461051561	850.967729722071	2.06119238105149	0.00242217455381614	-8.68948144818033	2.62760915705586e-09	1.98880817531828e-06	-0.00220664964234034
AT2G47550.1	180.103773733109	356.466304299249	3.74124316696948	0.010495362736526	-6.57410416043444	6.40523121094705e-05	0.00881463333514572	0.673799554158026
AT3G03760.1	472.838520931385	945.142686687751	0.534355175019547	0.000565369845787193	-10.7885174410096	9.22886515725046e-11	1.65459037185594e-07	0.0551847027635074
AT3G05020.1	3271.00162059684	6267.850272619	274.152968574668	0.0437395529009844	-4.51491771632126	7.82622932457492e-05	0.0104023949578545	0.0575664187120817
AT3G06030.1	543.730629209652	1045.08868742005	42.3725709992588	0.0405444738894473	-4.62435089766462	7.51729167157928e-05	0.010090205096906	-0.000596329226371874
AT3G07195.1	169.490306599538	8.5572974236457	330.423315775431	38.613045616762	5.27101644670428	2.54124908297214e-05	0.00407317382428381	-0.00576495112975068
AT3G07850.1	14092.1121068008	28128.5697484878	55.6544651138882	0.00197857429693453	-8.98132304406389	9.7157391183555e-11	1.65459037185594e-07	0.0739952398736234
AT3G08770.2.DE	19509.8544329395	38936.0324342306	83.6764316484785	0.00214907442841851	-8.86206883649347	1.30458272354472e-10	1.9748483361748e-07	0.258217151295715
AT3G09530.1	556.822415752183	1107.53748268024	6.10734882412777	0.00551434955442591	-7.50259356202696	2.58183566049245e-08	1.15327636191965e-05	0.0243088561919574
AT3G10880.1	94.2159082548938	184.766801661845	3.66501484794278	0.0198358948413817	-5.65574270763795	2.89142897614069e-05	0.00457165518734266	0.200970605501085
AT3G11680.1	25.2253385216653	49.9925501873377	0.458126855992847	0.0091639025069956	-6.7698221744942	0.000274753180157781	0.0311936443872468	0.0190880430000232
AT3G13175.1	326.215670395178	625.634325953021	26.7970148373347	0.0428317528717995	-4.5451754696388	0.000108609450191944	0.0138938511682164	0.0252712506987608
AT3G15550.1	632.380041973118	1223.53245161604	41.227632330193	0.0336955773226444	-4.89129694535299	3.30778987990508e-05	0.00509212760721207	0.0689256326166308
AT3G15720.1.DE	105.515792137642	205.915960540336	5.11562373494802	0.0248432599470401	-5.33100169251092	4.72345609313615e-05	0.00680977416009386	0.10013292129558
AT3G16660.1.DE	780.199054339186	4.55304375125002	1555.84506492712	341.71537765258	8.41665136222416	2.00264230290667e-09	1.61217962853157e-06	-0.00118899514735155
AT3G17060.1.DE	602.769540087328	1196.98788349068	8.55119668397805	0.0071439291925336	-7.12906650348723	8.08286056247247e-08	2.97624033251689e-05	0.0243247434066156
AT3G17675.1	289.676536209139	578.436818706292	0.916253711985695	0.00158401692692203	-9.30219653241629	3.75055548541574e-06	0.000817561086932865	0.769361728651945
AT3G19660.1	106.304388779614	6.55517058744786	206.053606971779	31.4337520622789	4.97424258333221	9.19764446748616e-05	0.0121071215676359	0.0405205439634088
AT3G19710.1	4296.5993889233	99.1108640549904	8494.08791379162	85.7028943777423	6.42127202307465	2.57158731932021e-07	8.65069275022682e-05	0.290292424631964
AT3G20150.1	696.860600790181	1349.4398948381	44.2813067422569	0.032814582488366	-4.92951911248031	2.95758278729338e-05	0.00463150665449253	0.00747265622507864
AT3G20580.1	725.764590204729	1443.43611058147	8.0930698279852	0.00560680848196668	-7.47860449376562	2.90671441587663e-08	1.23753366255948e-05	0.190854682080901
AT3G21910.1	67.5853041123591	134.636253049699	0.534355175019547	0.00396888031949537	-7.97705222574429	1.77236932619239e-06	0.000435076751352165	0.0212100439745622
AT3G21985.1	30.438710344006	60.8774206880119	0	0	-Inf	2.49476816536759e-05	0.00402233390354652	0.109652746137615
AT3G22050.1	106.271461585893	212.542923171787	0	0	-Inf	3.08513006859253e-08	1.27369127437893e-05	0.243054800350764
AT3G23270.1	291.815131271721	583.095907368423	0.534355175019547	0.000916410436545767	-10.0917184906722	1.08334923149498e-09	1.05425356642054e-06	0.0654008458624384
AT3G23770.1	1433.24368821737	2864.96053922871	1.52683720603194	0.000532934811885048	-10.8737533049548	4.32328280724456e-12	2.35601619863599e-08	0.0512960326003023
AT3G23860.1	25.0927918332786	50.1855836665572	0	0	-Inf	6.9745804641545e-05	0.00954991801443628	-0.0131922354439157
AT3G25010.1	1628.21787588139	104.195940895503	3152.23981086728	30.2530001051445	4.91900631238856	2.32405280257644e-05	0.00388501783831919	0.11228983983662
AT3G26050.1.DE	245.715037542773	477.383626955151	14.0464481303943	0.0294238162711724	-5.08687181339157	2.33942347189278e-05	0.00388686650988624	0.053352564601695
AT3G26320.1	145.657539373112	7.91199060518162	283.403088141042	35.8194419436544	5.16267095562291	3.84019109656632e-05	0.00574931467028786	0.250817613127484
AT3G26500.1	171.301237111805	5.55410716934894	337.04836705426	60.684527103529	5.92325681043585	0.000194023414990701	0.0225929487678061	0.689163500763539
AT3G27200.1	783.252524102022	1505.42474748627	61.0803007177715	0.0405734666045328	-4.62331961783177	7.27132529272378e-05	0.00981727666962345	0.113251145888089
AT3G28790.1	15600.105123214	31169.8259589455	30.3842874825854	0.000974798111564861	-10.0026089233576	4.20784792676881e-12	2.35601619863599e-08	0.0646733789275852
AT3G43860.1	1074.64026098037	2134.77443309069	14.5060888700524	0.00679513893608458	-7.20128123545735	5.06631752485709e-06	0.00104581075694929	0.630514450526073
AT3G44050.1	645.182130622602	1247.07695041763	43.2873108275792	0.0347110182840626	-4.84846250101788	3.64285562868736e-05	0.00551447389835962	0.0188310692347065
AT3G44230.1	18.0522447161834	36.1044894323667	0	0	-Inf	0.000359585167031651	0.0391919065251137	-0.052257348400695
AT3G44860.1.DE	2839.94838817725	262.278615541917	5417.61816081259	20.655965983421	4.36848662479352	0.000121253300281633	0.0152958792873794	0.064000989073994
AT3G45280.1	151.147753354608	291.759345963213	10.5361607460028	0.0361125046781923	-4.79135770409098	9.82633558160489e-05	0.012772289840152	0.12503351959051
AT3G46520.1	1151.91328937734	2289.16803324657	14.6585455081058	0.00640343797188038	-7.28693759622756	3.00979955859274e-08	1.26170797496208e-05	0.00172127278471152
AT3G47480.1	376.140548840754	15.1786743918992	737.102423289609	48.5617125882218	5.60174739578424	6.50112353149409e-06	0.00127440729486439	0.083501441582459
AT3G50580.1	174.76532620828	349.530652416559	0	0	-Inf	1.92395941538647e-08	9.35594802744201e-06	0.530024155187648
AT3G51230.1	147.848561361237	287.374610995575	8.32251172689795	0.0289604975821128	-5.10976979960915	5.08180367938993e-05	0.00713757663175345	0.249193249224527
AT3G52080.1	70.7775739713983	141.555147942797	0	0	-Inf	1.08060096315693e-06	0.000277775613623585	0.564014397319297
AT3G52310.1	237.085834561435	23.2836984763003	450.887970646571	19.3649634788698	4.27537687542206	0.000274176550380772	0.0311936443872468	0.0845783407908507
AT3G55100.1	239.513664639218	478.111075566451	0.916253711985695	0.00191640344432546	-9.02738297314094	9.16419181138652e-09	5.31289145695021e-06	0.0884264582871825
AT3G55190.1	140.300400349339	280.066445523659	0.534355175019547	0.00190795857040435	-9.03375443979724	3.83798907951064e-08	1.51561632519574e-05	0.10695126819289
AT3G57690.1	1932.96357170822	3852.4135365774	13.51360683904	0.00350782871847291	-8.15520597959396	2.10361132616539e-09	1.63769146901013e-06	-0.000406161174478166
AT3G58260.1	44.1792031579637	88.3584063159274	0	0	-Inf	3.56068347774822e-06	0.000782431479045835	0.0220624073531695
AT3G58280.1	32.9110585304491	65.8221170608982	0	0	-Inf	1.58408341427511e-05	0.00289685267598444	0.413275036668076
AT3G60570.1	49.7515261918644	98.586798671743	0.916253711985695	0.0092938783318898	-6.74950352631314	2.70050193585245e-05	0.00430311559930454	0.0648245371790546
AT3G60900.1	365.263632245606	719.303534990303	11.2237295009084	0.0156036067597801	-6.00197664446828	2.72118459949119e-06	0.000612783784850711	0.248507821041373
AT3G61230.1	392.492547163058	772.540197837114	12.4448964890009	0.0161090601160211	-5.95598386739452	2.35123965971924e-06	0.000547577591863504	0.00882807073014109
AT3G62520.1	30.8881908516519	61.7763817033038	0	0	-Inf	2.48699505077851e-05	0.00402233390354652	-0.0229572426407018
AT4G01390.1	1310.41940305633	3.90773693278593	2616.93106917988	669.67943702244	9.38732685954018	8.61160244030198e-09	5.2144209620744e-06	0.552835050030357
AT4G02290.1	6370.70016740499	12718.8011761119	22.5991586980376	0.00177683088092317	-9.13647791272964	3.36432403377779e-05	0.00515006186923468	1.03132328957928
AT4G02650.1	260.694976207975	516.961897435907	4.42805498004243	0.00856553452392769	-6.86724100554982	3.80380786289309e-07	0.000115162396275679	0.358645225248611
AT4G04080.1	62.5193663042562	124.504377433493	0.534355175019547	0.00429185853569676	-7.86418176057423	2.49293520406208e-06	0.000572366889123647	0.308379823716892
AT4G05230.1	23.7993853647518	47.5987707295036	0	0	-Inf	9.62708325590268e-05	0.0126114790652325	0.00377010553691776
AT4G07960.1	852.943243842568	1685.9591048622	19.9273828229399	0.0118196122109194	-6.40267348679406	4.87937043619456e-07	0.000141439452814287	0.0273642041520133
AT4G08630.1	171.190222989711	342.380445979423	0	0	-Inf	2.79892090617334e-09	2.06121613111922e-06	3.88977489566263e-05
AT4G09450.1	20.9437630514683	41.8875261029366	0	0	-Inf	0.00016756130601464	0.0197649803735364	0.0933413951496062
AT4G10240.1	40.4644997043973	80.9289994087945	0	0	-Inf	5.79691418127791e-06	0.00115295122344132	-0.0143749060592766
AT4G10950.1	69.0638063326207	138.127612665241	0	0	-Inf	3.16637176623017e-07	9.91693079152179e-05	0.0953352776533199
AT4G11320.1.DE	4227.37238877961	8341.28934332937	113.455434229846	0.0136016663084081	-6.20007278626836	6.7166225093446e-07	0.000188674773334662	0.293326852369705
AT4G12530.1	36.9004248769937	72.8845960420017	0.916253711985695	0.0125712943714153	-6.31372298893568	0.000117998938873473	0.0149545817973227	-0.00771419290358054
AT4G14080.1	6025.22579502547	12040.8324399588	9.6191500921845	0.000798877497893115	-10.2897380863233	2.48647768315883e-12	2.35601619863599e-08	0.000162351374365636
AT4G14400.1.DE	30288.9816433844	961.551271309104	59616.4120154597	62.0002425188362	5.95420195361329	9.27570499843925e-07	0.000247788637056346	0.359329998083953
AT4G14805.1	27.5170155766924	54.5759042973919	0.458126855992847	0.00839430627656573	-6.89637318197895	0.000186388118519931	0.0218909631613409	-0.0358253498445181
AT4G15210.1.DE	8613.35355212244	16227.6813260594	999.025778185439	0.061563063638743	-4.02179116170764	0.000370941219352518	0.0401087553369738	0.116945651190715
AT4G16260.1.DE	328.239570028191	3.00319025429676	653.475949802085	217.593923284459	7.76549445697975	3.48513772409408e-05	0.00530519735788354	0.818961688390963
AT4G19370.1.DE	236.827622073322	26.0579592293761	447.597284917268	17.1769892253371	4.10240527860892	0.00040027139457196	0.0427709606246932	0.33149958434862
AT4G20160.1.DE	134.924450988064	267.71148127605	2.13742070007819	0.00798404569684554	-6.96866430666931	7.53022693355774e-07	0.000203152102460972	-0.00603005202908591
AT4G20670.1	238.20245309492	476.404906189841	0	0	-Inf	4.7859440148067e-10	5.92760920524786e-07	0.248299000139523
AT4G21820.1	318.526061849851	622.77471978673	14.2774039129723	0.0229254712167212	-5.44690480208132	1.11872237908756e-05	0.00210227223347433	-0.000480190239704638
AT4G21895.1	320.0069747846	637.647086970208	2.36686259899094	0.00371186922571407	-8.07363840144263	2.04154229791975e-08	9.36717608570489e-06	0.0275510614053491
AT4G22050.1	32.9262137098512	65.8524274197024	0	0	-Inf	1.6213552862944e-05	0.00292574098284435	0.219672821523494
AT4G22690.1.DE	5632.08166742724	577.083119619071	10687.0802152354	18.5191350290923	4.21094481128351	0.000196278289920749	0.0227582589096194	0.450062115893797
AT4G22870.2	21.7821033491519	43.5642066983038	0	0	-Inf	0.000144595025533594	0.0175107789143972	-0.0445482461796283
AT4G22960.1	510.486164396721	993.566244345726	27.4060844477156	0.0275835502702317	-5.18004803213893	1.21225085504434e-05	0.00226242543138686	0.0926016168589542
AT4G28088.1	50.1732213187538	100.346442637508	0	0	-Inf	1.69030084798624e-06	0.000418702886417538	0.314300562898751
AT4G28090.1	310.507364996723	619.56412110644	1.45060888700524	0.00234133778504587	-8.73845119743303	6.44267759589239e-09	4.21820137042423e-06	0.203166494943077
AT4G29700.1.DE	1984.67273317996	3834.43505515926	134.910411200651	0.0351839082576527	-4.82894044230419	3.82902430813193e-05	0.00574931467028786	0.0082406366260103
AT4G32280.1.DE	378.217366570212	11.8859339187731	744.548799221651	62.6411693275259	5.96903923866697	2.33352942520281e-06	0.000547577591863504	0.386392811074581
AT4G32460.1	3957.04826536258	7644.2741944402	269.822336284967	0.0352973126580432	-4.82429784090993	3.87040297998529e-05	0.00576288198899668	0.0469208898763071
AT4G34510.1	733.039887715012	1458.59728909609	7.48248633393896	0.00512991926549923	-7.60684816373822	1.95716763639238e-08	9.35594802744201e-06	0.0106146486351684
AT4G36500.1	1235.17883918596	69.0486511532186	2401.3090272187	34.7770591765828	5.12006403527362	1.75245314433929e-05	0.00314105148389899	0.175474804215461
AT4G37840.1	104.996003128367	209.992006256735	0	0	-Inf	3.28013444992339e-08	1.3339866192763e-05	0.256346827906108
AT4G38390.1	105.33500273841	210.670005476821	0	0	-Inf	3.8032388746976e-08	1.51561632519574e-05	0.102131544866773
AT4G38660.1.DE	1746.87895823341	3371.74825778566	122.009658681155	0.0361858743159203	-4.78842955963431	4.88104220754523e-05	0.00692701239954128	0.14706202193838
AT5G01660.1	130.759335831869	249.15151737743	12.3671542863089	0.0496370819511182	-4.33243788450775	0.000315960872858547	0.0352840240313512	0.274776200350829
AT5G02140.1	62.1069038745054	121.236361655974	2.97744609303718	0.0245590188650343	-5.34760326370927	9.84358803006432e-05	0.012772289840152	0.0685582911233414
AT5G04180.1	851.77986807422	1685.00749083531	18.5522453131287	0.0110101856603212	-6.50501739308259	3.28509819042461e-07	0.000101718585787147	0.0461483534270272
AT5G07100.1	344.792728480877	8.00850734479137	681.576949616962	85.1066147876171	6.41119936252621	0.00014027713165468	0.0172796962355272	0.751641449771699
AT5G07430.1	4009.03234639048	7985.61694209183	32.4477506891349	0.00406327412452058	-7.94314158690434	3.05113683572011e-09	2.18782569736057e-06	0.00975970015134149
AT5G07475.1	175.520190756489	350.124127800992	0.916253711985695	0.00261693964863366	-8.57790363105218	4.09188748987612e-08	1.59279643320206e-05	-0.00467271395117469
AT5G07600.1	797.115558036522	1593.31486236106	0.916253711985695	0.000575061297443709	-10.7639966342669	2.73211466798618e-11	6.84736550350005e-08	0.0725843628721695
AT5G07690.1	514.459774144243	33.9452251389508	994.974323149534	29.3111717208156	4.87337873613289	3.90009212898055e-05	0.00577552773535119	0.437858363592522
AT5G09500.1	453.815627104152	906.104417002273	1.52683720603194	0.0016850565755802	-9.21298725412216	8.44363217609845e-10	8.53930453075187e-07	0.221480451333131
AT5G10140.1	76.0626831917972	146.017260617634	6.10810576596042	0.0418313954125966	-4.57927006553757	0.000440675048090714	0.0463610567968177	0.244175015293016
AT5G14180.1	182.8185708072	356.017234580384	9.61990703401715	0.0270209026407262	-5.20978032067928	3.25543360289962e-05	0.00504000311430732	0.0732427418389991
AT5G14565.1	200.670029402333	6.7178937078632	394.622165096804	58.7419483334344	5.8763192121737	6.00476335421419e-06	0.0011856361730118	0.0964229045342898
AT5G15150.1	156.65270496057	297.043041946142	16.2623679749971	0.0547475135874272	-4.19106274499779	0.000442777774058188	0.0464031107212981	0.0124821979928241
AT5G15230.1	7283.43823594681	14097.637690985	469.238780908595	0.0332849227079128	-4.90898737164754	2.9025849508598e-05	0.00457165518734266	0.170213926726793
AT5G16960.1	3574.80030149603	7140.13390953792	9.4666934541311	0.00132584256458906	-9.55887480994408	2.76427703091972e-11	6.84736550350005e-08	0.0199871463695098
AT5G17340.1.DE	437.754263928058	875.508527856115	0	0	-Inf	2.73165029077149e-11	6.84736550350005e-08	0.0403329337057074
AT5G17470.1	21.9627744805679	43.9255489611359	0	0	-Inf	0.000124921474415754	0.0156859923266381	0.595592332095176
AT5G19340.1	406.037383915092	804.516810119051	7.55795771113301	0.0093944062026679	-6.73398230934349	2.31478483973378e-07	7.88415716413327e-05	0.128758917769038
AT5G19610.1	253.933594578146	506.874707125279	0.992482031012395	0.00195804212966399	-8.99637247804355	6.50192518929161e-09	4.21820137042423e-06	-0.0019857541113152
AT5G20240.1	5071.91491293697	10112.2228575196	31.6069683543432	0.00312562023203828	-8.32164178547948	8.05014393331606e-10	8.53930453075187e-07	0.0511588473991209
AT5G20810.2	368.985081703043	713.770210008487	24.1999533975983	0.0339044037678605	-4.88238351578101	3.18528286242474e-05	0.0049595764248771	0.146536692598512
AT5G23010.1.DE	5950.80608582097	265.982147669089	11635.6300239729	43.7459059788059	5.45107610153643	4.31938703856577e-06	0.000919489515834688	0.0806885429232445
AT5G24860.1	157.29217125638	307.332055019566	7.25228749319356	0.023597562879446	-5.40521832185268	1.76372899675773e-05	0.00314105148389899	0.00270056946101426
AT5G24910.1	100.414962095616	198.386833273214	2.44309091801764	0.0123147835857285	-6.34346491496584	6.74089129154224e-06	0.00131197004222816	0.438309617074335
AT5G27330.1	687.669557883923	1296.01980937321	79.3193063946343	0.0612022330376224	-4.03027189742001	0.000300258730677031	0.033712315584853	0.0395934278089643
AT5G28630.1	35.5125547757431	1.54985349695326	69.4752560545329	44.8269828026386	5.4862954931794	0.000300649320578365	0.033712315584853	0.0167462646342209
AT5G28970.1	51.4330838295666	102.331812484114	0.534355175019547	0.00522178941277428	-7.58124000764563	8.13977498810949e-06	0.00155099712500704	0.093923457062637
AT5G33370.1	22089.9432379524	44144.9201629205	34.9663129843466	0.000792080104693824	-10.3020660391428	1.67985850777368e-12	2.35601619863599e-08	0.00771753949214738
AT5G37060.1	140.783014025919	281.566028051837	0	0	-Inf	8.90623980019777e-09	5.27559178425628e-06	0.416364657217179
AT5G37810.1	267.593002693901	534.651650212783	0.534355175019547	0.000999445479700442	-9.96658451023951	1.37326901738824e-09	1.21651803959933e-06	0.443919836693002
AT5G39310.1	208.289779388199	416.579558776398	0	0	-Inf	5.61615577563156e-06	0.00114200755652544	0.87951663270001
AT5G39670.1.DE	295.674452558004	29.2900789848938	562.058826131114	19.1893926411394	4.26223714474881	0.000238273888244314	0.0273944595227049	0.00681611787717147
AT5G40030.1	100.838005498715	196.942285799447	4.73372519798187	0.0240361036674591	-5.37865314044855	4.21409047123825e-05	0.0061734159763602	0.194163677810843
AT5G42490.1	238.059695876978	471.997006991853	4.12238476210298	0.00873392140423919	-6.83915473616638	3.85260354473119e-07	0.000115357957567951	0.179621524927841
AT5G42630.1	96.9040693177872	186.708307780434	7.09983085514016	0.0380263253389316	-4.71685765841712	0.00015241427569701	0.0182148429131234	0.299782942822798
AT5G43300.1	234.918147069396	465.560695796804	4.27559834198903	0.00918376138834351	-6.76669912613341	5.72376929538362e-07	0.000164169753432224	0.0254499019309881
AT5G44560.1	724.770645922474	1391.97354933707	57.5677425078821	0.0413569227197593	-4.5957273479833	7.81265688485339e-05	0.0104023949578545	0.120576928135242
AT5G44568.1.DE	241.356909617986	17.8261080465611	464.887711189412	26.0790358711584	4.70481862973206	0.000142622925516691	0.0173490601539232	0.497790713792622
AT5G44630.1.DE	1887.38164063184	3771.70960685162	3.05367441206388	0.000809626066258291	-10.2704566405842	7.24906265944086e-12	2.82174941920635e-08	0.253321826447619
AT5G45670.1	3341.35454497356	6607.72949914419	74.9795908029409	0.011347254879706	-6.46151286586571	3.03890117574247e-07	9.64511237055399e-05	0.0994403871490782
AT5G46200.1	185.522282537376	370.05208304374	0.992482031012395	0.00268200633502469	-8.54247163970236	2.78945957616709e-08	1.22592249244195e-05	0.236637066874777
AT5G46380.1	46.5370865937964	93.0741731875927	0	0	-Inf	2.67538973037075e-06	0.000607491828109519	0.0434558882763386
AT5G46970.1.DE	76.3843341523404	152.768668304681	0	0	-Inf	3.04418549569746e-07	9.64511237055399e-05	0.527928848976871
AT5G47500.1	2847.5610785629	5644.80670211111	50.3154550146886	0.00891358334659556	-6.80977875896494	1.15495815856055e-07	4.19603998726104e-05	0.140155082627605
AT5G50040.1	176.166834177842	350.272475974633	2.06119238105149	0.00588453995797478	-7.40885465211564	1.46159813877571e-06	0.000372202112947294	0.542859665241537
AT5G52990.1	272.675725754063	521.226212545889	24.1252389622369	0.04628554432134	-4.43329450152171	0.000155562186190175	0.0185098622240607	0.00483637296396988
AT5G55720.1	1862.09155460433	3720.67130794061	3.51180126805673	0.000943862270381662	-10.0491360245535	1.28138726442609e-11	4.36440502263525e-08	0.194315376285501
AT5G56570.1	30.7772392082074	60.4857680663757	1.06871035003909	0.0176687902659402	-5.82265292391319	0.000282773046486202	0.0319709542350872	-0.0311660101109957
AT5G56640.1	243.681802474908	485.91299606281	1.45060888700524	0.00298532638303367	-8.3878956160051	1.95434985184523e-08	9.35594802744201e-06	0.002696389872859
AT5G56880.1	21.7186897999449	43.4373795998899	0	0	-Inf	0.000140784371854339	0.0172796962355272	0.0645320728829749
AT5G57200.1	93.300577710766	185.684901709546	0.916253711985695	0.00493445457088872	-7.6628936592229	1.03217785226127e-06	0.000267855067794431	-0.004143796907188
AT5G57340.2	495.42794358704	29.193562245284	961.662324928796	32.9409037803923	5.04180823287825	2.30666494278458e-05	0.00387975347907371	0.0626003190421221
AT5G59305.1	49.3775537276778	98.7551074553556	0	0	-Inf	2.00382311814098e-06	0.000474784107157438	-0.0123785051228191
AT5G60615.1	259.273456679834	516.485720978617	2.06119238105149	0.00399080225711956	-7.96910548908544	2.84263972400981e-08	1.22946424126697e-05	0.0242317431435033
AT5G60930.1	852.260850892266	1659.78302512812	44.7386766564171	0.0269545332004849	-5.21332826463075	0.000115308686811526	0.0146819210198152	0.560199817934191
AT5G61000.1	634.944667210078	1223.23813731158	46.6511971085784	0.0381374612886972	-4.71264737937283	6.05572727344124e-05	0.00841869677279219	0.280309395692889
AT5G61160.1.DE	52.6880211819316	0.548790078854336	104.827252285009	191.015210230929	7.57754371207259	2.21206872693826e-05	0.00376715304197586	0.609790505642614
AT5G61720.1	5179.68229734383	10340.6606496783	18.7039450093495	0.00180877659977473	-9.11077005155075	7.35876785749916e-11	1.65459037185594e-07	0.00640670912034095
AT5G62065.1	101.944688431041	203.431250006089	0.458126855992847	0.0022519984318001	-8.79457846187761	1.98079347098328e-07	6.91957185863491e-05	0.143364825915534
AT5G62320.1	223.614934647948	446.237387264883	0.992482031012395	0.00222411223115034	-8.81255469478469	1.19322329998545e-08	6.37508793686342e-06	0.000653225143179696
AT5G64770.1.DE	2189.17867919872	120.646089891921	4257.71126850551	35.2909180257705	5.14122505444677	1.22231406736771e-05	0.00226568800732213	0.0893906401754068
AT5G65350.1.DE	118.479159370767	225.200991007438	11.7573277340953	0.0522081527328049	-4.25958107668109	0.000406554566390743	0.0432397083721377	0.174683982582877
AT5G65420.3	131.377277392343	249.775303120666	12.9792516640205	0.0519637109908749	-4.26635172517531	0.000395164661702977	0.0423915224491445	0.126041400509684
AT5G66230.1	698.220621140157	1380.25510262434	16.1861396559704	0.01172691890448	-6.41403217599225	4.81458208899652e-07	0.00014106207823761	0.0135507387329907
