logFC	logCPM	pvalue	padj	dispersion
AT1G02640.1	-3.4070908521384	4.86526944815858	0.000174343076053389	0.0187048156123264	0.31496514792978
AT1G03050.1	-7.41662080624549	4.79156133880949	1.54932606549217e-13	1.50788159324026e-10	0.260218970119201
AT1G03170.1	-6.42280809683475	3.98068241270807	1.11265579362074e-08	4.21124764332761e-06	0.351791130636853
AT1G04760.1	-5.17952283628836	2.41566984740913	3.34482360071819e-05	0.00460352464359451	0.475391124097135
AT1G04890.1	-10.9916920774886	1.80536617169416	3.37357349704782e-07	8.67294824226888e-05	0.61307142214646
AT1G06970.1	-6.84317498969791	0.877912015718534	0.000337123719865424	0.0323561959164262	0.838780332437301
AT1G07280.1	2.99546965649592	7.3464441715817	0.000402784387799269	0.0373342767072037	0.286141658677193
AT1G07370.1	-5.44554754656979	4.03442163230258	3.16316817674667e-07	8.20947580804986e-05	0.351211899529967
AT1G08150.1	-6.81191626573777	1.71581879166407	2.96816970009953e-05	0.00423484777473363	0.649875365099719
AT1G08930.1.DE	4.83720522344735	6.2911955734868	9.9988056654639e-08	2.96171144771257e-05	0.277522803862755
AT1G09380.1.DE	-9.96999622662837	3.09598651935594	1.06880962192147e-10	5.6011790398042e-08	0.413005438374472
AT1G09600.1	-5.23466171757718	2.43994257969733	6.13196232458269e-05	0.00765967420643448	0.522640827986871
AT1G09790.1	-11.1325672755403	1.94416370482556	1.49654618772307e-07	4.16146736343279e-05	0.589128659625243
AT1G11000.1	-3.30026993421525	4.19385126439131	0.000101419205207416	0.0116124989962492	0.277720560687227
AT1G11600.1	-9.82973142622856	4.2933324836946	1.46829412028249e-13	1.48194381747474e-10	0.338895606520323
AT1G12000.1.DE	-2.70768532364331	6.26094174675845	0.000576133474084337	0.0494235896612939	0.253661195904384
AT1G13245.1	3.38714369376351	5.24423503893128	1.74801443117153e-05	0.00283542507522949	0.239952991399408
AT1G14370.1	5.28799895147429	4.52602484242852	3.87931174095298e-08	1.24370734414953e-05	0.293514639165345
AT1G15125.1.DE	8.42241816815641	7.58110731995086	9.87022633158190e-11	5.2739909365086e-08	0.408582770425738
AT1G16630.1.DE	-5.8714825579739	3.82908167164469	2.41410434791494e-08	8.32743766899113e-06	0.327066096563882
AT1G17190.1	-3.56403382479899	3.80336123155684	6.53143344736622e-05	0.00796759156134989	0.297906504395159
AT1G18990.1	-7.23299159686368	3.24625907192395	2.10660610782754e-09	8.83186508375514e-07	0.363157318364214
AT1G19500.1	-7.61034950010357	2.1269550765065	8.5578600365494e-07	0.000197635799877973	0.538223708365024
AT1G19850.1	-5.029293362308	6.13466847099182	2.59896575857723e-08	8.85305198587352e-06	0.269908548314645
AT1G20080.1	-6.2715760770923	2.66304598055302	2.26763387993664e-06	0.000461158887030995	0.488539797121968
AT1G20680.1	-7.79264630388524	0.924441563685681	6.1556223669192e-05	0.00765967420643448	0.75148405748515
AT1G20930.1	-5.44076791445117	3.90684313855063	2.26783320087678e-08	7.92316955860167e-06	0.294657279722549
AT1G22130.1	-7.1368996889722	2.5849222249066	2.33102681600592e-07	6.22772664342914e-05	0.466818817725605
AT1G22240.1	-7.08556866918239	1.11167622314756	9.18794274675471e-05	0.0106093486352463	0.742847356910332
AT1G22350.1.DE	4.32437928968311	3.60011057003525	1.33676144113714e-05	0.00223485190382995	0.339852223858602
AT1G23580.1	-9.69658669178024	3.6731595512306	6.96877396123546e-13	5.56331480507195e-10	0.340395246069727
AT1G23830.1	4.44903153819254	2.40675243765247	0.000211154827705331	0.0217961371583257	0.476142077901181
AT1G24230.1	-8.93083770548717	-0.187927068287291	0.000478889949671615	0.0423708766834454	0.916073473366713
AT1G26450.1	-3.92036864429512	3.43867313698635	0.000158708173409227	0.0171625255300589	0.386638374112176
AT1G26770.2.DE	-3.29438286956341	4.60105016924374	0.000204469999818449	0.0212672212406586	0.303752009643989
AT1G28290.1	-8.38167609177315	7.9611705230897	2.00635994167191e-11	1.18859379935872e-08	0.379921776465602
AT1G28335.1	-12.0382707490236	2.8407496525695	2.50218403911076e-10	1.21762530803228e-07	0.453678197951699
AT1G28375.1	-11.5707702846615	4.6863597584859	1.08156363164637e-18	5.02003943846912e-15	0.266407138953673
AT1G29715.1	4.97244251984257	1.70041230857878	0.000443823331351727	0.0399162693157291	0.617950409987392
AT1G30740.1	-7.03890071343381	0.23822629866432	0.000511419016447875	0.0445261329623676	0.855147175073684
AT1G32180.1	-8.72399220950106	1.86778682659828	1.51267699157796e-06	0.000319550082926287	0.623532697594106
AT1G33720.1.DE	3.26129954883322	3.55236369622291	0.000577055347492719	0.0494235896612939	0.342776528865125
AT1G35710.1	4.88347788622156	8.40242740634057	5.45134674768188e-07	0.000134548930524131	0.318359664045993
AT1G37130.1	4.54949639783494	9.53592690639444	3.22710312929749e-06	0.000637259328815116	0.32978196747646
AT1G49290.1.DE	-6.11369935432765	1.96717442904044	2.06404118057874e-05	0.00325128243999718	0.554811680706323
AT1G50010.1	-3.50360195061188	8.22139495360582	8.7268928380205e-05	0.010206719172914	0.304077720459047
AT1G51410.1	-9.30030501715255	2.40683272342004	3.2253516861708e-08	1.07187876585171e-05	0.51217692419524
AT1G51460.1	-4.33132171377564	5.30644125931538	1.05528450795089e-06	0.000237665769637765	0.276999993631871
AT1G51670.1	-5.1500893749412	1.91862034118782	0.000133642581847613	0.0148648734609359	0.547288541967314
AT1G51800.1.DE	3.7436597159061	3.49459679081542	8.05891711335456e-05	0.00959011136489192	0.32944152766997
AT1G51805.1	3.52788748290738	7.81689832070811	3.05683365393053e-05	0.00429390587130211	0.273316878178503
AT1G54000.1	-4.34105224259392	2.49402548379936	0.000470786825399666	0.0420636451769387	0.520585925178046
AT1G54020.2	-5.59480592264911	5.80904647568464	3.53225587996376e-08	1.14592267839158e-05	0.320672694773571
AT1G59870.1	4.58990419803215	9.92948382055723	3.04131181743851e-05	0.00429390587130211	0.413193107345866
AT1G60240.1	-10.7232427154091	1.54133085132997	1.21642165406385e-06	0.000264336541886276	0.651376913903057
AT1G60300.1	-8.94777397782955	-0.172167773753776	0.000439653100420494	0.0396721411905923	0.908239041344554
AT1G60410.1	-9.9839194511711	0.819165477369982	2.30557651029663e-05	0.00354967601593749	0.761408394654089
AT1G60740.1	-6.87444088630739	4.32399174010456	4.57023800531911e-12	3.03764770446222e-09	0.264195271441781
AT1G61290.1	-6.19775687945644	1.85725584639714	2.76830087585365e-05	0.00405585844988644	0.578494756211341
AT1G61860.1	-5.00079023624879	2.99557628718714	7.6709580410387e-06	0.00136628285997612	0.398262569560498
AT1G62180.1.DE	3.0755774867615	8.55123233188566	0.000178340186548221	0.0188376344681256	0.26771826144623
AT1G63350.1	4.05518324159228	2.98665447812899	0.000192304691458933	0.0201557505651822	0.413366845279941
AT1G63930.1	-6.52402898391332	2.69038053065899	4.25660481055788e-07	0.000106419025405975	0.440953733842311
AT1G67000.1	5.45625536363819	2.94565567546916	5.67001793771419e-06	0.00105112719266588	0.436252315731898
AT1G67110.1	-7.26174239799599	0.411756047031028	0.0002875156115205	0.0284912288347096	0.817759025245105
AT1G69720.1.DE	3.20635986426291	4.18078581143189	0.00013780354872482	0.0152035809971662	0.274594664022596
AT1G69940.1.DE	-10.0017829200297	7.66182434764391	1.69418656260253e-19	1.53894260058271e-15	0.260224409786644
AT1G70720.1	-10.8256486923996	3.94558274145411	9.65075038626745e-14	1.09580249490073e-10	0.34709165111412
AT1G71680.1	-10.998530469402	4.93789753120401	4.0126803136219e-18	1.36686939033138e-14	0.274474237037667
AT1G73620.1	-5.52084470336953	3.19379096056074	5.48050761006147e-07	0.000134548930524131	0.369203990244595
AT1G75090.1	-3.76531404283133	4.12527643368791	1.06356451237575e-05	0.0018228425488523	0.269302521024716
AT1G75520.1	-5.62726849865216	2.5220054419253	1.86677877427403e-05	0.00299244637516126	0.510300795855555
AT1G76310.1	-5.96521670009524	3.27855933900358	3.89562791931501e-07	9.82960707678272e-05	0.400145122073992
AT1G78955.1	-5.14139437525057	3.84220650947094	9.41006373620509e-08	2.84926274305917e-05	0.296274647260763
AT1G78980.1	-7.9926559155554	1.15341647530185	2.37801559636098e-05	0.00362029625790129	0.706939562627251
AT1G79360.1	-4.91981519706739	2.87909375602017	2.16670887971042e-05	0.00337399906748507	0.430352436222426
AT1G79450.1	-4.68782204264709	2.77638226096888	4.1432023020448e-05	0.00548089349189431	0.428772606277269
AT1G80130.1	5.05238063381088	8.01329045697366	7.20274084395179e-08	2.25611368664977e-05	0.290963382560839
AT2G02140.1	-8.51598252278066	3.36525517415783	3.0445550022351e-10	1.45556435729664e-07	0.391153160170343
AT2G02850.1	-5.35416449693283	5.19594067028893	1.52045386713758e-08	5.58117443232663e-06	0.285266058341505
AT2G03530.1	3.21110572565993	5.08917357980209	0.00049686092521619	0.043536839463236	0.329890029091786
AT2G04235.1	-3.29993231729302	3.26321738086463	0.000590075819681595	0.0499383731743576	0.349839483917576
AT2G05990.1	-3.93879862242532	7.26618534436634	4.09204485239103e-06	0.000785297987834564	0.268880157882323
AT2G13350.1	-7.79337355836788	3.65183731497101	5.69475168263888e-11	3.16709547150188e-08	0.335956530029023
AT2G14900.1	-5.20478650948138	3.38074435620766	1.29107721526938e-05	0.00217179908600654	0.446441309181151
AT2G15390.2	8.14613123371847	4.04383868440301	1.83183312049788e-12	1.31366537807073e-09	0.310909605050427
AT2G17370.1	-2.98320531027779	4.55752076970214	0.000175897647972168	0.0187241672065998	0.25173710574409
AT2G18480.1	-5.97844339281512	2.12611274524458	2.56990594277078e-05	0.00384793993661795	0.553382731170437
AT2G19670.1	-4.51077634753645	3.00232128049177	2.94187768096489e-05	0.00421942677284074	0.391186611633464
AT2G19770.1	-10.7335939705649	4.70376528254719	2.08899753505248e-17	5.69272718277151e-14	0.278315538833739
AT2G20570.2	3.61267971815289	7.86902033802113	2.80317459814299e-05	0.00407352838878152	0.281507389966228
AT2G22420.1	-3.08184636879691	5.06754858939665	8.88756457560314e-05	0.0103061711595643	0.245085755012184
AT2G23060.1	-7.76767751690218	1.7740557188237	5.68240725768053e-06	0.00105112719266588	0.633211717768402
AT2G23600.1	2.8068063609795	6.66126835278672	0.000337204493055853	0.0323561959164262	0.249546278027118
AT2G25440.1	8.30579184105343	2.34666822671168	9.98880396606728e-07	0.000226837414066083	0.607933208527197
AT2G25600.1	-7.1763942749273	3.01053130118611	2.11769228436754e-08	7.49470551185712e-06	0.406999496822265
AT2G25625.1	2.87043062190815	4.12451847016307	0.000488132138404485	0.0429099642053569	0.271499590926799
AT2G26490.1	-9.00488429612398	3.48808150807188	4.68392516889317e-12	3.03908678041685e-09	0.341471462050789
AT2G26650.1	3.41281553413373	3.42996447833329	0.000582974820776746	0.0494911116541655	0.369573287597338
AT2G27660.1	4.29403766487335	2.39825601731472	0.000502699478931146	0.0439072548088226	0.513375156042016
AT2G27740.1	-4.05334831725132	3.06619802710778	0.000219709278674722	0.0224243354051118	0.423941197282541
AT2G28180.1	-6.98994885597297	1.87125350328466	9.73134713481601e-06	0.00168910153357243	0.599279500238562
AT2G28620.1	-5.6950001962153	5.02090776899173	1.4032242309231e-09	6.16762314788476e-07	0.272139957833272
AT2G29550.1.DE	-3.48370233501761	7.25551811273893	8.42508606622441e-05	0.00990208427713024	0.299914613648473
AT2G30370.1	-6.01792777568113	2.77432295737498	1.22220851629925e-06	0.000264336541886276	0.434521975618893
AT2G30630.2	-4.86686822261133	2.55691739790201	6.54926611772917e-05	0.00796759156134989	0.475679426407972
AT2G31100.1	-7.27219574188146	0.421541374649613	0.000282279143291586	0.0280744121672957	0.818625789633444
AT2G31270.1	-4.3899309071	4.21749315934947	5.16431843146768e-06	0.000970571321213281	0.321652350887129
AT2G31425.1	-11.358701562848	4.4579131634843	5.27347952448077e-17	1.19756325434688e-13	0.288981262935321
AT2G31470.1	-7.27478886300439	0.462887533981045	0.000290085828821582	0.0286417714536845	0.82972896776056
AT2G31880.1.DE	3.42600453851962	7.0230988878097	5.24745244392207e-05	0.00674520408251511	0.276216748582391
AT2G31980.1	-9.45869436668306	7.60237916645227	1.10528922354463e-18	5.02003943846912e-15	0.256032846425891
AT2G31985.1	-8.82436473963585	1.93565134830814	6.53044689535655e-07	0.000157487794995895	0.587746455475849
AT2G32160.3	3.71619754362549	7.09785380768743	3.38001437717274e-05	0.00462858149710223	0.300445554255924
AT2G33100.1.DE	-5.12922190607049	2.91737357465097	3.45926700830017e-05	0.00469137913865239	0.482504191571977
AT2G33190.1.DE	-8.99742258228404	-0.125867564787496	0.000368796260672059	0.0348960656235218	0.892204899096513
AT2G35120.1	-3.02024041504038	5.26522948107651	0.000206252656298602	0.0213710689611909	0.263583816164029
AT2G37370.1	-6.16055861849754	1.61498207418585	5.18336619337665e-05	0.00669440341875389	0.608544520664109
AT2G38060.1	-5.35853311983451	2.16975786870911	0.000122869101702497	0.0137790365863981	0.584525493901759
AT2G39030.1.DE	4.05116251096713	2.7145568696144	0.000420698349832014	0.0386008442130377	0.461464251331959
AT2G40116.1	-5.69845528648447	2.92984528132484	1.18440761376866e-06	0.000260292676474272	0.404056767388838
AT2G40550.1	-3.89443019292824	4.03096072911048	3.98946306659143e-05	0.00532925774645505	0.326202349276661
AT2G41090.1	3.43939897992262	9.13617746007194	3.16031583487653e-05	0.00439396769470512	0.263190987021487
AT2G42470.1	-9.02386630502564	-0.100407210638394	0.000373483535667357	0.0352173004514573	0.901650461889184
AT2G42990.1	-9.25917212509043	5.85062514929006	1.48692037961192e-16	3.1169282511388e-13	0.277173136552743
AT2G43040.1	-3.7742720692869	3.75814530670483	8.82930328031602e-05	0.0102823651150381	0.339138982980692
AT2G47230.2	-3.4995202675805	3.58573054512612	0.000130087294390981	0.0145287248338058	0.313973777141857
AT3G01700.1	-7.64609437126822	4.62805292697419	5.25217182171063e-11	2.98181113152992e-08	0.338574037235079
AT3G02110.1	-3.1244247201463	6.45281228243133	0.000233457596124862	0.0235627887111059	0.284597270525253
AT3G02790.1	-3.32697482989612	5.16776503818068	2.6296021884414e-05	0.00390071200507519	0.242736814271693
AT3G03540.1	-10.3915700346459	3.4929995463349	7.14527973936803e-13	5.56331480507195e-10	0.349958415912263
AT3G03910.1	-4.11975744208499	3.9080358281407	3.62037204826234e-06	0.000704705419194265	0.280806903570163
AT3G05400.1	-3.83457609901042	4.46965460773371	5.70866480182565e-06	0.00105112719266588	0.262981631047637
AT3G05980.1	-7.52808917445596	2.40140985831177	3.07707893269411e-07	8.06283442258146e-05	0.498563425278201
AT3G07850.1	-9.00360728195419	8.59583475677039	4.3558298984313e-17	1.07909745965592e-13	0.2672254219424
AT3G08560.1	-7.56459900957058	3.55534329556119	1.12587739073245e-10	5.78892165563205e-08	0.332357647912871
AT3G08770.2.DE	-8.87499588021545	9.07154250393855	2.9444650677136e-16	5.73140125430451e-13	0.277844222195908
AT3G09930.1	-8.68534677429884	1.82962118287403	1.16045088091655e-06	0.000257101194763063	0.60445910705583
AT3G10580.1	-6.39492445281539	0.419555383826827	0.00047625518594936	0.0422750165221694	0.782030013016389
AT3G11160.1	-7.4197773299169	0.563845835225527	0.000178346104465026	0.0188376344681256	0.793185763931041
AT3G11840.1	4.23796541299035	3.27624253821228	5.44098435115601e-05	0.00696113918090857	0.38282200666767
AT3G13450.1.DE	-2.80206189552407	5.02456992780774	0.00035500842565206	0.0338263447812738	0.249506856737544
AT3G15450.1	-3.44400489138766	6.2742455633314	0.000158702099157296	0.0171625255300589	0.317951246067282
AT3G15550.1	-4.89796317492373	4.12632059767356	1.18716859589656e-07	3.36995118820595e-05	0.281974750356297
AT3G15720.1.DE	-5.27694249000425	1.56635963892369	0.00053980124170514	0.0466988051990691	0.694475539189614
AT3G16490.1	-8.18125294526458	2.12982727103012	7.42593012954636e-07	0.000175968714748059	0.568397248412483
AT3G16660.1.DE	8.37353564093735	4.40832003439454	1.11568661736183e-14	1.38198072771488e-11	0.268381662247406
AT3G17060.1.DE	-7.0965245911803	4.05411527646516	4.59948660682112e-11	2.66682147920175e-08	0.304732018205971
AT3G17760.1	-8.35714307153055	4.97190128182682	1.88336405344061e-15	3.20772211376939e-12	0.257189062554321
AT3G18960.1	-4.04342341501239	3.33570621106328	3.77870223173961e-05	0.00507258199591803	0.342280150882567
AT3G19660.1	4.93171998200549	1.55181964400707	0.000418072566500197	0.038489511857084	0.600861630444368
AT3G20220.1	-8.47752030202167	2.96397644802065	1.44297104615921e-09	6.24165142521979e-07	0.412424534405562
AT3G20670.1	-4.25153060300234	5.34221680034997	7.6651536307167e-07	0.000180071639302294	0.262659021031159
AT3G20865.1	-7.84791432314276	5.9215102584834	9.39715917856174e-15	1.21943802273803e-11	0.258775784923217
AT3G21780.1	4.78186071555921	2.95436231428313	2.81025774133399e-05	0.00407352838878152	0.421906229663483
AT3G22060.1.DE	3.37966407038598	4.03278493192393	0.00012006460030075	0.013520167036346	0.294382317521663
AT3G23830.1	-4.189628851607	4.78719659699833	1.08289172039575e-06	0.000241884280922169	0.262964264722352
AT3G25010.1	4.90011612787477	5.46129855764995	5.15152934638642e-08	1.63237588626019e-05	0.270086876543323
AT3G25160.1	-6.92755542920906	0.930208117744641	9.80617990828663e-05	0.0112754518430683	0.715878985707364
AT3G25760.1.DE	2.76413106556304	5.17947800038503	0.000394113743874443	0.0369071946196648	0.247461788389158
AT3G26050.1.DE	-5.12776067278876	2.76833747888703	4.65954196254279e-05	0.00607546306321787	0.489835223641257
AT3G26500.1	5.86481336483746	2.21755983449291	1.9298210643011e-05	0.00307009406660489	0.533833393809288
AT3G26830.1.DE	4.38663152058565	2.24582091240028	0.000428975617235366	0.0389667151509366	0.518152747180617
AT3G26932.1	-2.67235476314852	4.9670642577403	0.000538172779794604	0.0466988051990691	0.244490276555103
AT3G27060.1.DE	-3.44544282217435	5.74869157744235	8.43008899597892e-05	0.00990208427713024	0.29370006397942
AT3G28007.1	-3.9144193589172	4.79788147354757	1.69376376314713e-06	0.000352341651217728	0.245188847927934
AT3G28510.1	6.88531496458355	0.914492217755979	0.00010521002873958	0.0119961443229385	0.719634601313825
AT3G28540.1	3.42675984913392	6.25528429554368	2.52119821450047e-05	0.00379586588637306	0.255079601705644
AT3G28750.1	-8.17938044517467	7.70145546184681	9.05365591299193e-16	1.64480784856629e-12	0.257612700016179
AT3G28770.1	-7.41398330394577	5.80106898575788	1.42952297680878e-13	1.48194381747474e-10	0.262908933321931
AT3G28890.1	3.35474353038158	4.56764892733898	0.000155734283847704	0.0169756598765351	0.30157349059462
AT3G30775.1	-2.82216408751991	6.50940224667376	0.000468227765185715	0.0419726145693287	0.26413110283458
AT3G44750.1	-3.25953281422775	5.34095473358048	8.0544656983688e-05	0.00959011136489192	0.266315495297019
AT3G44860.1.DE	4.34567817170491	6.26513201770791	2.11064622628483e-07	5.69477428836514e-05	0.248102171719625
AT3G45480.1	-8.95569467799102	-0.164953603440863	0.000416638799049079	0.0384875386877507	0.902685608211853
AT3G45560.1	-8.81638669453367	-0.296287462866511	0.000556818698180533	0.0480185643801193	0.913806956691793
AT3G46900.1.DE	4.16463337635652	3.22745986261162	7.96531423312375e-05	0.00956223692365001	0.389258089416536
AT3G47440.1	-6.41750380774629	2.45515328676249	2.13927306106371e-06	0.000438325790880054	0.488955902498306
AT3G48080.1	3.15416289558111	3.77533741493095	0.000581677478013333	0.0494911116541655	0.325858020654399
AT3G50580.1	-11.4669144390545	2.27424482489636	2.82649731416538e-08	9.50924423559516e-06	0.552439859820627
AT3G50740.1.DE	6.60889206809602	6.16182597087076	7.90622218752955e-11	4.30904921664736e-08	0.292745938814078
AT3G51920.1	2.8777806891951	6.36225189915392	0.000268785397924818	0.0268302962595209	0.252307866642606
AT3G52010.1	-7.27333235420999	2.73260846104467	1.085412212665e-07	3.18049120508967e-05	0.456024078066762
AT3G52080.1	-10.1631769917681	0.992686709854256	1.53998928359557e-05	0.00251294898007562	0.754887632824152
AT3G54150.1	6.28884506289445	0.836768627883724	0.000425077846013727	0.038871799938658	0.786269237759707
AT3G54750.3	-3.62168109368681	4.08052279505212	4.40293664245451e-05	0.00576848204055423	0.293095026587477
AT3G54820.1.DE	-3.20464587521044	5.36419781766092	6.32182316897748e-05	0.00779529426143916	0.251729746291525
AT3G55180.1	-7.67421365862404	1.62984756542043	9.71997752349315e-06	0.00168910153357243	0.647855541420054
AT3G55240.1	3.80254670424264	6.19608536713883	3.34320568812167e-06	0.000655436677748228	0.249153239466624
AT3G56600.1	-6.28089985213563	2.79943750143601	7.83522479560531e-07	0.000182493770004308	0.440809379105816
AT3G57260.1	6.57256612194711	6.89267848244146	1.35243217003491e-10	6.82502390104099e-08	0.299118989256613
AT3G57540.1	4.46098721621662	3.24109699076438	0.000315465919895391	0.0305934583027377	0.514463661471115
AT3G57690.1	-8.14457422347238	5.7332739323165	2.92400969368647e-15	4.42678823125833e-12	0.260029797480921
AT3G58310.1	-10.9066800950632	1.72180139936785	6.95365556000637e-07	0.000166222866373451	0.641528084953404
AT3G58990.1	3.75766984382622	5.58968752030299	8.87378813180399e-06	0.00156012645406317	0.266543853069117
AT3G60570.1	-6.51644455875035	0.50490510102661	0.000578552166964617	0.0494235896612939	0.828113117965448
AT3G61160.2	-4.68282326558392	5.5688048469377	3.46760916456445e-08	1.13850382341622e-05	0.246066629890571
AT3G61250.1	-5.0710972086826	3.30998410205686	1.31846244671973e-06	0.000280698594809057	0.349297825150278
AT3G62060.1	-3.67737670584826	3.00961964940634	0.000349389841196493	0.0334077984647215	0.386742005964205
AT4G00460.2	-4.53795720629525	2.54859655098431	0.000142443207611443	0.0155892363478692	0.470093116291268
AT4G01010.1	3.56881623640367	3.52650293194319	0.00038693588961915	0.036359965269005	0.375617049417498
AT4G01470.1	-9.26168635841305	3.74365216287002	3.45727242816202e-13	3.03916551418849e-10	0.320188472062559
AT4G01580.1	-4.54245261451744	2.87365479000209	5.55493145423222e-05	0.00707371201211599	0.422276665558472
AT4G02410.1.DE	3.90311966311487	5.49221355169298	3.67026081409519e-05	0.0049513998735103	0.326297959465828
AT4G03450.1	6.36957989348806	3.6130025467507	9.73042453747661e-08	2.91388790187665e-05	0.393727693134548
AT4G04490.1	3.41231673994509	4.03112128818601	0.000137038081682761	0.0151805884712883	0.30456546296613
AT4G05190.1	-5.63014854376277	4.15316880942936	6.01610410432414e-07	0.000146379332988337	0.388770504163099
AT4G08670.1	-9.87663280471527	5.30510034652304	5.83677458786037e-18	1.76731049215314e-14	0.261299975371109
AT4G10120.1.DE	3.00691459126455	8.60816405117473	0.000297965953612551	0.0292081661938691	0.276081667412414
AT4G10950.1	-10.1374619952198	0.96849269623218	1.3679621702151e-05	0.00227306933539828	0.7408919566858
AT4G11320.1.DE	-6.19392955344151	6.85705530091067	7.61895408961588e-10	3.40367406387086e-07	0.299758439853409
AT4G13370.1	-4.28591454695259	3.36969126556395	1.48343709024375e-05	0.0024352496473634	0.338191825795785
AT4G13770.1.DE	3.46721257651039	8.04152085196824	2.51490977298426e-05	0.00379586588637306	0.260287898296889
AT4G14400.1.DE	5.93208787371065	9.67157736431413	5.94183313532366e-09	2.3131556395815e-06	0.315952037619493
AT4G14785.1	-9.9033227336603	0.741371381740286	3.33185356656318e-05	0.00460352464359451	0.783186828763913
AT4G15210.1.DE	-4.0221187134376	7.88501307072848	5.9068143270671e-06	0.00107138628487275	0.287267239518786
AT4G15830.1	-5.24982834865194	3.85843614253436	1.36753939142379e-07	3.84193978924636e-05	0.31445558014409
AT4G15980.1	-12.6041256763431	3.40312167828282	1.43374390815220e-12	1.05597176327178e-09	0.385289086520293
AT4G16260.1.DE	7.71310107311684	3.18198550698711	5.20323298274169e-09	2.05497539148831e-06	0.411330685773118
AT4G16590.1	-6.38202718812254	7.33214350425775	8.71938990252054e-07	0.00019967402876772	0.482535222475185
AT4G17190.1	-2.85717520581852	5.26829080050247	0.000199363944022533	0.0208155817569274	0.23860621868704
AT4G17690.1	-9.48278930706072	2.58796354282451	7.68183377051418e-09	2.94841763493355e-06	0.481706569425442
AT4G19370.1.DE	4.07296096128395	2.68581856774668	0.000401009217527215	0.0372965944943144	0.457674255245238
AT4G20160.1.DE	-6.9720234420442	1.91131023014695	1.81846989176973e-05	0.0029322558000365	0.644839456558136
AT4G20670.1	-11.9240752770993	2.72744643365958	7.57109536152389e-10	3.40367406387086e-07	0.473895918007725
AT4G22080.1	-10.777580716358	3.89673242017728	5.20421578071628e-15	7.46421496001576e-12	0.308798810490933
AT4G22690.1.DE	4.18609730890115	7.24395234768571	5.93663825238652e-06	0.00107138628487275	0.305863050841749
AT4G23130.2	4.38444377077983	3.99186593322531	3.68240971779764e-06	0.000711697498012082	0.309836531105654
AT4G23320.1	6.63619839749834	3.12881925265053	1.12331166422776e-07	3.25652831509261e-05	0.412985057919877
AT4G26760.1.DE	-3.73265641608851	5.43634192380107	4.26763104813162e-06	0.000807619539532185	0.24641593896753
AT4G28250.1	-3.90079746830837	6.42578732151158	3.03535960135136e-05	0.00429390587130211	0.320467778856131
AT4G29150.1	-6.40325936370817	2.04408190403708	1.93774973195861e-05	0.00307009406660489	0.584002751060254
AT4G29700.1.DE	-4.82507672929732	5.77074706943572	2.45578395631276e-07	6.49733675664845e-05	0.293520799978437
AT4G30140.1	-7.42035401409061	3.41235077836741	4.39857977544212e-10	2.03162199085717e-07	0.34565626637218
AT4G30250.1	-4.69772249429307	3.28445901223597	6.08252849457626e-06	0.00109049331582696	0.356252589540467
AT4G30610.1	-3.32952547922913	4.93811400660253	0.000433590699329513	0.0392550835462743	0.343621849475434
AT4G31360.1	-3.69131482076623	3.94928118972412	2.63377860971647e-05	0.00390071200507519	0.285809019586217
AT4G32280.1.DE	5.93123770244286	3.3800809667141	2.00250098016423e-07	5.45701542104553e-05	0.380239269954095
AT4G33070.1	-5.60147260731948	1.68618828546456	0.000253100412917857	0.0253574976192078	0.668915900950043
AT4G33390.1	-7.13093095178083	2.7854289071194	7.6343177173784e-08	2.36412263768498e-05	0.434959204445637
AT4G34160.1	-4.35931568488445	4.41849443614315	2.31482279621934e-06	0.000467268414961283	0.296728038583785
AT4G34440.1	-6.52019633879752	1.97977146159023	2.08839158921519e-05	0.00327073328722431	0.60353050712012
AT4G34850.1	-10.4684192143519	6.1245758944261	9.572566832076e-19	5.02003943846912e-15	0.273629697503425
AT4G34950.1.DE	3.61058964100134	5.70633323694623	4.04202133634539e-05	0.0053731279725243	0.291497556094729
AT4G35420.1	-4.94414379662373	6.27503337221885	1.64549845141622e-08	5.90019451309783e-06	0.255902528066272
AT4G38660.1.DE	-4.77524181813746	5.58460673319404	2.06505537214923e-06	0.000426324423836657	0.339806510851904
AT5G04180.1	-6.50499964088431	4.55101243100448	9.05020032308959e-12	5.60515929555714e-09	0.256101993083627
AT5G06530.2	2.98244606869633	7.60252187183439	0.000214752142834959	0.0220838137524358	0.260341615845501
AT5G07030.1	-5.4506939946494	6.88543754821031	3.42546773209943e-07	8.72405805303193e-05	0.360798151349963
AT5G07230.1	-14.3557434984425	5.14979045884334	9.97263824786543e-21	2.71764364892581e-16	0.26546214841033
AT5G08000.1	-7.00480742671524	5.7967685835564	3.03622298674241e-12	2.1215413490184e-09	0.27470331403582
AT5G09430.1	-6.35789151096376	1.27502929703658	7.69947161115959e-05	0.00928399561396947	0.650366701701794
AT5G10160.1	-2.95767650257216	4.94255177746953	0.00016657715630751	0.0179422691167429	0.246933485812983
AT5G11130.1	-12.0503192084749	2.85272229944484	2.48645153526491e-10	1.21762530803228e-07	0.454356058924411
AT5G12000.1	-7.03992702530066	4.35906873340507	4.38315875116705e-12	2.98613647820133e-09	0.274692242483545
AT5G14740.1	3.00388884294545	9.346220982947	0.000311513612652544	0.0303180623514088	0.277364341388065
AT5G14870.1	-4.77994137357806	2.37516556431013	0.000138978761528647	0.015271412219424	0.506579037366489
AT5G15100.1	-6.39101744842992	0.917624197469544	0.000181817942083233	0.0191301959062169	0.71034045526802
AT5G15120.1	-7.00266546419989	2.17997538264894	2.69462048461933e-06	0.000535993451287308	0.542190390050521
AT5G15140.1	-8.10617234791538	4.89997810827909	7.76967681694184e-15	1.05865731469241e-11	0.259074434176918
AT5G15720.1	-6.20399464109732	2.63193989214041	1.2555584273598e-06	0.000269411202393558	0.449640153808208
AT5G16250.1	-5.90867378330553	5.81678761494302	3.69358437284662e-09	1.50229653349915e-06	0.303273291599064
AT5G17160.1	-5.35803703362958	4.19118105684386	7.72291200596995e-08	2.36468623679424e-05	0.311803973413946
AT5G17340.1.DE	-12.7958331101038	3.59398503255803	3.09518324741313e-14	3.66725385544588e-11	0.338519245148206
AT5G18910.1	-6.57805944418929	3.21574388184417	1.53604668608307e-08	5.58117443232663e-06	0.362591879179828
AT5G19360.1	-7.28602170280483	1.80904820835491	5.86047165999509e-06	0.00107138628487275	0.596405460535912
AT5G19610.1	-8.8492036007942	2.81426342063548	2.72797920558291e-09	1.12636608077788e-06	0.439174667494567
AT5G21080.1	-12.3607790122506	3.16109501308594	6.66844958347470e-12	4.22609115347138e-09	0.397509969139949
AT5G22260.1	-9.39548894169199	2.52817189537675	1.33990125419869e-08	5.0018697367354e-06	0.493866449794454
AT5G22940.1	-4.42282497563738	4.59936833971879	6.10557407539238e-05	0.00765967420643448	0.418998411427365
AT5G23010.1.DE	5.44112740800349	7.3419656324476	1.89789517157479e-09	8.08117833134135e-07	0.261758993816493
AT5G23270.1	-5.45831290002772	3.09309566298558	1.64118417646797e-06	0.000344030076868682	0.391608554706882
AT5G23940.1	-8.52446699074969	8.48572307567332	2.63706178062189e-15	4.22721003433689e-12	0.281307717439878
AT5G24940.1	-6.42534967527099	1.64783330542774	3.08660139127829e-05	0.00431348587249871	0.607630055217565
AT5G25380.1	-9.30153604067428	0.162052870519359	0.000175860106573989	0.0187241672065998	0.855724035899233
AT5G26920.1	6.00268892101544	4.49415111477146	3.17765173389005e-10	1.49300323103858e-07	0.268740789710261
AT5G33290.1	3.820038987752	4.60502792745755	1.19105477530274e-05	0.00201598966967546	0.279859790302253
AT5G35480.1	3.80583737096073	5.45884938587372	2.74349761128015e-05	0.00404124612999976	0.304256240427352
AT5G37630.1	-3.50754233575188	3.8586220267441	5.58634971374726e-05	0.00708063330461984	0.285618275800979
AT5G39320.1	-3.58022085386931	5.88479331554945	0.000116784669558151	0.0132053901665111	0.3255487245884
AT5G39493.1	-9.29269290032554	3.78966288941515	4.29150647932661e-13	3.54387403236756e-10	0.325533253941745
AT5G39670.1.DE	4.24016845746766	3.01722957629459	5.82065121402264e-05	0.00734345214043198	0.38505491584604
AT5G39870.1	-12.6230039917361	3.42196843320154	4.10590269099543e-13	3.49656106975989e-10	0.365970164701546
AT5G42330.1	-4.66271230399267	1.86097947510375	0.000427464785102661	0.038959340664992	0.556055378107438
AT5G42610.1	9.83244181741477	0.672679870833238	4.33878923199467e-05	0.00571190074208148	0.796560282825619
AT5G43990.2	-3.48138768142915	3.99480562964763	5.07808146072504e-05	0.00658965704220085	0.279670151622565
AT5G44190.1	2.84638151990319	6.8152740235306	0.000291535959018445	0.0286810340043741	0.250486049565732
AT5G44420.1	9.75210991533507	7.4866326223524	3.12198677914823e-13	2.83590872395228e-10	0.387141198156306
AT5G44568.1.DE	4.69058716493061	2.73831309445037	6.53649815952908e-05	0.00796759156134989	0.451418045898281
AT5G44620.1	-11.486902098568	5.96338954055444	9.85386244282733e-20	1.34263802714744e-15	0.276132287787423
AT5G44630.1.DE	-10.2648443375478	5.70312534786937	3.9540460800903e-18	1.36686939033138e-14	0.273624814807961
AT5G45850.1	-4.68694916716849	2.70322779780795	0.000243545024791152	0.0244902046885007	0.532673925820341
AT5G46280.1	-2.94504761729344	5.0968500967554	0.000223541417006247	0.0227303252046166	0.254998099870626
AT5G46490.2	3.32420709355862	5.60562092434564	3.46030313334971e-05	0.00469137913865239	0.250202079960041
AT5G46970.1.DE	-10.2861953134151	1.11372357200745	9.94612468021552e-06	0.00171545470671236	0.736999051819633
AT5G47000.1	-7.1657180694053	5.08796760389782	1.24447666427099e-13	1.35652934312195e-10	0.248582354340617
AT5G47150.1	-8.02019306844184	1.18060182635626	2.24602809480095e-05	0.00347764270519436	0.706521268035251
AT5G47220.1.DE	3.72762970521069	4.32673387732805	8.32072421531921e-06	0.00147238997137444	0.259677335176632
AT5G48650.1	-8.03889575918988	3.67342655783961	1.60391280620694e-11	9.71293952932119e-09	0.326540789645232
AT5G51750.1	-4.55015580716354	8.16737772472897	1.13886579756065e-07	3.26686651045528e-05	0.256157840946687
AT5G53370.1	3.83459450223468	7.11824215771913	1.41282094946006e-05	0.00233338082992341	0.288945102839416
AT5G57380.1	-7.08298598718608	2.01966513611593	1.12945117177529e-05	0.00192366711762803	0.629009410085799
AT5G58170.1	-7.08271200433702	3.42766826876592	4.17189115604735e-06	0.00079502241883529	0.610119782438309
AT5G58770.1.DE	3.1401894038217	5.35891914005526	7.26651361105931e-05	0.00880087832955454	0.24695154047482
AT5G59080.1	3.52142136387608	3.84195528710899	6.2044368792788e-05	0.00768532315441938	0.290266500648889
AT5G59680.1	4.23833449453169	3.93104443421568	0.000318766051818257	0.0308038782911323	0.479014536726635
AT5G59810.1	-10.9255994423992	4.02448608169884	1.68942060463147e-13	1.58753106540732e-10	0.359143953351313
AT5G59845.1	-7.32795718946388	4.5733601614211	7.98386450182274e-13	6.04356365386588e-10	0.271038912687173
AT5G60200.1	-3.08528184179666	3.97404672210766	0.000358364852168121	0.0340271797436706	0.293131008743826
AT5G60740.1	-7.86460545939564	2.3768040436557	1.66385888700953e-07	4.57998166968654e-05	0.498898110630068
AT5G60900.1	4.44265968761704	5.8949335141466	2.63220809337274e-06	0.000527428696709564	0.310993350759454
AT5G61010.1	2.74790153572525	6.09041104668315	0.000397733110646357	0.0371185787610406	0.246183149386095
AT5G61160.1.DE	7.36553555455161	0.585896406640964	0.000225660621020018	0.0228605114625149	0.82465325577513
AT5G61610.1	-5.12652362957927	2.87924052701074	8.11404666658601e-05	0.00961373416135371	0.525216896691057
AT5G62360.1	-4.09338967952375	3.84989117797255	2.8287590986421e-05	0.00407865154481989	0.339223861901199
AT5G62960.1	-3.16526635670331	4.34701722669036	0.000115587507845513	0.013124479901242	0.263623852933069
AT5G64690.1	-4.68211899260289	2.01350587392497	0.00030533373033399	0.0298231164348802	0.535489593123907
AT5G64770.1.DE	5.12829613339961	5.90056063331907	4.81631655192861e-09	1.93013885818539e-06	0.251102114779806
AT5G65360.1	-3.82438369120271	6.6498742384335	2.32894446166765e-05	0.00356550929915197	0.302515488090563
AT5G66170.2.DE	-2.96026796118146	3.97162858488823	0.000474280464440729	0.042237310249916	0.284796812362984
AT5G66870.1	-5.97531315811252	1.89613787073579	0.000218185104566569	0.0223524897915172	0.720948586176383
AT5G67260.1.DE	-2.74557845667301	5.97865911917644	0.000481152245683939	0.0424332681136991	0.252787319418191
