logFC	logCPM	pvalue	padj	dispersion
AT1G01280.1	-9.57033074461031	4.77110456326028	1.54019371115128e-17	2.89525613822218e-14	0.253496510801615
AT1G01420.1	4.51138606971553	3.59311800550765	2.95309072832709e-06	0.000353580888605686	0.316845220240646
AT1G02205.3	-4.20637537700148	8.83433908723109	9.80992046598452e-06	0.00104605598133953	0.323012180603102
AT1G03170.1	-6.40087677094044	3.97757601420265	9.15537810044712e-09	1.95571360832051e-06	0.347514222348182
AT1G04150.1	-6.92140707857415	0.878804419851722	0.000267440297164101	0.0175781213499677	0.811813955193293
AT1G04350.1	2.68763198816009	6.70747781683929	0.000874373483975949	0.0475042565080344	0.267519872810354
AT1G04610.1	-9.05299787190872	-0.0768015807505857	0.000346448045731279	0.0219277116621434	0.895450893308424
AT1G05440.1	-7.59604051377901	2.75562918380464	2.39428127753231e-08	4.63996901598477e-06	0.429806341439365
AT1G05550.3	-4.13041268405344	2.53377243589386	0.00026029019670796	0.0172286447806909	0.443539082076441
AT1G05835.1	-6.21877300108727	4.64323413790704	4.23542215587466e-10	1.22488408747895e-07	0.288301656619577
AT1G06250.1	-3.70548336206652	3.91884166566561	1.77487940002493e-05	0.00177469058306748	0.276090951485868
AT1G06970.1	-6.84317007735726	0.891325527856486	0.000403100730830717	0.0248011913883061	0.865034301637486
AT1G08930.1.DE	4.85119316732055	6.30453600281472	2.15900179185178e-07	3.32663243305162e-05	0.293793626306816
AT1G09380.1.DE	-9.97353577990265	3.10197376840076	3.00141744270082e-11	1.1284129017578e-08	0.387945255931442
AT1G09460.1	-5.41966024445933	2.35337520831986	2.10517411357575e-05	0.00203984860757716	0.48180179893536
AT1G09580.1	-3.03404468038053	3.84440590049638	0.00032924148717579	0.020979937206544	0.281471407194409
AT1G09790.1	-11.1333067781456	1.94242165880225	1.46437966819501e-07	2.41468500023946e-05	0.587840654734267
AT1G10770.1	-7.4989656000301	5.37940249733896	1.13415087413865e-14	8.48892950823635e-12	0.243912101382978
AT1G10900.1	2.69940525034045	5.38751072238823	0.000649416564289871	0.0368488746399542	0.256271496683961
AT1G11770.1	-9.03164251408343	3.55779887142932	2.7804279702919e-11	1.06666295888872e-08	0.374850613703938
AT1G12000.1.DE	-2.71805417382376	6.26356636705156	0.000745776866587364	0.041599743436526	0.265817891915223
AT1G13110.1	6.11688628288379	6.5158218356619	6.12768216487672e-10	1.69394366669636e-07	0.291185983199221
AT1G13140.1	-7.46028079891642	6.1366947504309	5.11894040550587e-14	3.00705755445935e-11	0.257559345682481
AT1G13470.1	6.06542472256691	5.65819759411175	3.57731936893767e-10	1.06740396027445e-07	0.278002208212123
AT1G14860.1	-5.38594612102215	1.21994660526707	0.000848571016070146	0.0462360520582221	0.761992340748663
AT1G15125.1.DE	8.43433247200378	7.60480285588323	3.44657973851343e-10	1.04498074071896e-07	0.433668616474594
AT1G15415.1	-7.65858072425854	4.22714525161442	1.83642872417297e-11	7.5046059036964e-09	0.316794999546673
AT1G16360.1	-5.05779309459915	1.93531878002372	0.000174180438684251	0.0121719103583143	0.554619877613483
AT1G16630.1.DE	-5.88577483656459	3.82818211467198	9.62116724807278e-09	2.03212024639632e-06	0.31229188780793
AT1G16920.1	-2.88360026264473	4.68402372288066	0.000478228564329219	0.0285388588960656	0.273662292636787
AT1G17560.1	-4.53045497828364	3.40244085429949	5.27793118565164e-06	0.000604966770901705	0.334678487651394
AT1G19640.1	-2.94669680984573	4.80976014292774	0.000159653089607848	0.0113680256759406	0.243837623086961
AT1G20080.1	-6.28427910184801	2.65994885028353	1.25531205999226e-06	0.000157013590854516	0.464438420447665
AT1G20130.1	-11.463035797764	8.29750995853372	7.68220977603023e-16	8.4947164335186e-13	0.384196789221535
AT1G21120.1	6.13906108177254	0.68865486235071	0.00075187409471251	0.0418157669597804	0.825875019815794
AT1G21240.1	7.69779230352533	4.16864001236787	1.29007613292655e-10	4.25453528890408e-08	0.348320327109894
AT1G21270.1	3.75102249551186	6.55282921704847	2.25408992132133e-05	0.00215194180050796	0.292171459668008
AT1G21540.1	-4.30797415940208	5.40300925976017	5.1459400404889e-07	7.21890902097838e-05	0.260417899669997
AT1G22100.1	-9.69051823741562	0.533355590971201	7.40748181531537e-05	0.00608060450499119	0.828270407583218
AT1G22350.1.DE	4.31752741623669	3.60324030327197	7.80710335824693e-06	0.000848311727909397	0.323089635184281
AT1G22690.1	4.39292829391917	4.34927462770453	7.85488958466508e-07	0.000106997256820677	0.275049897764043
AT1G23510.1	-9.3202228338878	2.45765062060479	1.23929085128326e-08	2.5884654913803e-06	0.484878883849437
AT1G23610.1	-8.77490311485762	1.87779484941001	9.18768288797822e-07	0.000120776267781968	0.598159708009988
AT1G23690.1	-11.9313916778509	2.73214105264615	1.96173394760767e-10	6.25028385544559e-08	0.439309807843427
AT1G24030.1	-3.80091177938408	2.96106876216488	0.000188769668724483	0.0130459273260398	0.373952579552725
AT1G24145.1	5.8957762912547	3.4203412739731	3.36293031450862e-07	4.90049333737465e-05	0.388512077823131
AT1G26770.2.DE	-3.31129491202527	4.59789312383005	0.000114863722675332	0.00881309493408525	0.284436662492491
AT1G28305.1	-10.1925100070822	3.31866928185201	3.11930483242745e-12	1.39611171999932e-09	0.362267456048613
AT1G28375.1	-11.5702476029755	4.68676528756611	1.44315326594384e-19	1.3012610676178e-15	0.252037289165191
AT1G30740.1	-7.02571588362461	0.233494974965055	0.000587578134709855	0.033985519311618	0.87298946543402
AT1G30780.1	-9.97949173312622	0.812128982959346	2.99298455630468e-05	0.00273117105288424	0.784727546870815
AT1G33720.1.DE	3.24899995659346	3.5508329681542	0.00040372191535385	0.0248011913883061	0.323042178348383
AT1G35110.1	-6.23807165323008	0.799280130512154	0.000364118943902925	0.0228156930249573	0.759894862082712
AT1G35310.1	-7.33682191884515	6.43884899392839	3.56912063274548e-09	8.94564395391326e-07	0.406364707782884
AT1G36150.1	-9.136454281287	2.27772283190556	1.08328627485017e-07	1.81817994594942e-05	0.545116878305993
AT1G48020.1	-6.74526550581256	3.02222534426944	1.54307042153632e-08	3.15289541130867e-06	0.370012703301863
AT1G48590.2	-5.09684505122013	2.93417577018409	8.64365257335059e-06	0.000928476463279111	0.410386951875843
AT1G49290.1.DE	-6.12335692432433	1.97095422183106	1.90765085837082e-05	0.00187748800186674	0.550949272106104
AT1G49870.1	-5.95382906969746	3.78586274714488	3.87367227904133e-09	9.33555019248961e-07	0.299159893515671
AT1G51210.1	-7.59138732630781	0.717821870173856	0.000148759034384458	0.0108025659310016	0.803922371922749
AT1G51800.1.DE	3.75088202568151	3.50140490248379	4.96466464477126e-05	0.00424208027238228	0.312458557001767
AT1G54840.1	-5.44183994197092	1.85154205364336	0.000108395220832103	0.00849005567167445	0.586142686746361
AT1G54870.1	-12.034436641108	2.83441367069977	6.00165840542407e-11	2.1695995135608e-08	0.419647008018129
AT1G55260.1	-3.59732279785064	7.01675424412316	0.000148838417710896	0.0108025659310016	0.338714145325132
AT1G56030.1	-9.18002621143448	0.0456646013160708	0.000327432743699892	0.0209356486941176	0.914878949502266
AT1G56120.1	5.0463606702815	6.12992932109104	2.42983333775628e-08	4.66081704930026e-06	0.26997362777434
AT1G56360.1	-8.88696783137912	3.76277960353161	1.16914338814999e-13	6.65986588195257e-11	0.296593426469139
AT1G57820.1	-4.74498066146247	4.60778009066979	3.01755536772738e-07	4.43156295332339e-05	0.288275058842964
AT1G58561.1	4.75181576929738	4.22985735962148	5.3277685161369e-08	9.53822786346109e-06	0.255166959354631
AT1G58602.1	3.25942464739631	8.14233263243526	0.000156114805619409	0.0111583502510785	0.289977488120494
AT1G59640.2	-3.60883328634639	5.77926676814087	7.29388309672923e-06	0.000806531849719506	0.245171507703362
AT1G61290.1	-6.20384896409811	1.85376080337561	2.95757746825082e-05	0.00271202640235019	0.582286310774599
AT1G62180.1.DE	3.08321783791483	8.55297200755142	0.000258093933504872	0.0171436387350692	0.282383709886256
AT1G64030.1	-8.28718912174822	1.44756547913536	1.70960316139758e-05	0.00171856257903485	0.726417593449385
AT1G64400.1	2.94029190432521	5.49262035869556	0.000164072339145954	0.0115948565085175	0.244307771730183
AT1G64450.1.DE	-3.08180848584692	3.5742555690273	0.000504053935136208	0.0298902393460266	0.305770248277774
AT1G65730.1	-3.85558930039725	3.73849568537446	0.000118906537039143	0.00904941329255794	0.362507339784965
AT1G66140.1	4.84014834348986	3.43988253723366	1.09330474749545e-06	0.000139809133628704	0.321470467259418
AT1G66350.1	-3.15187469675759	6.51202231022986	0.000147377008811341	0.0107873388860787	0.271943981656497
AT1G66360.1	-6.08243807259008	1.26839370094541	0.000269754535936551	0.0176071033560253	0.721917538260793
AT1G66430.1	-3.81598668759814	6.15960192769756	2.62517628295245e-05	0.00245512755059404	0.304746203907763
AT1G66700.1	5.48214447372532	1.80959710108546	0.000213895141968237	0.0145155266379745	0.632484481400375
AT1G67481.1	-7.64241623079153	0.768199938769108	0.000124498212892998	0.00936126962385031	0.793467134236602
AT1G67830.1	-3.28765919904826	4.98222677112368	8.23716034309298e-05	0.00658902723955156	0.270515693879677
AT1G69600.1	-9.42126486909958	2.55725106106222	6.34970869249275e-09	1.39656677691131e-06	0.473199219961928
AT1G69720.1.DE	3.20447552513917	4.18456884242794	0.000114081382589738	0.00878894192590938	0.267983776408231
AT1G69940.1.DE	-9.99817363916659	7.66148581282622	3.03051968949294e-18	8.13824416044119e-15	0.279751361877454
AT1G73050.1	-7.02056146462327	1.8925862090328	7.05719917156762e-06	0.000784977692468214	0.583429983050914
AT1G73600.2	4.67788801188629	6.81425226883219	8.24687782700038e-07	0.00011146030163469	0.30719827336259
AT1G73620.1	-5.53028992678814	3.19512887772379	2.61494235849834e-07	3.96416826250418e-05	0.349567680516949
AT1G74540.1	-9.11186932287021	6.32540324148588	4.97533427064342e-16	5.84539585122219e-13	0.283752300150946
AT1G74550.1	-8.27418283773054	6.01504298748865	5.08183341166422e-14	3.00705755445935e-11	0.291003699998707
AT1G75780.1	-3.12112582497198	4.07943206271314	0.000620494235796004	0.035561130013699	0.32429954121886
AT1G76470.1	-7.34833109022966	4.73376835269587	1.94714482086397e-11	7.7877507111917e-09	0.308869315891249
AT1G78170.1	-3.16088701037291	5.29309981595035	0.000155618253796145	0.0111583502510785	0.274495719865562
AT1G80660.1	-8.5099372603422	6.99789258393904	9.54751599532128e-16	9.97078920444719e-13	0.269750073549032
AT2G03200.1	-5.73021140289364	4.2164908624656	1.72140701821832e-08	3.44244777962424e-06	0.313182830614698
AT2G03210.1	-7.03755296324048	0.992531154359129	0.000207080462984447	0.014103980228919	0.804831150983528
AT2G04235.1	-3.3008961343802	3.26394908887052	0.000439823919193483	0.0265677198576702	0.33487226851401
AT2G13620.1	-11.1291080705322	1.93801336600337	1.93338448328327e-07	3.07997978955583e-05	0.600393485097978
AT2G15020.1	4.66550389420537	6.8077551354161	2.56953893534316e-07	3.92700755338054e-05	0.280791628084407
AT2G16260.1	-9.44960238604198	0.30057628879949	0.000141527370014655	0.0104741397698247	0.858060120807503
AT2G16570.1	-5.20132305383433	2.4106473928706	3.63105515672379e-05	0.00325031308743304	0.488250165325401
AT2G16780.1	-3.77513467929425	4.30486737168789	4.97472772790183e-06	0.000573711238215329	0.252472770399516
AT2G18130.1	-11.0424453680843	1.85286610132738	2.6705779021278e-07	4.01612187233587e-05	0.606683753468767
AT2G18480.1	-5.99573191367997	2.12887171668549	1.57638155380146e-05	0.00161047937219347	0.543296164026888
AT2G19000.1	-7.11444786521313	4.32347176989544	5.03897849827877e-13	2.63118660585123e-10	0.253123370191166
AT2G19010.1	-11.2481081564639	2.05559604633423	6.47474930295026e-08	1.13749848034448e-05	0.563805682340171
AT2G20570.2	3.60382717750289	7.87068585238563	5.62018749312548e-05	0.00469547931092324	0.302467166035548
AT2G20980.1	-5.11384545389023	1.99705984682148	0.00033805086757914	0.0214685142187591	0.61954136728661
AT2G21050.1.DE	-2.7169160873786	4.57734569909642	0.000839134577230556	0.0458548016941279	0.269052617211513
AT2G21460.1	4.90843436304779	2.66918583999806	0.000778871604438579	0.0429361537250335	0.668515492702708
AT2G21490.1	-9.12165622593749	5.30148443647903	2.98807928134257e-15	2.44217018829034e-12	0.292274551148488
AT2G22030.1	-9.38231327900778	0.236894810259763	0.000165712354567257	0.0116668945361622	0.864417446981765
AT2G22807.1	-8.30877110701325	1.41759579094287	1.85799555361033e-05	0.00184796827601941	0.728605075871186
AT2G23060.1	-7.76029157360985	1.77797002521986	6.49019714412818e-06	0.000726206701876914	0.642281785245578
AT2G23660.1	-10.8649683060092	1.67827918375998	1.00233531846056e-06	0.000130846523030706	0.657375199008582
AT2G23700.1	-3.25320388054445	3.82407094027411	0.000175529293821578	0.0122207395009557	0.290285995295756
AT2G24615.1	-8.63890070055914	-0.464216273439293	0.000733406646016395	0.0410314825351672	0.915897141262186
AT2G24700.1	-7.04587756677511	3.06350411272446	5.27713021319595e-09	1.20974992375192e-06	0.367902690412776
AT2G25270.1	-4.07245227076679	4.18518105145252	7.56169591855007e-06	0.000827350047683643	0.295876977971196
AT2G26010.1.Hnull	-5.31786154389899	5.08045687357287	0.000574256506836022	0.0334206619675033	0.731856623964011
AT2G27120.1	-7.98604148701979	1.96073203039838	1.11287913992337e-06	0.000141350689677564	0.567778949951481
AT2G27660.1	4.30106465683892	2.41135005057241	0.000431907448528168	0.0261903103788145	0.504519094091036
AT2G28180.1	-7.00800634730917	1.87953014263872	9.90520080212982e-06	0.00104605598133953	0.601456355737488
AT2G29460.1	4.22086074921331	2.95622297995381	0.000111401779026783	0.00865343240555975	0.413604637208399
AT2G29550.1.DE	-3.49755621207835	7.25122223817657	0.000107983014090064	0.00849005567167445	0.310997845395875
AT2G29720.1	3.21678423027303	4.10229217970735	0.000535835357415458	0.0313789191548155	0.333597672687719
AT2G29940.1	-2.71852314441253	5.30094696338363	0.00053027419368245	0.0312479444916699	0.251441954447031
AT2G31880.1.DE	3.42220293025606	7.02840891794729	9.09697277951502e-05	0.00724597009785269	0.293866010537851
AT2G32885.1	-9.15088116435549	3.13977699024174	7.75484121592496e-11	2.65046373049013e-08	0.384256043404497
AT2G33100.1.DE	-5.14898361549838	2.9325757655731	2.02982132692094e-05	0.00198732194288854	0.458258154386413
AT2G33190.1.DE	-8.99653065803939	-0.129156850383238	0.000395864936975997	0.024559303911798	0.902784288559263
AT2G33850.1	-6.06387782755996	5.22910615798914	3.57843865605764e-08	6.72674898565715e-06	0.357955319776671
AT2G33880.1	-8.66280099749552	4.27187585683262	3.9880370094173e-14	2.58507309320781e-11	0.28616221271021
AT2G34190.1	-5.12396434876548	3.95000060804111	4.05005230874446e-08	7.53790923760182e-06	0.279944412782652
AT2G34700.1	-9.82377582808847	0.661727668092852	4.8059466581919e-05	0.0041252139397576	0.804766543366747
AT2G34870.1	-9.7972543754836	3.78176372369639	4.98059327656518e-12	2.08055983139716e-09	0.376984136731728
AT2G37390.1	-4.70422564574352	1.68800696771705	0.000675032818092447	0.0381059066501556	0.603360375474612
AT2G38530.1	-4.08632710974394	5.17464321306741	0.000202438451655363	0.0138379564153364	0.429922123027075
AT2G39030.1.DE	4.03581016547957	2.70055000758222	0.000311267943129742	0.0200384068320304	0.439178250592915
AT2G41225.1	-9.31276718780486	0.170667926150407	0.000195093706930679	0.0134335952486554	0.871099705703354
AT2G42800.1	-6.56583705032616	5.26554628574498	1.36718040538198e-12	6.58980955394113e-10	0.242571230741294
AT2G42990.1	-9.2688527334422	5.84774779611974	1.54661680722242e-16	2.23640790324362e-13	0.27739112851668
AT2G43550.1	-3.19426800999259	5.86919226365683	0.000399550218780705	0.0247063980678937	0.317795800274598
AT2G45480.1	-5.53308788839829	1.82280670132394	0.000125705563315304	0.00941439513625931	0.592385635283661
AT2G45650.1	-8.66109422373177	3.55828221105198	1.62213974017436e-12	7.62324570894943e-10	0.31760035214068
AT2G46440.1	3.6074558321541	6.70093447569423	2.73276549149784e-05	0.00254309533213744	0.279909176997449
AT2G47550.1	-6.52335469158956	2.32600340275973	5.89977254651463e-06	0.000668095929695073	0.555164313404166
AT3G01085.1	-6.94720350949918	3.09212121049239	4.13136441087259e-07	5.97395293812176e-05	0.482115142129257
AT3G03760.1	-10.5835665038034	3.70561582339079	1.18875837125001e-14	8.48892950823635e-12	0.308466391154975
AT3G05020.1	-4.53609185906475	6.49179532324248	2.11243769837132e-07	3.31161631802806e-05	0.265170141270127
AT3G06030.1	-4.63765963542424	3.90642204354116	2.91146570920857e-07	4.30942774816556e-05	0.275636528193663
AT3G07195.1	5.23428818508335	2.21801036096044	3.76064355972474e-05	0.00335035912965429	0.492104863554634
AT3G07850.1	-9.00175306459302	8.59916778523355	3.56428247313499e-16	4.46675879533277e-13	0.283772817229791
AT3G08770.2.DE	-8.87599389101745	9.06542634559147	1.06291365974703e-15	1.0516132092592e-12	0.288329692462653
AT3G09530.1	-7.51128675925816	3.94193050073729	3.93928099465619e-12	1.68296827585334e-09	0.290083566507912
AT3G13175.1	-4.56058027170053	3.17338027398974	7.57017811477746e-06	0.000827350047683643	0.346349154971357
AT3G13450.1.DE	-2.80627505686926	5.02965847097745	0.000269703809095717	0.0176071033560253	0.240559316529129
AT3G15550.1	-4.90272494585068	4.12287878293878	6.96189432711559e-08	1.21175638482517e-05	0.271804996321059
AT3G15720.1.DE	-5.29473671166169	1.56183637931988	0.000776903271147979	0.0429361537250335	0.73439543451021
AT3G16660.1.DE	8.37088854743586	4.4068953365181	1.41009194003199e-15	1.31850965607811e-12	0.250433799877144
AT3G17060.1.DE	-7.11144772835988	4.0559444567817	2.14413989255642e-11	8.39698785422407e-09	0.294550501966334
AT3G17675.1	-9.06882086302264	3.00028815210001	1.13468869469445e-09	3.00420818068538e-07	0.432130755183952
AT3G19660.1	4.93102911935444	1.55422244622354	0.000703061528194991	0.0394511958418192	0.651380738815052
AT3G19710.1	6.40149044322613	6.86702646050101	6.76717846715913e-11	2.4001777514275e-08	0.279565965694825
AT3G20150.1	-4.94252292002859	4.26317830180339	2.00791954867191e-08	3.93175746624318e-06	0.254795598348092
AT3G20580.1	-7.46071369508698	4.32410218841992	1.10625761092711e-12	5.47248172900206e-10	0.278553667456057
AT3G21090.1	-4.13672408747903	2.44582101033341	0.000416824027624003	0.0254397989327143	0.469159527230744
AT3G21910.1	-7.758597733622	0.934443751665753	7.91109245074316e-05	0.0064100308572875	0.777688118424705
AT3G21985.1	-8.95565344562545	-0.167465471138974	0.000440958005936434	0.0265677198576702	0.908695853289708
AT3G22050.1	-10.7566358433687	1.57178446545059	2.34377689718981e-06	0.000289366831071707	0.697165112163767
AT3G22060.1.DE	3.36936470830391	4.03217244705462	0.000104005866443057	0.00821471545124613	0.288051867137911
AT3G23270.1	-9.88550020672921	3.01473157840487	5.10776675183229e-11	1.88266273335183e-08	0.39217482962321
AT3G23770.1	-10.8112012810259	5.30323485249394	1.4870128840721e-19	1.3012610676178e-15	0.255471737966896
AT3G23860.1	-8.67822345309164	-0.427555760192318	0.000689477502895465	0.0388047847288292	0.91617689981296
AT3G25010.1	4.89520890450587	5.46588433002149	5.01805841594873e-08	9.07014058682732e-06	0.268896599552434
AT3G25760.1.DE	2.75574918417856	5.1721406898679	0.000327345403151519	0.0209356486941176	0.239732284012384
AT3G26050.1.DE	-5.1071464978015	2.76609812707626	2.94856089819941e-05	0.00271202640235019	0.465695128091279
AT3G26320.1	5.12256415200832	2.0040381445395	0.000124165259013959	0.00936126962385031	0.543022824573706
AT3G26500.1	5.87482976817664	2.22987787071008	1.50446785115223e-05	0.00154540910742948	0.522084016210202
AT3G26690.1	-3.73892286896723	3.13223302366405	0.000147480907209395	0.0107873388860787	0.353975066040982
AT3G26830.1.DE	4.39769785089216	2.25734094749014	0.000359255051137921	0.0225862088671928	0.507379415700721
AT3G27060.1.DE	-3.45874765696062	5.74409791150607	6.31082902051403e-05	0.00524915769591251	0.285854920383054
AT3G27200.1	-4.63268876431488	4.43040597584052	6.12567284534028e-07	8.4051385508545e-05	0.293643153028898
AT3G28790.1	-10.0233097607338	8.74576897254521	1.16116173843179e-17	2.71196934236923e-14	0.293665101629654
AT3G43860.1	-7.20467657237853	4.89045472023796	6.26916836521022e-13	3.18507640349248e-10	0.264208531905788
AT3G44050.1	-4.86657680699408	4.15310478778909	4.96763805826032e-08	9.06618060380363e-06	0.262853675252927
AT3G44860.1.DE	4.34646870197512	6.2681908416115	4.32529746792407e-07	6.20663677878142e-05	0.261303858452524
AT3G45280.1	-4.78527460511248	2.07195878235033	0.000246044548677065	0.0164595922634572	0.541519397918376
AT3G46520.1	-7.29119553758583	4.98768378910561	1.21928448091489e-14	8.48892950823635e-12	0.233954441882339
AT3G46900.1.DE	4.17969215932701	3.24119060201952	5.53393212499476e-05	0.0046440560752523	0.375324011766311
AT3G47480.1	5.56731951142157	3.35757939057004	1.0324586942953e-07	1.7484827509336e-05	0.330250776203602
AT3G50480.1	3.51858131279299	6.37458522427387	4.2608816244383e-05	0.00370815059149033	0.281792784829773
AT3G50580.1	-11.4781985217145	2.28290564154938	1.89465735731838e-08	3.74902831609166e-06	0.537939269650715
AT3G50740.1.DE	6.62480310475906	6.177948021206	2.06850576028388e-10	6.4806285469694e-08	0.307186282392493
AT3G51230.1	-5.08836929120646	2.04031739837234	0.000606264396394128	0.0349587672497448	0.668112933420595
AT3G51290.1	-4.87046781399861	3.48766737215096	2.35836223830614e-06	0.000289366831071707	0.348063732986206
AT3G52080.1	-10.1747851420705	1.00135854669883	2.30695214785792e-05	0.00217920032539866	0.792662713580482
AT3G52310.1	4.24712396855825	2.69674230444483	0.000112862014808365	0.00873078252826194	0.414905287750399
AT3G54820.1.DE	-3.21283589145318	5.36258038094188	5.03845629497873e-05	0.0042856516485525	0.246164768429511
AT3G55100.1	-8.79902823327219	2.73198524962421	5.15689731110849e-09	1.19678216857059e-06	0.449381782061064
AT3G55190.1	-8.81939928580452	1.96654822851457	5.71435660335623e-07	7.89841731102135e-05	0.585031918817863
AT3G55880.2	4.37889575560451	4.72440438051648	1.03014344209043e-06	0.000132634496057643	0.280590173001429
AT3G57690.1	-8.15351059280807	5.73338975377625	1.47296003711248e-15	1.31850965607811e-12	0.254500981356802
AT3G57830.1	-3.24551100424756	3.86017231589594	0.000144478417000722	0.0106506089520767	0.282045136845013
AT3G58260.1	-9.49256578764149	0.342585315631195	0.000121914964450814	0.00924095766833223	0.847770013964585
AT3G58280.1	-9.06730243159186	-0.0615709865390857	0.000371450534113768	0.0231977645856166	0.908218718417685
AT3G59480.1	-5.00555434229544	3.05827561800024	6.07420580117916e-06	0.000683730063775843	0.388391941723333
AT3G60570.1	-6.53539966763041	0.507750925697192	0.000631094108942189	0.035949415333016	0.839924513710665
AT3G60690.1	2.85019202149547	4.04644625721904	0.000582260401367701	0.033781885879352	0.274916385080174
AT3G60900.1	-5.99063976599716	3.33734951832526	4.77689140963768e-07	6.75157930213302e-05	0.406690350675591
AT3G61230.1	-5.9509574643579	3.43837444033391	2.55129306801713e-08	4.84436435278647e-06	0.331885893191801
AT3G61880.2	5.79780079899544	3.95560948457838	1.13878980466572e-06	0.000143670944618162	0.42289136493802
AT3G62520.1	-8.9779676129335	-0.147441084413	0.000411164932531034	0.0251761511456625	0.903319366119758
AT4G01390.1	9.31108465181066	5.15098179907562	8.4782241930012e-17	1.32811381983364e-13	0.264817610672856
AT4G01750.1	6.154898950029	2.42261771704443	1.49467382728111e-05	0.00154378453874891	0.548728626451851
AT4G02290.1	-9.14619303666149	7.45689852931802	4.58233194177855e-14	2.87128919471844e-11	0.33510061421345
AT4G02410.1.DE	3.90455580294612	5.50654211366298	3.93047678273481e-05	0.00346878415783328	0.329336044547034
AT4G02650.1	-6.84808252789318	2.85417216212796	5.47862339742817e-08	9.71577005894855e-06	0.406669994095115
AT4G04080.1	-7.64416056464784	0.824575764075283	0.000116558973973072	0.00890681135262525	0.797120824843014
AT4G05230.1	-8.60291097875967	-0.498425553699419	0.000786066457377192	0.0432060738765393	0.920347997589692
AT4G05520.1	-3.38466670067649	3.90767925405518	7.8141675215172e-05	0.00635890567400348	0.279592144103488
AT4G07960.1	-6.4029136662251	4.55538904328743	7.51746152467886e-11	2.61691188409099e-08	0.27507600975502
AT4G08630.1	-11.4455922803828	2.25088018987989	1.29474557519338e-08	2.67457443104232e-06	0.520974072757815
AT4G10120.1.DE	2.99838899565518	8.60872262511615	0.00046219323159531	0.0276697718711103	0.292555268095969
AT4G10240.1	-9.36636193148485	0.22161741693144	0.000173649743679433	0.0121719103583143	0.866896718059715
AT4G10950.1	-10.1359671164301	0.964596872038449	2.10135887756431e-05	0.00203984860757716	0.777532767556034
AT4G11320.1.DE	-6.21636050395204	6.86341669625275	1.5937021665551e-09	4.16089073984761e-07	0.313128814057677
AT4G12600.2	-2.82456486696775	5.52064690061665	0.000299860566928104	0.0193703743543453	0.247354751474047
AT4G13770.1.DE	3.4594957280432	8.03828460611696	5.13313496777684e-05	0.00434651671730942	0.280118907453745
AT4G13900.1	3.66975072964697	5.87871419560943	1.66927762765286e-05	0.00169616653214154	0.272831036292021
AT4G14080.1	-10.3022409863074	7.37254233670989	2.08425757866773e-18	6.52997899396601e-15	0.285415807541479
AT4G14200.1	-2.78830064469805	5.19048596891508	0.000226693992002652	0.0152738124074045	0.232629934486631
AT4G14365.1	2.93823618099358	4.82191219601088	0.000110920911763808	0.008651831117577	0.231506064801734
AT4G14400.1.DE	5.92830654521642	9.68042663746528	1.68432479784701e-08	3.40450941397077e-06	0.33512651179235
AT4G15200.1	-4.34377429697916	2.79547174070556	0.000141053140389992	0.0104741397698247	0.443640078824217
AT4G15210.1.DE	-4.0403533485653	7.88834495218143	9.89859673722285e-06	0.00104605598133953	0.303493716176955
AT4G16260.1.DE	7.69688355721812	3.16605080717339	2.4007773327319e-09	6.18216606858826e-07	0.392142953571295
AT4G17190.1	-2.85645347241374	5.26726708806614	0.00018612925880062	0.0129109144167308	0.236325279046493
AT4G19370.1.DE	4.07520836127029	2.69441525862008	0.000287891640540569	0.0187259067781371	0.438319082597282
AT4G20160.1.DE	-6.95508191440722	1.91190889131718	1.87738054266024e-05	0.00185742102320669	0.647012405085678
AT4G20670.1	-11.9205333811269	2.72146729982819	3.09011687225561e-10	9.52262573191162e-08	0.449742033769192
AT4G21820.1	-5.44414691112674	3.13921077794642	1.0180865609774e-06	0.000131986146022436	0.376709826564283
AT4G21895.1	-7.98954014069228	3.14661229997229	5.83734586726684e-10	1.63776757631167e-07	0.374055550858459
AT4G22050.1	-9.06840921009768	-0.0608592012382587	0.000352003977262161	0.0222045998811211	0.900217373465536
AT4G22690.1.DE	4.18512684663985	7.25439188407689	1.1639199262668e-05	0.00121552037633129	0.325539330819681
AT4G22960.1	-5.20243398386538	3.81483883058095	4.61614726261265e-07	6.57381335171156e-05	0.3362503001552
AT4G23900.1	-2.83578830484627	4.69418635745892	0.000196378757400543	0.0134727294949468	0.234457795326863
AT4G26760.1.DE	-3.73998912415238	5.43995891429403	3.43955710808039e-06	0.000409220218466426	0.242587370054976
AT4G27370.1	-3.74437016061313	3.66619874632253	4.00397700675757e-05	0.00351713830715087	0.305610558617958
AT4G28088.1	-9.67476250512744	0.51821377645766	7.94875788658985e-05	0.00641290775760155	0.832266473283736
AT4G28090.1	-8.62401988771689	3.1043802466735	1.52327925772756e-10	4.93700060116598e-08	0.375379744950664
AT4G29700.1.DE	-4.84341962501198	5.77123004342164	1.57704412993223e-07	2.57785004821443e-05	0.28659963471039
AT4G31290.1	-2.67813303380533	5.53437939455399	0.000625343393529713	0.035730106722102	0.251795138180975
AT4G32280.1.DE	5.92819745287171	3.36852214003699	1.09499099638803e-07	1.82156112832762e-05	0.363545714684624
AT4G32460.1	-4.84028162169265	6.76654441339049	8.30117100045304e-07	0.00011146030163469	0.323650145822451
AT4G32480.1	-3.83355920444503	3.90248454405738	0.000423308984827434	0.0257519815429971	0.427277708215929
AT4G34510.1	-7.57623323750469	4.33645577497666	3.79699190757674e-12	1.65990357857274e-09	0.297810012565511
AT4G34950.1.DE	3.61435231998212	5.71849556354897	3.9269051228512e-05	0.00346878415783328	0.290959892728618
AT4G35100.1	-2.79654539693229	9.47403997370845	0.000757018954479547	0.0419777059183083	0.280206270125808
AT4G36500.1	5.0961042127251	5.06736794350237	3.82720673746591e-09	9.33555019248961e-07	0.244567213015168
AT4G37840.1	-10.7391814476972	1.55465097747388	2.81302355393266e-06	0.00034115623720533	0.706839748595924
AT4G38390.1	-10.7466835854304	1.56150582102174	2.37059750957777e-06	0.000289366831071707	0.69659797750065
AT4G38660.1.DE	-4.80249250884307	5.58843526991902	1.26125397483944e-06	0.000157013590854516	0.329407168142497
AT5G02050.1	-2.80743700297693	5.08821072190448	0.000374228652727205	0.0232938748806821	0.252368264674081
AT5G04180.1	-6.51277492153069	4.55359155350729	2.39892189096398e-12	1.09987643186197e-09	0.242608507933586
AT5G05940.1	-3.79347960819859	2.465828518238	0.00088105699984932	0.0477294221416931	0.463117640366429
AT5G07100.1	6.36941503764167	3.23058794822676	4.61365062377267e-08	8.50268670839988e-06	0.375715527780584
AT5G07430.1	-7.9539097974871	6.78541050678149	3.77652006626264e-14	2.53539372162875e-11	0.278139344259752
AT5G07475.1	-8.3516792878019	2.28682331689931	1.69762999356938e-07	2.72752552300147e-05	0.522120296353704
AT5G07520.1	-8.38750134572597	5.01874844767791	2.19260584874129e-13	1.21225308072467e-10	0.305370155397739
AT5G07580.1	2.64416625273989	5.733183170295	0.000610979239341198	0.0351228982909353	0.245432360842202
AT5G07600.1	-10.5262737891359	4.45852061158118	1.712130291625e-17	2.92587502017879e-14	0.266584580288181
AT5G07690.1	4.84898242943183	3.81074345849265	8.40332528283135e-07	0.00011146030163469	0.318822033467539
AT5G09500.1	-9.14627573488539	3.64576647425919	3.11724403094878e-13	1.674227236965e-10	0.313496607990648
AT5G11550.1	-2.82822510700608	5.17123797809829	0.00025426353486025	0.0169490990365354	0.242129039292199
AT5G11920.1	7.92134032348942	3.38840207785047	3.03687822446594e-09	7.714491468042e-07	0.415081055845693
AT5G14180.1	-5.20458944344767	2.34534345929534	3.58857836694109e-05	0.00322766010247649	0.487817875900239
AT5G14565.1	5.82047724973826	2.4575939713153	5.46468374681507e-06	0.000622576515591695	0.465500575108753
AT5G15150.1	-4.19317243923443	2.12334889363835	0.000828859345757947	0.045425358546816	0.52880476039959
AT5G15230.1	-4.92767806943192	7.64716847368047	2.11402254582065e-07	3.31161631802806e-05	0.301381106355223
AT5G15830.1	4.76753522867602	2.09360931574363	0.000290739571196989	0.0188459395150379	0.547072029646706
AT5G16960.1	-9.56494883548447	6.62031182142566	1.29842132574333e-17	2.71196934236923e-14	0.271264371091616
AT5G17340.1.DE	-12.8008048107649	3.59647232315485	6.50475902034047e-15	5.09485250268167e-12	0.319088800301952
AT5G18130.1	3.49717600084599	6.59919736394954	0.000153175300844379	0.0110321429320791	0.324563341240958
AT5G19240.1	3.50307873545746	6.12904335210379	2.28225901215675e-05	0.00216676287426882	0.26139478538483
AT5G19340.1	-6.73900037278113	3.48624281198372	8.62963262806656e-10	2.33592982284842e-07	0.321415696388428
AT5G19610.1	-8.85140922467774	2.81478789656677	8.69853641873547e-10	2.33592982284842e-07	0.411310665526077
AT5G20240.1	-8.33529266208802	7.12330184128851	2.45121297225968e-15	2.09445006602443e-12	0.270836730644911
AT5G20810.2	-4.90289811399874	3.34825042808106	4.83658463806258e-06	0.000564708807616773	0.373062004769559
AT5G23010.1.DE	5.4302527416866	7.33615422354636	6.3892298550044e-09	1.39656677691131e-06	0.278830216080106
AT5G24580.1	-4.0357695088373	4.32613026924239	0.000244517681636091	0.0164158692121259	0.430861578696834
AT5G24660.1	3.22842308947425	4.55179831824499	4.57385663008166e-05	0.00394400719872821	0.244383144956505
AT5G24860.1	-5.41802431808526	2.13012690843283	7.25475875178451e-05	0.00598135767614234	0.55562072062172
AT5G24910.1	-6.28952577634696	1.49442669435965	0.00013040119400307	0.00972730811456232	0.694654343537676
AT5G25120.1	3.68175060281649	4.75160027905117	2.76687086571076e-05	0.00256214968145964	0.287464969176778
AT5G27330.1	-4.05161029042946	4.24299916712605	3.67897082569245e-06	0.000434951531958281	0.2753522137119
AT5G28970.1	-7.36376053037665	0.553962986787218	0.000226616334362632	0.0152738124074045	0.819714330481239
AT5G33370.1	-10.3161817004077	9.24623846820723	2.0767013527255e-19	1.3012610676178e-15	0.2756866306693
AT5G37060.1	-11.16606394482	1.97442642613613	1.66449537988089e-07	2.69734346129318e-05	0.597447279855077
AT5G37810.1	-9.75585030120013	2.88741598837699	3.99517193810846e-10	1.17345690769629e-07	0.427133024427989
AT5G38110.1	-2.94538310190266	3.68541305590168	0.000650804680309862	0.0368488746399542	0.295254280193296
AT5G38120.1	-3.86271708103139	4.36371979232799	3.37785886850344e-05	0.00305273995240999	0.317392321615865
AT5G39310.1	-11.7320550880643	2.53427916900238	4.72222000496553e-09	1.12364926143471e-06	0.51268634487254
AT5G39550.1	-3.52803015160817	2.97756972652005	0.00050234347050622	0.0298830777170124	0.379858676107679
AT5G39670.1.DE	4.23704467372213	3.01437171701436	3.28952026435652e-05	0.00298726579368955	0.360932974487638
AT5G40030.1	-5.34469291994431	1.497288883566	0.000553803683647205	0.032330439891926	0.709433423672762
AT5G40780.1	3.34785687099263	5.7714706307122	0.000162335298229727	0.0115153922117827	0.303688139041986
AT5G41130.2	-3.33721607406352	4.90244722233895	2.1597027856778e-05	0.0020819534853934	0.239057549926699
AT5G42490.1	-6.84113021178385	2.72350600586569	2.14256730995389e-07	3.32663243305162e-05	0.447189324685615
AT5G42800.1	5.6792792152766	3.61835395366796	2.25520020587333e-05	0.00215194180050796	0.53667487606641
AT5G43300.1	-6.7260584268364	2.70369986245163	2.69811758809767e-07	4.0253344778619e-05	0.439715289429838
AT5G43990.2	-3.48428366750991	3.99887749622928	4.03888201328759e-05	0.00353129786445489	0.272249132960338
AT5G44560.1	-4.60545544395471	4.31867569931247	5.44251686348848e-07	7.57840237035974e-05	0.288056945858488
AT5G44568.1.DE	4.67785597930117	2.7256282556216	4.3455645539908e-05	0.00376442039105618	0.429119923797979
AT5G44630.1.DE	-10.2551032472088	5.69709298369578	1.98060201006168e-18	6.52997899396601e-15	0.268332663845532
AT5G45670.1	-6.46947285734367	6.5210636201451	2.91361203487636e-06	0.000351090250202602	0.540035406926199
AT5G46200.1	-8.39548687648681	2.36423959665168	7.31261255158723e-08	1.26112376830034e-05	0.498602268584146
AT5G46380.1	-9.56734434334093	0.414424097209594	9.5464962347959e-05	0.00757194245661153	0.833895043997752
AT5G46970.1.DE	-10.2798588969508	1.1051737252554	1.68325839202539e-05	0.00170117694910179	0.780084586552069
AT5G47220.1.DE	3.72630522190491	4.32521550582182	4.42204897513105e-06	0.000519535478965709	0.244835596617311
AT5G47500.1	-6.81986200751267	6.2931482857926	5.63626310397284e-10	1.60531020952245e-07	0.335893540338775
AT5G50040.1	-7.37633174656918	2.29419752936834	8.41970573046387e-07	0.00011146030163469	0.527884051996081
AT5G52990.1	-4.44537629880506	2.91549232384016	2.47709087378912e-05	0.00232821771227439	0.37576241355371
AT5G55720.1	-10.0296542145559	5.67788614912107	1.60834407864176e-18	6.52997899396601e-15	0.260953110309038
AT5G56640.1	-8.27286606998184	2.75591024321766	3.61950900490762e-09	8.95256977292809e-07	0.417919423141805
AT5G57200.1	-7.44458586503449	1.38910138518304	5.2492304561234e-05	0.00442488942216178	0.739803801029255
AT5G57340.2	5.01676938349555	3.75521068063221	9.12724760493169e-08	1.5597636407046e-05	0.285603883477042
AT5G58770.1.DE	3.1308666389924	5.3539080479027	6.52147065224088e-05	0.00540046719474996	0.24281156472798
AT5G59305.1	-9.65319147314215	0.49678046635922	7.65234978115732e-05	0.00625429874722589	0.824050122004816
AT5G60615.1	-7.93663879905463	2.84381899430965	5.13907315572032e-09	1.19678216857059e-06	0.41429216305685
AT5G60670.1	-2.99420759450496	5.68777402935698	0.000152679906744036	0.0110321429320791	0.249880895242544
AT5G60930.1	-5.23154990032859	4.55606769253845	7.05640925208996e-09	1.52467104736537e-06	0.262247194222217
AT5G61000.1	-4.71797745395743	4.12779051331769	1.02648079427037e-05	0.0010779768698712	0.381228320904725
AT5G61160.1.DE	7.34508708465105	0.572546108052465	0.000265230889090694	0.017494071063603	0.841744532750515
AT5G61720.1	-9.12798224510495	7.15420296904785	2.64540918603737e-16	3.55202870565218e-13	0.283075559585881
AT5G62065.1	-8.40626838210765	1.51321134401856	1.34911753071829e-05	0.00140114427306312	0.718022183154878
AT5G62320.1	-8.66711472608061	2.63245072982494	6.20532124589509e-09	1.38866224738495e-06	0.446029557648342
AT5G62410.1	-2.99224802105271	4.77145655423497	8.1364874574535e-05	0.00653631159082098	0.230037637563465
AT5G64770.1.DE	5.12069570384566	5.89443413789113	5.35791732079024e-09	1.21347144332789e-06	0.25216626127022
AT5G65205.1	-3.58232000651935	4.76636149070638	4.92272850557994e-06	0.000571218829925257	0.232395287453133
AT5G66170.2.DE	-2.95373396836521	3.97373083261549	0.000443642646568315	0.0266440717897482	0.280441780359957
AT5G66230.1	-6.41088117164982	4.2662759001033	1.05573472223373e-10	3.54387523366959e-08	0.279452305593097
AT5G66310.1	-2.83846046811167	5.29409545702881	0.000532858726777794	0.031302119831153	0.271097085502612
AT5G67110.1	-3.87486441651583	4.39323209987474	8.57368676169621e-06	0.000926253814634283	0.277370240906938
AT5G67260.1.DE	-2.75183522084508	5.97626089986675	0.000518575424387998	0.0306546566907094	0.256649220855036
