baseMean	baseMeanA	baseMeanB	foldChange	log2FoldChange	pvalue	padj	dispersion
AT1G01150.1	45.7524534178291	89.5004501712846	2.00445666437368	0.0223960511990451	-5.48061180649884	9.65940507532159e-05	0.00611672882501151	0.0896521054961637
AT1G01400.1	29.007596975166	55.9439188892094	2.07127506112268	0.037024132421338	-4.75539026023219	0.000974442468783857	0.0425149093716925	0.319430661317407
AT1G02190.1	3170.40291985567	6327.57644001219	13.2293996991518	0.00209075304337633	-8.90176162165247	0.000146985303374773	0.00877932305484781	1.17515644636784
AT1G02980.1	71.5865737737621	140.700985915432	2.4721616320926	0.017570322027299	-5.83071555659976	1.66449248443557e-05	0.00134318160484423	0.00133563728099159
AT1G03710.1	412.999479063788	821.589158227859	4.40979989971728	0.00536740274084078	-7.54156014046494	7.86367768365858e-09	1.90370590012534e-06	0.139685372464404
AT1G03920.1	218.346518149625	401.815476053434	34.8775602458164	0.0867999425715957	-3.52616210161766	0.00102651260837817	0.0439456634034321	0.000200709043822263
AT1G04150.1	64.0139327540989	127.09245557276	0.935409935437839	0.00736007445306083	-7.08606392428763	3.81960738795708e-06	0.000375860358650913	0.347850901978952
AT1G04760.1	190.18536182562	369.947553758402	10.4231698928383	0.0281747231112799	-5.14945475747647	1.31189296679911e-05	0.00110765876542458	0.021479505036549
AT1G04880.1	350.90651416954	697.804115010332	4.00891332874736	0.00574504111184268	-7.44346706774556	1.28084438011382e-08	2.91989823853279e-06	0.012690670271471
AT1G05080.1	15.1315200315596	30.2630400631193	0	0	-Inf	0.000660622976590642	0.031320627638845	0.191227327117618
AT1G05440.1	241.655849123026	480.906355010709	2.4053432353436	0.00500168735613826	-7.64336940384165	1.90340437675056e-08	4.03639768452622e-06	0.110463083752385
AT1G05450.2	172.359209571825	343.783009208212	0.935409935437839	0.00272093125716783	-8.52168377651105	1.39527123144655e-08	3.10317396808551e-06	0.387215707426036
AT1G05835.1	899.704007941217	1774.95369695803	24.4543189244059	0.0137774404855273	-6.18154829460721	2.19448527746377e-07	3.31670382598337e-05	0.108799010817309
AT1G06160.1	262.808358518214	3.05477415801944	522.561942878409	171.064018433759	7.41839252536938	2.32404298799094e-08	4.74451641637912e-06	0.0542021596151404
AT1G06280.1	416.695512890886	832.856502417304	0.534523364467919	0.000641795270753732	-10.6055992207887	2.49603736930874e-11	1.75081021217461e-08	0.378924579445534
AT1G06750.2	80.5301179555767	156.984504185657	4.07573172549636	0.0259626371828152	-5.26741925569298	3.65502282571301e-05	0.00263817425910831	0.00257725912181513
AT1G07330.1	223.599804235221	444.326560267379	2.87304820306252	0.0064660735143396	-7.27289437475913	5.3088832114775e-08	9.94724720090264e-06	0.0364935706577435
AT1G09380.1.DE	305.936128499967	611.337733635467	0.534523364467919	0.000874350355063555	-10.159500891322	1.67968593849798e-10	9.00970363402958e-08	0.22790515894596
AT1G09932.1	268.329991770467	13.1626069175633	523.497376623371	39.7715574051558	5.31366515229582	7.55509147185143e-06	0.000679858823368315	0.0646255834618754
AT1G10540.1	227.262839465729	441.429892216279	13.0957867151779	0.0296667419812195	-5.07500969186199	1.2900394516974e-05	0.00109257954305369	0.000953777064346853
AT1G10680.1	39.4570130932737	75.506454619017	3.40757156753044	0.0451295400469274	-4.4697841148671	0.00102120395283841	0.0438689164071718	0.267598006149962
AT1G10980.1	329.718911722419	658.034708541681	1.40311490315676	0.00213228099512609	-8.87338671356205	8.24850114265572e-10	3.63945156868532e-07	0.122731817048799
AT1G11120.1	315.241569632372	617.38737635909	13.0957629056538	0.0212115819129366	-5.55900397188385	2.85685378594024e-06	0.00029715624398548	-0.00274447615463268
AT1G11250.1	143.49121129488	286.98242258976	0	0	-Inf	1.82615019547559e-09	6.48781360356237e-07	0.0395700770939922
AT1G11572.1	39.4659344594195	76.0588207157764	2.87304820306252	0.0377740303626162	-4.72646146705171	0.000601763144558141	0.0289311644684227	0.00100365814145973
AT1G11765.1	275.449539565481	548.493735895619	2.4053432353436	0.00438536135953492	-7.83308855712795	1.01025024603113e-08	2.36208595986561e-06	-0.00169708379207107
AT1G12070.1	197.386293932228	393.770359532268	1.00222833218684	0.00254521019148652	-8.61799948113379	5.36785776659564e-09	1.43963840257834e-06	0.132431315359975
AT1G12080.2	5031.83815851514	9977.41807635118	86.2582406791004	0.00864534692432631	-6.85386042652469	1.82583561350623e-08	3.90215305024036e-06	0.0238701091802072
AT1G12600.1	127.764691459111	238.491501271045	17.0378816471763	0.0714402046042419	-3.80711997744126	0.000642512056506326	0.0305148607947692	0.196659558125932
AT1G13110.1	3398.568654783	93.2915282506178	6703.84578131539	71.8591056125291	6.16709907397363	4.58737669288064e-05	0.00320133359210314	0.647729591305182
AT1G13680.1	18.8205528293636	37.6411056587272	0	0	-Inf	0.00022343579585403	0.0124996106981244	0.106700490018328
AT1G14880.1	3159.89780428136	13.0360115074081	6306.7595970553	483.795184859363	8.91825260023748	2.10593190799446e-11	1.60027425764157e-08	0.27772335222308
AT1G14900.1	1789.20051058045	3443.96878785437	134.432233306534	0.0390341032649971	-4.67912106292127	1.95347293394098e-05	0.00153560935577268	0.00183209635103446
AT1G15415.1	674.304442066079	1341.79371718757	6.81516694458495	0.00507914656126851	-7.6211981804328	2.44103318551364e-09	7.76475625847805e-07	0.234220853690757
AT1G15570.1	504.359793161146	983.998017620414	24.7215687018778	0.0251235960430709	-5.31481321192265	4.78961536630149e-06	0.000454946937362999	0.00567982041545861
AT1G15760.1	114.230423919913	215.632358521168	12.8284893186578	0.0594924129506217	-4.07115049608424	0.000452754001550221	0.0227675339456027	0.0805686533528818
AT1G16070.2	117.619211346687	229.358689493751	5.87973319962303	0.0256355371257178	-5.28571106381673	1.85697331795053e-05	0.00146395856155201	0.0258581951657857
AT1G16400.1	162.384594293881	19.4907195560346	305.278469031727	15.6627603282716	3.96926658344074	0.000307769828046809	0.0163722259129045	0.172431711616062
AT1G16410.1	6913.47524824765	121.428830681829	13705.5216658135	112.868760975925	6.81850243211774	7.64687079026454e-08	1.36724050548024e-05	0.445545653098367
AT1G16630.1.DE	509.645203727143	1001.91848144241	17.3719260118731	0.0173386621103781	-5.84986360846924	8.50973250118215e-07	0.000105335856245402	0.0032974110245879
AT1G17030.1	554.671684757823	1090.36787341037	18.9754961052769	0.0174028385905454	-5.84453354539627	8.99190669624822e-07	0.00011080297278494	0.296337361559446
AT1G18120.1	166.302537897237	325.054977914222	7.55009788025171	0.0232271412322259	-5.42804458982038	8.83606483638782e-06	0.000777232764193651	0.0361506326074379
AT1G18390.2	285.112445613586	12.5844091031695	557.640482124003	44.3120115972355	5.46962591608004	0.000362359524925043	0.0188454508818431	0.691905436048753
AT1G18520.1	207.587780090507	414.707855213296	0.46770496771892	0.00112779384773979	-9.79228090666334	1.25634210347944e-09	4.84063303982868e-07	0.035001893558191
AT1G19020.1	114.204975615784	12.7972944464716	215.612656785096	16.8483000595914	4.0745311302519	0.000451124327648532	0.0227273611549783	-0.00375938723124926
AT1G19780.1	118.318968433271	234.0989568377	2.5389800288416	0.0108457554153129	-6.52672564843157	1.0437492350507e-06	0.000126339841035606	-0.00109210098612753
AT1G20120.1	2597.17852350347	5119.18996971197	75.1670772949648	0.0146833928296656	-6.08967082561424	2.18142718962482e-07	3.31528456663203e-05	0.108734841249105
AT1G20150.1	1216.4043239032	2430.33648617431	2.4721616320926	0.00101720961116135	-9.94116728607304	4.29268134061141e-12	4.51656118283715e-09	0.116246330805219
AT1G20180.1	31.2412477500326	61.5470855646274	0.935409935437839	0.0151982815572252	-6.03994797985736	0.000277134109868624	0.0149532163896767	0.584808312623576
AT1G20480.1	167.006859734403	311.296583621777	22.7171358470282	0.0729758598142193	-3.77643688586421	0.000783628788102192	0.0354916376280192	0.254903585330592
AT1G20720.1	197.538129700777	377.503878199434	17.5723812021201	0.0465488759636972	-4.4251098589655	0.000102608129174583	0.00642322192608674	-0.00313943649805172
AT1G21290.1	21.7458920876627	43.4917841753253	0	0	-Inf	0.000104689393754371	0.00652365160716303	0.0892363451220688
AT1G22100.1	50.3089652054784	100.617930410957	0	0	-Inf	8.36753695019061e-07	0.000104408692727402	0.302036210226921
AT1G22350.1.DE	449.716883828105	41.3257410664093	858.108026589802	20.7644921650853	4.37604668324665	6.16068579389337e-05	0.00414082851542376	0.0464787691360521
AT1G23070.1	73.0484557919277	141.15258831967	4.9443232641852	0.0350282153734774	-4.83533870256025	0.000125706011393559	0.00764180810596043	-0.000384272870035634
AT1G23205.1	686.532013643458	1291.08197352356	81.9820537633571	0.063498720797422	-3.97712866116243	0.000232360649481561	0.0128934237874596	0.185330102956724
AT1G23420.1	173.464685263847	346.461665559975	0.46770496771892	0.00134994723575834	-9.53288126568037	3.20104432072431e-09	9.62283169645431e-07	0.349134481161446
AT1G23510.1	195.403374245813	390.272225127157	0.534523364467919	0.00136961671892936	-9.51201206670549	1.9219915413978e-09	6.58239026975304e-07	0.0464126713204177
AT1G23520.1	467.841119673005	935.682239346009	0	0	-Inf	2.72944231580675e-12	3.35383109771699e-09	0.0542207585437774
AT1G23580.1	457.232331080166	913.395615431396	1.06904672893584	0.00117040930662989	-9.73877113828955	6.14065101820319e-11	3.96306589789623e-08	0.0487912029760671
AT1G23600.1	456.867080905471	913.266456843224	0.46770496771892	0.000512123229988735	-10.9312213781087	1.73572962806573e-11	1.39654763839312e-08	-0.000746941812755027
AT1G23670.2	499.542893186529	998.016739644123	1.06904672893584	0.00107117114019254	-9.86659528787712	2.99471246019404e-09	9.20487124281664e-07	0.513178463600753
AT1G23790.1	239.085300614854	472.023618252612	6.14698297709495	0.0130226173848048	-6.26283674829275	6.15107558848384e-07	8.08984729800788e-05	-0.00265630020407455
AT1G24020.1	20329.7973841852	40060.9314573093	598.66331106118	0.0149438190597026	-6.06430729771208	1.99279416232212e-07	3.10447170584151e-05	0.152214946292583
AT1G24070.1	2930.1677017403	5489.11098638147	371.224417099137	0.0676292423345325	-3.88620899875729	0.000267709238846068	0.0145306625751449	0.0711270896579195
AT1G24147.1	1531.38979563006	126.787601317181	2935.99198994294	23.1567752638372	4.53336245724785	2.85578431860881e-05	0.00212868762451942	0.148278828160503
AT1G24620.1	263.542930352075	526.083632371964	1.00222833218684	0.00190507415649499	-9.0359371278226	1.11356044911223e-09	4.47978818322265e-07	0.0466687655929619
AT1G25340.1	29.8770453701709	58.6850440114059	1.06904672893584	0.0182166810461633	-5.77859605579429	0.000254789450606637	0.0139122159896111	0.409239078304357
AT1G25560.1	994.624197229916	153.501396163016	1835.74699829682	11.9591550577643	3.58004355824991	0.000711538274387374	0.0330472683092377	0.0744780607720485
AT1G26515.1	23.3494927305672	46.6989854611344	0	0	-Inf	7.50836380080133e-05	0.00494936867794509	-0.0419093913681517
AT1G26780.2	315.324162799128	629.712915662818	0.935409935437839	0.00148545458124081	-9.39487979017229	4.35343057428485e-10	2.12665083553815e-07	-0.0030850156823057
AT1G26840.1	161.992966013152	310.15521437546	13.8307176508447	0.0445928909455697	-4.48704245754521	0.000101498409689408	0.00636832682445744	0.318266825169907
AT1G27045.1	893.376326397619	1750.53877223349	36.2138805617483	0.0206872770464509	-5.59511242616727	1.03279198113082e-06	0.000125569144159177	0.186175448628211
AT1G28270.1	989.963543123833	1972.51060135139	7.41648489627779	0.00375992143778425	-8.05508176704193	6.17204172525576e-10	2.86173514298469e-07	0.129594060828955
AT1G28335.1	255.724208805886	511.448417611773	0	0	-Inf	6.64377317386615e-11	4.13061497600642e-08	0.12523224119786
AT1G28370.1	177.585230360033	13.0763169844165	342.09414373565	26.1613529362539	4.70936524673072	6.31911722710701e-05	0.00423690614864557	0.239948468526441
AT1G28375.1	924.554832462731	1848.57514156099	0.534523364467919	0.000289154253159843	-11.7558730567209	4.13071451927994e-13	1.02727114899474e-09	-0.000923243537718874
AT1G28430.1	2027.79117564529	4051.03891459736	4.54343669321528	0.00112154851854018	-9.80029225144858	2.46715091936347e-12	3.21387526429081e-09	0.154608555266246
AT1G28550.1	128.031473629118	252.922625468177	3.14032179005852	0.0124161362956183	-6.33163989015787	1.05340990065603e-06	0.000126947494459676	0.264834764815769
AT1G29630.2	305.728381883277	561.078144998788	50.3786187677657	0.089788952246348	-3.47731824503009	0.00116821653227714	0.0489398644057786	0.00176652315397868
AT1G31990.1	85.7539635943767	168.568060588942	2.93986659981152	0.017440235057224	-5.84143670507238	9.68342286949422e-06	0.000846324971303144	0.127231139669791
AT1G32250.1	69.5049068751858	139.009813750372	0	0	-Inf	1.2061286000314e-07	2.03671938163328e-05	0.392654235851344
AT1G35310.1	3108.45046209382	6177.34621902654	39.554705161102	0.00640318734916807	-7.28699406264789	3.15517914376272e-09	9.59034229519701e-07	0.247054828761702
AT1G36150.1	171.613637069267	342.692750774067	0.534523364467919	0.00155977435548476	-9.32444694773407	6.29271486808873e-07	8.15846009153722e-05	0.612619641906876
AT1G43140.1	18.443479502561	36.352435640654	0.534523364467919	0.0147039216230713	-6.08765520807239	0.00102151263895922	0.0438689164071718	-0.0530075521127476
AT1G44224.1	1145.62019985255	2289.70364800844	1.53675169665476	0.000671157465286571	-10.5410610919073	1.39659178072403e-12	2.12250915297148e-09	0.349780134595139
AT1G44900.1	1274.97271950131	2460.61364731117	89.3317916914581	0.036304680252861	-4.78370064314207	1.62821032308035e-05	0.0013196594836418	0.0943875563290787
AT1G48180.1	26.7348262758982	52.9351291873285	0.534523364467919	0.0100977058651606	-6.62982863074846	0.000149048548091331	0.00886385235127489	0.0255133475874201
AT1G48530.1	22.8513763868375	44.6337060447392	1.06904672893584	0.023951556428325	-5.38373678105891	0.000900060710274578	0.0398841028993239	-0.0408604057766665
AT1G49290.1.DE	138.889473770793	273.836852609588	3.94209493199836	0.0143957794373961	-6.11821028624861	2.02453060795064e-06	0.000223318787544749	0.0910397786077581
AT1G50110.1	560.162612794548	1050.36964990722	69.9555756818799	0.0666009111059705	-3.90831427615575	0.000228823423648878	0.0127229544254852	0.0881446538037473
AT1G51035.1	25.9296722562787	51.8593445125574	0	0	-Inf	4.04062638399388e-05	0.00288647955311377	0.0509763180864388
AT1G51055.1	22.7454631985389	45.4909263970779	0	0	-Inf	7.9922217477166e-05	0.00520560043167941	0.293894217049814
AT1G51210.1	57.0995710194936	113.731437071268	0.46770496771892	0.00411236312283506	-7.92581662412263	2.36146295647885e-06	0.000252344455614982	0.191892765977946
AT1G51260.1	103.43966648717	206.87933297434	0	0	-Inf	1.22441204351306e-08	2.81470721532295e-06	0.0542704060007928
AT1G51410.1	188.830524966221	377.193344964724	0.46770496771892	0.00123996081575262	-9.65548975422138	2.12624353263946e-09	7.09335586327867e-07	0.0482898070138374
AT1G51670.1	134.245675379689	261.008047466351	7.48330329302679	0.0286707761146389	-5.12427523107751	2.23008020378676e-05	0.001713653765584	-0.00290977094859978
AT1G51790.1	194.561175257085	10.3465498204804	378.775800693689	36.6088993206143	5.19412249326179	1.26791717512048e-05	0.00108053402624909	0.385108460071851
AT1G51800.1.DE	418.453264475798	55.9697506068438	780.936778344752	13.9528364853793	3.80248653360205	0.000419032970713736	0.0213863170650093	0.219797795608927
AT1G52430.1	89.6247825433209	175.307470154643	3.94209493199836	0.0224867481603661	-5.47478114369293	1.99328975518922e-05	0.0015624193278784	-0.00750287215170069
AT1G52870.2	12666.9735427183	2201.9905599618	23131.9565254747	10.5050207508047	3.39300710668923	0.000914185816837195	0.0402065389154314	0.00625414549156211
AT1G53520.1	662.613642741156	1244.51470982861	80.7125756536983	0.0648546578166308	-3.94664599821768	0.000267431542701795	0.0145306625751449	0.033908797028056
AT1G54000.1	200.973303704254	382.770679922508	19.1759274859998	0.050097691625393	-4.31911206055229	0.000144461673727176	0.00870461133586044	0.00751435857416429
AT1G54020.2	2015.35204416792	3947.18523525677	83.51885307906	0.0211590913780936	-5.56257851376247	1.22978517387753e-06	0.000144386279899544	0.249268568041358
AT1G54840.1	128.158153170912	250.503391538951	5.81291480287403	0.0232049345406574	-5.42942456199306	1.18415506821161e-05	0.00101867125930807	0.0204246878862083
AT1G54940.1	117.407554010255	234.81510802051	0	0	-Inf	6.47075586137889e-09	1.63901849392482e-06	0.0814391196242952
AT1G55560.1	2189.35813963527	4355.99914342352	22.7171358470282	0.00521513781317553	-7.58307890732301	1.96788209810911e-09	6.64609662665096e-07	0.11648378273638
AT1G58430.1	3141.29766397532	6277.51736789296	5.07796005768319	0.000808912147922517	-10.2717293525911	3.29161041955219e-13	9.49827908396564e-10	0.297413505365172
AT1G58460.1	83.3320015402899	166.66400308058	0	0	-Inf	2.17459299405855e-05	0.00168521716559393	0.826357663434582
AT1G59640.2	1980.58883066694	3651.62271967211	309.554941661759	0.0847718851112732	-3.56027032045713	0.000593964574059429	0.0286569574743734	0.00937727450661632
AT1G59950.1	24.1122708970171	0.451602404238641	47.7729393897955	105.785396493484	6.72499666920594	0.000620244163331404	0.0296115171589771	0.692208086265986
AT1G60760.1	42.2994804596511	84.5989609193023	0	0	-Inf	2.51596602900862e-06	0.000266770413525425	-0.0149763286678483
AT1G61700.1	46.2757454099387	90.0125107910357	2.5389800288416	0.0282069681928532	-5.1478045826316	0.000151803622148154	0.00900674918203369	0.454486391817682
AT1G62450.1	245.299420333999	490.131135700279	0.46770496771892	0.000954244555491627	-10.0333533294816	4.76990785110865e-10	2.24975170991255e-07	0.143548290098068
AT1G62480.1	5894.87835367374	10898.5098273988	891.246879948699	0.0817769487813931	-3.61216195498668	0.000564892839060768	0.0274479724784127	0.0111331464878402
AT1G62560.1	1698.81210005896	299.471746979539	3098.15245313839	10.3453914580799	3.37091633109018	0.00101941805029105	0.0438689164071718	0.126470619133732
AT1G63206.1	18.0568592898587	36.1137185797174	0	0	-Inf	0.000274916711654466	0.0148628884664419	0.148233264477996
AT1G63350.1	294.333298872577	32.0952813977083	556.571316347446	17.3412193976647	4.11613344426084	0.000350144495157042	0.0182853859216704	0.455544453722398
AT1G63910.1	73.8707713417324	143.465379577246	4.27616310621928	0.0298062370086776	-5.06824194096685	7.58243032960017e-05	0.0049861770215515	0.183871602947563
AT1G65190.1	2632.0292846817	405.387989810335	4858.67057955307	11.985235630257	3.58318636760086	0.000593863713461998	0.0286569574743734	0.0742124878793752
AT1G65490.1	2174.38259214927	238.698707635217	4110.06647666332	17.2186373247751	4.10589906790212	0.000125508443749107	0.00764180810596043	0.374465398691528
AT1G65780.1	22.2720235693373	44.0095237742067	0.534523364467919	0.0121456293690048	-6.36341893948671	0.000394913837597741	0.0203068852280523	-0.0356330838887035
AT1G65800.1	4718.40332750992	532.065480031655	8904.74117498818	16.7361753565715	4.06489796778531	0.00116760230449275	0.0489398644057786	0.554981338483846
AT1G65845.1	178.878380978347	7.37806559560791	350.378696361087	47.4892357381132	5.56952863344398	4.38879807484227e-06	0.000421263018018895	0.193998840614412
AT1G66110.1	38.6507531388555	77.301506277711	0	0	-Inf	3.9064683115969e-06	0.000383029918036003	0.415121484941345
AT1G66120.1	376.553860000173	753.107720000347	0	0	-Inf	0.000301095316025324	0.0160874286429468	1.56995447814816
AT1G66850.1	9416.03020152545	18817.6951144165	14.3652886343607	0.00076339256997289	-10.3552872345409	1.14358674178245e-13	5.21399315136678e-10	0.000294093473066026
AT1G67020.1	16.2605260421562	32.5210520843125	0	0	-Inf	0.000458356822713665	0.0230069894351468	0.311655592456941
AT1G67040.1	619.146274948069	1168.7380274519	69.5545224442414	0.0595125005009766	-4.07066345384849	0.000169860064675279	0.00995008978427608	0.0840529212815718
AT1G67481.1	59.4813389612769	118.494972954835	0.46770496771892	0.00394704480752267	-7.98501138761911	1.62384160225592e-06	0.00018205660193161	0.103245192381594
AT1G67540.2	75.7568059497623	151.513611899525	0	0	-Inf	7.72747896150085e-08	1.37268126279751e-05	0.0510347647724173
AT1G68090.1	75.6072183115378	151.214436623076	0	0	-Inf	7.9635255279722e-08	1.40548518931102e-05	0.00941326455967138
AT1G68120.1	61.6202839847473	120.367519766432	2.87304820306252	0.0238689657196355	-5.38872013627841	5.86924054006687e-05	0.00395465379837609	0.0522547584834271
AT1G68480.1	64.6780732865417	129.356146573083	0	0	-Inf	4.25784902029682e-05	0.00300200303606288	0.814085713476712
AT1G68540.1	1989.2486258945	3612.41668457285	366.080567216144	0.101339518439145	-3.30273121652024	0.00118170107209839	0.049203370667159	0.263458566469748
AT1G68610.1	130.367278950005	254.320301335919	6.41425656409095	0.0252211739699801	-5.30922075941986	1.53808409639881e-05	0.00125975534554149	0.00899039675785432
AT1G69120.1	3230.9812358097	6454.0782817554	7.88418986399671	0.00122158262106674	-9.67703284187373	2.29716279224077e-12	3.14205926722693e-09	0.121355597763656
AT1G69180.1	382.955623024522	765.911246049045	0	0	-Inf	7.56404337680752e-08	1.36724050548024e-05	0.698394446862051
AT1G69560.1	110.012862981859	219.023497631531	1.00222833218684	0.00457589410736611	-7.77173061815449	1.62713189585395e-07	2.6183423613518e-05	0.0347636185099963
AT1G69940.1.DE	7284.62992577021	14554.6273131286	14.6325384118327	0.00100535301227767	-9.95808211695153	4.76427168870321e-13	1.08609513596804e-09	0.00233014226400257
AT1G70510.1	135.88576266114	267.695793596784	4.07573172549636	0.0152252363428445	-6.03739156637197	2.15320830527422e-06	0.000234673969717457	-0.00715671580348569
AT1G71150.1	32.7397747395434	63.4082744179642	2.07127506112268	0.0326656904029526	-4.93608005775371	0.000540619107563199	0.026551483494612	0.211822763223568
AT1G71680.1	1100.54952742807	2200.16364492071	0.935409935437839	0.000425154709558684	-11.1997244604208	5.32130463482514e-13	1.11976622761751e-09	0.134303787581641
AT1G71760.2	47.2588242879739	90.6423720406984	3.87527653524936	0.0427534766357323	-4.5478144476431	0.00054748389223973	0.0267924317640609	0.00756832057882442
AT1G71830.1	611.584031118116	1126.6200979816	96.5479642546334	0.0856970015248302	-3.5446114633942	0.000787830322685514	0.0355641688240675	0.0677872679412756
AT1G72250.2	745.21179095463	1424.34333038168	66.0802515275824	0.0463934854175046	-4.4299339537258	5.04551692773618e-05	0.00345062902687877	0.00831967283359666
AT1G72910.1	1713.17953432282	226.041929735178	3200.31713891046	14.1580685612613	3.82355256178097	0.000285825821930899	0.0153314729112582	0.179377477885923
AT1G72960.1	295.248496775498	581.610575354812	8.88641819618355	0.0152789831766081	-6.03230765522812	6.86574340404392e-07	8.81780641131574e-05	0.133798265284151
AT1G73860.1	213.528589634466	405.008203579869	22.0489756890623	0.0544408125419962	-4.19916759020761	0.00020652791402205	0.011697262144901	0.0542694701631348
AT1G75090.1	627.449079978035	1166.30120396218	88.5969559938877	0.0759640440161635	-3.71853947903765	0.000443643560144944	0.0223917218290131	0.000932994241997453
AT1G75160.1	188.916000497315	377.83200099463	0	0	-Inf	3.65565424832873e-10	1.8868693890053e-07	0.132643631344539
AT1G75430.1	56.8848746038305	112.232997511006	1.53675169665476	0.0136925122801256	-6.19046901552707	1.4395789670023e-05	0.0012043156642604	0.269582167343555
AT1G75790.1	1401.20749032127	2798.94059067825	3.47438996427944	0.0012413232263131	-9.65390545905527	6.38536812592917e-12	6.43704866384534e-09	0.0941836034770496
AT1G75930.1	5670.81394356475	11335.0799937719	6.54789335758895	0.000577666268009287	-10.7574761265134	5.31668931217121e-14	3.63608382059389e-10	6.38658385928329e-05
AT1G76500.1	14.9186346882575	29.8372693765151	0	0	-Inf	0.000805911823153648	0.0363204676016329	0.379571051639499
AT1G77730.1	29.7896004339177	59.0446775033674	0.534523364467919	0.00905286279931726	-6.78741019486754	8.45471897321156e-05	0.00548074152206577	-0.0134221090233696
AT1G78090.1	203.511114725013	375.953222580806	31.0690068692198	0.0826406185746735	-3.5970051367906	0.00115171322119994	0.0485458657613954	0.128820735043767
AT1G78410.1	62.7203244207521	7.37806559560791	118.062583245896	16.0018343176805	4.00016538808355	0.00106685043399275	0.0455300475386984	0.292176436426523
AT1G78950.1	449.81903439935	883.736052277209	15.9020165214914	0.0179940792055673	-5.79633391132705	1.10878108205917e-06	0.000132453341837601	0.404077730660006
AT1G78955.1	514.851142111109	1000.3703890018	29.3318952204143	0.0293210350315172	-5.09192015831933	7.41377006387244e-06	0.000671559913467863	0.069845941247753
AT1G79250.1	232.91504500482	465.295566645171	0.534523364467919	0.00114878241441647	-9.76567871502318	7.03214602544062e-10	3.20618977786589e-07	0.00851670682866375
AT1G79400.1	143.111948354231	273.261770596307	12.9621261121558	0.0474348317507791	-4.39790935977489	0.000153167713650357	0.0090497969214237	0.0142058044323553
AT1G80280.1	2914.52677359513	5304.41987686977	524.63367032049	0.0989050042226454	-3.33781267197993	0.00107468588526722	0.0457930016781465	0.0202713569694593
AT1G80540.1	93.7137159491534	186.959726930588	0.46770496771892	0.00250163484616429	-8.64291306433259	1.37206632015626e-07	2.27480280328452e-05	0.334993708473902
AT2G01430.1	29.8735246784995	58.8116394215611	0.935409935437839	0.0159051838145989	-5.97435914472045	0.00024111701621603	0.0133428151616519	0.0805647328191109
AT2G01520.1	678.315482731101	1349.68218553364	6.94877992855887	0.00514845643147571	-7.60164432468609	3.70032254900299e-09	1.07687259202687e-06	0.0561858153429398
AT2G01810.1	29.4388883081019	58.8777766162039	0	0	-Inf	2.24513260192534e-05	0.00172038788398514	0.277545417136358
AT2G03630.1	19.2290102670288	38.4580205340576	0	0	-Inf	0.000197682868772001	0.0113018492838777	0.18778170487016
AT2G03740.1	1778.87948009332	3555.2199801578	2.5389800288416	0.000714155535525794	-10.4514740673468	5.92131081013863e-13	1.15702413230109e-09	0.036711005421528
AT2G04115.1	835.361749968129	1670.72349993626	0	0	-Inf	1.06706284064974e-13	5.21399315136678e-10	0.269530160348482
AT2G06200.1	154.943221479079	304.741664503726	5.14477845443219	0.0168824255219925	-5.88833399679809	2.1400246243731e-06	0.000234170054497402	0.163168696879233
AT2G13570.1	542.152125950744	1068.40223538	15.9020165214914	0.0148839229223772	-6.07010136529435	3.44644905017883e-07	4.88502902677162e-05	0.170381798345696
AT2G13820.1	196.920084989177	378.272245440608	15.5679245377464	0.0411553443991457	-4.60277639977197	5.72190209883017e-05	0.0038648976250765	0.341549587049964
AT2G14710.1	36.0403445053878	72.0806890107755	0	0	-Inf	6.46703962733983e-06	0.000595664431129658	-0.0267356953322745
AT2G15340.1	80.3061901222156	158.207037009088	2.4053432353436	0.0152037689398445	-6.03942718473671	8.58340940124206e-06	0.000757444347033477	-0.00916296868254851
AT2G16270.1	585.267768885232	1100.64682810438	69.8887096660827	0.0634978522460746	-3.97714839484015	0.000199576718624236	0.0113505628163921	0.0528888407150252
AT2G16440.1	834.1775118096	1605.41518911977	62.9398344994275	0.0392047084928458	-4.67282925708356	2.68139801936846e-05	0.00201517374224845	0.00631971393503372
AT2G16450.1	40.0817739154662	80.1635478309325	0	0	-Inf	3.22536332275919e-06	0.000328003862666916	0.249535267341153
AT2G16505.1	327.753107795491	654.971692226514	0.534523364467919	0.000816101475547528	-10.2589638288636	4.72261257562603e-09	1.29191789618826e-06	0.517603890306677
AT2G16535.1	163.02379422848	326.047588456959	0	0	-Inf	8.04507886725438e-10	3.60788815561657e-07	0.421366270592485
AT2G16580.1	114.226696604022	224.578116672794	3.87527653524936	0.0172558065436783	-5.85677428225044	5.10075165606922e-06	0.00047950571238292	0.131714787709485
AT2G16592.1	56.0935065274339	112.187013054868	0	0	-Inf	1.5064903217825e-06	0.000171714788511175	0.549862297469543
AT2G16730.1	1448.98465977863	2883.60403092291	14.3652886343607	0.00498171332829046	-7.64914228029594	3.4609126248247e-09	1.0180293092979e-06	0.420906381627469
AT2G16760.1	367.97765258125	732.881801769191	3.07350339330952	0.00419372317048946	-7.89755265301857	4.02497730155437e-09	1.13512658826105e-06	0.0789649607285102
AT2G16780.1	711.812049191267	1323.66861017942	99.9554882031157	0.0755139824533325	-3.72711238575599	0.000431665829522917	0.0218678711711647	0.0298023127771264
AT2G16850.1	619.599864919897	1143.78777356799	95.4119562718041	0.0834175346831792	-3.58350551424033	0.000722732688369864	0.0334535963164907	0.0814545464074386
AT2G17940.1	48.5814263737293	95.1583960830849	2.00445666437368	0.0210644225510437	-5.56904782261248	7.09401865963116e-05	0.00469888557997264	0.0438501818557878
AT2G18050.1	1340.79241430679	76.3895066889901	2605.1953219246	34.104099304258	5.09187325614492	0.000618822141856215	0.0295952771199626	0.691290978600094
AT2G18210.1	21.9424051081815	0.989494741624181	42.8953154747389	43.3507260527019	5.43798425128397	0.000989215241491821	0.0430467947951941	0.4282078881272
AT2G18300.3	1503.13887267031	49.773912357658	2956.50383298296	59.398662731966	5.89235854625552	4.07144124534505e-07	5.68256870957444e-05	0.231552373830196
AT2G18470.1	553.878638388503	1103.81518184501	3.94209493199836	0.0035713360323684	-8.12932039900936	1.33104731104812e-09	4.98796304671674e-07	0.324153834599816
AT2G18660.1	413.700324747518	66.5090330321222	760.891616462913	11.440425183981	3.51606876583425	0.000904428449787538	0.0399701852542615	-0.00189854563091666
AT2G19010.1	147.424640132751	294.849280265502	0	0	-Inf	1.69690363471635e-09	6.10795997780271e-07	0.0377856329021517
AT2G19610.2	27.5002043018619	55.0004086037238	0	0	-Inf	2.95062942187572e-05	0.0021934081104574	0.00399499302259174
AT2G19910.1	635.282698460185	1241.9016380484	28.6637588719725	0.023080538743001	-5.43717929019407	2.28689435202472e-06	0.000245334438799954	0.190471436258904
AT2G20142.1	135.908013010423	16.6488307413173	255.16719527953	15.3264333840744	3.93795010122706	0.000475699266086033	0.0237035138853361	0.0303942502718774
AT2G20635.1	201.26962536023	371.937901199911	30.601349520549	0.0822754266823194	-3.60339458655491	0.000952456253798873	0.0416886292462751	0.000681502048060942
AT2G20825.1	49.3363874293877	97.2696599556187	1.40311490315676	0.0144250005993334	-6.11528481096252	3.44506060817181e-05	0.00251986839564567	-0.0192149338325545
AT2G20970.2	57.0987566174404	114.197513234881	0	0	-Inf	4.30673750177691e-07	5.98046249231518e-05	-0.0157959498732348
AT2G21790.1	2159.32608716964	3973.41828024216	345.23389409713	0.0868858674692789	-3.52473465703989	0.000731481989970765	0.0337443867076564	0.00352970818384559
AT2G22180.1	123.388949015582	246.777898031164	0	0	-Inf	0.00016603322023651	0.00974679135791838	1.15332832741088
AT2G22540.1	3630.68577757675	464.726163611021	6796.64539154248	14.6250543303418	3.87037007903428	0.000250189341034119	0.0137157908082753	0.0294447913522906
AT2G22807.1	94.4862042689019	188.504703570085	0.46770496771892	0.00248113155195106	-8.6547860543427	1.0731850142702e-07	1.84641819184752e-05	0.220616493743852
AT2G23660.1	113.630949690296	227.261899380591	0	0	-Inf	6.67156918962779e-09	1.67438024542622e-06	0.295382187926518
AT2G23770.1	272.705011205988	14.6295357810606	530.780486630916	36.2814305644656	5.18115943685002	7.37796037017471e-06	0.000670536491317274	0.296786534506273
AT2G23945.1	79.3916916449827	156.311221657873	2.4721616320926	0.015815637584252	-5.98250447261071	0.000533623103262664	0.0262550244835493	0.756096028158181
AT2G24370.1	283.245609484654	563.016829005029	3.47438996427944	0.00617102328969354	-7.34027454527789	2.63401529351918e-08	5.29824429187578e-06	0.00524687078972221
AT2G24700.1	299.754675785194	594.965914877174	4.54343669321528	0.0076364655177822	-7.03287923276818	4.28622968393767e-08	8.31589356268077e-06	0.155531955069353
AT2G25200.1	158.680315662981	11.6812042946922	305.679427031269	26.1684856560694	4.7097585343787	4.52341700919386e-05	0.0031647722686319	0.0821313053824597
AT2G26940.1	17.7677603826618	35.5355207653236	0	0	-Inf	0.00031946672571565	0.0168712968121184	-0.0418532219324864
AT2G27180.1	465.696876311843	878.476034779457	52.9177178442277	0.0602380893151089	-4.05318017971398	0.000156005924949799	0.00919762517872133	0.00143359749102942
AT2G28640.1	76.082967946952	151.631412529436	0.534523364467919	0.0035251492784462	-8.14809993248001	4.34829108745122e-07	6.00766924183412e-05	0.0673354273073413
AT2G28790.1	3384.30807329048	6711.15508728162	57.4610592993467	0.00856202226770794	-6.86783269702844	1.66090343357441e-08	3.60600589911599e-06	0.268706532070008
AT2G29350.1	1220.06064934733	203.349687872465	2236.77161082219	10.9996313946891	3.45938327373146	0.000764000693314637	0.0347753793116726	0.0822210186456697
AT2G29550.1.DE	5506.59414432047	10087.5986575252	925.589631115759	0.0917551998785444	-3.44606627022306	0.000913925031536436	0.0402065389154314	0.0737251523995817
AT2G29790.1	470.814553911095	941.62910782219	0	0	-Inf	2.22723425897153e-12	3.14205926722693e-09	0.343516971886045
AT2G29800.1	17.5189669524732	35.0379339049464	0	0	-Inf	0.000318006967638145	0.0168266897615263	0.220079000303375
AT2G29820.1	13.421476717004	26.8429534340081	0	0	-Inf	0.00116350385244094	0.0488921833907442	0.236304493738774
AT2G29830.1	22.3801507274472	44.7603014548944	0	0	-Inf	8.85976080648378e-05	0.00568938067188193	0.168763283942197
AT2G30140.1	878.593248573806	123.62070550838	1633.56579163923	13.2143380424932	3.72403225148002	0.000431583942768903	0.0218678711711647	0.075142666479834
AT2G30250.1	924.610286274822	30.3090245192579	1818.91154803039	60.0122101215986	5.907184157104	4.79779301675032e-07	6.52977242618018e-05	0.149476557875378
AT2G30370.1	244.461340721553	481.305741356582	7.61694008652479	0.0158255749558609	-5.98159827489829	9.96809081084277e-07	0.000122281207274177	0.0417348056322834
AT2G30690.1	130.569978659564	259.135500654754	2.00445666437368	0.00773516812366135	-7.01435163571091	3.15852584798938e-07	4.57167370886759e-05	-0.0064739581158182
AT2G31035.1	39.1636281606598	77.8595513536007	0.46770496771892	0.0060070339423718	-7.37913146891605	3.85098693042309e-05	0.00277230522285932	0.582214333299783
AT2G31500.1	760.165992119057	1507.16940293571	13.1625813024028	0.00873331244435054	-6.83925532947376	3.5018179152452e-08	6.94171962967012e-06	0.24267406161815
AT2G31760.1	28.472733009645	56.0100560838521	0.935409935437839	0.0167007498445894	-5.90394331026195	0.000279594998783758	0.0150563007612765	0.110702560299176
AT2G31880.1.DE	4841.81693686991	797.005674746868	8886.62819899295	11.1500187270503	3.47897422811814	0.000713119344449509	0.0330645640453572	0.112511086333926
AT2G31980.1	6991.0650194786	13961.7514041392	20.3786348179577	0.00145960447425787	-9.42020680619643	2.88843708188679e-12	3.35383109771699e-09	0.000122620492598827
AT2G32670.1	262.20639631557	507.709002967708	16.7037896634313	0.0329003219674906	-4.92575448731484	1.84877484402194e-05	0.00146170764835446	0.0859838893467628
AT2G32870.1	2787.86400058536	21.170533762834	5554.55746740789	262.37210311434	8.03547052239021	7.65839703520126e-05	0.00501608535502347	0.980139461298638
AT2G32885.1	315.7046302317	630.340213734464	1.06904672893584	0.00169598370156689	-9.203661979019	4.13487046548129e-10	2.05660939006738e-07	0.0520358401625609
AT2G33190.1.DE	31.016657233372	62.0333144667441	0	0	-Inf	1.4728179345484e-05	0.00122092143689412	0.0581805340133352
AT2G33270.1	135.134882330006	269.735241295545	0.534523364467919	0.00198165935567259	-8.97907529797969	1.45971497424144e-08	3.22031958349587e-06	0.00459926784680481
AT2G33420.1	482.45583237938	958.497408194668	6.41425656409095	0.00669199155809114	-7.22334865923617	2.63278482815808e-07	3.85146854326697e-05	0.491370384714077
AT2G33793.1	220.374882709701	430.660687510308	10.0890779090933	0.0234269767399	-5.41568540389537	5.91977949603636e-06	0.000548954196249392	0.104182229010156
AT2G33850.1	1339.18488920363	2637.34533042245	41.0244479848151	0.015555205270841	-6.0064587565694	0.000724089288075008	0.033459774602331	0.867200507195847
AT2G34220.1	76.3703584322342	147.595938410036	5.14477845443219	0.0348571817751481	-4.84240025838847	9.175669718385e-05	0.00586471076673225	0.145677067366418
AT2G34270.1	19.1858653004553	38.3717306009107	0	0	-Inf	0.000198742646666118	0.0113266746712465	0.242004355996146
AT2G35190.1	752.675737394992	1416.88832225626	88.4631525337211	0.0624348095359074	-4.00150558468284	0.000213348118165961	0.0120135202241122	0.0428887078538779
AT2G36570.1	2566.41293196053	4772.62552990455	360.200334016515	0.0754721550558607	-3.72791171980672	0.00043897890595537	0.022197240205758	0.0821649694217078
AT2G37290.2	204.57409874713	379.549004877325	29.5991926169344	0.077985167228936	-3.68065644016121	0.00061855583108476	0.0295952771199626	0.00239967352379251
AT2G37670.1	112.260007264385	214.898617777871	9.62139675089847	0.0447717944879644	-4.48126604604736	0.00014585674799007	0.00875012543424641	0.14019451328955
AT2G38060.1	160.118398207365	312.619880137729	7.61691627700071	0.0243647853541655	-5.3590586768626	1.1803226120061e-05	0.00101857745659429	0.0686387960530488
AT2G38530.1	1302.40528224973	2454.87765362337	149.932910876098	0.0610755125229151	-4.03326212467285	0.000189669717755277	0.0109647627091506	0.0543474653727596
AT2G38790.1	522.960356320662	22.7785317958603	1023.14218084546	44.9169503115827	5.48918807249862	2.6087622016046e-06	0.000275478280100438	0.291463924819831
AT2G38905.1	112.701000625516	221.192656541561	4.20934470947028	0.019030219064616	-5.71556402061596	8.22493362309205e-06	0.000730523649978266	0.446849646042727
AT2G39590.1	40.5638969602066	78.7224506850697	2.4053432353436	0.0305547301235096	-5.03246045138416	0.000308221097570764	0.0163722259129045	0.235190712475254
AT2G40850.1	636.505556915075	1180.80615488801	92.204958942141	0.0780864484491835	-3.67878399289958	0.00055284355171656	0.0269582677375369	0.156888380052425
AT2G41180.1	838.265947698233	113.924169676066	1562.6077257204	13.7162090376743	3.7778098913921	0.000342657429768263	0.0179573499018019	0.0288873531987095
AT2G41225.1	38.6205240310993	77.2410480621986	0	0	-Inf	4.18477706171348e-06	0.000405953054256149	0.0342973775219098
AT2G41415.1	683.809525685207	1366.61682303823	1.00222833218684	0.000733364550539273	-10.4131818489747	6.58858614518458e-12	6.43704866384534e-09	0.0501115243958298
AT2G41470.1	62.3555846217086	121.169960882389	3.54120836102844	0.0292251341441436	-5.09664654299396	9.38786378613511e-05	0.00598634969075786	0.010278175078324
AT2G41540.1	3236.4418842281	6163.79688890502	309.086879551179	0.0501455328788564	-4.31773500300644	6.51489131778414e-05	0.00434686260705617	0.00367732367671533
AT2G41860.1	124.22600592205	242.639097041226	5.81291480287403	0.0239570410282493	-5.38340646017427	1.467120077828e-05	0.00121989473705358	0.00226195144549643
AT2G41970.1	106.983453354519	212.496973409132	1.46993329990576	0.0069174316994888	-7.17554779046658	4.43095532355572e-07	6.09111627292414e-05	0.00414185192262768
AT2G41990.1	326.553516031608	642.884317360625	10.2227147025913	0.015901328476266	-5.97470888929289	7.97211990159267e-07	0.000100039133957784	0.0306311627609862
AT2G42140.1	81.1640916766605	159.789203324479	2.5389800288416	0.0158895593445432	-5.97577707391506	7.4744702936359e-06	0.000674823793243246	0.262357120754381
AT2G42350.1	46.8230875678121	1.44109714586282	92.2050779897614	63.9825554123597	5.99960670858378	4.7747875234047e-05	0.00329015333728612	0.351807875919823
AT2G42940.1	110.649841139351	218.894339043359	2.4053432353436	0.0109886041176567	-6.50784805739454	1.33490146588835e-06	0.00015554820637482	0.314349557797386
AT2G43040.1	485.793372078248	903.96985997988	67.6168841766167	0.0747999321328277	-3.74081922864146	0.000504521891553851	0.0249578677492715	0.00268164775611001
AT2G43060.1	438.515176809162	34.891185756287	842.139167862037	24.1361578750671	4.59312413321114	3.58478706218809e-05	0.00259432367389464	0.0401033310501742
AT2G43470.1	31.9630070084228	63.9260140168456	0	0	-Inf	1.23727635899793e-05	0.00106103235350306	0.0694217281625192
AT2G43610.1	328.838002611601	650.794043691392	6.88196153180987	0.0105747149939702	-6.56323740891902	1.61493086307861e-07	2.61408572132417e-05	0.0673025263960765
AT2G43960.1	25.5010620801094	51.0021241602187	0	0	-Inf	4.742130170158e-05	0.00327752280177085	-0.00154539579142968
AT2G44010.1	17.5621119190466	35.1242238380933	0	0	-Inf	0.000316166092222679	0.0167617046876814	0.162880917857926
AT2G44450.1	136.896072824568	270.451392478354	3.34075317078144	0.0123525086714013	-6.33905212122401	1.33622709818989e-06	0.00015554820637482	-0.00130694664416173
AT2G44560.1	149.057599799006	297.112971265825	1.00222833218684	0.00337322308048998	-8.21165655377287	2.98624418524309e-08	5.96289751324891e-06	0.112420038584897
AT2G44590.3	114.09355651823	211.015570786261	17.1715422501983	0.0813757116890275	-3.61925793403727	0.00107776834073905	0.0458529249288605	5.93508309940722e-05
AT2G45135.1	55.0789082383753	105.013038022318	5.14477845443219	0.048991806649178	-4.35131569554627	0.000521006154393399	0.025680440287542	-0.0161335122199746
AT2G45480.1	125.833189553023	246.321169270892	5.34520983515511	0.0217001642651214	-5.52615022620271	9.01855256989092e-06	0.000790742064429282	0.205260252299916
AT2G46360.1	55.557924196261	110.046801663586	1.06904672893584	0.00971447341290229	-6.68564849010567	7.72462388187729e-06	0.000692835445615197	-0.0173678439863243
AT2G47030.1	3758.14037343475	7479.86645873655	36.4142881329471	0.00486830725305462	-7.68236406104968	1.05959391422393e-09	4.39185622992575e-07	0.195600227861192
AT3G01140.1	426.908703024868	784.663651128845	69.1537549208919	0.0881317171012125	-3.50419487585194	0.000901022649209759	0.0398841028993239	0.00931470255499293
AT3G01240.1	2974.1757365631	5931.91493324024	16.4365398859593	0.00277086574418913	-8.49544747455906	7.0275141239658e-11	4.27210391944908e-08	0.208377748292867
AT3G01530.1	98.0031243873673	196.006248774735	0	0	-Inf	1.82520618226569e-08	3.90215305024036e-06	0.0238535937771992
AT3G01630.1	152.512968092432	292.464672834153	12.56126335071	0.0429496774054248	-4.54120889443757	8.92352686925586e-05	0.00571690868935277	0.0737065286762475
AT3G02120.1	276.839584790853	542.320613562954	11.3585560187521	0.0209443560408451	-5.57729466226455	3.63299338334462e-06	0.000360087561575273	0.125000566020267
AT3G02810.1	668.860439159784	1330.83891678776	6.88196153180987	0.00517114539182611	-7.59530041648404	3.87446455331328e-09	1.10406096167123e-06	0.0115251199380715
AT3G03080.1	134.444039995524	266.415918358954	2.4721616320926	0.00927933153289189	-6.75176340483916	4.77786431709525e-07	6.52977242618018e-05	0.0882349490105614
AT3G03130.1	548.918330164384	1086.74535408749	11.0913062412801	0.0102059845018553	-6.61444083372089	7.61153023014146e-08	1.36724050548024e-05	0.198292091975829
AT3G03910.1	539.287682153393	1018.04077780461	60.5345865021803	0.0594618485054425	-4.07189187640838	0.000159949447572368	0.00940984319954774	-0.00158998475373246
AT3G04110.1	792.370641459311	75.7193399623191	1509.0219429563	19.9291481371503	4.3168081390044	6.90748041277714e-05	0.00458643286825076	0.0338793278601221
AT3G04210.1	6709.64925998636	602.731456237298	12816.5670637354	21.264141652314	4.41035071524286	4.22551391926145e-05	0.00298690332752755	0.109497771193207
AT3G04960.3	872.140805715205	1699.71581222742	44.565799202988	0.0262195591065226	-5.25321276356598	3.46870682121391e-06	0.000348860087504146	0.0722464060659422
AT3G05110.1	31.042647283805	60.0140195064874	2.07127506112268	0.0345131867212923	-4.85670850085355	0.000762342023964505	0.0347577140126217	-0.028972381594264
AT3G05600.1	1670.76865125732	3326.83796951559	14.6993329990576	0.00441840965317524	-7.82225710019116	9.08601263911564e-10	3.94534859929599e-07	0.00402206448864786
AT3G05780.1	33.4202067177659	65.9050035000939	0.935409935437839	0.0141933068167807	-6.13864543600873	0.000121427195043318	0.0074146480973326	0.0598780297204808
AT3G05930.1	387.158430575219	764.895919589786	9.42094156065147	0.0123166320009968	-6.34324838664356	2.48952953465027e-05	0.00188652548337653	0.611384512734591
AT3G05960.1	746.590375445624	1491.64399919459	1.53675169665476	0.00103024025671308	-9.92280346497301	1.10654374213235e-11	9.45956581555389e-09	0.0235908679510699
AT3G05980.1	188.17037892645	374.403119585276	1.93763826762468	0.00517527276420931	-7.59414938239761	4.05715803430852e-08	7.92768679903885e-06	0.00535179667966512
AT3G06220.1	570.172363439107	1131.59194547553	8.75278140268555	0.00773492727451976	-7.01439655745874	2.21594147686111e-08	4.55784173240695e-06	0.198036016380457
AT3G06560.1	43.3676637182262	82.726414107705	4.00891332874736	0.0484598948472248	-4.3670649154756	0.000839256167774725	0.0375142021660872	0.0154655349566289
AT3G07120.1	80.4875024723558	157.968319948151	3.00668499656052	0.0190334682140532	-5.71531772120954	1.42249276822012e-05	0.00119734498976706	0.0126773435155238
AT3G07320.1	1235.53903543076	2386.49019486305	84.5878759984718	0.0354444682741828	-4.81829570239814	1.82316928574356e-05	0.00144564112987829	0.269286211225692
AT3G08770.2.DE	19348.1861839814	38611.6507361231	84.7216318395901	0.00219419864793112	-8.83209014113983	1.52186764273779e-11	1.26158215862833e-08	0.276064525118673
AT3G08870.1	464.644112423734	46.6586799841261	882.629544863342	18.9167277163354	4.24159064256512	0.000101262704931598	0.00636814380714668	0.190320972524039
AT3G09020.1	301.449856973312	2.430591887487	600.469122059137	247.046460226593	7.94863857423804	2.11970564787235e-05	0.00165204181490587	0.778423692394645
AT3G09430.1	61.421293849159	116.561967927725	6.28061977059295	0.0538822386259581	-4.21404639859818	0.000688388938192196	0.032412336993435	0.00768240536222083
AT3G09940.1	124.93618185052	4.86118377497401	245.011179926067	50.4015464684581	5.65539609544087	6.50377822354982e-06	0.000597038111018218	0.215038338503421
AT3G10000.1	79.8369829362924	159.673965872585	0	0	-Inf	6.09363627348997e-08	1.11877526105766e-05	0.0118506403380869
AT3G10116.1	41.9442443578115	83.888488715623	0	0	-Inf	2.61823193544794e-06	0.000275478280100438	-0.000227438411498719
AT3G10290.1	116.089421415567	223.559674412422	8.61916841871163	0.0385542179794511	-4.69696748462406	7.6645842901002e-05	0.00501608535502347	0.00449892118111846
AT3G10560.1	48.1519461131543	93.2972072297481	3.00668499656052	0.0322269560454949	-4.95558826279394	0.000247929853226556	0.0136192149896901	0.32393561551276
AT3G10890.1	139.137690749535	278.275381499071	0	0	-Inf	2.23594737157937e-09	7.19606779963827e-07	0.000986889969872754
AT3G13175.1	322.757265611331	618.454366253617	27.0601649690447	0.043754505498871	-4.51442460765939	5.37106335882544e-05	0.00366410995621019	0.0195560815474925
AT3G13390.1	2775.14362291475	5525.36517431832	24.922071511173	0.00451048405397887	-7.79250201641395	1.41064784404718e-07	2.31075942645238e-05	0.540912124845264
AT3G13660.1	39.9341622964461	77.9975047220165	1.87081987087568	0.0239856374578045	-5.38168540772991	0.000211558403668022	0.0119574208486414	-0.00806622211573673
AT3G13890.1	157.009054314283	314.018108628566	0	0	-Inf	1.07568792910575e-09	4.39201775949505e-07	0.0646852279209213
AT3G14190.1	690.620486160384	1332.13180785314	49.109164467631	0.0368650941131534	-4.76160074973417	1.71111639046011e-05	0.00137270674420606	0.244413193554919
AT3G14395.1	382.272413477929	743.965760757178	20.5790661986806	0.0276613082001732	-5.17598680157004	6.57059501035848e-06	0.00060115450536243	0.306701849428065
AT3G14540.1	46.1582536341838	92.3165072683675	0	0	-Inf	1.41259353412847e-06	0.000163741138642451	0.213728880232381
AT3G14950.1	79.8689991809536	156.731313365347	3.00668499656052	0.0191836904317379	-5.70397590657092	1.63051946728662e-05	0.0013196594836418	0.122847771538146
AT3G15170.1	35.5183658491832	68.9654566372436	2.07127506112268	0.0300335147785293	-5.05728286849834	0.000407467843354021	0.0208739519153419	0.125475927672708
AT3G15720.1.DE	104.62450860064	204.037444159623	5.21157304165711	0.0255422384019866	-5.29097122816636	2.4397311377869e-05	0.00185392458348052	0.111864202291229
AT3G16300.1	63.8167318556294	127.633463711259	0	0	-Inf	2.04258968303654e-07	3.15689736548857e-05	0.268916425691862
AT3G16360.2	466.514741480742	15.1214436623076	917.908039299176	60.7024077725593	5.92368183727669	7.27590649973587e-07	9.30092047695207e-05	0.228079482031842
AT3G16530.1	845.440040902053	17.2931657503539	1673.58691605375	96.7773593461051	6.596597669458	6.2107701049077e-08	1.13267884659903e-05	0.0224505916908778
AT3G16660.1.DE	788.462450673187	4.49587130388226	1572.42903004249	349.749564380251	8.4501784502617	2.81171654227876e-10	1.47917918712649e-07	-0.000382484487051804
AT3G17060.1.DE	596.004776168838	1183.32358933174	8.68596300593655	0.00734031087036961	-7.08994312055226	1.98889050966229e-08	4.17362245547661e-06	0.0187359637722918
AT3G18220.1	166.140252508668	330.810571717429	1.46993329990576	0.00444342903636508	-7.81411083682014	3.90604864099624e-08	7.68732853403547e-06	0.00281935219489622
AT3G18570.1	81.2708192670123	158.465906808528	4.07573172549636	0.025719928075261	-5.28096958154158	3.39605854239586e-05	0.00249738111520917	-0.0117122957977183
AT3G18660.2	325.945171561393	616.74560452807	35.1447385947161	0.0569841735987866	-4.13329489928591	0.000197893910183413	0.0113018492838777	0.0880338492977417
AT3G18730.1	276.042361178298	526.22726471951	25.8574576370867	0.0491374342811167	-4.34703366065719	0.000103295322320418	0.00645147679771084	-0.00258193221851514
AT3G18850.1	3350.1741344234	6357.58653638176	342.761732465038	0.0539138131276009	-4.21320124003253	8.79833196401621e-05	0.0056632275107677	0.00223111785144707
AT3G18900.2	124.691704321064	241.298763587884	8.08464505424371	0.0335047098212717	-4.89949227754198	4.04124019901512e-05	0.00288647955311377	0.00533254447054965
AT3G20150.1	690.236586261102	1335.64019497032	44.8329775518877	0.0335666579373078	-4.89682728745164	1.25394435194609e-05	0.00107196567786992	0.011144068089107
AT3G20260.1	785.827924844087	1517.80286476565	53.8529849225211	0.035480882381149	-4.81681430101855	1.57810855871547e-05	0.00128867873827523	0.126151207013676
AT3G20580.1	716.664425207439	1425.11059237666	8.21825803821763	0.00576675107334093	-7.43802553606755	6.42091011293781e-09	1.63901849392482e-06	0.17565627408503
AT3G20990.1	29.733539608527	58.9325558525861	0.534523364467919	0.00907008624918587	-6.78466801497983	7.8328123587913e-05	0.005113947849334	0.532144898432681
AT3G21000.1	127.559566767621	253.181495267618	1.93763826762468	0.00765315911250368	-7.02972889043191	3.24735551883547e-07	4.65102919231744e-05	0.242738246019291
AT3G21180.1	1730.49926353622	3451.44394871829	9.55457835414947	0.00276828437492013	-8.49679213171137	1.07899383746241e-10	6.28020328034505e-08	0.029874530844103
AT3G21310.1	250.426719689831	479.873438990963	20.9800003886987	0.0437198617052314	-4.51556735229401	5.56593240998481e-05	0.00377820464038572	-0.0029165994469093
AT3G21910.1	66.9258823525807	133.317241340693	0.534523364467919	0.00400940912887584	-7.96239464390473	8.39666340109246e-07	0.000104408692727402	0.0283517970832363
AT3G21930.1	23.5523017046172	47.1046034092345	0	0	-Inf	6.6869458160808e-05	0.00445080510327753	0.200448975042589
AT3G22060.1.DE	605.588122700023	102.979269302688	1108.19697609736	10.7613598698203	3.42778849187887	0.000914154352449294	0.0402065389154314	0.0033629368942717
AT3G22275.1	236.451201229799	461.944733011816	10.9576694477822	0.0237207368429978	-5.39770736440903	6.16670531643879e-06	0.000569920238636823	0.0258209075250008
AT3G22790.1	2224.14455826114	4251.65205108056	196.637065441723	0.0462495667752838	-4.43441633796365	4.90773648714798e-05	0.00336481301610075	0.278115515797152
AT3G22910.1	1541.58309399848	2995.8386863032	87.327501693753	0.0291496007755722	-5.10038006494402	5.42290864175382e-06	0.000506310883289479	0.0679374467945709
AT3G23130.1	60.0240958757395	120.048191751479	0	0	-Inf	3.19742389525986e-07	4.60361726730151e-05	-0.0144341341855051
AT3G23670.1	668.928227414285	1311.86538420751	25.9910706210607	0.019812300052998	-5.65745981422003	1.46204900288538e-06	0.000168049632449296	0.129376214331065
AT3G23890.1	2164.8830377269	4267.89526387378	61.8708115800158	0.0144967970755352	-6.10812200358066	2.38258825126398e-07	3.54228718486834e-05	0.299394302948592
AT3G24230.1	168.709959676299	315.57132742521	21.8485919273875	0.0692350350890659	-3.85235391840935	0.000462968002088065	0.0231958840020533	0.0156331931859732
AT3G24640.1	49.2766170300263	96.147890824709	2.4053432353436	0.0250171190934274	-5.32094052772619	0.00011630987423751	0.00715005150481198	0.0421917977226683
AT3G25165.1	208.261418440542	413.582970281273	2.93986659981152	0.00710828735963705	-7.13628227972439	8.28039755637078e-08	1.45204202276974e-05	0.00345356709729845
AT3G25930.1	45.8525292941989	90.7028302562109	1.00222833218684	0.0110495816873169	-6.49986443636226	2.07755053121689e-05	0.00162381349519912	0.252344289270028
AT3G26050.1.DE	243.46076752372	472.823496190552	14.0980388568888	0.0298167053255052	-5.06773533769175	1.03031892636815e-05	0.000894774747610386	0.0619954077852412
AT3G26220.1	1109.88060795616	88.487686890043	2131.27352902228	24.0855378180543	4.59009523383309	2.36518234913122e-05	0.00180731643415737	0.331218268263817
AT3G26830.1.DE	175.520435977027	15.2940235286014	335.746848425452	21.952813646296	4.45633395371019	0.000935493388840711	0.0410117902966771	0.582721651221166
AT3G26880.1	23.2071419720297	46.4142839440593	0	0	-Inf	0.000119732565309155	0.00734395528385035	0.664547499267892
AT3G27060.1.DE	1936.47971026061	3539.55204931533	333.407371205894	0.0941947926067048	-3.40820888458785	0.00105298321486932	0.0450084512905703	0.0859100960750353
AT3G27503.1	80.7776537322129	161.555307464426	0	0	-Inf	5.1286719680097e-08	9.67585864530161e-06	0.160042559025075
AT3G27730.1	64.6549054042626	126.436762605463	2.87304820306252	0.0227232028395702	-5.45968999247158	4.71219629898199e-05	0.00327752280177085	-0.0128523716234945
AT3G28740.1	71.0407328050826	136.535800584763	5.54566502540211	0.0406169297843557	-4.62177499869526	0.00021615594658943	0.0121420165809044	0.301469133830314
AT3G28790.1	15415.6802381989	30800.7590792582	30.6013971395972	0.000993527369272035	-9.97515266877388	3.47210084952685e-13	9.49827908396564e-10	0.0557049239459652
AT3G28830.1	20131.9315247844	40185.6224212615	78.2406283073225	0.0019469806262333	-9.00454575631842	8.11854795760102e-12	7.56848031110742e-09	0.0958008293146867
AT3G29035.1	165.439320851554	18.0496224101718	312.829019292936	17.3316101680134	4.1153337870945	0.000226652516341137	0.0126536861980166	0.165287569847454
AT3G36659.1	109.68090402679	216.822828024737	2.5389800288416	0.0117099294939181	-6.41612380044977	1.69288812466967e-05	0.00136207786877834	0.553247352549776
AT3G42450.1	77.6123867275185	154.289363519599	0.935409935437839	0.0060626987765039	-7.36582414034297	1.10496903439095e-06	0.000132453341837601	0.0272659334855129
AT3G42660.1	579.136773452926	1071.28020862442	86.9933382814358	0.0812050270144914	-3.62228714925602	0.000677378850907507	0.0320041033599754	0.101734249839732
AT3G42725.1	52.9647863574694	101.65340960872	4.27616310621928	0.0420661060231911	-4.5711979129335	0.000428824803105261	0.0218047050441403	0.0838812968221055
AT3G42880.1	163.614631590143	327.229263180285	0	0	-Inf	9.60036080879524e-10	4.10355422320941e-07	0.123848770220133
AT3G43083.1	116.178060618686	232.356121237372	0	0	-Inf	5.73543806218214e-09	1.52328780222383e-06	0.43577031121588
AT3G43110.1.DE	40.2776441566196	77.2813535392069	3.27393477403244	0.0423638384176525	-4.56102287770529	0.000781826682701501	0.0354687408490585	0.235018861527917
AT3G43860.1	1059.4245860509	2104.14983910274	14.6993329990576	0.00698587749117988	-7.16134294173134	3.35499480628767e-06	0.00033992310341039	0.605797787670944
AT3G44770.1	64.2174295442999	126.497220820975	1.93763826762468	0.0153176350835954	-6.02866261552338	1.5368767905111e-05	0.00125975534554149	0.0714671949262787
AT3G44860.1.DE	2863.46933696985	259.247622305535	5467.69105163416	21.090612145288	4.39852906418468	4.74447663949868e-05	0.00327752280177085	0.0547639070409434
AT3G45560.1	27.3606930328895	54.7213860657789	0	0	-Inf	3.07346605159608e-05	0.00226624628861085	-0.0236948225660331
AT3G45710.1	94.4735844566611	177.855862672042	11.0913062412801	0.0623612068483343	-4.00320734164186	0.00069837833474412	0.0327698760296058	0.131584126376761
AT3G45860.1	7425.47341841861	31.5170835833144	14819.4297532539	470.203079357873	8.877140177	3.87149499090515e-09	1.10406096167123e-06	0.521943572405809
AT3G46270.1	23.0986742128667	45.7296434580144	0.46770496771892	0.0102276101966186	-6.61138710825557	0.000321188253257172	0.0168969728001984	0.00138033719813367
AT3G46520.1	1139.51810415636	2264.20323852016	14.8329697925556	0.00655107701473395	-7.25405217555645	6.45482576175304e-09	1.63901849392482e-06	0.000177773185131172
AT3G46750.1	388.378931804199	775.75563527621	1.00222833218684	0.00129193819111606	-9.5962472343697	1.37180632258283e-10	7.81815286678663e-08	0.0144616374371476
AT3G47870.1	304.77913049117	609.558260982339	0	0	-Inf	2.40575783557753e-11	1.75081021217461e-08	0.3141570142231
AT3G48010.1	58.5179369205319	110.955685451194	6.08018838987003	0.0547983491350206	-4.18972375882605	0.000739623291241808	0.0340052684961528	0.130628943521002
AT3G49300.1	52.0557310089737	103.643757050229	0.46770496771892	0.00451262074079635	-7.79181875104062	4.08739013501366e-06	0.000397916884460619	0.284446267515097
AT3G49340.1	42.860207763511	3.87168903334983	81.8487264936721	21.1403151928387	4.40192498171938	0.000956203578265126	0.0417857908738351	0.480111773024798
AT3G49410.1	72.3995968068672	139.320346985081	5.47884662865311	0.0393255310312987	-4.66838994260678	0.000174464585863126	0.0101762328590014	-0.00440667435931914
AT3G50740.1.DE	2687.23637156794	52.098061573494	5322.37468156238	102.160704656049	6.67469657098792	0.00101234067797564	0.0437497497420247	1.0698077409934
AT3G50870.1	125.377536973761	244.474454176929	6.28061977059295	0.0256902905939105	-5.28263298050048	1.71751863478713e-05	0.00137381402845722	0.124092796015979
AT3G51230.1	146.73879148197	284.992075148251	8.48550781568955	0.0297745395596542	-5.06977699168163	2.51749671336809e-05	0.00190244862129551	0.266066352647909
AT3G51330.1	388.006723035515	27.1478076895874	748.865638381442	27.584755533268	4.7857992896957	2.2052895130599e-05	0.00169937746251456	0.404624058785276
AT3G51410.1	44.2913858017167	88.5827716034335	0	0	-Inf	2.04858638899621e-06	0.000225064776134058	0.0720326610845038
AT3G51590.1	5898.07931935063	11790.9470418501	5.21159685118119	0.0004419998523175	-11.1436664919709	1.5843373566608e-14	2.16705663644064e-10	0.0131481012164167
AT3G51910.1	55.8071185920714	6.64744065342442	104.966796530718	15.7905579009036	3.98099023927411	0.0011794883518319	0.0491861026718193	0.333508898804404
AT3G52400.1	980.525989043006	37.7733800480127	1923.278598038	50.9162430154086	5.67005406512811	0.000786870473313049	0.0355641688240675	0.825708217727491
AT3G53190.1	2259.95140762649	4405.71591330424	114.186901948738	0.0259178994278591	-5.26990739314993	3.59911498615765e-06	0.000358026871132104	0.0136136647826562
AT3G53650.1	310.587374407674	583.023277605024	38.1514712103248	0.0654373035791051	-3.93374288821267	0.00102546968616973	0.0439456634034321	0.510786402015847
AT3G54180.1	392.640114807435	773.587581612374	11.6926480024971	0.015114834157661	-6.04789104019929	1.15930524436662e-05	0.00100360614762321	0.541155803540888
AT3G54260.1	330.22163317078	637.458856907535	22.9844094340242	0.0360563025910834	-4.79360472719747	2.65595683143052e-05	0.0020015524815596	0.0749158246038104
AT3G54800.1	1031.06074022357	2049.15933052545	12.9621499216799	0.00632559397826625	-7.30458332829155	6.19045693546774e-09	1.61282038025386e-06	0.183102550008633
AT3G55100.1	236.637620200945	472.339830466452	0.935409935437839	0.00198037488075924	-8.98001072939799	2.23330512785636e-09	7.19606779963827e-07	0.0776654180685365
AT3G55240.1	2716.36933910079	352.513318838519	5080.22535936306	14.4114423140144	3.84914282423396	0.000246818105257509	0.013585424723188	0.0623226233418071
AT3G55590.1	30.0864100218016	59.2374101081653	0.935409935437839	0.0157908648222435	-5.98476600397268	0.000213429259720665	0.0120135202241122	0.0316719834743732
AT3G56100.1	338.38505555635	673.696607719391	3.07350339330952	0.00456214764642202	-7.77607114679898	5.86280919732991e-09	1.5421443115592e-06	0.0012090565943606
AT3G56230.1	119.167803516861	235.46255883066	2.87304820306252	0.0122017199563722	-6.35677166513139	1.60446268176402e-06	0.000180624202149533	0.115034600158126
AT3G56870.1	237.413501367267	436.074237382041	38.7527653524936	0.0888673579644251	-3.4922025924363	0.00117103152846928	0.0489827805700392	0.180100895421697
AT3G57240.1	307.722524906122	9.16432247405832	606.280727338187	66.1566339524172	6.04781392698279	5.31814281994364e-07	7.20213440506823e-05	0.227164873610245
AT3G57370.1	46.4070470643724	92.8140941287447	0	0	-Inf	1.42389655520854e-06	0.000164354912085589	0.0352830481972134
AT3G57500.1	44.1119162708339	87.28842260623	0.935409935437839	0.0107163115967578	-6.54404775382133	2.78163363626669e-05	0.00207908114081179	-0.0213541209165221
AT3G57510.1	189.394589622295	378.254655880121	0.534523364467919	0.00141313095862414	-9.46688911438807	2.15683574834441e-09	7.1087227387602e-07	0.000724499132213583
AT3G57960.1	16.529472210849	33.058944421698	0	0	-Inf	0.000424347858748516	0.0216172439924104	0.262578548168509
AT3G58480.1	226.190582999492	451.445756063546	0.935409935437839	0.00207203173996871	-8.91473818185734	2.59429500640191e-09	8.10207150578552e-07	0.0406973567093309
AT3G58780.3	463.815882837918	886.941243008097	40.6905226677386	0.0458773599587444	-4.44607381681711	4.87249400807868e-05	0.00334904387148242	0.00394424129322811
AT3G59510.1	1178.71371060242	2331.63673434545	25.7906868593859	0.01106119425873	-6.4983490304108	5.72119048123706e-08	1.06468630479402e-05	0.0684488653476085
AT3G59700.1	180.480266960371	23.2761186562375	337.684415264505	14.5077630962331	3.8587531870865	0.000474129788435068	0.0236684206066236	0.376816608369921
AT3G60010.1	33.9487038880056	66.8283610470754	1.06904672893584	0.0159969017971693	-5.96606367182912	0.000109419068689439	0.00678745587997343	0.201240911329547
AT3G60100.1	147.221473236236	289.565441605037	4.87750486743619	0.0168442229860048	-5.89160231044492	2.93877610291518e-06	0.00030176291066012	0.0196011974189252
AT3G60955.1	111.115859520398	211.006776006017	11.2249430347781	0.0531970737966161	-4.2325092999734	0.000320324549316471	0.0168840045685961	0.189288916273011
AT3G61035.1	35.3842486406403	70.2339739168127	0.534523364467919	0.00761060971861034	-7.03777224581122	3.51798710845788e-05	0.00255952274837696	0.0781831075222628
AT3G61760.1	334.33660202254	627.849163631465	40.8240404136162	0.0650220511205127	-3.94292712321557	0.000297680106502012	0.0159360802220529	0.0291464217310292
AT3G61950.1	426.49954731555	787.186211928609	65.8128827024901	0.0836052279691844	-3.5802630306098	0.0008466718686019	0.0377839406810336	0.0290691266794107
AT4G00360.1	3694.6785734509	486.75080192508	6902.60634497672	14.1809860768122	3.82588594895034	0.000241434913913499	0.0133428151616519	0.258422340463507
AT4G01010.1	428.322801882647	64.216394513051	792.429209252243	12.339982885386	3.62526848846822	0.000588573116506083	0.028547883289256	0.385839340825388
AT4G01430.1	516.591405275313	1000.37662060403	32.8061899465974	0.032793839111103	-4.93043138464831	1.50053485682785e-05	0.00124013992578195	0.00054745558031314
AT4G01525.1	841.40259304104	1593.00557037528	89.7996157067974	0.0563711875066716	-4.14889823038606	0.000686189195084065	0.0323644683115857	0.525895386142957
AT4G02060.1	836.317034500738	1593.59181040936	79.0422585921178	0.0496000657607632	-4.33351415640725	8.53442535903555e-05	0.0055063146255136	0.274935425846196
AT4G02520.1	7585.39943514511	255.775872241155	14915.0229980491	58.3128614413897	5.86574221315546	3.84674187134768e-07	5.42430260992718e-05	0.00854165182637515
AT4G02650.1	257.240135169083	510.0036520417	4.47661829646628	0.00877762007888572	-6.83195445718146	1.18112536307813e-07	2.00688605169972e-05	0.338548330195275
AT4G04080.1	62.0187141214681	123.502904878468	0.534523364467919	0.00432802260800191	-7.85207624936819	1.22563901751146e-06	0.000144386279899544	0.327816989736816
AT4G04500.1	311.302755448718	10.7779994862149	611.82751141122	56.766333325006	5.82696365234179	1.70960518085793e-06	0.000190113655803047	0.430429071213594
AT4G04930.1	711.703173474642	1415.52215708529	7.88418986399671	0.00556981028133895	-7.48815609728222	4.48406925151139e-09	1.23905250953884e-06	0.0708383369237127
AT4G04980.1	110.315344934829	220.096166505189	0.534523364467919	0.00242859007021968	-8.68566529142395	2.41596170109031e-05	0.00184097627562748	0.768315399963129
AT4G05190.1	638.781220686306	1251.97228113205	25.5901602405667	0.0204398776444378	-5.61246962961911	1.8266134248021e-06	0.000202302983193871	0.105338873169547
AT4G08150.1	1018.3424564834	2028.53347332533	8.15143964146863	0.00401839050163968	-7.95916651466651	9.89682393859945e-10	4.16519254868195e-07	0.0107405263532567
AT4G08300.1	891.065149600794	92.2415752934812	1689.88872390811	18.3202500448573	4.19536728915267	8.48256959075289e-05	0.00548579606914033	0.285466358527965
AT4G08670.1	1419.90540700882	2836.80412902109	3.00668499656052	0.00105988459541549	-9.88187709787898	2.942387276839e-12	3.35383109771699e-09	0.274149667349448
AT4G09190.1	19.5063483185148	38.4781732725617	0.534523364467919	0.0138915992888124	-6.1696434887118	0.000707856596566101	0.0329882879994246	0.52621395744913
AT4G09450.1	20.7563973460385	41.512794692077	0	0	-Inf	0.000133791267714844	0.00809733168054706	0.10670554770603
AT4G10240.1	40.05154480771	80.10308961542	0	0	-Inf	3.44999538152792e-06	0.000348258574380361	-0.0105125334233892
AT4G10290.1	170.898053730751	338.856240861691	2.93986659981152	0.00867585201422176	-6.84877883978574	2.21317980065684e-07	3.32657948498729e-05	0.146443050759228
AT4G10850.1	727.158271285844	1454.31654257169	0	0	-Inf	2.3673243996079e-13	8.09506578445922e-10	0.0390334460313436
AT4G10950.1	68.4319616899799	136.86392337996	0	0	-Inf	1.39105785653917e-07	2.2923963086437e-05	0.10749107409649
AT4G11000.1	139.010423986348	13.7666364495916	264.254211523105	19.1952633085581	4.26267844519181	0.000205470491732139	0.011661516124117	0.0137712362237311
AT4G11050.1	68.4619528471292	133.449515729979	3.47438996427944	0.0260352384590852	-5.26339056921272	5.54502254724537e-05	0.00377337404981205	-0.0142594968082389
AT4G11310.1	84.2897092736012	168.579418547202	0	0	-Inf	4.42002091359079e-08	8.45553091693633e-06	0.0128145403330654
AT4G11320.1.DE	4173.21725680069	8231.24526427284	115.189249328545	0.0139941461626123	-6.15903272462477	1.88582096131175e-07	2.96485736883013e-05	0.275012130982525
AT4G11375.1	14.9819323933351	29.9638647866703	0	0	-Inf	0.000733635761880481	0.0337867675117886	-0.0663594654102359
AT4G11521.1	130.57286673694	3.50637656225808	257.639356911622	73.4773782384925	6.19922824515529	1.59157175654498e-06	0.000180163398207943	0.0343030475922797
AT4G11720.1	27.4469829660364	54.8939659320727	0	0	-Inf	3.05074060041893e-05	0.00225556918554217	-0.0346630602111378
AT4G11810.1	191.852381342855	368.871769083631	14.8329936020797	0.0402117886086228	-4.63623768155485	4.73114953310193e-05	0.00327752280177085	0.0237087882946974
AT4G12030.2	1567.38695259166	261.321696502174	2873.45220868114	10.995842469809	3.45888623845751	0.000824044823721789	0.0368945502417893	0.276811861356208
AT4G12310.1	720.377292953362	40.5088261910789	1400.24575971565	34.5664362899761	5.11129996803354	4.98287631993511e-06	0.000471666313522992	0.0577426880462998
AT4G12490.1	55.8591617876397	0.537892337385539	111.180431237894	206.696439994467	7.69136973070762	2.26676803934482e-06	0.000244132702694162	0.159534173056038
AT4G12930.1	24.2728502775487	48.5457005550973	0	0	-Inf	5.66896308046626e-05	0.00383861767399097	0.202123030011006
AT4G13370.1	370.577437558393	704.005632238649	37.149242878138	0.0527683887414481	-4.24418225760264	0.00011237500969271	0.00693934709966995	-0.000300551418650771
AT4G13560.1	2725.89943682383	5434.82783420675	16.9710394409032	0.00312264527205216	-8.32301559404774	1.44594107715464e-10	8.07248247074332e-08	0.145272875372197
AT4G13770.1.DE	9768.99905369852	1572.39599755199	17965.602109845	11.4256218775774	3.514200785797	0.000634583905576567	0.030190743166874	0.0272456900363322
AT4G14080.1	5961.51965429964	11913.3510934516	9.68821514764747	0.00081322333839156	-10.2640607604088	2.01985973612512e-13	7.89361184877697e-10	0.00117652793438962
AT4G14310.2	629.788687129636	1210.46828122021	49.1090930390588	0.0405703262125583	-4.62343128695082	3.58270142849253e-05	0.00259432367389464	0.069234249176413
AT4G14315.1	42.4922130644491	84.9844261288982	0	0	-Inf	2.38793937518645e-06	0.000254180815360313	0.0406292892417233
AT4G14330.1	671.457122046212	1328.28172949012	14.6325146023086	0.0110161227678149	-6.50423964716354	9.71626747063947e-08	1.68226717042287e-05	0.0151203796380201
AT4G14400.1.DE	30504.4106054753	946.703529626098	60062.1176813245	63.4434284881626	5.98739883139614	2.17723680692792e-07	3.31528456663203e-05	0.338015363524788
AT4G14695.1	864.212938443817	1717.13411545611	11.2917614315271	0.00657593447703869	-7.24858836066109	7.73859562766206e-09	1.89170800639995e-06	0.0590979010301859
AT4G14730.1	111.264937096895	222.52987419379	0	0	-Inf	8.71410815091018e-09	2.09108019803771e-06	0.0368999676941013
AT4G15210.1.DE	8520.63220627027	16027.6789767159	1013.58543582462	0.0632396891213694	-3.9830259141746	0.000195906728211261	0.0112352713982123	0.105599446535034
AT4G15830.1	520.202705746494	1013.21165734949	27.1937541434945	0.0268391643012003	-5.21951643914886	5.39718407245332e-06	0.000505634820157647	0.0520342732204382
AT4G15910.1	991.761363660007	1817.82074623972	165.70198108029	0.0911541918657574	-3.45554718743369	0.000753243835356934	0.0345154746399067	0.0255732247897916
AT4G15990.1	54.8991652109847	3.16121682967049	106.637113592299	33.7329323921808	5.0760858316772	0.000173575546505726	0.0101460099363475	0.0420813276218865
AT4G16260.1.DE	333.221260542464	2.96848422487254	663.474036860056	223.506000571232	7.80416975441888	4.51466525596481e-05	0.0031647722686319	0.848488205160709
AT4G16610.1	129.878983703509	243.855950885527	15.9020165214914	0.0652106969862561	-3.93874755011587	0.000487233152933283	0.0241901091318383	0.0276664107458062
AT4G17200.1	14.5936276941741	29.1872553883482	0	0	-Inf	0.000779160932431598	0.0354065223714266	0.291034813698251
AT4G17240.1	324.820917967457	606.880157253672	42.7616786812409	0.0704614876102578	-3.827021255883	0.000402179946426572	0.020641715974569	0.157995963326635
AT4G18790.1	118.04684217396	233.621522715827	2.4721616320926	0.010581908735779	-6.56225630946143	1.02791749318137e-06	0.000125534423854775	-0.00527282568244264
AT4G18960.1	1674.31040310668	3335.25774591119	13.3630603021739	0.00400660498234542	-7.96340400551569	4.6756013421459e-10	2.24396053185515e-07	0.0213140817046315
AT4G19370.1.DE	238.321487482195	25.7067105437245	450.936264420666	17.5415778558547	4.13270661817941	0.000188245246760603	0.0109292343208841	0.312201645590036
AT4G19520.1	2573.44986612097	93.7286568954826	5053.17107534647	53.9127652387176	5.75255500360074	5.67853855084528e-07	7.5044493041992e-05	0.205259774074575
AT4G19620.1	123.272706286227	246.545412572454	0	0	-Inf	4.44563008081436e-09	1.23905250953884e-06	0.0229272346727638
AT4G19630.1	26.7017576785768	52.8689919926858	0.534523364467919	0.0101103377295688	-6.62802499939473	0.000145186026504919	0.00872903063971115	0.202511758834892
AT4G20160.1.DE	133.475846381465	264.813599305058	2.13809345787168	0.00807395641116093	-6.9525084864951	2.79046184752287e-07	4.06041884578914e-05	-0.0069841177935059
AT4G20420.1	2265.9514542907	4507.04763165745	24.8552769239481	0.00551475798688366	-7.50248670959499	1.6614117134661e-09	6.05994384447716e-07	0.324435123904977
AT4G20790.1	15.6161910331196	31.2323820662393	0	0	-Inf	0.000589889789646678	0.0285611063461496	-0.0441723620114636
AT4G21590.1	1164.181461975	2324.22037382776	4.14255012224536	0.00178233964769141	-9.13201199755062	2.48597679354781e-11	1.75081021217461e-08	4.96862363666129e-05
AT4G21820.1	315.245570739088	615.992263669365	14.4988778088106	0.0235374349061515	-5.40889908476856	4.51646148942218e-06	0.000432001120645571	-0.00184168379477528
AT4G21895.1	316.366823194225	630.328303153107	2.4053432353436	0.00381601654774391	-8.03371685721376	4.89766732993502e-09	1.32654047007626e-06	0.0214179216137565
AT4G22690.1.DE	5665.05122343354	568.432389431683	10761.6700574354	18.9321901030215	4.24276940862337	0.000120108146794002	0.00735051110446692	0.428401677811134
AT4G22960.1	505.963213384146	984.39850921248	27.5279175558117	0.0279642007766084	-5.16027509142336	4.7856660654509e-06	0.000454946937362999	0.103588912077374
AT4G23150.1	680.933208622972	10.2602598873336	1351.60615735861	131.732156124738	7.04146374356277	1.99862751011638e-08	4.17362245547661e-06	0.367100506821038
AT4G23215.1	37.7805275050828	3.33379669596429	72.2272583142014	21.6651658457865	4.4373053752995	0.00113303670714239	0.0478323335811531	-0.00170507229386968
AT4G23310.1	559.758173764887	5.57165597865334	1113.94469155112	199.930630286395	7.64335570626468	1.53628135906796e-05	0.00125975534554149	0.750042594252375
AT4G23320.1	325.013847518246	6.19583824918578	643.831856787306	103.913599886491	6.69924067178207	9.32507276486979e-08	1.62481968506865e-05	0.242924973997085
AT4G23800.1	2993.38311214698	5903.38096038934	83.3852639046102	0.0141250013279019	-6.14560518661806	1.86054340436572e-07	2.94690487193981e-05	0.0103417091489368
AT4G24430.1	145.570760680556	269.493408433495	21.6481129276165	0.0803289143636281	-3.63793681099183	0.00112109424848158	0.0474746969991673	0.112177589190667
AT4G24860.1	141.140012159088	269.0506008095	13.2294235086759	0.0491707636737185	-4.34605542786958	0.000146397963174439	0.00876337566870887	-0.00630139037434924
AT4G25160.1	63.5763838903726	120.738511216654	6.41425656409095	0.0531251917839301	-4.23446004544454	0.000605789155863198	0.0290736283294625	-0.0088746743002537
AT4G25780.1	412.769562933657	788.25631762425	37.2828082430637	0.0472978235752446	-4.40208239076486	8.10678845294761e-05	0.0052676794517538	0.0144114891654989
AT4G26120.1	95.5311774849921	13.4674611731426	177.594893796842	13.1869616339425	3.72104029097101	0.00098978044765964	0.0430467947951941	0.0512458050942972
AT4G26390.1	137.78299280131	271.156185702903	4.40979989971728	0.0162629515099794	-5.94226707858626	2.94218683480461e-06	0.00030176291066012	-0.00215384181162607
AT4G26440.1	71.0359478458139	141.604190723909	0.46770496771892	0.00330290343335122	-8.24204949434893	6.26927893190556e-07	8.15846009153722e-05	-0.00151408598615481
AT4G26580.1	166.648298311304	306.904591811529	26.3920048110787	0.0859941672925054	-3.53961738000122	0.00117353571733799	0.0490125848603022	0.00377884498525713
AT4G26760.1.DE	1560.34538893561	2895.72402173175	224.966756139475	0.0776892944393699	-3.68614038037379	0.000469681495951748	0.0234892266969945	0.0886919828051645
AT4G27170.1	19.3253765694277	38.6507531388555	0	0	-Inf	0.000188572839576594	0.0109292343208841	0.38935584116908
AT4G27300.1	2633.01188366053	124.722321900785	5141.30144542027	41.2219830986637	5.36534200630961	2.19409709625924e-06	0.000238181429227253	0.331050947228528
AT4G28280.2	112.617202064018	208.797864242076	16.4365398859593	0.0787198659604255	-3.66712842563205	0.00111639321861324	0.0473489192067967	-0.00129208664884882
AT4G28310.1	408.225085899649	793.265354794076	23.1848170052231	0.0292270636365326	-5.09655129699098	0.000152109888949392	0.00900674918203369	0.561346782797644
AT4G28556.1	79.8098488846969	149.062867273533	10.5568304958604	0.0708213298788114	-3.81967225494801	0.000877659312946133	0.039039427910495	0.0280386577959479
AT4G28560.1	114.994426187643	215.623563740924	14.3652886343607	0.0666220722129465	-3.90785596147775	0.000557907947444287	0.0271568146090497	0.0180325145296252
AT4G28580.1	109.482207524161	217.962186716134	1.00222833218684	0.00459817524904952	-7.76472283249974	1.59112012856921e-07	2.59087394268686e-05	-0.00605958439125493
AT4G28680.2	1280.41728113363	2555.4893524321	5.34520983515511	0.00209165803413268	-8.9011372804902	4.98610346884024e-11	3.33847090784597e-08	0.0145757310659754
AT4G29700.1.DE	1964.48461298999	3791.93145615262	137.03776982736	0.0361393056314371	-4.79028740276717	1.62865764985378e-05	0.0013196594836418	0.00552715080681919
AT4G30140.1	381.297905032823	758.186010165929	4.40979989971728	0.00581625068332795	-7.4256948331831	1.33106355377783e-08	2.98463726042183e-06	0.0159108305515793
AT4G30860.1	325.001627115394	633.032238599409	16.9710156313791	0.0268090858515005	-5.22113416329244	8.55965157761353e-06	0.000757444347033477	0.00459638986560989
AT4G31805.1	96.0530869366977	183.887915835178	8.21825803821763	0.0446916699278044	-4.48385023697398	0.000189987480777065	0.0109647627091506	0.0122999776916819
AT4G31910.1	240.381966652824	457.779547681147	22.9843856245001	0.050208415253425	-4.31592700036158	0.000131420553863502	0.00797148707647442	0.000919282446248581
AT4G32170.1	51.2682308393464	102.536461678693	0	0	-Inf	7.89631490618406e-07	9.95445117850558e-05	0.0369293261006
AT4G32280.1.DE	383.342618325411	11.8077997048474	754.877436945974	63.9304066646791	5.99843036581735	6.53364382337181e-07	8.43086605812072e-05	0.409443804084958
AT4G32785.1	24.8352370612077	48.2005408225097	1.46993329990576	0.0304961993127533	-5.03522673642088	0.00112950837769736	0.0477570806495965	0.371435937072944
AT4G33230.1	167.347782089372	332.156584149902	2.5389800288416	0.00764392503415124	-7.03147065514167	1.63981989390185e-07	2.62332824664205e-05	0.144039373372717
AT4G33465.1	69.129518034842	138.259036069684	0	0	-Inf	1.27096342918892e-07	2.12834161124779e-05	0.257683994576679
AT4G33800.1	41.2236957848801	82.4473915697601	0	0	-Inf	2.90122345886444e-06	0.000300628291442029	-0.00250000482318604
AT4G34400.1	612.699137281496	1210.43164416741	14.9666303955777	0.0123647051592677	-6.3376283512061	1.27594686447082e-07	2.12834161124779e-05	0.0100560656190144
AT4G34420.1	155.082167424481	299.874801749622	10.2895330993403	0.0343127633242471	-4.86511087403204	3.47002423594122e-05	0.00253135954662421	0.299951828948837
AT4G35670.1	191.62075034567	382.773795723621	0.46770496771892	0.00122188345425982	-9.67667760014367	1.86431983830006e-09	6.53850429442775e-07	0.226885122535207
AT4G35733.1	14.8524974936148	29.7049949872296	0	0	-Inf	0.000748336434297421	0.034348140095034	-0.0312461899192414
AT4G36500.1	1244.94678922398	68.442038059232	2421.45154038874	35.3795943115126	5.14484560000662	5.69036478176176e-06	0.000529474894455356	0.160114135328714
AT4G37410.1	22.5159524224489	44.0296765127109	1.00222833218684	0.0227625640605719	-5.45719311239735	0.000925880338048286	0.0406555096751989	0.0653470417923641
AT4G38390.1	104.049374998329	208.098749996657	0	0	-Inf	1.31616315556166e-08	2.97561646971443e-06	0.090269249361237
AT4G38660.1.DE	1726.89554550128	3329.64870031918	124.142390683381	0.0372839304853635	-4.74530223233513	2.12761201319964e-05	0.00165349301798549	0.134078456693424
AT5G01120.1	39.063211683237	76.7233084633172	1.40311490315676	0.0182879874611718	-5.77295987026715	0.000114393850449507	0.00704810399301059	0.131288413074528
AT5G02110.1	230.607763686209	456.9393642662	4.27616310621928	0.00935827254254266	-6.73954203950211	1.99732058863908e-07	3.10447170584151e-05	0.0913911315700456
AT5G03668.1	14.8726502321189	29.7453004642379	0	0	-Inf	0.000894416582077133	0.0397202273040618	0.770272562119683
AT5G04500.1	168.794273295664	336.586318259141	1.00222833218684	0.00297762647445228	-8.39162149691192	1.48568615456661e-08	3.25139443554594e-06	0.117532863730775
AT5G05940.1	197.012161065732	366.696931194471	27.3273909369925	0.0745230969017843	-3.74616856122772	0.000703603582772338	0.0329021873680685	0.0475579173519511
AT5G06940.1	341.135429838165	666.502479948337	15.7683797279934	0.0236583961836356	-5.40150391391364	4.03561212941362e-06	0.00039427930504371	0.00262365614615819
AT5G07100.1	346.820689026666	7.91595793299344	685.72542012034	86.6257029060575	6.43672324863036	9.61928995112176e-05	0.0061145537702642	0.72386344150872
AT5G07230.1	1274.9751561982	2549.9503123964	0	0	-Inf	1.21508462852338e-14	2.16705663644064e-10	0.128612227396822
AT5G07475.1	173.636521631637	346.337633327837	0.935409935437839	0.00270086137174818	-8.53236469273229	1.18455263233035e-08	2.74615439068044e-06	-0.00554333687295552
AT5G07690.1	521.372710709643	33.7032794307346	1009.04214198855	29.9389898856071	4.90395364188126	4.41832639078943e-05	0.00310713976211917	0.461794921130215
AT5G07700.1	25.9576733274482	0	51.9153466548964	Inf	Inf	9.94245772695469e-05	0.0062669556124095	0.678775913937334
AT5G09570.1	305.925060563393	563.609500578796	48.2406205479903	0.0855922770969082	-3.54637556016504	0.000814462260782467	0.0365252944360085	-6.25700716274895e-05
AT5G09780.1	70.8194086108934	141.638817221787	0	0	-Inf	1.13226387979416e-07	1.93588816847807e-05	0.115122379505225
AT5G09910.1	55.6230156522884	106.301708040392	4.9443232641852	0.0465121713971566	-4.42624789685296	0.000481465772252399	0.0239472321195211	0.0050753404710877
AT5G10140.1	75.1602000795064	144.106598785169	6.21380137384395	0.0431194784015919	-4.53551646326103	0.00028041536592808	0.0150708109043783	0.227147604488146
AT5G10260.1	215.903924391249	403.478253322842	28.3295954596553	0.070213438336136	-3.83210901158851	0.000518607310118228	0.0256083421942134	0.0473005208247369
AT5G10380.1	4445.30849323718	805.369566659891	8085.24741981446	10.0391767388808	3.32756906104538	0.00100979509995387	0.0437097399079874	0.188835979855945
AT5G10400.1	2479.43251288874	4786.21486000674	172.650165770747	0.0360723809566927	-4.79296153845275	1.43255468550201e-05	0.00120211552075438	0.297893084962875
AT5G10760.1	8053.33931462702	228.961313702799	15877.7173155512	69.3467252557835	6.1157558509937	5.0243835425654e-06	0.000473955297208342	0.524378279006077
AT5G11080.2	22.3784662409884	44.2224091175088	0.534523364467919	0.0120871606756559	-6.37038080045895	0.000366328559027222	0.0189814897935929	0.19214184865772
AT5G11130.1	257.839870068542	515.679740137084	0	0	-Inf	6.22941342336372e-11	3.96306589789623e-08	0.20051181730514
AT5G12180.1	332.287922065063	656.290767695159	8.28507643496663	0.0126240941405639	-6.30767632078582	3.43048218918697e-07	4.88502902677162e-05	0.158094094955273
AT5G13700.1	158.83088228958	296.347719825764	21.3140447533955	0.0719224185896454	-3.79741465350776	0.000701540550291989	0.0328618892016912	0.298831865210895
AT5G15150.1	155.282323691052	294.061312908919	16.5033344731843	0.0561220866149636	-4.15528754052651	0.000260135336961325	0.0141758212707451	0.0174202207702675
AT5G15510.2	326.447516611457	639.064291762544	13.8307414603687	0.0216421753470585	-5.5300106719093	2.75862778029031e-06	0.000289138013630735	0.00275691776824131
AT5G15800.2	1915.58650476187	3800.97249895511	30.2005105686272	0.00794546937051753	-6.97565183682947	9.42416312775681e-09	2.24180353498187e-06	0.202988144448747
AT5G15960.1	5396.7175056077	10676.3080760002	117.126935215218	0.0109707339261325	-6.51019614660665	4.80675673671703e-08	9.13150258955771e-06	0.011941009999102
AT5G16090.1	21.9547272559409	42.974044576444	0.935409935437839	0.0217668582200564	-5.52172300261808	0.00100363313525204	0.0435799810284998	0.358906131004779
AT5G16100.1	88.8681609366596	176.734093541132	1.00222833218684	0.00567082622320172	-7.46222533762916	5.54005959914085e-07	7.42911129382829e-05	0.0516835035568742
AT5G16850.1	28.8158676547206	56.2286204062845	1.40311490315676	0.0249537494076582	-5.32459958682009	0.000596950267328595	0.0287503019595793	-0.0217822781491938
AT5G17340.1.DE	432.668071889208	865.336143778415	0	0	-Inf	4.1213981378097e-12	4.50979869831689e-09	0.0330534249324577
AT5G17470.1	21.8091897927403	43.6183795854806	0	0	-Inf	9.73695270369003e-05	0.00615159533861766	0.62043663882038
AT5G22380.1	87.7052697026153	7.57079820040585	167.839741204825	22.1693587336441	4.47049513459318	0.000227819548673593	0.0126929359949385	0.0381683749066873
AT5G22420.1	38.2221429626862	76.4442859253723	0	0	-Inf	4.38170609356473e-06	0.000421263018018895	0.089144800375799
AT5G22430.1	18737.7404323713	37451.6946345475	23.7862301950122	0.000635117594200143	-10.6206886429992	3.63923275090211e-14	3.31849503778927e-10	0.155897827569577
AT5G22500.1	1583.37025214264	3111.08358931721	55.6569149680755	0.0178898809274008	-5.8047124047337	7.32775444411768e-07	9.32363025922247e-05	0.0337198693247841
AT5G22570.1	37.3403215459779	3.05477415801944	71.6258689339363	23.4471896214989	4.55134310666409	0.000760756518192561	0.0347433310712449	0.0564104834044727
AT5G22940.1	870.732732365509	1662.55691436097	78.9085503700476	0.0474621648669256	-4.39707828284701	6.34849618056204e-05	0.00424619710306736	0.139657806505885
AT5G23010.1.DE	6019.58094851047	262.653235175273	11776.5086618457	44.8367165703747	5.4866087271547	1.19071575988134e-06	0.000141009611806554	0.0922273854125065
AT5G24130.1	29.9078039612796	59.8156079225592	0	0	-Inf	1.73696259524536e-05	0.00138531629024875	0.323312788839105
AT5G24580.1	719.650811291655	1353.44431609423	85.8573064890824	0.0634361572678878	-3.97855080931405	0.000271603030416016	0.014712816831803	0.120244674530082
AT5G24820.1	268.067061358554	536.134122717108	0	0	-Inf	5.00355707053972e-11	3.33847090784597e-08	0.210631723670886
AT5G24910.1	99.062227946998	195.652294261903	2.4721616320926	0.0126354850139571	-6.30637514648128	3.09113883879722e-06	0.000315526843560211	0.416366985340095
AT5G24940.1	110.956658186045	219.374336343249	2.5389800288416	0.0115737331502119	-6.43300190366987	1.59378353437352e-06	0.000180163398207943	0.190662259887398
AT5G25090.1	591.47601984039	1178.47542138431	4.47661829646628	0.00379865223765783	-8.04029664372298	1.13181992207247e-09	4.48725591133545e-07	0.402299263707945
AT5G25120.1	996.982431625014	138.97207145138	1854.99279179865	13.3479538185312	3.73854669506899	0.00100981706469689	0.0437097399079874	0.472106253194664
AT5G25530.1	70.4419946830377	140.416284398356	0.46770496771892	0.00333084563320345	-8.22989579026326	6.2729218283685e-07	8.15846009153722e-05	0.0117408056588909
AT5G25580.1	296.945110684168	547.654105103767	46.2361162645685	0.0844257640610726	-3.56617285895764	0.000813474011627147	0.0365252944360085	0.0630130545733179
AT5G25950.1	62.789771126562	125.579542253124	0	0	-Inf	2.53557700087433e-07	3.72920669010312e-05	0.00934864697734305
AT5G26060.1	257.089780204005	513.177332075824	1.00222833218684	0.00195298636464082	-9.0001024080097	1.19317330257121e-09	4.66292126644827e-07	0.315365747149131
AT5G26717.1	383.901528752362	766.266305808069	1.53675169665476	0.00200550602970096	-8.9618179809347	3.77176572750296e-10	1.91074857854761e-07	0.0250087461962362
AT5G27200.1	51.7048922972559	102.942079626793	0.46770496771892	0.00454337982499034	-7.78201836541663	3.58064600619689e-06	0.000357489606370518	0.203698260093593
AT5G37060.1	138.859949800599	277.719899601198	0	0	-Inf	2.60631047122798e-09	8.10207150578552e-07	0.394872715479148
AT5G37810.1	265.562968810835	530.591414257203	0.534523364467919	0.00100741050477837	-9.95513260476474	1.92495694392544e-09	6.58239026975304e-07	0.466132108926298
AT5G38250.1	147.596701476351	0.537892337385539	294.655510615316	547.796445748806	9.09749609525356	4.07013963594372e-05	0.00289955051773116	0.884992853452666
AT5G38450.1	41.7845803503349	83.5691607006698	0	0	-Inf	2.81598770748787e-06	0.000294023510404726	0.00262560671247792
AT5G38760.1	2475.78946452359	4946.56778738624	5.01114166093419	0.00101305427850653	-9.94707281019299	1.09577588758035e-12	1.8735028237905e-09	0.308026200132191
AT5G39240.1	43.7865315121518	84.365922837496	3.20714018680752	0.0380146400221929	-4.71730106016939	0.000384056221223908	0.019823098090191	0.0379890418532913
AT5G39320.1	2127.2790377556	3919.01275370459	335.545321806622	0.0856198596162861	-3.5459107197042	0.000709633568717788	0.0330148569827276	0.1541974696074
AT5G39493.1	495.384024894229	989.231298091802	1.53675169665476	0.0015534806668765	-9.33027999748296	8.89767010081548e-11	5.29140572343279e-08	0.310793136078328
AT5G39532.1	13.7004992549489	27.4009985098978	0	0	-Inf	0.00102002830700291	0.0438689164071718	0.738569016202077
AT5G39670.1.DE	298.652207348246	28.9743700450461	568.330044651446	19.6149232500265	4.29387978528464	0.000104959672968737	0.00652562912211992	0.0111512572922766
AT5G40460.1	91.8075603495159	176.265454199503	7.34966649952879	0.0416965793604129	-4.58392715483826	0.000142524904285875	0.00860686817140041	0.23009268404323
AT5G41310.1	34.5342651679885	68.5340069715092	0.534523364467919	0.0077993887719148	-7.00242321841539	3.98473502173528e-05	0.00286106066285014	0.0381557935778126
AT5G41750.1	836.346241834404	125.585221232254	1547.10726243655	12.3191825220849	3.62283461955137	0.000551283548169431	0.0269302013280767	0.178056097636744
AT5G41890.1	95.1672312173774	186.191912312509	4.14255012224536	0.0222488188170729	-5.49012744389727	1.45543508735236e-05	0.00121386836126864	-0.00777211659867682
AT5G42230.1	202.175104817011	396.666474960271	7.68373467374971	0.0193707690434874	-5.6899749579192	3.54294071891331e-06	0.000355020828961878	0.105377024591341
AT5G42340.1	175.972772304237	351.477839640756	0.46770496771892	0.00133068124066359	-9.55361926381783	3.31036355055844e-09	9.84329405316051e-07	-0.00563286772152891
AT5G43020.1	1136.62439664022	2094.05044843781	179.198344842625	0.0855749893591674	-3.54666698193169	0.000690867283607705	0.0324731364439388	-0.000637026844498842
AT5G43300.1	232.282239514932	460.221497526895	4.34298150296828	0.00943672020169913	-6.72749875674073	1.86362970772623e-07	2.94690487193981e-05	0.0194443151079678
AT5G43440.1	1968.76593322127	325.764897494805	3611.76696894774	11.0870354563151	3.47080175216132	0.00115889615044557	0.0487734816793678	0.430055217363788
AT5G44568.1.DE	244.609749154275	17.6383254829415	471.581172825608	26.7361645685521	4.74072061361691	0.000191179032601777	0.0109871714618786	0.523047246158443
AT5G44630.1.DE	1871.63648150205	3740.19945961078	3.07350339330952	0.000821748526114529	-10.2490154158547	7.16853775787144e-13	1.30735012602887e-09	0.271082079511563
AT5G44700.1	636.15511935723	1271.30801038227	1.00222833218684	0.000788344228150876	-10.3088866638178	1.04968672338892e-11	9.26297742097659e-09	0.0307185142669384
AT5G44880.1	14.6266962914955	29.2533925829909	0	0	-Inf	0.000807910881365615	0.0363506744582858	-0.0420787655271953
AT5G45276.1	69.7348609027752	136.86392337996	2.6057984255906	0.0190393374765125	-5.7148729125984	1.776736078988e-05	0.00141291837723244	0.103818904954697
AT5G45875.1	44.7603014548944	89.5206029097888	0	0	-Inf	1.7004584636951e-06	0.000189868333603442	0.191012051366363
AT5G46200.1	183.97205409491	366.941879857634	1.00222833218684	0.00273129993386332	-8.51619653433133	7.7449662493345e-09	1.89170800639995e-06	0.253949177282088
AT5G46260.1	724.006618103782	99.214022940989	1348.79921326658	13.5948444915778	3.76498774367462	0.000350253773320488	0.0182853859216704	0.0709582145772085
AT5G46350.1	63.8303652411524	3.78539910020293	123.875331382102	32.7245101779258	5.03229969288932	0.000110804168691865	0.0068578254270015	0.0849828029092663
AT5G46380.1	46.0949559291061	92.1899118582123	0	0	-Inf	1.47349554470863e-06	0.000168656669962549	0.0528998327957939
AT5G46650.1	75.8150501954634	150.026530297523	1.60357009340376	0.010688576815205	-6.54778641888033	2.94526601645899e-06	0.00030176291066012	0.150369747379053
AT5G46950.1	16.8415633461152	33.6831266922304	0	0	-Inf	0.000390833592371246	0.0201349223218603	0.158918135494845
AT5G46970.1.DE	75.8273405345268	151.654681069054	0	0	-Inf	5.35110510383434e-07	7.2110754295809e-05	0.551646390839169
AT5G47220.1.DE	743.25782411011	100.968769122675	1385.54687909755	13.7225291655694	3.77847450047621	0.000366363014001208	0.0189814897935929	7.21294190173614e-05
AT5G47740.2	64.347387313328	128.694774626656	0	0	-Inf	2.10339959780921e-07	3.23261794368926e-05	-0.00948785911034269
AT5G48600.2	997.090234513553	1848.79059008231	145.389878944792	0.0786405338304536	-3.66858307470948	0.000491554099636063	0.0243604238218191	0.00875475203118336
AT5G49152.1	21.3966821800512	41.8579544246646	0.935409935437839	0.0223472443480576	-5.48375924697894	0.00120147818559898	0.0499508164821362	-0.00600017489449537
AT5G49850.1	26.8174066350744	52.098061573494	1.53675169665476	0.029497291266526	-5.08327371176718	0.00085091340260761	0.0379113795467977	-0.036105498020948
AT5G50480.1	13.6803465164447	27.3606930328895	0	0	-Inf	0.00111445249090313	0.0473400036353198	-0.0600923485975709
AT5G51380.1	222.368063321307	416.540096547885	28.1960300947295	0.0676910346168514	-3.88489142200573	0.000371532316764643	0.0192129263845247	0.00952817818114855
AT5G51810.1	150.498285440266	300.996570880532	0	0	-Inf	1.31685228727718e-09	4.98796304671674e-07	0.228212019118076
AT5G52900.1	970.951276233993	147.915266424989	1793.987286043	12.1284795640264	3.60032679926792	0.000628264997576462	0.0299421903723026	0.116076634426092
AT5G53210.1	105.0457346922	197.864321826958	12.2271475574409	0.0617956155235209	-4.01635170903776	0.000674704555027769	0.0319329027808645	0.234217516055168
AT5G53370.1	5137.80155971097	655.157087982893	9620.44603143905	14.6841821723377	3.87619101265987	0.000185861087665996	0.0108179062004063	0.272678756834688
AT5G53390.1	540.658388916642	1081.31677783328	0	0	-Inf	1.18460458653783e-12	1.90623782760758e-09	-0.000391177228156148
AT5G53660.1	153.824454684364	292.214597814956	15.4343115537725	0.0528184138273141	-4.2428152127269	0.000190831011537922	0.0109871714618786	-0.00192967945564401
AT5G54560.1	19.8310147115451	39.1943244553713	0.46770496771892	0.0119329768842291	-6.38890219700374	0.000760300325081073	0.0347433310712449	0.219672318853397
AT5G54710.1	956.063519934362	78.0491681572854	1834.07787171144	23.4990060113823	4.55452782815517	2.76403972248145e-05	0.00207159097666308	0.0190615295153021
AT5G55180.2	2101.28503418384	4128.6057222142	73.9643461534828	0.0179150907425026	-5.80268083875039	5.63606290028851e-07	7.5044493041992e-05	0.0215591018304716
AT5G55320.1	47.7820070155924	95.5640140311849	0	0	-Inf	1.1457928942114e-06	0.000136279610495856	0.24340315492
AT5G56110.1	81.880828025175	163.76165605035	0	0	-Inf	6.73813988757402e-06	0.000614428515881583	0.722213821144593
AT5G56390.1	17.2399444145283	34.4798888290567	0	0	-Inf	0.000356118684823816	0.0185561576038863	0.0061330922059426
AT5G56490.1	204.947725414775	404.617059391143	5.27839143840612	0.0130454001280838	-6.26031499464586	7.59279024275739e-07	9.61612823522552e-05	0.0233900059341112
AT5G57240.1	492.746915674942	973.199865395694	12.2939659541899	0.0126325191682916	-6.3067138207052	2.50061065851645e-07	3.69765973915546e-05	0.00505607969747698
AT5G57340.2	501.025573904085	28.8880801118992	973.16306769627	33.6873569973042	5.07413533853082	7.90335714687017e-06	0.000704248332605148	0.0729687315775433
AT5G58120.1	962.164945395455	94.1947330590951	1830.13515773182	19.4292727235995	4.28015999387065	7.47174991309256e-05	0.0049371302082744	0.00342377751529865
AT5G58880.1	108.021827724199	216.043655448398	0	0	-Inf	9.57145897887122e-09	2.25721406746553e-06	0.0337906410632625
AT5G59120.1	1445.17077846064	2885.12996007009	5.21159685118119	0.0018063646779553	-9.11269510393286	2.05232080073875e-11	1.60027425764157e-08	0.122828308571204
AT5G59220.1	1150.87216972721	2162.50163396291	139.242705491505	0.0643896417485402	-3.9570275666513	0.000253445258040989	0.0138664969579386	0.390309706193685
AT5G59240.1	113.000387816902	213.840422663587	12.160352970216	0.0568664839825284	-4.13627758361686	0.000341126474589272	0.0179114315525223	0.264841457095884
AT5G59310.1	4210.78641177198	8121.90621888675	299.666604657202	0.0368960926882355	-4.7603881474126	1.27658855224952e-05	0.00108454523091112	0.00892499044859954
AT5G59370.1	748.69416238765	1485.02751661484	12.360808160463	0.00832362230475016	-6.90857278227823	2.49809189696846e-08	5.06205940247921e-06	0.0124178008003421
AT5G59390.1	448.748984493168	891.083712422244	6.41425656409095	0.00719826484837771	-7.11813509981932	2.14955963097254e-08	4.45479948976401e-06	0.0386378660258491
AT5G59590.1	68.3948429176346	135.854275899831	0.935409935437839	0.00688539193368885	-7.18224550616302	2.24696070632586e-06	0.000242955956846839	0.0595338310409109
AT5G59640.1	72.9181998761094	142.228372994441	3.60802675777744	0.0253678410419449	-5.30085544729903	4.08290277801518e-05	0.0029010880102697	0.00373163472239282
AT5G59845.1	854.775058395793	1698.85969712128	10.6904196703102	0.00629270309280112	-7.31210441050289	6.95129495750552e-09	1.7287238623411e-06	0.009819824357136
AT5G60090.1	110.338613474446	220.142703584424	0.534523364467919	0.00242807667828487	-8.68597030226348	4.32357584703726e-08	8.32927752616558e-06	0.285226430346527
AT5G60140.1	300.134826552169	599.73512973987	0.534523364467919	0.000891265723753358	-10.1318567556721	1.53535677412981e-10	8.40024398261902e-08	0.22560883634123
AT5G60150.1	327.235334349499	649.192277260592	5.27839143840612	0.0081307058375362	-6.94240368462359	6.0016780462771e-08	1.10933719347268e-05	0.0106379396210998
AT5G61160.1.DE	53.45378283801	0.537892337385539	106.369673338634	197.752721028991	7.62755373573966	2.97252822457222e-05	0.00220369870220589	0.637520993285353
AT5G61440.1	590.569250206274	1151.33897165299	29.799528759561	0.0258824981115488	-5.27187932054274	4.23941116598487e-06	0.000409799759210891	0.326788876103026
AT5G61610.1	263.170203120941	511.039683862559	15.3007223793227	0.0299403800966613	-5.06176365307821	9.81146229929468e-06	0.000854784594457023	-0.000920637144837601
AT5G61710.1	53.6496024977241	105.896090092291	1.40311490315676	0.0132499217103663	-6.23787235450643	2.19385815799012e-05	0.00169534417429315	-0.0127714115873219
AT5G61720.1	5126.51332772422	10234.1847485176	18.841906930827	0.00184107551249319	-9.0852354840116	8.29998571915567e-12	7.56848031110742e-09	0.00975212610747864
AT5G61850.1	58.3701133865746	116.740226773149	0	0	-Inf	3.98461834711485e-07	5.58990869249609e-05	0.0541955358919655
AT5G62250.1	51.2692035741981	99.9994271195547	2.5389800288416	0.0253899457424502	-5.29959887778189	9.63361849314179e-05	0.0061145537702642	0.00204255227255534
AT5G63540.2	63.9232347234638	121.098144708616	6.74832473831187	0.0557260786657763	-4.165503552391	0.000707714873523152	0.0329882879994246	0.0748959680614507
AT5G63650.1	664.485604135185	1237.56809389874	91.4031143716289	0.0738570385114564	-3.7591207746519	0.000411876040823201	0.0210603382668402	0.0246696163749563
AT5G64770.1.DE	2214.47144710212	119.297414070791	4309.64548013345	36.1252212690553	5.17493451911774	3.78055084933329e-06	0.000373360104817189	0.101473548921753
AT5G64790.1	523.230425953035	1042.31830178382	4.14255012224536	0.00397436187693893	-7.97506104461196	1.52741826925199e-09	5.646493807251e-07	0.0402967790271403
AT5G65350.1.DE	117.578359064915	223.263614937086	11.8931031927441	0.0532693300522588	-4.23055105297857	0.000243333237059897	0.0134206129697793	0.188839283212495
AT5G65510.1	48.5270500347974	95.5841667696891	1.46993329990576	0.0153784183048598	-6.02294906235793	3.41527479217925e-05	0.00250477901380309	0.360747059261998
AT5G65790.1	70.2493713427307	135.621237818025	4.87750486743619	0.0359641671607567	-4.79729599445508	0.000148842627575609	0.00886385235127489	-0.00973124908152836
AT5G66020.1	271.764951125893	536.113417355508	7.41648489627779	0.0138337983273412	-6.17565886006467	5.67686136296757e-07	7.5044493041992e-05	0.0304554437537536
AT5G66690.1	160.76739026644	310.042540101582	11.4922404312982	0.0370666568127487	-4.75373419107769	4.18149838690458e-05	0.00296344740601456	0.130590466854808
AT5G66710.1	43.8142432125892	85.2231431898347	2.4053432353436	0.0282240615085704	-5.14693057970441	0.000222042349743304	0.0124471117204463	-0.0188291069814195
AT5G66750.1	555.72454321904	1079.71189560137	31.7371908367098	0.0293941290875868	-5.08832815655054	7.79973817578202e-06	0.000697286397178735	0.015705685218176
AT5G66940.1	63.1191755107672	126.238351021534	0	0	-Inf	2.25156716082612e-07	3.36578531429286e-05	0.104465372029317
AT5G67100.1	708.193209975491	1327.45546721145	88.9309527395364	0.0669935488881985	-3.89983401114604	0.000302291750729884	0.0161198696549059	0.188980203039518
AT5G67460.1	501.863797478134	931.767681657634	71.9599132986332	0.0772294582815053	-3.6947049380045	0.00054638196123885	0.0267864246086917	0.00255041152895145
