logFC	logCPM	pvalue	padj	dispersion
AT1G01420.1	4.5380074519802	3.61538908332484	1.21145310474543e-06	8.50654654250954e-05	0.296715098257634
AT1G01470.1	3.03739589650644	5.67021147877866	4.33158964016489e-05	0.00185643737078148	0.220417540299911
AT1G01600.1	-5.38454628267382	6.31325963689984	1.75911207522237e-09	2.18785252806578e-07	0.255914987314324
AT1G02510.1	-10.141547541492	0.988076585600399	7.62104139356579e-06	0.000432897900531831	0.694562327971357
AT1G02813.1	-10.0746595295614	4.96769177354392	5.22695694684558e-19	4.14432348923019e-16	0.243681547820304
AT1G02930.1	4.28828056423505	6.02781416614659	1.84931970685367e-06	0.000121347257592133	0.286557308837631
AT1G03050.1	-7.38496060480092	4.79383305763611	7.6955248941323e-15	2.2528945109299e-12	0.231415743346142
AT1G04660.1	-12.615082892873	3.4297181498013	1.75434442724742e-12	3.5140442216938e-10	0.389470504696373
AT1G04730.1	-3.66006703954223	2.72542873323902	0.00118546755053916	0.0314181922273115	0.460850891030138
AT1G05260.1	-6.04375381952578	2.47423809875694	3.564609663497e-06	0.000220230380800923	0.470481078082828
AT1G05440.1	-7.55318666790713	2.75713080078348	1.39124631072092e-08	1.40074211887346e-06	0.413745728068069
AT1G05450.2	-8.29895931500445	2.27888794370286	1.33780318890113e-07	1.14157205747083e-05	0.510430090189534
AT1G05577.1	-6.8505631707645	1.82240919866623	1.44850011327906e-05	0.000715935289755512	0.614586025403108
AT1G05835.1	-6.16707609139314	4.64500608207475	2.98612358582853e-10	4.178157773142e-08	0.278760965389148
AT1G05950.1	-3.59126462362278	3.43067873217389	6.65913836586255e-05	0.00273409784409693	0.300777758811264
AT1G06280.1	-10.3863829020446	3.53675669422396	6.76864663381053e-14	1.78889689992751e-11	0.319464519269387
AT1G06350.1	-8.14588199201911	5.89053557381844	1.72590436493042e-13	4.15724483041279e-11	0.298909987194318
AT1G06420.1	-7.41047386942738	3.71911585583541	4.33065480793969e-12	8.11139716181495e-10	0.282835173580616
AT1G06645.1	2.47330616698834	4.28986398205096	0.000970264252072363	0.0266423642895887	0.233475631835949
AT1G07410.1	-3.8376104719887	2.66581213256733	0.000476535041177094	0.0145087764776943	0.428658564319829
AT1G07790.1	-2.81430642976292	5.85370961608335	0.000259004541500897	0.00863151912472955	0.24140941922011
AT1G08630.1	-2.5671477720506	4.8200685703896	0.000887315833698632	0.0246133134102788	0.246121881438658
AT1G08930.1.DE	4.86973246675656	6.32188696802503	4.53206689340685e-08	4.1662174354898e-06	0.26642647621484
AT1G09380.1.DE	-9.94477912365417	3.09896299215764	1.02969529121059e-11	1.82556389399089e-09	0.367255724572483
AT1G10540.1	-5.08277976564076	2.67000814776735	6.35976325479023e-06	0.000373518317825319	0.397353459939885
AT1G10770.1	-7.46418572444158	5.38048806783687	9.11238885801169e-16	3.46799295158209e-13	0.222776397813476
AT1G10850.1	-2.75394488631827	5.24948200155198	0.00168288853400548	0.0421128890315665	0.311196809907784
AT1G11080.2	-3.63690427888599	3.07150859167073	0.00101544620323681	0.027604179716276	0.444995339738863
AT1G11600.1	-9.80222753113005	4.29959505149295	1.19960727843286e-14	3.4586858941362e-12	0.308556852708411
AT1G11770.1	-9.00663875093564	3.55265048780538	9.89537637318589e-12	1.77640676420146e-09	0.356070513607865
AT1G12000.1.DE	-2.67599892096849	6.26683653631121	0.00048969483555943	0.0148146312016858	0.242493779372847
AT1G12570.1	-3.79166289196614	6.25856721836022	7.08554431618766e-06	0.000408578250887076	0.26524566257716
AT1G12890.1	-6.25361409791251	0.288544193728494	0.000639522708131677	0.018636259744315	0.785951849069603
AT1G13110.1	6.13760428875119	6.53490048824042	6.40801231127752e-11	9.755045301704e-09	0.262742338081324
AT1G13140.1	-7.42602444482984	6.13617990497203	4.10426218498351e-15	1.32372890030595e-12	0.235162736857034
AT1G13260.1	4.47243211909584	6.00732431848599	3.20307652224391e-08	3.10310274544616e-06	0.228700319672808
AT1G13340.1	4.57203875881221	2.58747602415198	3.82082198560041e-05	0.00165426983820547	0.405599007452738
AT1G13470.1	6.09814167012216	5.68514144453385	3.56007273395527e-11	5.69282555079285e-09	0.251941866950713
AT1G13890.1	-11.1286461865793	1.95611118474837	4.57777608428039e-08	4.18800486095056e-06	0.537688761510229
AT1G14420.1	-6.38908831574665	4.60576626039242	2.88252660790444e-12	5.54056553755692e-10	0.237309616394323
AT1G14580.1	2.29672845850041	4.62348138278246	0.00164583127075088	0.0413173129961986	0.224602040876805
AT1G14760.1	-8.30119308025099	-0.75586370875846	0.000676884908495746	0.0195751412215282	0.816642388640207
AT1G15125.1.DE	8.44747350835042	7.61206862118639	6.74429250441086e-11	1.018548746559e-08	0.403596916050299
AT1G15360.1	-9.51405001677543	4.98473928438483	1.8918111877808e-19	1.71425119487051e-16	0.226449669555418
AT1G15460.1	-10.7592771545531	5.26907923422271	6.64123038055006e-20	1.02919815515808e-16	0.248437341303681
AT1G16400.1	3.95170138425832	2.18195928326513	0.00105862383446394	0.0284930027524954	0.501651557140397
AT1G16420.1	10.1167600297687	0.964184453813465	8.14148503478369e-06	0.000455659760961467	0.696473787342955
AT1G16520.1	-3.24351447562221	4.36849106287244	4.06698159337491e-05	0.0017509183877903	0.242805819179683
AT1G16630.1.DE	-5.83620949841188	3.82878442811285	5.50760831327067e-09	6.1289051808905e-07	0.298120628874494
AT1G16920.1	-2.83362992084294	4.69092557415452	0.000453947403242194	0.0138877252995108	0.263450326007779
AT1G18120.1	-5.38674119512311	2.22414276416271	9.83099894700874e-05	0.00381783834617611	0.5750929735033
AT1G18250.2	-7.05579006175594	5.52324965566936	4.34968600160326e-12	8.11139716181495e-10	0.279904321474612
AT1G18840.1	-2.29573843124204	5.64107207744858	0.00152890159800297	0.0386881230164875	0.222671242241681
AT1G19780.1	-6.48850002429592	1.74073448583192	9.67044041190223e-06	0.000518362846755176	0.54799106446774
AT1G20130.1	-11.4335432616031	8.29010556935672	5.47741629693257e-17	2.60574386785824e-14	0.35488878455092
AT1G20720.1	-4.41977433609622	2.47010112803224	0.000104303094875137	0.00399352835488729	0.436307291960354
AT1G20790.1	-9.2252332558342	0.105495618013008	0.000105866493367432	0.00402102495466837	0.77987456903423
AT1G20930.1	-5.40364629196653	3.90355282099273	6.72369661225674e-09	7.252334414923e-07	0.270388397466873
AT1G21120.1	6.14852588252627	0.701407559389186	0.000396502773776261	0.0123892467687824	0.744742108416073
AT1G21250.1.DE	2.53678768580391	7.91909967452341	0.00189712582764045	0.0463419863596536	0.27682404331973
AT1G22010.1	-10.685504811593	1.52020273176122	1.23881475898255e-06	8.63494727057838e-05	0.647648501515675
AT1G22240.1	-7.05247041447811	1.10890488488283	6.8537709228226e-05	0.00279539330270857	0.711919651177759
AT1G22350.1.DE	4.35244330277506	3.63133919609501	3.23055792425301e-06	0.000201555038493805	0.301462611327577
AT1G22380.1	-8.18243836998425	3.39395234746325	4.32567172319416e-11	6.77837044092446e-09	0.343148944771325
AT1G23205.1	-3.96588148041051	4.25571703079335	0.000117811809003458	0.00442177694975702	0.38082939446093
AT1G23380.2	-4.60373961592082	3.27821744373414	2.55371585723383e-06	0.000163069325662089	0.321393324374079
AT1G23410.1	-4.64258713368194	2.57295540815848	5.71824596357841e-05	0.00239148357013041	0.434358777796635
AT1G23520.1	-12.8939562555238	3.70741734151685	4.14410941996948e-16	1.64288037817915e-13	0.293501398174698
AT1G23590.1	-10.7587762280517	3.88986999325912	5.22988351951478e-16	2.03100925495606e-13	0.284061571239073
AT1G24070.1	-3.88003718587388	6.34693073785532	9.22563177478353e-05	0.00361223347823778	0.36004940035982
AT1G24145.1	5.93605833554189	3.45249644393211	1.49713582490855e-07	1.26617767165266e-05	0.368158492100099
AT1G24220.1	-9.66838464855764	0.529585205373236	3.02584760526507e-05	0.00134216443078296	0.7343728809237
AT1G24230.1	-8.91036057421824	-0.190777245912518	0.000240805743914566	0.00811025221407127	0.815052418020342
AT1G24260.2	-9.28253883791699	6.92034972344091	1.23467778091769e-18	8.70173462706768e-16	0.248200887223543
AT1G24620.1	-8.88612786109374	2.88176347814007	2.10275173951199e-10	2.96394539638323e-08	0.384436660604538
AT1G24625.1	3.54512897431553	2.72996823186798	0.00062068559039926	0.0181150707050729	0.396086285583714
AT1G24657.1	-7.0111745599007	0.239408211251554	0.000287995747101063	0.00943248032975236	0.777169169105085
AT1G25510.1	-7.11148228222412	5.46924410875431	1.51091139217269e-13	3.68604267713515e-11	0.248974326492839
AT1G26320.1	-11.9906209825169	2.80920332810568	4.1510764941791e-11	6.58256955064451e-09	0.408708034008742
AT1G26770.2.DE	-3.25855379037446	4.60290673675212	0.000111311310363222	0.00421401911534205	0.276024365263543
AT1G26780.2	-9.16428875141153	3.13991836642929	2.21171842437807e-11	3.69182367521845e-09	0.360398310393822
AT1G26910.1	-2.6990545184422	3.92052328635132	0.000859847102792591	0.0240264765330987	0.266489818006204
AT1G27020.1	5.99438857488992	3.61747271127682	1.30947578106796e-07	1.1224330917992e-05	0.375743524132544
AT1G27040.1	-7.52496807822389	1.51524919152912	1.54890419192262e-05	0.000755746099181937	0.660423786729164
AT1G27710.1	-10.169026973005	6.046649689135	1.62529527245743e-19	1.60976540421142e-16	0.253799788970381
AT1G28270.1	-8.03798407301799	4.78243023964174	1.39325306171427e-16	6.02550284349111e-14	0.225734797854595
AT1G28335.1	-12.0196566187605	2.83801738291833	3.08095039773281e-11	4.96842416258116e-09	0.404579517711229
AT1G28430.1	-9.78935282139063	5.81943296499763	8.50828352547343e-20	1.1564580514731e-16	0.238043250506427
AT1G28470.1	-3.99370612643361	1.68133502711499	0.00159581160262009	0.0401675912516635	0.544666878107438
AT1G28710.1	-4.70995342204401	4.60191149491078	6.66926697826267e-09	7.25197036167774e-07	0.223114486949696
AT1G29310.1	-2.38412639050288	5.69974022301599	0.00114354694284404	0.0304769674725198	0.226424653033521
AT1G29720.1	3.29643585042235	6.58496480920686	2.71007779437313e-05	0.00122203958173285	0.241087770973226
AT1G29980.1	-4.46608065066785	4.52590644353835	8.55821362665291e-08	7.68180410856501e-06	0.240762669556791
AT1G30050.1	-10.0659429259193	0.914899701455851	9.80166018018087e-06	0.000521485208035898	0.70275091628499
AT1G30080.1	-7.12145922244292	1.65849774455662	6.93002401648317e-06	0.000403276535197731	0.583584044140566
AT1G31310.1	-9.76650163235307	2.90090975203518	7.81114638143019e-11	1.17038035033256e-08	0.391447907582732
AT1G31990.1	-5.78349068103548	1.28349390703458	0.000165416114318713	0.00590563459544237	0.638486228701086
AT1G32190.1	-2.47425014447047	3.81626945045066	0.0018948675670686	0.0463419863596536	0.262074368883708
AT1G33720.1.DE	3.28966772314201	3.58267974307116	0.000228280315600824	0.00771571247880652	0.305276495433209
AT1G35110.1	-6.21341707769034	0.801312293703259	0.00018060265841377	0.00632907548242289	0.683414445989016
AT1G35310.1	-7.32702715610194	6.43557388669872	8.21049760841531e-10	1.07750040683128e-07	0.376109783565781
AT1G41797.1	5.39478519336507	1.41483777935538	0.00163233316510186	0.0410325862598722	0.824110567313467
AT1G44191.1	-11.3704327537979	2.19437469228956	1.04586022707924e-07	9.17127846133218e-06	0.597943425548316
AT1G44970.1	-9.26800101845715	6.75013268995882	3.02237136018993e-18	1.91709015376847e-15	0.252940332836079
AT1G45130.1	-2.96260593104847	5.09821657555347	0.00029778305704075	0.00968634836312554	0.267848664408092
AT1G45201.1	5.4064361958633	5.77512971610565	1.63707505666158e-10	2.37800772925291e-08	0.227925377306557
AT1G48630.1	-2.97995518411791	6.39010822494563	0.000133683536968898	0.00495879926896912	0.244300179229976
AT1G48750.1	-2.26485024295918	5.95905877181598	0.00196397821283279	0.047565096211785	0.227646139329012
AT1G48820.1	-8.7827640596792	-0.311202784535905	0.00026950365636029	0.0088880157311611	0.802419388014638
AT1G49290.1.DE	-6.08240415324949	1.96962724910209	9.75428268285433e-06	0.00052138832913493	0.511781830606667
AT1G49430.1	-2.53042234513855	7.18727357326357	0.000996984872163351	0.0272189743649877	0.246183318138897
AT1G49870.1	-5.91067234293899	3.78748671754253	1.65679543618096e-09	2.07415528651892e-07	0.284375316625088
AT1G50610.1	-7.99274903272832	1.97657920864012	7.17929823725052e-07	5.27470525701314e-05	0.547120455226861
AT1G50830.1	-3.67868704582617	2.12344384717081	0.00128795111217524	0.0335731804295653	0.467945206983486
AT1G51035.1	-8.72147753422759	-0.368104966822705	0.000313639322036903	0.0101328398285912	0.80766432486546
AT1G51270.3	4.55436044363392	3.74727402469598	5.38145131182491e-07	4.07982617580542e-05	0.279137870497763
AT1G51420.1	-4.59765318984888	1.73265428160098	0.000557098538134994	0.0165641063783919	0.56224421353506
AT1G51538.1	-5.40209339881481	0.697332345875741	0.000587314704682525	0.017264492312126	0.679549233433214
AT1G51800.1.DE	3.77648143206575	3.52451131718467	2.29754049168454e-05	0.00106894616176687	0.291518829061925
AT1G52030.2	-7.56146848253527	8.2481309904299	1.92866033426507e-09	2.35259471158526e-07	0.412587550924435
AT1G52400.1	-3.15483425476589	10.7747957162011	0.00124843199748519	0.03272233123987	0.372874521946598
AT1G52690.1	-5.62785954401992	1.3095690256761	0.00077280531713467	0.0217862405626009	0.767957971230755
AT1G52750.1	-4.64146697258906	1.88759488745538	0.00130554748875038	0.0339853121250765	0.666201750162286
AT1G53870.1	4.71559831128591	2.8670587908757	8.54587101841398e-06	0.000465958107763323	0.369545914366819
AT1G54070.1	-6.94563693997006	2.42876785544276	2.09207230029661e-07	1.73087146966713e-05	0.445392758233854
AT1G54385.1	-4.49376379807472	4.02016596725104	1.0907583420373e-06	7.71600018238948e-05	0.291160312495275
AT1G54560.1	-10.9905234983175	4.13713697336704	4.48287184458299e-17	2.18729662386076e-14	0.272965789174941
AT1G54840.1	-5.39563949325748	1.85321497092432	7.21508845215972e-05	0.00290266211746612	0.538279437966744
AT1G55020.1.DE	-2.38463806912562	5.45494567879188	0.0014126055653712	0.0363741154309182	0.234834537379762
AT1G55570.1	-10.5102639634007	6.68342469245536	9.64058396899215e-21	2.62072389065645e-17	0.250496088557683
AT1G56030.1	-9.16609834926359	0.0510072794970195	0.000163367100837011	0.00585444926897829	0.818988123634046
AT1G56600.1	8.59016871774244	7.32780342307597	4.84950770271365e-13	1.0856621420581e-10	0.335805813299752
AT1G57820.1	-4.69025669679078	4.60607653849036	2.42630249246977e-07	1.9730816294533e-05	0.278972390198129
AT1G58225.1	6.48370368473136	3.13952058836672	5.99573505147644e-09	6.59496198234365e-07	0.335198304481513
AT1G58430.1	-10.2642228290781	6.4453971813915	1.18162778131507e-19	1.4990130033763e-16	0.257862596092368
AT1G58561.1	4.78457825325129	4.2597424878816	1.1630573955209e-08	1.20281625974822e-06	0.235490229122541
AT1G59540.1	-5.43636367533213	3.75871383985154	3.2288314866695e-08	3.10310274544616e-06	0.299452837648601
AT1G59640.2	-3.57770437572587	5.7814660295417	2.61497912619073e-06	0.000166422868870513	0.220673336166588
AT1G59740.1	-2.95728249884703	4.91374986119305	0.000211158888830499	0.00724399824441021	0.254368344203971
AT1G59780.1	-6.10191793091304	0.172643177731212	0.000575340356250732	0.0170002354644335	0.744656951796503
AT1G60390.1	-3.25588604680341	3.35712822675719	0.000714010767491795	0.0204314449542878	0.352875400744917
AT1G60760.1	-9.4269298958299	0.29818090493364	6.31276845766484e-05	0.00261142763001966	0.761961275041778
AT1G61130.1	-6.83172899051637	0.0694685945686012	0.000405782527283308	0.012557657424727	0.78139802039399
AT1G61680.1	-7.39597472693306	5.35283792454234	1.07085878482179e-15	3.9936216597757e-13	0.221137054716235
AT1G61940.1	-8.67309296536616	-0.412869453222883	0.000353947333510082	0.0112067617460289	0.814707548657437
AT1G62180.1.DE	3.11177645424867	8.5800832173396	0.000105599582346769	0.00401890890495333	0.255616716115605
AT1G62500.1	-11.9534689257591	5.93729280084607	3.06373137674952e-22	2.87602753844486e-18	0.246456692977204
AT1G63100.1	-6.16671690662581	3.88723157086475	3.48801780915752e-09	4.04716407868649e-07	0.313609766403398
AT1G63160.1	-3.04207507265962	2.87285132578261	0.00173146735319266	0.0430694016521609	0.363774191145661
AT1G63930.1	-6.49091272071943	2.69018725389488	1.11485734068257e-07	9.68704124924591e-06	0.398073590122263
AT1G64030.1	-8.26364697183255	1.44572137182606	6.50295156503719e-06	0.000380752816403362	0.65376940970626
AT1G64400.1	2.97407608679366	5.5198190438835	6.27454837012737e-05	0.00260142209285225	0.221449740640367
AT1G64450.1.DE	-3.05000495479756	3.57481477039982	0.00035985952177496	0.0113373623176419	0.286571176435288
AT1G64800.1	-7.94971449511013	1.10783279905655	2.23086171781032e-05	0.00104046734382874	0.691813019985541
AT1G65490.1	4.10105161851948	5.91078102809629	1.57050881357193e-06	0.000105883216473825	0.263546381154124
AT1G65710.1	-5.98494022294644	2.41665043033322	5.66541933582262e-06	0.000334805169383132	0.483369368604969
AT1G66100.1	8.59704363169668	6.0315199562571	9.71505157857881e-09	1.0213685993855e-06	0.524627548029483
AT1G66350.1	-3.12498351882165	6.51324250548634	6.70298869226999e-05	0.00274303595323023	0.243619883670173
AT1G66620.1	-3.97709152695134	2.11904047446532	0.00120660249266886	0.0318030127102293	0.522213804129436
AT1G67160.1	-8.59907535491047	-0.481885959910513	0.000400276843039942	0.0124842683717954	0.811715519223031
AT1G67320.3	-2.65438907414135	3.63297609771083	0.0018012805951062	0.044630948495151	0.29296841025165
AT1G67590.1	-2.4160680403905	4.28741098145753	0.00140651315583315	0.0363155208172985	0.238757081100842
AT1G67630.1	-4.19889501954791	3.56536184989876	5.43143522297693e-06	0.000321977510461146	0.299890033637605
AT1G67780.1	-5.62628960175983	1.84804027535058	3.30878597789511e-05	0.00144742272122681	0.523903547251677
AT1G67800.2	2.52082110935641	4.2155626749771	0.00123863148706596	0.0325102325067284	0.251430997717524
AT1G67970.1	2.9894632986347	4.41834160446726	0.000532723690736667	0.0159892730457856	0.294890301320303
AT1G67990.1	-10.6016713919052	7.33910173004189	3.4136358105017e-21	1.29916151676074e-17	0.25149426180881
AT1G68110.1	-5.95923889538233	3.87665138345441	8.89743038661716e-10	1.15176328453699e-07	0.278664408005021
AT1G68170.1	-7.60659679457338	0.774872747400409	5.1860765505358e-05	0.00220280916696754	0.707043477572634
AT1G68610.1	-5.29169780994635	1.87862285163129	5.9295538838061e-05	0.00247441843980146	0.514279386034577
AT1G68640.1	-5.65254311425231	2.1705847034818	6.56163692939343e-05	0.00270262747033393	0.568098263225854
AT1G68750.1	-8.41173462868703	3.61026201326669	7.94006474348584e-13	1.73668381613554e-10	0.299912385591009
AT1G68840.1	6.74888574456016	4.89764660101677	1.27484523151568e-13	3.19197761980420e-11	0.228212933614838
AT1G69450.1	2.64774652006235	5.53677934365739	0.000282607497470481	0.00928797594018271	0.219628253328238
AT1G69720.1.DE	3.23651906937576	4.21038290638091	4.6514038826833e-05	0.00198456422608925	0.245455995246304
AT1G69940.1.DE	-9.968531779468	7.66101959966088	6.09046340445252e-20	1.02919815515808e-16	0.253365998110594
AT1G70000.1	2.65074820202448	5.04944182595105	0.000293304607753556	0.00957340202563021	0.220657099989789
AT1G70220.1	-5.12399032408984	0.684919485310211	0.000903444526083649	0.0249878573936712	0.68102726945671
AT1G70710.1	-4.71423910383178	6.89026135399721	1.49696941558359e-07	1.26617767165266e-05	0.274827299022151
AT1G71680.1	-10.9624990111769	4.93493291632981	1.89456657989481e-20	4.5064634311023e-17	0.2370792335124
AT1G71830.1	-3.55939391239072	4.09149153620364	1.3579474231623e-05	0.000685421260354255	0.251707876359261
AT1G72110.1	-9.67694697908871	2.83400075938624	1.5624284427626e-10	2.28703467979458e-08	0.400951814504198
AT1G72260.1	-9.06547333669602	6.50490498225305	2.14403325230429e-15	7.15768574703479e-13	0.296693218153193
AT1G73010.1.DE	-2.61742116109736	3.62839853756134	0.00142708980200618	0.0366188176585448	0.274723496795366
AT1G73750.1	2.53752331324333	5.04125471912468	0.00190221073033831	0.0464066256251381	0.275641620998677
AT1G74130.1	-10.3034308765951	3.45444069682657	1.75170166348784e-13	4.16664136931376e-11	0.327152014262881
AT1G74490.1	-6.01500305978997	1.28252856109323	0.000103041611203211	0.00395318310400383	0.63377811602711
AT1G74550.1	-8.25046573786596	6.01183007643936	2.79628994831405e-15	9.17424162525311e-13	0.263526860677328
AT1G75060.1	-4.23128675589781	3.5441993827297	7.26511453354162e-06	0.00041640923029748	0.311426372209907
AT1G75160.1	-11.5828932210596	2.40506437459298	1.9813667367787e-09	2.40149220599758e-07	0.472889309571964
AT1G75520.1	-5.59028278665447	2.52048304980502	9.45479536182822e-06	0.000508235313390478	0.464480208074819
AT1G75580.1	-3.95195153792107	3.44007914558491	1.32170565072119e-05	0.000672479594320146	0.296015025991704
AT1G75790.1	-9.6154931053814	5.28636303708668	1.32948817171379e-19	1.54683901832116e-16	0.230338430412151
AT1G75890.1	-4.35883334594318	2.58285092064589	7.19418380445533e-05	0.00290038397489365	0.406799817698461
AT1G76420.1	-6.72523635545373	0.793039801838297	0.000146526106846133	0.00535590291144708	0.726128106371257
AT1G76530.1	3.66847797357006	4.02908171241918	7.92846047760481e-06	0.000445046237251746	0.250991452569065
AT1G76550.1	-2.29843470626421	5.54353012257442	0.00136136121279052	0.0352933821773716	0.218545314013369
AT1G77980.1	-9.13569658242221	2.30011954948457	1.93589546035805e-08	1.92869919974624e-06	0.483165481168692
AT1G78290.2	3.20666138173396	5.74393228332687	2.96933047347285e-05	0.00132326439296756	0.231804118190631
AT1G78450.1	2.38993669187319	4.24411581473406	0.00176053971926698	0.0437353920599627	0.243406804823756
AT1G78770.1	-3.388330985891	3.08510975389755	0.000353392197232507	0.0112067617460289	0.338551436065819
AT1G78960.1	-4.6036034055902	7.26068889532768	2.45384859569914e-07	1.98699084798123e-05	0.274463686483306
AT1G80270.1	-2.61167970914413	4.71664178053366	0.000832594678343393	0.0232991825502889	0.251110966432138
AT1G80370.1	-5.67135469303658	2.69733797161971	1.39125325412077e-06	9.62696660824151e-05	0.403125516753595
AT1G80470.1	-6.50679602091303	2.81788057325624	9.95869374357767e-08	8.85532631993176e-06	0.396987002533303
AT1G80660.1	-8.47401263028851	6.99644376260741	4.46023735378202e-17	2.18729662386076e-14	0.245113417009968
AT1G80990.1	-8.74347240474768	-0.347055425264684	0.000319261563950187	0.0102795741123657	0.816186052237556
AT2G01210.1	-3.74186444720161	2.75976807827307	0.000403500194283736	0.0125460869232438	0.403098600899422
AT2G01420.2.DE	2.33523875167845	5.79711544554497	0.00142980616534231	0.0366188176585448	0.226879398289968
AT2G01810.1	-8.90754045851639	-0.19567612460491	0.000239456651582968	0.00807911457973812	0.811719656782421
AT2G02100.1	-5.57130166298227	7.22242612856352	1.69173371014871e-07	1.42442481285044e-05	0.354471070364826
AT2G02720.1	-6.1584853703687	3.35102109425889	3.42822473860162e-08	3.26178442754251e-06	0.353652682530214
AT2G03200.1	-5.67702844815507	4.21785722264902	9.56041922287784e-09	1.01069565217857e-06	0.299046025471879
AT2G03210.1	-6.99217198563645	0.996619604691965	0.00010263564268715	0.00394556291857329	0.729375521429504
AT2G03250.1	-5.45162944869365	0.421289025441303	0.000991297926416906	0.027102598048545	0.72891480630756
AT2G03830.1	-6.32855651330719	1.82532520157006	8.40018662714108e-06	0.00046332507631266	0.526773948681158
AT2G04020.1	-6.04293078432819	0.964060465299992	0.000545634658417156	0.0162996576373941	0.781178413306397
AT2G04675.1	-9.09535420374781	-0.0167229863605613	0.000154696571594002	0.00560708773497573	0.797604902016378
AT2G06200.1	-5.88896977805605	2.12171077692952	9.43667911391261e-06	0.000508235313390478	0.496606788703571
AT2G13680.1	-7.33170764518888	5.13912818538256	7.53384572187254e-14	1.93731824650693e-11	0.249651860382199
AT2G15340.1	-5.95561822768247	1.19241686929142	0.000171539897477617	0.00605609036939068	0.660165822390393
AT2G15390.2	8.17612060015568	4.07592098372315	2.13970069830881e-13	5.02671167754548e-11	0.286442580688232
AT2G16130.1	-11.2626439692262	2.08829819018881	1.65675552899228e-08	1.65928426111548e-06	0.512573994281436
AT2G16210.1	-9.35113743325656	3.32594505650216	4.39052975808997e-12	8.11139716181495e-10	0.345955057046318
AT2G16270.1	-3.98986054737367	4.02589250784418	1.82513944044553e-06	0.000120175011807052	0.252330531798661
AT2G16380.1	5.59108737155998	3.57707899605547	1.15929820236838e-08	1.20281625974822e-06	0.290869389730235
AT2G16570.1	-5.18122296738028	2.41160861894568	2.09519589316237e-05	0.000982006961846966	0.45819407794463
AT2G17000.1	-9.05213948905582	-0.0597479024653463	0.000193728076246252	0.00671484801983592	0.816383603176246
AT2G17620.1	-7.3467740465244	1.85881454750753	4.38379888169376e-06	0.000268229289131031	0.584422341107133
AT2G17630.1	-3.82622883098495	3.78586484622274	9.81090464432453e-06	0.000521485208035898	0.273320337873182
AT2G17940.1	-5.50200768328509	0.488744589327526	0.000667629432734758	0.0193959091229156	0.698247141252889
AT2G18050.1	5.06032555140233	5.19431457823449	1.36138954049966e-08	1.38534126022289e-06	0.260409676815088
AT2G18080.1	-6.11009139255541	1.32339003760144	0.000295186861677811	0.00961834039532033	0.738399732043272
AT2G18969.1	-4.46728748038355	2.34137866398798	0.000172692701471332	0.00608549891907032	0.470924998319884
AT2G19090.1	-4.22938037852279	3.31737472967144	8.28453904910359e-06	0.000459918713473403	0.313189033867904
AT2G19610.2	-8.80647910526849	-0.288981267134357	0.000261625622331298	0.0086725597325254	0.801407852316081
AT2G19670.1	-4.47513525980917	3.00160493316743	1.20953464006603e-05	0.000625441159397189	0.351182254655969
AT2G19910.1	-5.46273266409728	4.14766430425259	5.54223930607648e-09	6.13158556717031e-07	0.272716333787974
AT2G20470.1	-7.37691314394241	3.81261334434859	1.51674101972906e-12	3.07043243238557e-10	0.270713882242574
AT2G20590.1	-4.60311299855232	3.09295367191712	7.67468736212942e-06	0.000433915595458707	0.351255592998338
AT2G21050.1.DE	-2.66627655904446	4.58337263537031	0.000806018309218689	0.0226220094485582	0.259161937710409
AT2G21770.1	-3.12301336934057	3.00541354392896	0.00119422239680704	0.0315643240972609	0.356588509548525
AT2G21790.1	-3.53287032432313	5.90697828030339	6.7215002765223e-06	0.00039234180601823	0.235113690551781
AT2G22420.1	-3.04734523248067	5.06999455026857	3.82510236381527e-05	0.00165426983820547	0.217966169787365
AT2G22807.1	-8.26944630570694	1.4200770140626	7.31069152434628e-06	0.000417763210260617	0.657926052094326
AT2G24160.1	2.92231024086127	4.69474742886218	0.000125966955355747	0.00469085165061549	0.233117921513031
AT2G24320.1	-7.10384931135683	0.326844704071922	0.000207760693471367	0.00714914690066302	0.758553548572074
AT2G24440.1	-3.66593807125975	3.17668025458112	0.000104814915832962	0.00400506633209927	0.328946928785505
AT2G25130.1	-5.93295407426954	0.0430279626608563	0.00115128463368889	0.0305974794615445	0.806455308020414
AT2G25200.1	4.68701700028732	2.14688262673777	0.000146397935208288	0.00535590291144708	0.485617045790202
AT2G25880.1	-5.59908019825198	3.72711391956776	1.13911950085087e-08	1.19100576822479e-06	0.291285569215687
AT2G26010.1.Hnull	-5.28243822077081	5.09093642959502	0.000533910432569172	0.015999656096628	0.718206878385415
AT2G26450.1	-6.55918166838158	4.32755520278167	1.81467457464158e-10	2.57697331946677e-08	0.295231568937092
AT2G26560.1	7.17943084520734	5.83521935382588	1.69496303336408e-10	2.44344330014281e-08	0.337307517760443
AT2G26610.1	-7.76760224177471	1.77846088573558	1.574699157186e-06	0.000105883216473825	0.560694227948593
AT2G26650.1	3.44306459417914	3.4589828708269	0.000261066519634279	0.0086725597325254	0.334893404662113
AT2G26760.1	-5.37501555226653	3.71255099559823	9.21231283593195e-07	6.5655843054288e-05	0.374205582007587
AT2G26960.1	-5.96718387360202	0.589729689404529	0.000583172803131852	0.0172049539082109	0.765312324116548
AT2G27650.1	-9.70962795112836	0.569918771817244	2.60253190722836e-05	0.00118477463307772	0.726698039190762
AT2G27670.1	-9.87481448780061	0.729517504976892	1.64193916603368e-05	0.000793006608894793	0.714735589566175
AT2G28405.1	-12.0734634602267	2.89144152314471	2.1368631446376e-11	3.59843971498308e-09	0.400846321046402
AT2G29165.1	5.21901129492652	1.00501742020805	0.000671838298570218	0.0194884313772754	0.682276154039169
AT2G29550.1.DE	-3.44713434259837	7.25611054645362	7.35341997927337e-05	0.0029520723372488	0.290097529476352
AT2G29660.1	-2.80100542957561	3.87420740214012	0.000547391438550604	0.016326507341974	0.264329281126954
AT2G29710.1	-4.41308995950412	1.49126361050872	0.0013873138984849	0.0359172737064886	0.611326235192139
AT2G29720.1	3.23762231012731	4.11633889078563	0.000329094079513575	0.0105604236746439	0.313417854281722
AT2G29890.3	-4.63110112680387	4.68348627260213	5.88065611875662e-07	4.4230436871075e-05	0.292186947330513
AT2G30650.1	-8.3955277812576	2.37514441369204	4.49972442510291e-08	4.15656582938269e-06	0.481311435602491
AT2G30766.1	6.15891557172283	2.57883774680845	2.39005660728295e-05	0.00110389289271814	0.581163602469924
AT2G31100.1	-7.24186678491461	0.423567490676061	0.000157317583855724	0.00566546139411533	0.748525651737751
AT2G31210.1	-9.86234176201696	2.99639750885929	2.26301210885663e-11	3.74459629734199e-09	0.374410402648382
AT2G31270.1	-4.35210687609701	4.21577659674815	2.10146683022005e-06	0.000136646209346259	0.29294580618204
AT2G31880.1.DE	3.45411397646638	7.05318588613096	3.30280656361151e-05	0.00144742272122681	0.266083755083912
AT2G32060.1	-2.42239249933571	7.05088032779284	0.00193536410196438	0.0470345383094256	0.256132356971195
AT2G32350.1	-9.12199739462149	0.00858781802217471	0.000145744961210909	0.00535401711753358	0.796871863316489
AT2G32460.1	-8.04576512519813	3.74327629429822	1.2373195276207e-12	2.55923405337982e-10	0.295564942597654
AT2G32530.1	-3.77667658633967	3.09728092301904	0.000112515556653256	0.00424813199911668	0.346843458775327
AT2G32720.1	-2.64657463657392	5.86815877547541	0.000497575953035108	0.0150291631909604	0.23831784308714
AT2G32860.2	2.37327742841334	5.7699564441114	0.00144749960099898	0.0369228819134177	0.233967286724666
AT2G32885.1	-9.12898505933044	3.14042641957104	2.71355178400826e-11	4.41334845281138e-09	0.363942074115209
AT2G33010.1	-7.46517224878506	0.67181882983567	7.07925218341054e-05	0.00287230468652706	0.715878859321982
AT2G33100.1.DE	-5.10457666207389	2.9266260055365	1.73766162975509e-05	0.000830622150213531	0.442000413673218
AT2G33190.1.DE	-8.97928355252829	-0.126619489020319	0.000184828513000596	0.00645339775025385	0.796509430782174
AT2G33460.1	-4.89247068266586	2.35987400775335	3.506833616208e-05	0.00152703745727281	0.441442821936019
AT2G33690.1	-11.1920555471836	2.01863362319811	3.01990882825633e-08	2.95069405537465e-06	0.527863353853799
AT2G34220.1	-4.84217622728227	1.11942606957672	0.00101802539014892	0.0276348147634006	0.661477180924747
AT2G34555.1	-5.35663916111602	0.602476876093245	0.00185676217146449	0.0456490017581366	0.806265699352874
AT2G34870.1	-9.76810639164318	3.77537672573161	1.79144162363526e-12	3.55097319334951e-10	0.359279635098345
AT2G36190.1	-9.72120496988961	5.16329405748633	4.69973599202422e-19	3.88831635618386e-16	0.238403441103725
AT2G36200.2	-5.26763193819125	4.6910302939248	4.72765916492299e-09	5.35491822912616e-07	0.258555406960403
AT2G36660.1	-5.93937598386873	3.20750578912954	2.77967893841655e-08	2.75492242287128e-06	0.331195057412719
AT2G37290.2	-3.71000848571214	2.51825876560205	0.00113555849051137	0.0303446441310555	0.463967869991858
AT2G37770.2	-4.30490727251063	3.53495547808038	2.10401699187839e-06	0.000136646209346259	0.285417286090719
AT2G37880.1	-4.55849820262569	0.694402589875595	0.00200757933153698	0.0483572494934394	0.667671853029064
AT2G38230.1	2.39798249962415	7.64549122764309	0.00183267004734456	0.0452320082113094	0.249149693017979
AT2G38810.1	-4.81593928861053	3.6467471915926	4.42837907843894e-06	0.000270088543216714	0.362162151356186
AT2G39030.1.DE	4.08551687853811	2.74637015854641	0.00018353511116404	0.00642001770283183	0.414236334075549
AT2G39510.1	-9.62525445383483	5.30473008304773	7.03115035842926e-20	1.02919815515808e-16	0.227305710444696
AT2G39820.1	-4.70078065066909	1.63074481612935	0.000482485419994692	0.014643086215437	0.573305703774558
AT2G40000.1.DE	2.71040577595276	6.71693984567519	0.000701690933574942	0.0201683897636808	0.262064019845329
AT2G40116.1	-5.6672427717502	2.93180391999444	3.08501437411472e-07	2.44765706204575e-05	0.362540583983415
AT2G40620.1	-2.69598104889832	3.76127161243854	0.00132577241179544	0.0344646492131905	0.285627812318389
AT2G41090.1	3.47093656858244	9.16664170611746	1.78575767225406e-05	0.000847411041030488	0.251828942253758
AT2G41830.1	-2.50222788503478	4.55483560255872	0.000739082747876675	0.0210539006127923	0.228286156238983
AT2G41850.1	-7.01597164815978	0.20632734167278	0.00041880779191662	0.0128956205054715	0.816413294930092
AT2G41990.1	-5.95700409636673	3.18911023898314	5.19092073406327e-08	4.72622156212871e-06	0.343298949628041
AT2G42140.1	-5.9343187580692	1.20516917568366	0.000146882388194182	0.00535590291144708	0.648980335609953
AT2G42180.1	-6.78964675494697	0.0312995812826499	0.000540706199745933	0.0161778274763606	0.809999526452084
AT2G42480.1	-8.79739590668461	1.93995862125563	2.5222910606893e-07	2.03375748279054e-05	0.542753894716169
AT2G42840.1	-7.69174620084469	7.72035757134058	4.34579428132211e-11	6.77837044092446e-09	0.351104639610207
AT2G42900.1	-4.12140441189004	3.48336874947225	2.1739324119356e-05	0.00101640687633225	0.331895620272884
AT2G43060.1	4.56952888490152	3.59503667685747	6.14225585784011e-07	4.60161365034801e-05	0.283144130290123
AT2G43100.1	4.19043027370046	5.42013450815063	1.83492495459631e-07	1.53143802460584e-05	0.23119804066568
AT2G43360.1	-2.47291083749969	5.94081598612991	0.000866063688073898	0.0241293205276108	0.230718754907125
AT2G43470.1	-9.02248180825128	-0.0858708680056262	0.000169652468099997	0.00601176315730885	0.793096981343553
AT2G43610.1	-6.54434567710159	3.20133702825693	4.208124275859e-09	4.82387932803138e-07	0.333322297614617
AT2G44120.2	-2.48628453370597	7.24758310175831	0.00135971027984915	0.0352933821773716	0.25166145865266
AT2G44380.1	5.95739910700378	0.0904540642424253	0.00114564020034261	0.0304900522689784	0.818016478527159
AT2G44740.1.DE	-2.84360475773477	3.6953388614426	0.00188082822392442	0.0461214951972393	0.332916818251134
AT2G47040.1	-8.32072568139724	8.52274501957982	3.56360506839609e-16	1.44280512439381e-13	0.256942651453517
AT2G47130.1	3.01765359542532	3.98008518316663	0.000365038572341176	0.0114815189968268	0.282595370160474
AT3G01420.1	-7.28556003636511	0.499347489805989	0.000189476342743599	0.00659149054125768	0.783462508796287
AT3G01710.1	-4.65958835216422	2.84101828194157	2.53559141885611e-05	0.00115706880358304	0.403531210928706
AT3G02020.1	6.36182045194436	6.58672381926765	7.8069833542538e-12	1.42845275238553e-09	0.252271672217166
AT3G02120.1	-5.54961982124329	2.95528395192227	8.4842932821294e-06	0.000465266907393776	0.466247096883236
AT3G02440.1	-10.7229055117054	1.55688493517078	8.55205003066878e-07	6.14101735975834e-05	0.630898259497018
AT3G02480.1	-7.55439771826617	5.3142407624328	2.63950775984265e-14	7.17531330886368e-12	0.25280136188655
AT3G03450.1	-4.63515016483607	6.33669197029468	4.74785293806868e-07	3.64301990155278e-05	0.290193725211305
AT3G03510.1	-9.36399746535429	0.238275620531003	7.83471536471325e-05	0.00313207560241867	0.77340247430192
AT3G03650.1	-7.66627925072905	3.50897125944321	8.66112349952398e-11	1.28759780525345e-08	0.332186662820072
AT3G03800.1	-9.23253647553754	2.37033306047473	1.27491880010852e-08	1.31137458633865e-06	0.476343924911059
AT3G03910.1	-4.08658647912993	3.90955748988359	1.46719368422516e-06	0.0001004288799177	0.257253730378418
AT3G04110.1	4.29522477208978	4.44607234018079	1.0851894769719e-07	9.47250942995333e-06	0.22984749645046
AT3G04140.1	3.07917751334996	5.16872523045804	3.04287736165128e-05	0.0013465793794154	0.216615798421374
AT3G04290.1	-5.05276742077803	7.90407769941916	7.75511195987895e-07	5.58984945017184e-05	0.343893014935502
AT3G05400.1	-3.79809062588353	4.46856531654954	1.59792878237926e-06	0.000107066854929207	0.231525607767272
AT3G05600.1	-7.81411194096726	5.53787273003552	2.80038790236116e-16	1.15844742160936e-13	0.227864302763678
AT3G05610.1	-7.0595110061352	5.17446930296171	2.37100599317214e-12	4.60386459633395e-10	0.272028572568299
AT3G05930.1	-6.34045120609557	3.43816104168461	5.40368287034795e-09	6.0486283141089e-07	0.327937832617241
AT3G07970.1	-5.57699988288744	0.519383145201757	0.00128694926259366	0.0335731804295653	0.788852746759806
AT3G08520.1	-2.33469145113624	5.19922820959931	0.00120808697741061	0.0318030127102293	0.219664085932674
AT3G08770.2.DE	-8.83748637223185	9.06749180592445	6.11841113478934e-17	2.77207727342634e-14	0.264328484016786
AT3G08990.1	-2.79052892092581	3.17455791717663	0.00197176759817812	0.047675686945021	0.323925088355794
AT3G10610.1	-2.60049456137013	5.07828774008849	0.000563351266479563	0.01672388650521	0.234768888262552
AT3G10890.1	-11.1432380406019	1.97049536448257	4.21612855670448e-08	3.93277991693772e-06	0.535995984670645
AT3G11165.1	-9.85790664891393	0.713135605801856	1.70847552031028e-05	0.000818906314256533	0.715085271010255
AT3G11210.1	-2.60634605144168	4.99543599783024	0.000553696861055585	0.0164887285900262	0.234970241056025
AT3G11740.1	-7.18668279917063	0.406366760047361	0.000185682747217686	0.00647134981099882	0.761965901027014
AT3G12870.1	-6.69399453829619	3.43008378308567	5.2249291402735e-09	5.88314654498606e-07	0.349282192649328
AT3G13190.1	-2.39394933882343	4.32809538449904	0.00142031642223171	0.0365232448630367	0.235303682826297
AT3G13227.1	-6.70650823007966	2.59110855355133	1.28607144947574e-07	1.10735989194904e-05	0.416471716055306
AT3G13450.1.DE	-2.77189123208092	5.03098005832417	0.000176961868231134	0.00621292876488977	0.222590069707842
AT3G13662.1	-11.1880768208951	2.01488722478109	4.19057449179522e-08	3.92819911351583e-06	0.54007589947991
AT3G14420.1	2.78465747354239	10.8494751464503	0.00070269811410586	0.0201683897636808	0.274939612220149
AT3G14520.1	-7.5223472686274	0.727117262247881	6.27491061337529e-05	0.00260142209285225	0.714736058162823
AT3G14540.1	-9.55096608457056	0.417561394172994	4.82778437088298e-05	0.00205521048755106	0.758205983525211
AT3G14890.1	-3.89129324711692	4.45018721794969	4.50310125034646e-06	0.000272896540423066	0.263654791535525
AT3G15280.1	-5.50348006150556	2.48101428175464	4.63613292561782e-06	0.000280066582354227	0.429308621110013
AT3G15536.1	8.6388343163654	3.54425753119486	2.84678542878206e-13	6.52668432822818e-11	0.294132018960481
AT3G15720.1.DE	-5.23973349410437	1.56490856554189	0.000574061159349902	0.0169946971696505	0.673761148810089
AT3G15840.1	2.82271297427732	7.91333350493421	0.00104600934334712	0.0282333500631949	0.299962409715521
AT3G16030.1	2.93164860186617	3.8531746891351	0.000916523904481888	0.0253128205782088	0.309894296777729
AT3G16380.1	-3.56730399991586	2.54938483441544	0.00127268869893223	0.0332664742472271	0.444883606024976
AT3G16660.1.DE	8.4065381237987	4.44110415007586	1.6733689830045e-16	7.07611963946505e-14	0.234959134301328
AT3G16670.1	10.635682038859	4.61809687626336	3.22271268830964e-08	3.10310274544616e-06	0.67558906707981
AT3G16720.1	3.2986439120107	4.14906470952722	0.000101989581763378	0.00392866346432251	0.277481278169121
AT3G16780.1	-2.35415908395776	5.53640944365571	0.0011154907976137	0.0298546756509017	0.22035178588025
AT3G16800.2	3.22855513566177	5.25382126124048	1.42011933479461e-05	0.000705573128506698	0.216813738211254
AT3G17060.1.DE	-7.0628510394902	4.05493032412097	1.08898845928522e-11	1.90113407263655e-09	0.280867520804698
AT3G17220.1	-4.55589895632558	2.04909151282137	0.000303740534682777	0.00986327412027058	0.516665322782425
AT3G17840.1	-2.70004300656167	5.987468466433	0.0015452845056165	0.0390507554546832	0.296898815394455
AT3G17980.1	-6.43010548013046	3.20322864677803	4.06034588723541e-09	4.68268617504259e-07	0.326346104614643
AT3G18500.3	2.24259241696445	5.37210762308321	0.00180617757636199	0.0446940872569472	0.219914350858074
AT3G18960.1	-4.00944671371521	3.3363667124131	1.77914081553339e-05	0.00084638176446962	0.311749978401437
AT3G19184.1	-6.12153403694553	-0.62481923263664	0.00178011891046989	0.0441641235297673	0.816314658923587
AT3G19210.1	-3.77699560092995	2.11771913273616	0.00101301540934861	0.0275774967446277	0.468871349671627
AT3G20190.1	-6.62052483263726	2.93821812285046	4.18018237766264e-08	3.92819911351583e-06	0.38517786233719
AT3G20975.1	-10.0755640586792	0.924329589930916	9.92667449998274e-06	0.000526169050306885	0.705363846734362
AT3G20990.1	-6.55831597566581	-0.18507367280009	0.000863167728252157	0.0240838983884315	0.821781907122933
AT3G21090.1	-4.09012991163574	2.44585139490869	0.000309077731335807	0.010002449233995	0.446048789406977
AT3G21310.1	-4.5365076814199	2.808756782104	2.9152366007954e-05	0.00130527146533025	0.390537427797264
AT3G21690.1	2.66680647129353	6.69415169993872	0.00139437634823612	0.036051070014382	0.285520198454948
AT3G21720.1	-7.40429255593546	2.31154576268571	5.328591057957e-07	4.05591036967455e-05	0.508718046211875
AT3G21780.1	4.81300948059754	2.98494368365401	8.31425915365236e-06	0.000459918713473403	0.379220512827068
AT3G21970.1	-10.8402736831858	3.97070210123069	1.52885405719789e-15	5.48916299139976e-13	0.298538923182749
AT3G21980.1	-9.95102551375973	0.803507946061122	1.40117332122158e-05	0.000697982385589673	0.713953347598729
AT3G21985.1	-8.93890525635745	-0.164444261340894	0.000211278523603325	0.00724399824441021	0.803385000318458
AT3G22060.1.DE	3.40836179113353	4.06319195131014	5.23175099008001e-05	0.00221726034722121	0.27072460892512
AT3G22231.1	4.26151506390547	7.55898573182539	7.46005196467189e-07	5.43897811631193e-05	0.264751301681681
AT3G22275.1	-5.37029964167168	2.72687801936221	1.23358820650537e-05	0.00063272102376255	0.460258095241234
AT3G22800.1	-7.49887327075888	2.02828020990619	1.7731899650156e-06	0.000117159832792645	0.55879858082711
AT3G23060.1	-9.0224818670668	-0.0858708680056262	0.000169483594505498	0.00601176315730885	0.792976337456479
AT3G23130.1	-9.93140460568579	0.784116792135685	1.34172036124168e-05	0.000680842580108479	0.706754911473536
AT3G23670.1	-5.64956855039369	4.22206752860483	6.36859943639076e-09	6.96483210776321e-07	0.288375354448821
AT3G23860.1	-8.66036593522412	-0.425180478316486	0.000342227479481684	0.0109265884346593	0.806838321775138
AT3G24230.1	-3.86910928336166	2.24323142605228	0.000736580051302641	0.0210140656615262	0.458554051319083
AT3G24600.1	-6.05056450820985	0.623794099470448	0.000285064409749148	0.00935257009158025	0.693300820891758
AT3G25010.1	4.92811672182291	5.49288672522942	8.03802961280690e-09	8.59301491584845e-07	0.243023243332747
AT3G25110.1	-2.70128406069138	4.36494834297268	0.000306805236967503	0.0099458208760726	0.228738802507025
AT3G25170.1	-7.25056754793654	2.19384947862216	4.02624589971763e-07	3.11444850511084e-05	0.484745136858008
AT3G25510.1	5.22953768470081	2.79747155313581	2.5509217587321e-06	0.000163069325662089	0.381035606327112
AT3G25610.1	3.89678255951561	4.53652723654795	2.41968348163059e-06	0.000155554584364691	0.250182097090359
AT3G25760.1.DE	2.79827208259327	5.20858418505533	0.000157266141521116	0.00566546139411533	0.222965154129453
AT3G25770.1	4.48901273085955	6.4548274377162	1.02934316818838e-07	9.08006485609133e-06	0.248363971050423
AT3G25810.1	-11.4016357414822	2.22552359622305	8.7808554936501e-09	9.33468710551216e-07	0.50362396280568
AT3G26050.1.DE	-5.09464175254231	2.76720692213177	2.07600795175681e-05	0.000977830577078722	0.446565285277229
AT3G26110.1	-6.86229123628926	3.42743692533219	2.13328729443286e-09	2.56926100795968e-07	0.34453061510987
AT3G26125.1	-7.05853221224222	5.44942082103732	5.66021963794054e-15	1.7263787420016e-12	0.220434181614249
AT3G26830.1.DE	4.41845236267235	2.27601957977737	0.000213189762073162	0.00729638126347158	0.472286170138751
AT3G27060.1.DE	-3.40868962114959	5.74921366016167	3.96301327995439e-05	0.00171002675066331	0.264851556083118
AT3G27110.1	2.23943590560912	5.63806629432441	0.0020413285537772	0.0491080164978842	0.224557774537687
AT3G27280.2	-2.62060423919952	4.53822149159106	0.000405852084513484	0.012557657424727	0.225776856908524
AT3G27360.1	-4.24556336736306	4.56703724909957	3.7929698636503e-06	0.00023358065869062	0.298066161942377
AT3G27809.1	-7.04742278961052	1.04989414583938	6.98903040848894e-05	0.00284175768468239	0.703817802365492
AT3G27810.1	-9.80709346392474	5.03161462292584	2.7401385659649e-19	2.37009530780664e-16	0.235710591923363
AT3G27925.1	2.40795851909874	7.38119991457659	0.00169136017887575	0.0422373921834996	0.247293961017377
AT3G28500.1	-5.48686651230732	6.47236702540749	1.14868051047906e-09	1.45721609559373e-07	0.257491017842356
AT3G28540.1	3.45906264084966	6.28480025765634	1.3955920845356e-05	0.000697026818284196	0.243986428092683
AT3G28790.1	-9.99800905484147	8.74381104941621	1.69190751401694e-19	1.60976540421142e-16	0.263302806619035
AT3G28830.1	-9.01912468236016	9.12592012990449	3.60531915136076e-18	2.21308445584658e-15	0.25113198972237
AT3G28840.1	-6.8768636468675	7.07821482021877	2.41801895441891e-13	5.61127837605336e-11	0.245873009731174
AT3G28900.1	-2.78435111469096	5.87465047223993	0.000215133297938096	0.00734967958072537	0.231110035430844
AT3G28930.1	2.23411697781435	4.9672592280859	0.00181157547843603	0.0447694412716354	0.218112187954037
AT3G29034.1	5.30639133339533	1.35946386127494	0.000478686069547263	0.0145509859703113	0.662626856138313
AT3G29035.1	4.08543615445688	2.19704823283436	0.000812680806952804	0.0227754095368261	0.506256121189749
AT3G42660.1	-3.63151352667739	4.01383326350528	1.65997192269161e-05	0.000799686220680977	0.265644416933093
AT3G43083.1	-10.880374848428	1.71178797336577	3.38228798867931e-07	2.67060407205721e-05	0.600316733861782
AT3G43600.1	2.54557386186708	4.37344937764603	0.00105150142344802	0.0283413889331336	0.248946183384247
AT3G44450.1	3.02312759557946	5.1013560677335	4.50112043004981e-05	0.00192476001490827	0.219220732044558
AT3G44860.1.DE	4.3776256272332	6.29624204759964	9.73337655264962e-08	8.69560668640233e-06	0.237836628769596
AT3G45560.1	-8.79949763091975	-0.295678974045954	0.000262082073524529	0.0086725597325254	0.801635113306106
AT3G45640.1	3.54043638065643	7.27774994916792	1.04915096925004e-05	0.000549980545285372	0.246762007450427
AT3G46270.1	-6.23289483670307	-0.522124392922718	0.00143331340396443	0.0366593021022032	0.810742292131019
AT3G46520.1	-7.2523155360617	4.98706271984358	2.08478450603114e-15	7.08417220808332e-13	0.218287789432803
AT3G46900.1.DE	4.19718150800452	3.25734946162936	3.08786610462436e-05	0.00136243367517156	0.354455261355174
AT3G47410.1	-8.65262404751405	-0.432573710170703	0.000350015063210043	0.0111378539094045	0.806646244196922
AT3G47480.1	5.59530902894247	3.38582287849737	3.27924845638186e-08	3.13571954153218e-06	0.310821704754346
AT3G47690.1	-4.12081728362954	3.2832487349093	1.92409265177652e-05	0.00091078505150884	0.327969354343937
AT3G47870.1	-12.2717307495359	3.08837627432254	2.26905081709773e-12	4.45131628851059e-10	0.372460942826133
AT3G48290.2	-4.00993657613987	3.84669735205698	1.02483329553549e-05	0.000540209218303181	0.296164345366685
AT3G48320.1	3.26346913117824	4.68382702284795	3.09302300527675e-05	0.00136243367517156	0.238529564918075
AT3G48720.1	4.69936703924626	5.0283332326904	6.74582579978649e-09	7.252334414923e-07	0.223498111278236
AT3G49250.1	-2.4364754482752	4.00617659094005	0.00191631086609995	0.0466907547644251	0.255983802016911
AT3G49300.1	-7.41327906804852	0.58763211141525	0.000101507658372208	0.00391803089485751	0.734880507101862
AT3G49830.1	-5.9194282123212	0.0307684794719087	0.00119429887802973	0.0315643240972609	0.809372462654612
AT3G50740.1.DE	6.6408950494545	6.19309328035223	2.70188147250132e-11	4.41334845281138e-09	0.280802067820838
AT3G50770.1	3.32233997953033	3.37804363187954	0.00104197040549506	0.0281880316615911	0.388536945605133
AT3G50870.1	-5.24900776550723	1.82120671817863	0.000125775770976529	0.00469085165061549	0.554129888519953
AT3G51240.1	-2.95247572025923	5.32308387143938	0.000366549081218786	0.0115100040701523	0.274436871456285
AT3G51290.1	-4.83925335094386	3.48356936330176	1.4844450669935e-06	0.000101245538278922	0.329865718394435
AT3G51330.1	4.75512961375656	3.41335071354788	1.7235826624405e-06	0.000114880368879217	0.326030977629371
AT3G51470.1	-4.16678721516823	3.2641912820616	5.24983770508413e-05	0.00221998137088991	0.371135125533766
AT3G51720.1	-4.48369165843519	4.86580468094415	1.16361574546408e-07	1.00647472820163e-05	0.248380894803454
AT3G52160.1	-9.02746341448523	5.44731263369767	2.37505764180692e-18	1.5584473057222e-15	0.234616226832077
AT3G52270.1	-5.03687309219079	0.603077230336689	0.00115721376206752	0.0307121627313569	0.690541468404384
AT3G52600.1	-7.30299499373502	4.72519315526485	5.71558467318834e-15	1.7263787420016e-12	0.226037049095892
AT3G52780.1	-7.55316401005955	0.756461281407064	5.54111561347496e-05	0.0023225085684761	0.708812319915731
AT3G52820.1	-5.45899230149317	2.7507045763557	1.15660837457772e-05	0.000602989061913409	0.468554030683336
AT3G53065.1	-9.74122328339537	0.600861241761261	2.90043457353646e-05	0.00130291085909737	0.742201129676267
AT3G53280.1	4.45870959773792	4.75859208554827	2.14147816670497e-07	1.76407740407917e-05	0.256539451872494
AT3G54260.1	-4.79307726864125	3.20725812116835	2.23189351243166e-06	0.000143968480162922	0.337173331634648
AT3G54340.1	-10.5036786817929	6.52473466234037	5.25522925526153e-21	1.66669595830619e-17	0.245306836699526
AT3G54710.1	-4.6602818313649	2.92442213741687	1.52050823787439e-05	0.000743798232866626	0.380791013418684
AT3G54820.1.DE	-3.17000112151498	5.36654318702305	2.99486412503874e-05	0.00133152498680753	0.227247012909833
AT3G55750.1	-2.67620173557917	6.92431204749142	0.00067632572326524	0.0195751412215282	0.254942796147692
AT3G56200.1	2.50923369420065	5.52748094300184	0.000872297492561226	0.0242320423152519	0.236889573406389
AT3G56230.1	-6.27926542341031	1.74922868793223	2.42283869686477e-05	0.00111362796045023	0.576033797966101
AT3G56410.2	4.68909832885031	4.56496181064129	1.92263636023752e-06	0.00012572456116481	0.326051127178634
AT3G57860.1	-5.38844174756571	2.47214930238242	3.12706412168238e-05	0.00137424718640864	0.506931107287453
AT3G58260.1	-9.47492593347345	0.344313878992595	5.5158458973693e-05	0.00231702056470288	0.757297646484573
AT3G58960.1	-8.67594522995064	-0.410755144239437	0.000341210196176742	0.0109240930863704	0.809664052077184
AT3G59530.1	-5.0573277450486	6.19719062506707	2.67351344009622e-09	3.17964295322443e-07	0.238547981992965
AT3G59820.2	-2.59876827703617	4.69120731266341	0.0014117940177344	0.0363741154309182	0.271980337362401
AT3G59890.1	-4.52385406251621	3.21308326489951	1.16794184804066e-05	0.000607234028042781	0.357679326167403
AT3G60420.2	2.73658172759073	3.83635808991883	0.000871248602668525	0.0242320423152519	0.272611839521812
AT3G60890.2	-5.02940321462504	0.933192391742131	0.00145362117809245	0.0369798895694134	0.723096571231463
AT3G61680.1	-5.83933906173129	3.1097837627283	6.28718399941404e-08	5.6970868726119e-06	0.340351937242334
AT3G62150.1	4.14015810510019	4.53520595459652	1.7266165063564e-06	0.000114880368879217	0.267427346543151
AT3G62180.1	-7.82674956915754	3.69699653890751	9.87817858601822e-13	2.1120433743072e-10	0.282994319187494
AT3G62570.1	-4.3427221300779	3.11894908179089	2.53275023152212e-05	0.00115706880358304	0.363406581982551
AT3G63470.1	-4.21948374865315	1.81708237884768	0.000939419077392934	0.0258700515538497	0.549081348103195
AT4G00050.1	3.05552809878093	4.98175873997829	7.86514322034092e-05	0.00313764801551085	0.23768955982333
AT4G00160.1	-9.28681288309216	0.164610138596478	9.49546158727125e-05	0.00370264628164313	0.77880329171737
AT4G00700.1	5.07310096815461	4.15756137176072	2.15562917177145e-06	0.000139521998332105	0.368563586685667
AT4G00780.1	3.8027004878628	7.46013411907611	7.61419732102997e-06	0.000432897900531831	0.268838126233579
AT4G00820.1	-2.57111447888126	5.27105846571082	0.000393262608559939	0.0123082141090248	0.218195365153001
AT4G00870.1	-5.30532623228775	5.69840519965797	1.13591733416637e-09	1.45069603703704e-07	0.24381479528927
AT4G00880.1	2.41942432133564	4.73907688795092	0.00110713691371995	0.0296728286354606	0.230170917451149
AT4G00970.1	7.08195603536939	4.18056728020123	3.27920323326903e-13	7.42856646736623e-11	0.246891857976329
AT4G01180.1	-8.90435714503324	-0.197247432366266	0.000218194991734165	0.00744091845467639	0.79980939417587
AT4G01430.1	-4.91740771313084	3.84868152208096	3.08837152453645e-06	0.000194598085233126	0.3620981194058
AT4G01470.1	-9.22696110570218	3.74138424485501	2.01291552827171e-14	5.63290729227681e-12	0.286317928367512
AT4G01575.1	-5.18316445783149	1.95385722891283	0.000122895892906671	0.00460351564197056	0.544607160564004
AT4G01750.1	6.17793325631753	2.43910004896917	7.86213639522965e-06	0.000442628974748003	0.515123599286736
AT4G02110.1	-4.42842872831028	3.10892449169557	1.28052766221529e-05	0.000653275090731765	0.350239054886981
AT4G02290.1	-9.09530962465776	7.45106476906316	5.34009921097793e-15	1.66584832599507e-12	0.309926447488459
AT4G02410.1.DE	3.92817160401399	5.5223875719308	1.58813437300383e-05	0.00077093390265025	0.302353982308623
AT4G02700.1	-4.46189811802458	2.4596722409045	8.01589634820013e-05	0.00318443615051984	0.427046663480707
AT4G03100.1	-4.79188987414825	3.667018081686	4.46991380678747e-06	0.000271750766227983	0.359669887722616
AT4G03210.1	-5.2275929625722	8.50383284216619	1.53367348702147e-06	0.000103937444388046	0.381315517434135
AT4G03290.1	-6.40180023235089	4.39831655915586	3.27479982297484e-12	6.23161658313882e-10	0.238064368395015
AT4G03450.1	6.39601799939747	3.64496726331746	1.28349900378e-08	1.31310228725428e-06	0.352006196752933
AT4G04080.1	-7.62617723423018	0.827694433257225	5.35323270635727e-05	0.00225482990336833	0.718826483880835
AT4G04500.1	5.79345053117089	3.09681230996422	3.75414968352337e-07	2.9398236348875e-05	0.378836063090207
AT4G05330.1	-3.02918480289578	4.08099401205384	0.000137821909909442	0.00509245266731413	0.249878164309696
AT4G08630.1	-11.4272194371083	2.25098158021607	4.68234263461729e-09	5.3353471852774e-07	0.485448640289664
AT4G08850.1.DE	2.63946217863384	7.2144276934459	0.00125438408547792	0.0328331152167254	0.275463901049025
AT4G09060.2	-6.21478056562314	2.93374177197956	8.4562622019398e-06	0.000465069981042522	0.545386325803848
AT4G10120.1.DE	3.03579101485828	8.63786654117976	0.000195411269584502	0.00676087463440635	0.265037618957641
AT4G10260.1	-7.37151225936573	3.54999876760523	1.03610752299656e-11	1.82556389399089e-09	0.289575598975614
AT4G10290.1	-6.78879953983495	2.26188547565023	6.97483352312843e-07	5.14434523688414e-05	0.470343446488245
AT4G10310.1	-3.3614604183723	3.08288865208806	0.000778785686916787	0.021905708536451	0.375749329281135
AT4G10603.1	-7.0815427823489	1.08311809610859	9.18039129367382e-05	0.00360193125623338	0.73451886850911
AT4G11290.1	-5.30079116815557	2.57864376327358	0.000353539865211576	0.0112067617460289	0.665165320042709
AT4G11320.1.DE	-6.16306352594331	6.86064589123199	4.80082885284453e-10	6.52535516005562e-08	0.290856590907003
AT4G11330.1	2.53286962061371	4.8063702158061	0.00059356132668405	0.0173767361314935	0.225636437733076
AT4G12300.1	2.75080447503208	4.84181463683936	0.000406575414975951	0.0125596161876256	0.246181526708633
AT4G12470.1	10.1395117206676	0.986419839641578	8.53910459820463e-06	0.000465958107763323	0.703177546970588
AT4G12540.1	-5.57969501227257	1.61839677430186	0.000207211682130137	0.00714317228125792	0.635671901398949
AT4G12620.1	-3.99858041669713	2.65497166381397	0.000601532523065538	0.0175830451327406	0.476359854119922
AT4G12870.1	-9.23960694670728	4.70206916642762	2.24664935415717e-17	1.25739678118402e-14	0.246669806476837
AT4G12940.1	-8.38374385670916	1.56328905024032	3.53012497848649e-06	0.000218810254774005	0.631417765828297
AT4G13700.1	-9.2917716126099	0.169424605347391	9.35368693502474e-05	0.00365485233442681	0.778926743985117
AT4G13770.1.DE	3.49880789339816	8.07205639700879	1.58288432578099e-05	0.000770350532871777	0.252028271571566
AT4G13840.1	6.16385551729657	6.64313111295279	2.01492463824581e-11	3.42339294117674e-09	0.251400376654662
AT4G14090.1.DE	3.17055484594723	3.44921904472531	0.000763115918360166	0.0216736310604114	0.342522866251188
AT4G14200.1	-2.75684190995271	5.19436255174262	0.000142867911297518	0.00526620435096811	0.214672004503626
AT4G14301.1	-9.01463887214919	-0.0936369018225128	0.000165984859891626	0.00591484250726172	0.790456316426613
AT4G14400.1.DE	5.95774394092315	9.70334492482099	3.32457150276524e-09	3.90514019297036e-07	0.307904826036128
AT4G14610.1	3.20058407585899	3.02382343970103	0.000724912776545448	0.0207122600974224	0.343929241395112
AT4G14695.1	-7.23644128924026	4.58745516273562	2.74461207112177e-14	7.35594691568677e-12	0.234220533246484
AT4G14730.1	-10.8223654617266	1.65434505260306	3.51986822586945e-07	2.76775092851528e-05	0.595448883168839
AT4G14780.1	-7.63698567667406	3.83694513442675	1.43411419450976e-12	2.93438268895982e-10	0.282392814893847
AT4G14815.1	-12.4966578121199	5.6248988843393	3.51434761105296e-23	6.68745206907268e-19	0.233870344848723
AT4G15210.1.DE	-3.99009398129726	7.8887485897921	5.36644542233639e-06	0.000319627522739704	0.281213921531662
AT4G15250.1	-10.1223704835533	0.96996124555794	8.97158149969669e-06	0.000486382405577573	0.704660919746977
AT4G15480.1	-4.75536688217678	3.44368438945415	1.42120846497821e-06	9.79861444930085e-05	0.321533819733326
AT4G15500.1	5.32726921036017	1.82850265521547	6.52019012703732e-05	0.00269138173378293	0.527769206805466
AT4G15710.1	-6.1700192991057	-0.544427533508061	0.00152265249714962	0.0385812974277764	0.812276393198221
AT4G16260.1.DE	7.74723532818923	3.21569631010509	7.27331871930608e-10	9.81588524182096e-08	0.369603627332615
AT4G16500.1	-2.78765184646561	4.91605591883009	0.000262177129153546	0.0086725597325254	0.236881219346301
AT4G16620.1	-4.56364967144272	2.26972102101802	0.000100480705989332	0.0038862751103069	0.449935992501679
AT4G16790.1	2.41598131938687	4.79104938631699	0.00187471989099647	0.0460310255558346	0.252070177927292
AT4G16990.2	3.80511760904639	8.14591818417139	6.97814620009455e-06	0.000404838853785363	0.267020213638201
AT4G17000.1	-5.46996898739418	3.08346253885396	2.38774307708014e-07	1.95005849844455e-05	0.339189762250348
AT4G17240.1	-3.82457522139078	3.18016171474156	0.000113613305611241	0.00428108434153724	0.355525573523246
AT4G17250.1	4.43180968739334	4.59476755052662	7.26766985571238e-07	5.31909575709042e-05	0.277155395571449
AT4G17480.1	-6.79024758524996	3.06874550512497	4.97003995268792e-07	3.79818836384331e-05	0.473036201192786
AT4G18100.1	-2.46819004936249	7.75608616039742	0.00198025553026251	0.0478201554382809	0.265945006827072
AT4G18900.1	-5.63284986652208	0.89984871264699	0.000321349527127528	0.0103293245805907	0.66132814404736
AT4G19370.1.DE	4.1022057658197	2.7161901236016	0.00016183400297958	0.00581045140131779	0.410976362813277
AT4G19590.1	-6.03301570255699	0.607214649439324	0.000316375625942013	0.0102039182814417	0.7000571712697
AT4G19630.1	-6.4033006674321	-0.329482199499569	0.00104284903514426	0.0281880316615911	0.812642418125047
AT4G19690.2	-10.4373301954056	3.56942718785188	1.44512818069909e-14	4.10437972395866e-12	0.302805688103198
AT4G20070.1	2.2596130062394	5.4556550945373	0.00196469418374392	0.047565096211785	0.226522356764055
AT4G20160.1.DE	-6.94251117160066	1.91154319794514	8.1789569366834e-06	0.000456414579320083	0.592286550501398
AT4G20710.1	-9.48230195334572	0.351392769997709	5.35594679868876e-05	0.00225482990336833	0.755813653558713
AT4G21390.1	4.60432456180636	1.48211894254146	0.0010938313702279	0.0293575700198403	0.637779879793921
AT4G21680.1	-5.87209549327684	1.16248407376747	0.000262514814542784	0.0086725597325254	0.694117680324431
AT4G21690.1	-9.43079290943194	0.30246479234525	6.86031148439172e-05	0.00279539330270857	0.772135644546148
AT4G21820.1	-5.39480794463407	3.13966159693218	6.30129328422623e-07	4.70224744727612e-05	0.360971744450177
AT4G21903.2	4.56541410284544	1.85244642228046	0.000400855955392664	0.0124842683717954	0.533430541617346
AT4G21960.1.DE	2.900117467035	11.2306176281417	0.00077051342704349	0.021753857571529	0.299027750406066
AT4G22690.1.DE	4.21232994861382	7.27464805837371	4.0038217288284e-06	0.000245770076380244	0.298228452424308
AT4G22860.1	-6.27134701876854	3.81998609848348	1.01890038741324e-10	1.50299654822377e-08	0.266049029241228
AT4G22870.2	-8.45640683584487	-0.613889191260422	0.000513656044943804	0.0154413284032159	0.813923728470745
AT4G23300.1	3.92446468384011	4.68089202254465	6.46997670967483e-07	4.79055201589114e-05	0.227274444654945
AT4G23310.1	7.59772331418141	3.93610560485276	9.2568497922162e-12	1.67760566377221e-09	0.305239588969798
AT4G23680.1	-7.19604766276879	7.62839086499293	9.00475070568976e-14	2.28468534904761e-11	0.25293171715538
AT4G23810.1.DE	2.76833107678921	3.91327593251693	0.000693228342676985	0.019987033534546	0.268560409274727
AT4G23900.1	-2.79798659249263	4.69915973193209	0.00014831716375292	0.00538612081880593	0.220866084342498
AT4G24050.1	-3.71464495273603	3.76661165083104	1.23065783005177e-05	0.00063272102376255	0.266303243672916
AT4G24580.1	-6.26492810779024	3.1990775727633	2.00074391603004e-07	1.66253956236401e-05	0.40346827725504
AT4G24640.1	-7.42170793716371	4.16393798686114	1.00781123522358e-12	2.13084888834106e-10	0.271962121293677
AT4G25110.1	5.18428220766181	2.51787721526354	2.41673383936795e-05	0.00111351157940273	0.462800603706076
AT4G25150.1	-4.23138524053723	3.42128608883727	5.87931063964987e-06	0.000346369666135905	0.304810037913161
AT4G26150.1	3.32030883465263	3.12501860286033	0.000587912713135616	0.017264492312126	0.35307431875246
AT4G26255.1	-5.53546531278868	3.59286201120503	1.43698323855583e-06	9.87160795901762e-05	0.400316065672324
AT4G26390.1	-5.90556057008115	1.95653258352683	1.42954178825307e-05	0.000708404965850722	0.511339519105753
AT4G26530.1	2.79764162408497	9.24575341419091	0.00145641814474022	0.0370015766038206	0.312712612447375
AT4G26760.1.DE	-3.70127904649505	5.44029882632656	1.28709236250325e-06	8.93871553506364e-05	0.219700704922672
AT4G28000.1	-8.03010981178176	4.46099146339482	2.00588445356184e-15	6.93999550305968e-13	0.241699907523052
AT4G28090.1	-8.58374681128234	3.10169772220145	5.77375155564444e-11	8.86038051228694e-09	0.356279173691449
AT4G28240.1	2.91207259321348	6.5980481106027	0.00014692213567583	0.00535590291144708	0.237744578474597
AT4G28395.1	-11.2849206557003	6.49706687350148	6.04556737284115e-22	2.87602753844486e-18	0.24892288838899
AT4G28490.1	2.87476995677935	5.9188806350916	0.00168152093080501	0.0421128890315665	0.335422594651009
AT4G28680.2	-8.86066787160871	5.15422573062109	4.1224963971884e-18	2.45146824819056e-15	0.230519813564126
AT4G29240.1	-3.72005227303866	3.3414183119475	7.8904267903639e-05	0.00314114919233964	0.326065426499746
AT4G29470.1	-7.66747255875367	2.23331250855374	4.02295139908049e-07	3.11444850511084e-05	0.51626640414463
AT4G29700.1.DE	-4.79086538624151	5.77193953026533	6.89548697566793e-08	6.21868349099455e-06	0.266581668651498
AT4G31690.1	-9.38839675602543	0.261082296556052	7.1530033105157e-05	0.00288990445850962	0.768641810929518
AT4G31910.1	-4.30376567118058	2.75108822352899	0.000176595356548015	0.00621152133041069	0.446043964978264
AT4G32280.1.DE	5.96964398475781	3.4130053892584	4.31331686708143e-08	4.00381008115573e-06	0.344136623543918
AT4G32480.1	-3.76827420970843	3.90315379422899	0.000441002702154026	0.0135134306268743	0.419186013604407
AT4G32630.2	-6.28498490501622	1.75418194432765	2.90311736957952e-05	0.00130291085909737	0.588431077760657
AT4G33010.1.DE	2.74812276280592	11.6724972523289	0.000769145294410128	0.0217474974848891	0.272636367325457
AT4G33070.1	-5.56937776848868	1.68560554016599	0.000171303902055072	0.00605609036939068	0.63176729982321
AT4G33270.1	-6.35729652742033	5.00915864236654	1.20630099434357e-12	2.52249468366636e-10	0.230558158701438
AT4G33400.1	-3.30671358595836	4.81208177934024	9.19139277781145e-06	0.000496883560139131	0.216039279424064
AT4G33465.1	-10.1327445418384	0.980048644788271	8.76547261738527e-06	0.000476566224103498	0.704417542506441
AT4G33800.1	-9.38958458675841	0.262542572588863	7.10655077449726e-05	0.00287724584442358	0.767957987309754
AT4G33970.1	-6.16491225907251	3.36400709700916	1.23779255227086e-05	0.000633170819278554	0.562943736692014
AT4G34160.1	-4.32381067802131	4.41888369121813	6.35677857467039e-07	4.7251226366173e-05	0.263939328119966
AT4G34850.1	-10.4334473369495	6.12100560997893	1.38190463563297e-19	1.54683901832116e-16	0.259712771617788
AT4G34950.1.DE	3.63822435384961	5.73614379831875	1.39398311593182e-05	0.000697026818284196	0.26431870658527
AT4G35090.1.DE	2.81848529033341	10.5204063006795	0.000473159163155359	0.0144522403140985	0.264270442743216
AT4G35650.1	-7.0653166188315	1.99572895393384	1.21059613963949e-06	8.50654654250954e-05	0.507074433027684
AT4G37750.1	-5.08495547752869	5.00605773058593	8.59997905246826e-10	1.1208835711604e-07	0.224692903890322
AT4G38070.1	-6.56359606250086	3.63629866589859	7.50167989519108e-10	1.00527793468726e-07	0.308400060599982
AT4G38420.1	2.71528786473737	3.70609436444235	0.000921699332789678	0.0254188646429779	0.271776160462479
AT4G38560.2	4.93514994616682	2.88290077980205	2.04210873649499e-05	0.000964250301408514	0.426034971177297
AT4G38660.1.DE	-4.7427333643735	5.58788258675648	7.68711522552062e-07	5.56190553712668e-05	0.310968860206461
AT4G38810.2	2.59454495780148	6.51481330529152	0.000698170907306193	0.0200990835024653	0.24265719484826
AT4G38860.1	2.42032447507674	5.57959003461375	0.000981226137608564	0.0268658304641056	0.226576271786946
AT4G39000.1	-10.0572175593823	0.905916896721408	1.01160434979699e-05	0.000534717199230194	0.703566753260221
AT5G01630.1	-3.37860755391601	3.21316386192048	0.000440373941244658	0.0135134306268743	0.347916657963741
AT5G02140.1	-5.28049424236419	0.818016831859436	0.000590626008287008	0.0173174457807295	0.664938877035089
AT5G02760.1	4.93878671197397	4.36583487219788	1.76993065890175e-06	0.000117159832792645	0.350844861849143
AT5G03250.1	-3.73429683357677	3.71918520004666	1.63759048269043e-05	0.000792918811580566	0.277145764892926
AT5G03390.1	-5.70394197196882	2.97793604216113	1.07608003547877e-05	0.000562547444921028	0.495673661861825
AT5G03490.1	2.46226610535586	4.13935455467852	0.0014962177818066	0.037962037559997	0.249675004514845
AT5G04140.2	2.91246824941372	10.8619051309954	0.000483547126104118	0.0146519399086549	0.280413641438528
AT5G04160.1	-2.66700242700305	4.67837993663589	0.000654871058915155	0.0190543446178845	0.250586549915946
AT5G05070.1	-5.75965394927306	1.02071523574567	0.000225671545569703	0.00764111003673644	0.652379890641237
AT5G07180.1	-3.20378469993972	5.06743286800643	2.50279208444623e-05	0.00114760555602234	0.226720773162863
AT5G07530.1	-11.0578523778322	10.0556800357595	3.86831821228642e-20	8.17891414017758e-17	0.288530910386536
AT5G07540.1	-10.4808459131324	6.6624135032575	2.34878351425753e-17	1.27700004265162e-14	0.304749420670837
AT5G07600.1	-10.4834234099026	4.45657535786263	2.13296324393342e-18	1.44957705602889e-15	0.25015591390301
AT5G07990.1	-3.33974939027094	5.50700918242363	0.000250958490734058	0.00842237940066736	0.32033402340307
AT5G09300.1	-2.43335362014124	4.20227480314962	0.00198290891020427	0.047823540750668	0.257317694298366
AT5G09550.1	-11.9402130697667	5.08331351168401	5.69346060694154e-22	2.87602753844486e-18	0.231525703115829
AT5G09570.1	-3.56706275510274	3.09454671836777	0.000197111768772026	0.00680733184748255	0.339987624797798
AT5G10180.1.DE	2.59722848026529	6.42230501504535	0.000779345455839895	0.021905708536451	0.247345609486898
AT5G10200.1.DE	-2.43026815724294	4.57651466776119	0.0010316277304634	0.0279641653603818	0.229159176950677
AT5G10260.1	-3.82260940826773	2.59657434985693	0.000761038664829212	0.0216469428296488	0.460751728077363
AT5G10660.2	-5.01372279394936	2.37304888929405	2.62521148588474e-05	0.00119224700154894	0.445727854651058
AT5G11840.1	2.63711998480827	5.42655495256367	0.000973993912458169	0.026706239423871	0.262574729245938
AT5G13200.1	3.32158690648061	3.58517264793003	0.000143077810155579	0.00526620435096811	0.291824486669803
AT5G13520.1	-3.38834440691109	4.78799621769978	1.23185756503768e-05	0.00063272102376255	0.23154699094743
AT5G13600.1	-8.03480279370874	1.22289086695446	1.34789797636167e-05	0.000682158260430484	0.671557998302275
AT5G13670.1	-11.1918882642384	2.01849157858718	3.02372873402731e-08	2.95069405537465e-06	0.527911404819884
AT5G13840.1	-4.56497007973665	4.45244694948047	4.01258418645616e-08	3.79877932756589e-06	0.236784743184214
AT5G13940.1	-5.13376947247734	1.3853533452277	0.000359412028446732	0.0113373623176419	0.614674594439206
AT5G14345.1	-9.24694138557517	0.127152072374059	0.000111390594094122	0.00421401911534205	0.789361451181654
AT5G14870.1	-4.75089707922106	2.38089323278966	8.7612328702741e-05	0.00345886930059016	0.468755598522564
AT5G15100.1	-6.35715497984051	0.917164553277395	0.000124098969180449	0.00463944849613901	0.670697380265182
AT5G15110.1	-9.34807165328065	5.20222166555383	1.6533204113931e-19	1.60976540421142e-16	0.224352337907059
AT5G15120.1	-6.96613432822701	2.17775364182349	9.78990866024119e-07	6.95120044387051e-05	0.494714213035656
AT5G16250.1	-5.87229844692072	5.81538192401736	8.1554851023338e-10	1.07750040683128e-07	0.278107406419897
AT5G16490.1	-3.72009696468799	2.75920901776198	0.00106489691052361	0.0286213606078442	0.464513590164004
AT5G16690.1	-3.82129743021625	2.27574485159946	0.0012351383762982	0.0324633261914066	0.492750475487616
AT5G17000.1	2.83345316408946	4.77810089584149	0.00016372833670219	0.00585636563741724	0.22876142774509
AT5G17090.1	-9.38921320070684	2.54997584318156	2.48022404927321e-09	2.96831342349811e-07	0.444582674169583
AT5G17340.1.DE	-12.7809587893266	3.59489466258741	1.62820644859454e-15	5.73761861301952e-13	0.302368154356799
AT5G17800.1	-4.35158136520161	2.02446974060576	0.000404594656953702	0.012557657424727	0.502955271416824
AT5G18090.1	-6.3150094377373	1.54029650589181	6.13702083592035e-05	0.00255539101721506	0.637102505366601
AT5G18130.1	3.51450491319891	6.61223271699926	6.66677912481463e-05	0.00273409784409693	0.295885227851325
AT5G18510.1	-9.08089075731466	-0.0316156196419722	0.000148313965308979	0.00538612081880593	0.790416399096041
AT5G19340.1	-6.7128619012581	3.48783349335503	3.30381564925122e-10	4.58892759048186e-08	0.30479657580981
AT5G19580.1	-5.34607235923057	7.4649841186451	5.5377733400148e-07	4.18167813044213e-05	0.363550549493467
AT5G19640.1	-10.8598141333773	1.69127864204841	2.73598658371906e-07	2.19675479753544e-05	0.587341294083797
AT5G20230.1.DE	-2.51558506373829	5.59037570859245	0.00100554668459802	0.0274133923513118	0.243592571924133
AT5G20250.4	-4.12748915719547	5.13422999789985	1.03338947847952e-05	0.000543214596297977	0.312930614062648
AT5G20400.1	3.59977614857887	2.34977083889316	0.00183635746107596	0.0452643084544229	0.481510525347757
AT5G20740.1	-8.56574457952691	6.13579746871948	6.30227393519552e-17	2.7889760630892e-14	0.246871561142066
AT5G21050.1	-5.46371605116663	0.754846709566986	0.000574259828687018	0.0169946971696505	0.690436230502099
AT5G21080.1	-12.3467537451677	3.16289305584318	6.56505599548802e-13	1.45263314579234e-10	0.35677172946269
AT5G22200.1	-6.42943629240077	2.31952820721917	8.82552420084405e-07	6.31356766984442e-05	0.451531157753422
AT5G22260.1	-9.36845535698222	2.52942681299591	2.91663930477088e-09	3.44725026897423e-07	0.447245661371636
AT5G22300.1	2.66065095705406	6.84163989758052	0.000764437618036426	0.0216788128667886	0.257278569947193
AT5G22420.1	-9.27987967543337	0.158161554473025	9.74608519502696e-05	0.00379260235534086	0.781681375083594
AT5G22980.1	-9.04402955984801	3.54455431425872	8.98739374272168e-13	1.94342176738921e-10	0.320514151287464
AT5G23010.1.DE	5.47234281559737	7.37455974228143	9.05401078517726e-10	1.16411331912931e-07	0.253975063147689
AT5G23400.1	-3.27359278524984	3.53913857055994	0.000292367117669677	0.0095591991101998	0.312926110294404
AT5G23535.1	-2.37688757952568	4.29749580011094	0.00154967864990861	0.0391098607813142	0.235702286730123
AT5G23910.1	-5.21747459931145	3.8879424756029	2.84908664739256e-08	2.80908133747321e-06	0.280612052665363
AT5G23960.1	-8.43057203005737	3.67779281735261	1.69523768781812e-11	2.93260708740827e-09	0.34636785250979
AT5G24100.1	-8.60250113789866	-0.480287374524366	0.00041277422087336	0.0127304386531591	0.819553368581835
AT5G24240.1	-4.62170833637779	3.4730642306626	7.63884320867507e-07	5.54807432892664e-05	0.292260399248053
AT5G24820.1	-12.0871185400065	2.90499736458563	1.80271362430265e-11	3.0904358159329e-09	0.398371250277281
AT5G24880.1	-4.17081525070814	1.8724183764469	0.000898373328323626	0.0248837642862741	0.525410676762964
AT5G25400.1	-6.93980760481169	2.4359894007455	2.30117236545763e-07	1.8874572819954e-05	0.44931901141446
AT5G25440.1	2.68527622138888	3.77971324512293	0.00113698729651808	0.0303446441310555	0.276328096997018
AT5G25530.1	-7.84697345048984	1.00782057849802	2.67786946241431e-05	0.00121038427554114	0.690212573401838
AT5G25550.1	-11.5698814306255	2.39208348893868	1.90329194821212e-09	2.3366285472599e-07	0.470750227693457
AT5G25880.1	-5.45861946491982	4.30351262133532	4.33449055583128e-10	5.93388638754773e-08	0.23801809545724
AT5G26850.1	-3.68947943652406	7.16956217738099	5.37499644104814e-06	0.000319627522739704	0.247997284816127
AT5G28630.1	5.42166687685319	0.0619160397331243	0.00142943067580204	0.0366188176585448	0.754553897425549
AT5G32540.1	5.85639341077637	0.51754241256101	0.00120834401121949	0.0318030127102293	0.848687190786385
AT5G35390.1	-6.62623314171192	0.697968292942228	0.000255794947286957	0.00853951237179564	0.766057581634243
AT5G35670.1	-2.83725430024851	4.59567638409565	0.000127043393216862	0.00472169673735092	0.221530363327193
AT5G37650.1	-6.77381111854624	0.0152298645172256	0.000474424708860303	0.0144676727322159	0.787983930640575
AT5G38390.1	-8.90636534479026	-0.195086145634293	0.000223424973675434	0.00760564190352385	0.802816181710746
AT5G38435.1	-8.28084000900158	2.26156363598876	1.03068685107769e-07	9.08006485609133e-06	0.498857877162336
AT5G39330.1	-6.13630244071899	-0.610144883376729	0.00170282066976751	0.0424122703206884	0.813382718238843
AT5G39650.1	-8.25379665093608	1.40474053047799	7.18890497621912e-06	0.000413286020521068	0.654675431751906
AT5G39670.1.DE	4.27375746489384	3.04845507725038	1.74164821028535e-05	0.000830622150213531	0.340030639841712
AT5G39740.1	-2.44415339949884	8.56791878912419	0.00193443121200636	0.0470345383094256	0.260336960298051
AT5G39880.1	-7.49477573802185	5.52179023906596	1.09132548377916e-15	3.9936216597757e-13	0.22546023801618
AT5G40260.1	-9.52222923802504	4.7274522312582	1.12241544198757e-18	8.21478594060827e-16	0.233316908304285
AT5G40450.1	2.76544858146171	8.22941141224945	0.00170245301694209	0.0424122703206884	0.315152783533174
AT5G40645.1	-6.64351740134649	-0.141820792885666	0.000712762259490884	0.0204264352949579	0.805385575348392
AT5G41130.2	-3.29659080173365	4.90269560062842	1.45987534704694e-05	0.000718313615346851	0.224963965636796
AT5G41400.1	3.10896446387056	4.66480146537976	2.95674107754501e-05	0.00132074708837099	0.219013222480912
AT5G41780.1	-5.23125911801069	2.4208327161382	1.39098841062902e-05	0.000697026818284196	0.440617301518184
AT5G42170.1	-10.0392325825651	4.57596856737281	1.65510249555819e-17	9.54392284484145e-15	0.260616610944109
AT5G42330.1	-4.62770330767535	1.86025978424078	0.000251700983206848	0.00843242607296323	0.511992215694413
AT5G42530.1	3.41108887733179	10.4350102457086	3.57846682235229e-05	0.00155467226398497	0.263152645304353
AT5G42610.1	9.84881449701244	0.703784355744743	2.08269213343499e-05	0.000978556755731715	0.73096902809887
AT5G42880.1	-4.74831727808845	3.32869799469644	2.9453192313374e-06	0.000186821598843731	0.340141934830189
AT5G43150.1	2.92723073543971	5.95531599249282	0.000167796531468692	0.00596822466788362	0.243780587226656
AT5G44030.1	-2.91974289446082	5.47224282789487	0.000156774901677794	0.00566546139411533	0.239978009042763
AT5G44330.1	-6.51998552633711	1.09628315462926	9.16890906419962e-05	0.00360193125623338	0.677286480331647
AT5G44440.1	-9.5462228654372	3.5529025665981	1.41575042798972e-13	3.49874219405406e-11	0.311823262526239
AT5G44560.1	-4.55647606063224	4.32195245142469	3.88700600426223e-07	3.03138677275024e-05	0.276031923496222
AT5G44568.1.DE	4.72523256331566	2.7706441062331	2.36385516061168e-05	0.00109711706954341	0.405888365155325
AT5G44630.1.DE	-10.2296748565569	5.69909038281436	4.36147930530331e-20	8.29945897006167e-17	0.242721234118744
AT5G44700.1	-10.1611596769606	4.14888145970409	5.62715239171959e-17	2.61168494785444e-14	0.26240801570831
AT5G44870.1	2.72218252345678	5.49453324542737	0.000507750975937448	0.0152879641156862	0.250580648622737
AT5G45380.1	5.08465142182043	6.66296227394708	2.8487742964459e-07	2.27770277676761e-05	0.321393983452286
AT5G45750.1	-2.32483176487496	4.71760688978757	0.00143610476643626	0.0366813927523698	0.224335846781945
AT5G46270.1	3.46607725578554	5.42928920892596	4.72085832561473e-06	0.000284282319867477	0.220154030135727
AT5G46280.1	-2.90814326455933	5.09770196096305	0.000105358246330013	0.00401775965814392	0.226491728891142
AT5G46450.1	2.63014885835909	5.48894842318846	0.000348982362817598	0.0111235936047841	0.223615760523723
AT5G46700.1	-3.75328613955198	4.78820961259681	1.39501239379886e-05	0.000697026818284196	0.277154527173279
AT5G46930.1	-9.37152758496586	0.245852212692462	8.28866469314175e-05	0.0032791060383741	0.781108907966457
AT5G46940.1	-11.8129821441919	2.63305045203583	4.03834357533548e-10	5.56852463007673e-08	0.448326783709486
AT5G46970.1.DE	-10.2649252986173	1.10897411246953	7.04300971159938e-06	0.000407359975082142	0.706678955157278
AT5G47000.1	-7.13355165598698	5.08934220661216	5.16857389197314e-15	1.63921320983928e-12	0.220662882664246
AT5G47220.1.DE	3.7613759694454	4.35728682942272	1.53483745194392e-06	0.000103937444388046	0.226771757795529
AT5G48485.1	-3.90419845423939	6.69556519244474	3.13872684762713e-06	0.000196469845998345	0.258982949411305
AT5G49130.1	-6.69570296444766	2.14034601684858	1.46086168027343e-05	0.000718313615346851	0.601869717707773
AT5G49460.1	-2.91645066441064	6.96597434505688	0.000224374284265317	0.00761790782694682	0.252008212433112
AT5G49730.1	2.9277887759565	9.20887900816569	0.000385494797524199	0.0120849761154662	0.273674386401157
AT5G49920.1	-6.28128573050215	3.13874380603546	1.38904878939603e-08	1.40074211887346e-06	0.339213509787874
AT5G50040.1	-7.34853234823449	2.2902185066172	4.40858990098393e-07	3.39639907796855e-05	0.498736690706071
AT5G50060.1	-8.80624595018174	-0.288816445809724	0.000270162509483707	0.00889432939959422	0.805610899852833
AT5G50370.1	-2.46339633882745	4.60889760876721	0.000687202024282637	0.019843349499354	0.219540708098403
AT5G51030.1	-3.6591783581711	3.119614152269	0.000157497980844343	0.00566546139411533	0.344199306060271
AT5G51590.1	-3.2047286936257	3.61541103674417	0.000190306813598998	0.00660829991966302	0.285076370382741
AT5G51950.1	-7.44642712711015	6.38150384520552	2.41926913364408e-14	6.67192352813235e-12	0.250798536550844
AT5G52160.1	-9.80715520654791	5.98903996805228	9.2364753788122e-19	7.03043559933669e-16	0.255218689665845
AT5G52750.1	4.24666609227432	3.94618466927882	1.23195071472913e-06	8.61867284947813e-05	0.269045499916433
AT5G52860.1	-4.92870151574663	3.19931338597086	3.1246441496598e-06	0.000196233840012793	0.360631932784288
AT5G52900.1	3.59014863634552	4.74593234812511	5.12465655887332e-06	0.000306657514650316	0.234411194290571
AT5G53390.1	-13.1012193472833	3.91389438457468	3.80915644040864e-17	1.95903886228476e-14	0.280211521060756
AT5G53520.1	-8.82790861655186	-0.269550907582558	0.000248656243221522	0.00835985804286631	0.800433916747861
AT5G53820.1	-9.27726390019605	6.76792361432676	2.61886158212966e-17	1.3842865846207e-14	0.268748509509487
AT5G54510.1	-3.3110983111288	4.70549586487385	1.47995863255683e-05	0.000725828165436182	0.226814657443116
AT5G54710.1	4.53211530000866	4.71710303594683	1.70781961309433e-07	1.43163433557586e-05	0.258156301386907
AT5G54720.1	4.23899625715719	3.06983820422794	3.43637474574668e-05	0.00149978841827554	0.361755281039438
AT5G55320.1	-9.60063907915921	0.465310096730723	4.20835055688291e-05	0.00180769080692833	0.752809589752877
AT5G55520.1	-6.5697896302661	4.18808129252857	1.74738673965771e-10	2.50007686232681e-08	0.294333882373756
AT5G55620.1	3.16507523013888	6.58211808214135	7.67089224142006e-05	0.003073040178147	0.252915921883696
AT5G56670.1	-2.48846296812921	6.78840293541836	0.00168416146686752	0.0421128890315665	0.261753107281494
AT5G56870.1	-4.16286026029758	5.82575899813544	3.0870655047085e-07	2.44765706204575e-05	0.237926830926723
AT5G57380.1	-7.05179519266235	2.0182105318998	4.88365313371828e-06	0.000293157840635726	0.577458798849512
AT5G58770.1.DE	3.17223561873791	5.3889518498675	2.37546049333051e-05	0.00109982086928434	0.222173826348468
AT5G59590.1	-6.96060511106583	0.966082287975582	9.04944875235919e-05	0.00356525797740462	0.71215995934542
AT5G59690.1	-2.74524135977724	7.0554853052631	0.000505870089033018	0.0152554705613459	0.254877799738183
AT5G60080.1	-10.122684163914	0.970134561504964	8.30291478967723e-06	0.000459918713473403	0.698734531329196
AT5G60500.1	-10.3147406907189	3.46541419076538	7.30660884444594e-14	1.90462273562961e-11	0.316527117890487
AT5G60670.1	-2.96371847748405	5.69312989041428	8.2116072582536e-05	0.00325538905244391	0.227552252576996
AT5G60930.1	-5.19113485246791	4.55256210735996	3.44593887858433e-09	4.02286938163075e-07	0.248096604094759
AT5G61120.1	-8.41177145530622	2.91391537316029	1.37483785184379e-09	1.73256883991626e-07	0.40607742287734
AT5G61160.1.DE	7.39570506572997	0.618584747700081	0.000115120191907141	0.00432929275059484	0.753771688262135
AT5G61170.1	-2.64088067470422	7.01352903329695	0.000766819884750304	0.0217140112900499	0.254130095242677
AT5G61260.1	-4.26951181413866	1.99635764910435	0.000432570616028334	0.0132978776290843	0.492968348873358
AT5G62430.1	3.16812007860888	5.38481068836515	2.65789127256825e-05	0.00120421459585003	0.224273654173117
AT5G62500.1	-3.87257502127485	4.1868266472651	7.68456333331149e-06	0.000433915595458707	0.273689419223646
AT5G62700.1	-3.12792032938168	8.37432493241807	9.99621435637936e-05	0.00387409293253651	0.25611999523317
AT5G62710.1	-2.48982586101508	4.07151736662843	0.00184577910692513	0.0454376851561169	0.264320783427732
AT5G62750.1	-8.40961962488469	4.08515561094034	6.75467246664162e-15	2.00835409949568e-12	0.259282315748073
AT5G63090.2	-7.99044700242024	1.17956324969645	1.70020233778921e-05	0.000816998744590677	0.682159130663773
AT5G64770.1.DE	5.16154843102264	5.93294155675886	7.73332072667465e-10	1.02907244830694e-07	0.230146900390955
AT5G65210.2	2.62643211698956	3.73785772758101	0.00144985121426967	0.0369333584422188	0.276913096114618
AT5G65350.1.DE	-4.22643360559916	1.72909446816018	0.000946505219644543	0.0260275257581156	0.54290698817126
AT5G65530.1	-4.09706041844229	3.6386321701461	3.44381719200196e-06	0.000214158161263416	0.275901505864947
AT5G66170.2.DE	-2.92818616322404	3.97551253074937	0.000341575247590014	0.0109240930863704	0.266336593373576
AT5G66230.1	-6.36281903757217	4.26693171226122	4.52939809310423e-11	7.00731026940491e-09	0.265314664911187
AT5G66400.1	2.33869163270274	4.84187788868213	0.00196030448263513	0.047565096211785	0.240037444420041
AT5G66640.2	6.10545606209885	3.70138888218676	1.88968598848651e-09	2.33498926460453e-07	0.296121639993472
AT5G66690.1	-4.78153470349743	2.17713087767249	0.000224585963052035	0.00761790782694682	0.529734923210741
AT5G66740.1	-3.44176270886261	3.0329024602342	0.00156582297584089	0.0394649608043395	0.439262971691684
AT5G66900.1	2.20841158622159	4.96973153427929	0.00189569455195175	0.0463419863596536	0.21551084158961
AT5G66940.1	-10.0024817389166	0.853324610889992	1.18630161005067e-05	0.000615099001025999	0.707652209340674
AT5G67100.1	-3.907026331396	4.30406068986949	3.03801697746484e-06	0.000192061212837802	0.255855510496325
AT5G67200.1	-2.62469986599815	4.50404388410541	0.000585491662000885	0.0172466266814471	0.239572999532718
AT5G67210.1	-3.36905364936948	3.50348035821914	0.000253679810759673	0.00848378404032657	0.321773092705188
AT5G67260.1.DE	-2.71059276365429	5.98171227608094	0.0003551728523458	0.0112268840652629	0.236511362769041
AT5G67265.1	-7.31723680619122	0.496582260639978	0.000135102600903696	0.00500168753423429	0.746800469945919
