baseMean	baseMeanA	baseMeanB	foldChange	log2FoldChange	pvalue	padj	dispersion
AT1G01150.1	46.1927649760357	90.401993995421	1.98353595665043	0.0219412854626957	-5.51020813913252	0.000151745781993444	0.0177075557771013	0.0778069137921164
AT1G02190.1	3224.6160087665	6436.19087740665	13.041140126356	0.00202622022478157	-8.94699329910463	0.000176826619337536	0.0200268986506972	1.2053018275975
AT1G03780.3	783.751001836911	1550.50018081761	17.0018228562143	0.0109653794733831	-6.51090045027621	4.09312531498035e-07	0.000128960668775125	0.0145740264661177
AT1G05020.1	99.5584693798247	191.414613320404	7.70232543924546	0.0402389624576507	-4.63526308335146	0.000252410574748133	0.0272314096353766	0.0487341547001948
AT1G05550.3	209.138126569839	395.542862433984	22.7333907056945	0.0574738994550527	-4.12094925416297	0.000389561902476991	0.0392365023177471	0.130079283093284
AT1G05835.1	908.448620096081	1792.88215787533	24.0150823168335	0.0133946797402975	-6.22219610225685	8.02104565330607e-07	0.000214641608928421	0.0967292732531178
AT1G07620.1	737.189528214612	24.5642363093089	1449.81482011992	59.0213675631549	5.88316544421919	2.34824446563306e-06	0.00053412777241212	0.21781090076868
AT1G08730.1	513.381360438629	980.149625895973	46.6130949812851	0.0475571216370921	-4.39419479019909	0.000148252564785553	0.0175175487265008	0.0460332486603725
AT1G09380.1.DE	310.263991591737	619.993462796419	0.534520387055318	0.000862138746825518	-10.1797923138902	9.34232787998387e-10	1.24626940506402e-06	0.246027060016064
AT1G09460.1	183.945564385503	359.499737353134	8.39139141787162	0.0233418568804929	-5.42093685556237	1.91984252061735e-05	0.00311917271430062	0.22839951447636
AT1G09470.1	320.140084448142	616.329581008351	23.9505878879334	0.0388600330504157	-4.68556906184039	7.55898591955954e-05	0.00984742811730474	0.100532949055867
AT1G09600.1	196.066146509219	382.221002418628	9.91129059980953	0.0259307849047871	-5.26919031366043	3.04625812220543e-05	0.00449446569976202	0.173706108157402
AT1G11510.1	35.7152787183022	71.4305574366044	0	0	-Inf	1.14429814023948e-05	0.00200215498319466	-0.00434711748058348
AT1G14420.1	885.08309997012	1749.40995600775	20.7562439324867	0.0118647112194637	-6.39717920321823	4.20728542657054e-07	0.000129031298559823	0.107540430704669
AT1G15320.1	39.9567064722755	78.5416701707414	1.37174277380969	0.0174651592056505	-5.83937639593083	0.000168540436763197	0.0192481641064915	-0.0147228281779762
AT1G16630.1.DE	515.216053441805	1013.35301123161	17.0790956519997	0.0168540434209023	-5.89076144267113	2.66897381383173e-06	0.000578171748004262	0.000951074626205033
AT1G16760.1	173.071947132848	346.143894265696	0	0	-Inf	3.10383765967696e-09	2.28970943029413e-06	0.0725902902400608
AT1G19850.1	2562.44135949959	4972.81974617091	152.062972828259	0.0305788225976515	-5.03132333131769	2.24894260931653e-05	0.00348777775689174	0.182724056219985
AT1G20132.1	282.282060772663	564.029601158271	0.534520387055318	0.000947681444303006	-10.0433101895794	1.40614788208014e-09	1.41831410211737e-06	0.0563439828827738
AT1G22350.1.DE	445.79642786427	41.989337998659	849.603517729881	20.2337916772352	4.33869479151955	0.000157315232857234	0.0181654597974712	0.0561437754838775
AT1G23250.1	262.899238959977	524.729437145844	1.06904077411064	0.00203731808896688	-8.93911303702962	6.39994764744502e-09	4.06247839620958e-06	0.109766958603062
AT1G24320.1	48.5292115625107	94.5403667813157	2.51805634370575	0.0266347215420726	-5.23054799173547	0.000210976410184174	0.0232201657902299	0.00489313225265746
AT1G24540.1	68.0360231583873	136.072046316775	0	0	-Inf	3.63522126067341e-07	0.000125599195329216	0.068034571697978
AT1G26480.1	1195.45856483381	2384.5092742064	6.40785546122119	0.00268728477198052	-8.53963507259461	9.91009280793174e-10	1.24626940506402e-06	0.132698861602893
AT1G28370.1	176.201134561038	13.1537287004259	339.24854042165	25.7910550040967	4.68879888383642	0.000151806852970937	0.0177075557771013	0.260068439623367
AT1G28375.1	935.488998723929	1870.4434770608	0.534520387055318	0.000285772007339809	-11.7728477746969	4.36143983058873e-12	2.38091000351839e-08	-3.98375992040053e-05
AT1G29140.1	1962.52215837142	3917.41287491594	7.63144182690267	0.00194808208135744	-9.00372981880623	1.81047497096127e-10	3.52977959517057e-07	0.0448107426996237
AT1G30350.1	977.91524152746	1955.29596266786	0.534520387055318	0.000273370577785065	-11.8368544020325	4.06615902395744e-12	2.38091000351839e-08	0.432866847550581
AT1G30740.1	40.8621361229343	81.1897518588132	0.534520387055318	0.006583594293832	-7.24690885052934	2.42624538558778e-05	0.00372047010110217	0.157935070674604
AT1G31310.1	270.072453232831	539.687658874392	0.457247591269897	0.000847244853112933	-10.2049334119724	1.72264788233022e-09	1.5167636757485e-06	0.0283598398881738
AT1G31740.1	52.2377230216612	103.560950860783	0.914495182539795	0.00883050198881579	-6.8232888313648	2.13111443147396e-05	0.00335393490715931	0.00801603652565855
AT1G44900.1	1286.76220279655	2485.68814378517	87.8362618079187	0.0353367987965549	-4.82268483945849	4.00293625842838e-05	0.00572042644889019	0.0834480645109694
AT1G47610.1	254.895697527857	509.791395055715	0	0	-Inf	4.37825654939589e-10	6.63913958420894e-07	0.0467309453272172
AT1G48470.1	541.51382970723	1067.99659414801	15.0310652664491	0.0140740760305889	-6.15081597793761	9.26398707614249e-07	0.000236451435592183	0.288978444561446
AT1G49290.1.DE	140.69080187762	277.491804637725	3.88979911751544	0.0140177080998616	-6.15660570228476	5.10101300754758e-06	0.00100892862348559	0.103364984242348
AT1G50990.1	80.1522103161515	159.769900245248	0.534520387055318	0.00334556375283972	-8.22353494826569	8.19657926090325e-07	0.000216321437302543	0.0225935681183854
AT1G51270.3	483.839230990756	39.7578224756264	927.920639505886	23.3393224710621	4.5446907758201	9.48840511775013e-05	0.0119900934115273	0.102509085921142
AT1G51790.1	193.185512851354	10.4723969615967	375.898628741111	35.894230339011	5.16568005787017	3.52170352203413e-05	0.00511302646988944	0.409589537841179
AT1G52430.1	90.6036724626358	177.317545807756	3.88979911751544	0.0219369104156939	-5.51049583822806	3.95441528205264e-05	0.00568082974334878	-0.00931891912080732
AT1G54870.1	257.60897227621	515.21794455242	0	0	-Inf	4.08188524716387e-10	6.55382693066694e-07	0.0162570209699361
AT1G55560.1	2218.51983264895	4414.69902775458	22.3406375433248	0.00506051203102917	-7.62650091807183	1.1604528405661e-08	6.7392681453727e-06	0.129829369331598
AT1G56120.1	2580.93771505258	149.46113945497	5012.4142906502	33.5365721747381	5.06766333121862	1.73167618584717e-05	0.0028646122116787	0.234695703270349
AT1G56680.1	64.7565570165871	129.513114033174	0	0	-Inf	4.91030548908931e-07	0.000143401486011035	-0.00866757876439192
AT1G57630.1	68.3728609059337	2.81171785939095	133.934003952476	47.6342259964476	5.57392664177661	6.72051889047383e-05	0.00899198838801389	0.0769607018582863
AT1G63710.1	2163.82463662745	4239.89028424277	87.7589890121333	0.0206984103664858	-5.594336216468	4.17157878516629e-06	0.000862600325311468	0.0102194286698081
AT1G65160.1	25.9534702136256	51.9069404272513	0	0	-Inf	5.69917071237393e-05	0.00777794322971232	0.187590476705806
AT1G66170.1	35.9860491636014	70.5230827576078	1.44901556959511	0.0205466850417681	-5.60495053842632	0.000260376950319664	0.027870544545001	0.280148390814284
AT1G68630.1	48.531917260012	95.9947937459133	1.06904077411064	0.0111364453466118	-6.48856737892611	2.93556501009219e-05	0.00435468733426447	0.00755436627186831
AT1G68825.1	34.8675191374177	68.3632955010256	1.37174277380969	0.0200654863659859	-5.63914006384412	0.000351633133972267	0.0363554029991403	0.135829982786653
AT1G69940.1.DE	7368.40600732405	14722.3154697687	14.4965448793938	0.000984664736274769	-9.98807978761793	6.39374740022198e-12	2.90862225481765e-08	0.000768135552316359
AT1G72250.2	753.605762164516	1441.83211055535	65.3794137736788	0.0453446786869634	-4.46292293300926	0.000110461788383928	0.0136859428131268	0.0123924190161658
AT1G74000.1	331.297504548735	656.187153636249	6.40785546122119	0.00976528636031988	-6.67812193388786	3.96985632691889e-07	0.000128960668775125	0.0494014841362996
AT1G74540.1	2913.7716413745	5816.93653698713	10.6067457618783	0.00182342470034443	-9.099133660904	1.29187875552847e-10	3.12764610734451e-07	0.250118290248268
AT1G74830.1	55.0765665975701	110.15313319514	0	0	-Inf	1.17994890306868e-06	0.000290150498281617	-0.0180809696470496
AT1G75160.1	190.790704603417	381.581409206834	0	0	-Inf	1.66351813835953e-09	1.51352425288411e-06	0.11894155550391
AT1G75930.1	5737.04374428327	11467.6023603095	6.48512825700661	0.000565517363895723	-10.7881410575065	8.57364825336859e-13	1.17008864537848e-08	-0.000156478243079003
AT1G76250.1	236.855494997891	470.890231652377	2.8207583434048	0.00599026727207023	-7.38316391044802	1.78588358876135e-07	6.86559050073816e-05	0.357431054049112
AT1G79780.1	656.163977020517	1297.29688877458	15.0310652664491	0.0115864497914948	-6.4314176124572	4.49846756099409e-07	0.000134929309975092	0.0428446991790526
AT1G79800.1	121.449968481905	238.932865050508	3.96707191330086	0.0166032911063208	-5.91238694867504	1.06102171615133e-05	0.00188055764560718	0.185387121552216
AT2G01430.1	30.258989422611	59.6034836626823	0.914495182539795	0.0153429820933832	-6.02627727452115	0.000327310655657967	0.0343613244084008	0.0939715721977135
AT2G01610.1	840.854600379116	1622.57670767076	59.1324930874711	0.0364435732424367	-4.77819176942703	4.04918096330536e-05	0.00572654893230154	0.0132574475390789
AT2G03170.1	62.8637106966359	125.727421393272	0	0	-Inf	5.37036997491658e-07	0.000154299208910893	0.197008998706595
AT2G07170.1	439.127038944185	867.730994105719	10.5230837826503	0.0121271267871391	-6.36561840856224	7.64699327198898e-07	0.000208724681358939	0.0446597592730097
AT2G07560.1	3574.20724321774	7140.4030698131	8.01141662238715	0.00112198380736465	-9.79973242975218	1.6882065031582e-11	5.75994956296289e-08	0.0718932764638788
AT2G14282.1	89.7643935924198	178.994266797784	0.534520387055318	0.00298624306028295	-8.38745268864921	4.14685189823061e-07	0.000128960668775125	0.0815192138353667
AT2G14610.1	910.270895893527	9.53428631431045	1811.00750547274	189.946834589446	7.56945185987105	3.55698199509576e-06	0.000752618787256891	0.655685220468275
AT2G14710.1	36.4591172259798	72.9182344519595	0	0	-Inf	1.05103522999677e-05	0.00187503311129163	-0.027236411188457
AT2G16260.1	42.8762665285753	85.7525330571505	0	0	-Inf	4.7353339362041e-06	0.000943437516705773	0.0874951400514067
AT2G16270.1	590.677820855768	1112.24097441191	69.1146672996234	0.0621400118226782	-4.00833367382965	0.000382150528394048	0.0387762032435522	0.0448512120225783
AT2G16440.1	843.44114027586	1624.9673642215	61.9149163302201	0.0381022522011589	-4.71397991270151	6.24327297596306e-05	0.00847811621288118	0.00960072935002687
AT2G16505.1	330.432270976405	660.330021565755	0.534520387055318	0.000809474610571058	-10.2707265489014	1.9654769883632e-09	1.63403144847529e-06	0.493211527370923
AT2G17620.1	129.968849147245	258.565955520681	1.37174277380969	0.00530519484302324	-7.55837854692424	4.33108745503405e-07	0.000131352257872394	0.180257003533246
AT2G18130.1	129.592318036366	259.184636072732	0	0	-Inf	1.2375747490576e-08	6.89379648480147e-06	0.0440063831610613
AT2G19330.1	231.554741956796	448.303847851056	14.8056360625354	0.0330258955695032	-4.92025850593585	4.42485866604304e-05	0.0061307876796774	-0.00210312123809227
AT2G21237.1	44.6846806803991	89.3693613607982	0	0	-Inf	3.52797960199891e-06	0.000752314087785627	-0.0110753295960829
AT2G22610.1	698.449944236551	1364.40975275917	32.4901357139332	0.0238125941625895	-5.39213139228132	8.82380119823544e-06	0.00162733549801241	-0.000375469268737566
AT2G23510.1	285.775820510291	571.094393429311	0.457247591269897	0.00080065151493471	-10.2865379360075	1.24603032998656e-09	1.30809222526858e-06	-0.00182793212930895
AT2G23530.1	91.0677301051756	181.678212619081	0.457247591269897	0.0025167992610572	-8.63419413237709	3.90287848969057e-07	0.000128348275151933	0.0378212851132389
AT2G29770.1	28.7179270793483	57.4358541586967	0	0	-Inf	3.61787975066921e-05	0.00522486919547704	-0.0324034603470258
AT2G30290.2	209.065108415026	416.301226464972	1.82899036507959	0.00439343016260242	-7.83043652343514	8.87071764722259e-08	3.6138244504618e-05	0.0181611906176456
AT2G31210.1	288.55298127769	576.64871496411	0.457247591269897	0.000792939582460277	-10.3005014346865	1.16314363028233e-09	1.26992021554225e-06	0.0171039281974477
AT2G31270.1	673.476802900304	1285.88230104059	61.0713047600231	0.0474936972929808	-4.39612011817272	0.000146324803809007	0.0173649370433342	0.16318182272072
AT2G32590.1	304.226749799302	597.015920633413	11.4375789651901	0.0191579128292847	-5.705915795447	6.03444109813533e-06	0.00115181866974548	-0.000383268506365776
AT2G33190.1.DE	31.3353727991305	62.6707455982611	0	0	-Inf	2.22259802410479e-05	0.00346661788959658	0.047291254435309
AT2G33420.1	489.737403582902	973.144224500368	6.33058266543577	0.0065052871979855	-7.26417153364321	4.76418538355033e-07	0.000141346130482616	0.515777440341628
AT2G33560.2	313.047966708557	611.605777721162	14.4901556959511	0.0236919862823097	-5.3994570338512	1.16885715476997e-05	0.00203209911079275	0.172839032799136
AT2G33793.1	222.460283650003	435.009276700197	9.91129059980953	0.0227840902037596	-5.45582942661888	1.46467236197189e-05	0.00245265227730201	0.0923591376574261
AT2G36890.1	168.667062173146	323.764853016323	13.5692713299687	0.0419108844074702	-4.57653122409696	0.000180242827246709	0.0203294544202435	0.0168721000306025
AT2G37390.1	115.442109309106	222.338281608769	8.54593700944246	0.0384366423434003	-4.70137387567393	0.000145274802681284	0.0173156145815967	0.0408606434732451
AT2G38160.1	206.001046087477	403.533427961296	8.46866421365704	0.0209862767910997	-5.57440995127556	9.90931643469109e-06	0.00177943942161114	0.0245956632993639
AT2G38620.2	283.835307341049	559.665587243153	8.00502743894452	0.014303233254659	-6.12751488380569	2.0885379856931e-06	0.000483107155249942	0.188892824046793
AT2G39855.1	43.312071801461	86.624143602922	0	0	-Inf	4.37376423284679e-06	0.00089090966220562	0.0102631754547925
AT2G41550.1	688.897084573303	1307.53318827709	70.2609808695195	0.0537355238853257	-4.21798003845331	0.000209950838399003	0.0232201657902299	0.0238338804676734
AT2G42350.1	46.4740334541008	1.45442696459766	91.493639943604	62.907001981302	5.97514870279454	9.35111651674057e-05	0.0119270432394595	0.376303632823521
AT2G42830.2	366.901639096291	732.811510214257	0.991767978325216	0.0013533739092543	-9.52922380343899	1.08665106797336e-09	1.24626940506402e-06	0.14367077745903
AT2G45480.1	126.952333409239	248.643124927153	5.26154189132513	0.0211610190021005	-5.56244708813185	2.00786620008541e-05	0.00323088059143014	0.189042581588914
AT2G45610.1	67.1878749114707	129.648728318672	4.72702150426981	0.0364602226768548	-4.77753281726731	0.000350747902665226	0.0363554029991403	0.212407502030455
AT2G46720.1	1259.91757186119	2377.74216933387	142.092974388518	0.0597596224776237	-4.0646851556265	0.000306585635875608	0.0323098645993232	0.254945050622922
AT3G01710.1	258.580917077308	498.099202545966	19.0626316086501	0.0382707531174796	-4.70761389817092	8.77031808615304e-05	0.0112387714629834	0.102033682920528
AT3G02310.1	3170.81845905621	6322.41974091221	19.2171772002209	0.0030395288493529	-8.36193657263166	1.02930467055333e-09	1.24626940506402e-06	0.0669533590735385
AT3G05820.1	415.578360782107	807.128860880495	24.0278606837188	0.029769547154474	-5.07001891388113	2.6344195710009e-05	0.00395090561486096	0.0603053787809426
AT3G05960.1	754.776665948225	1508.02704353107	1.52628836538053	0.001012109412711	-9.94841902561482	9.1090724802242e-11	2.4863213334772e-07	0.0178247165146273
AT3G07450.1	325.461753644769	650.923507289539	0	0	-Inf	1.45494760429699e-09	1.41831410211737e-06	0.530117511658665
AT3G07820.1	7691.14783209587	15339.9587323069	42.3369318848426	0.00275991171968921	-8.5011621638918	5.00255635911274e-10	7.18656714852538e-07	0.0501096290778156
AT3G08040.1	319.33321813155	635.388430328425	3.2780059346747	0.00515905826768098	-7.59867654392461	6.13162879199543e-08	2.74365258815599e-05	0.00162633070629353
AT3G08770.2.DE	19524.3135354023	38965.0350261759	83.5920446286893	0.00214530911039946	-8.86459874886688	1.48962811487373e-10	3.12764610734451e-07	0.257208374845304
AT3G09940.1	123.262430886102	4.91284726186177	241.612014510342	49.1796307990207	5.61998899927192	1.81263389201306e-05	0.00298047241460822	0.195386417909783
AT3G10116.1	42.4059041636982	84.8118083273965	0	0	-Inf	4.63600136210075e-06	0.000937330793915111	-0.00560350791954659
AT3G10470.1	88.5931911775652	173.83110362467	3.35527873046012	0.0193019468926845	-5.69510981737138	3.1183323176881e-05	0.00457606885006971	0.0495668532826174
AT3G10560.1	48.8256425008943	94.6759810668131	2.97530393497565	0.0314261748486764	-4.99188950983295	0.000373016749620858	0.0379906424660497	0.345295982101954
AT3G12420.1	29.760968790077	58.9874171930987	0.534520387055318	0.00906160012576132	-6.78601845628151	0.000128525905486386	0.0156720343927622	-0.0325664730119575
AT3G12660.1	117.390710926137	234.781421852274	0	0	-Inf	2.05622106893547e-08	1.03934359401099e-05	0.058318066061658
AT3G13650.1	184.765017904152	352.753642156004	16.7763936523006	0.0475583853642575	-4.39415645422271	0.000239474484849012	0.0260416576253139	0.0609346492340107
AT3G13960.1	448.5831483846	894.72551322128	2.44078354792033	0.00272796909426755	-8.51795698480129	3.82356707312002e-09	2.6760067502772e-06	0.312693579065436
AT3G14190.1	696.459900282128	1344.40683160555	48.5129689587075	0.0360850360309247	-4.79245549447873	4.12576396846284e-05	0.00577501166765093	0.227487257957656
AT3G14540.1	46.5902309020273	93.1804618040545	0	0	-Inf	2.65691174899342e-06	0.000578171748004262	0.196275331481186
AT3G15720.1.DE	105.592904528413	206.078812757071	5.10699629975429	0.0247817630130396	-5.33457736308341	4.90644929935869e-05	0.00676371381949472	0.0994790576431364
AT3G16360.2	462.716797125499	15.2881081536541	910.145486097344	59.532904722407	5.89561538277557	2.80751084601198e-06	0.000603393768046434	0.248351160423346
AT3G16660.1.DE	779.570992291501	4.55755303340171	1554.5844315496	341.100678402699	8.41405381405245	2.26217744833485e-09	1.71517037367499e-06	-0.00122672820312448
AT3G17060.1.DE	603.31676923433	1198.09399064266	8.53954782599984	0.00712761093261073	-7.13236569652735	8.8071437653899e-08	3.6138244504618e-05	0.0246664106237831
AT3G17760.1	1137.47032478861	2268.07554652474	6.86510305249109	0.00302684055785097	-8.36797160304012	1.61453550334275e-09	1.51352425288411e-06	0.189477818050773
AT3G18220.1	168.153780091017	334.858544612439	1.44901556959511	0.00432724681185061	-7.85233487500049	1.33659153030207e-07	5.21175225994216e-05	0.00692758183802437
AT3G18570.1	82.1805986199675	160.316852530849	4.04434470908628	0.0252271963005764	-5.30887631275168	6.38466712008003e-05	0.00862720242785071	-0.0118761915976453
AT3G18850.1	3384.45774192068	6430.98576494255	337.929718898803	0.0525471103887324	-4.25024475846011	0.000186122580065589	0.0209062379542809	0.000906775749606847
AT3G18960.1	365.623149315003	688.902977561722	42.3433210682852	0.0614648541920281	-4.02409448138236	0.000407006487150888	0.0406931943838223	0.00974025316485442
AT3G21040.1	74.5684875526639	145.092630396241	4.04434470908628	0.0278742255760431	-5.16492446628877	0.000100658323384557	0.0126030685173463	-0.0111005223440939
AT3G21570.1	206.709184378595	409.908544435159	3.50982432203097	0.00856245708873279	-6.86775943183616	4.93853807841631e-07	0.000143401486011035	-0.00248715001079383
AT3G21945.1	34.535634937739	69.0712698754779	0	0	-Inf	1.37169712638136e-05	0.00232549522140244	-0.0139170262937583
AT3G21990.1	673.086856286817	1344.64742420825	1.52628836538053	0.00113508443767647	-9.7829846626648	1.48569204270721e-10	3.12764610734451e-07	0.135166962120197
AT3G22231.1	6809.00074994082	680.964693683766	12937.0368061979	18.9981021427313	4.24778339944221	0.000157729033595921	0.0181654597974712	0.0447190039415338
AT3G22880.1	498.757281218531	937.016715759224	60.4978466778382	0.0645643195690691	-3.95311908680331	0.000440481065883004	0.0435613430915819	0.112528446834822
AT3G23860.1	25.1138026773777	50.2276053547553	0	0	-Inf	7.05014267739116e-05	0.00934143904754329	-0.013507405856395
AT3G25260.1	121.435366278966	240.507221805796	2.36351075213491	0.00982719244099615	-6.66900497694561	2.4215608797669e-06	0.000541774624698668	-0.00782552111454875
AT3G26050.1.DE	245.909387823195	477.773089174824	14.0456864715665	0.029398236924196	-5.08812655365831	2.45703210773428e-05	0.00373927588752887	0.0528764879091955
AT3G26125.1	1589.57450124459	3155.80381860065	23.3451838885353	0.00739753965406096	-7.07873875974323	5.05323865973434e-08	2.29880248695748e-05	0.0352242794849826
AT3G26860.2	504.282041812823	1001.77625336894	6.78783025670567	0.00677579472849193	-7.20539411552216	7.43954711044718e-08	3.22321330761358e-05	0.0115904376548035
AT3G42450.1	78.4327263685638	155.950957554588	0.914495182539795	0.00586399209648772	-7.41390112565927	2.51958363287812e-06	0.00055588752143438	0.020032533391392
AT3G43083.1	117.160574653303	234.321149306607	0	0	-Inf	1.92630231831972e-08	1.01112349574109e-05	0.412790062728854
AT3G44070.1	43.5549119759719	87.1098239519438	0	0	-Inf	4.33050263077561e-06	0.000888729844413685	0.0649865113385935
AT3G44230.1	18.0678830035216	36.1357660070432	0	0	-Inf	0.000360543582585124	0.0371359890062678	-0.0523304312741008
AT3G44860.1.DE	2838.29105493938	262.523126579306	5414.05898329946	20.6231696759254	4.36619417949964	0.00012861460721666	0.0156720343927622	0.0650560279366602
AT3G47340.1	3968.29167498425	7838.03691027468	98.5464396938268	0.012572847107245	-6.3135448063331	0.000141614138780656	0.017027827320326	0.741261297288246
AT3G49270.3	82.9215760899131	165.843152179826	0	0	-Inf	1.32857914919818e-07	5.21175225994216e-05	-0.00936951746579103
AT3G50570.1	395.826172210473	778.694866273819	12.957478147128	0.016639994313988	-5.90920124927545	3.59383104846917e-06	0.00075456629590743	0.159311530403308
AT3G51280.1	684.079372604019	1349.78517957801	18.3735656300239	0.0136122146753516	-6.19895438074214	9.48260592570207e-07	0.000239655304390776	0.140208886875227
AT3G51690.1	23.887999508415	47.31875142556	0.457247591269897	0.00966313728690033	-6.69329262630172	0.000366938834903039	0.0375115936280091	-0.0216580529078109
AT3G52080.1	70.8542762239478	141.708552447896	0	0	-Inf	1.1050612578847e-06	0.000274205882126935	0.565416120154913
AT3G52780.1	59.5460855960394	118.557650805024	0.534520387055318	0.00450852714629421	-7.79312807640961	3.76576210885151e-06	0.000784629593596197	-0.010834348484495
AT3G53280.1	982.534097167605	85.6912611205714	1879.37693321464	21.9319555884499	4.45496255222363	0.000106029092379117	0.0132149044588493	0.449401950550719
AT3G55570.1	110.890436496648	221.780872993296	0	0	-Inf	2.56633725814738e-08	1.25086027609166e-05	0.416093699980043
AT3G58240.1	129.090012661965	258.180025323931	0	0	-Inf	1.23311211048187e-08	6.89379648480147e-06	0.113516176546666
AT3G58960.1	25.3885858614121	50.7771717228241	0	0	-Inf	6.69527309209396e-05	0.00899198838801389	-0.0201029645220465
AT3G59510.1	1190.77718312864	2355.99382802473	25.560538232542	0.0108491533078302	-6.52627373385689	2.39770518773843e-07	8.72604841324273e-05	0.0587909547077225
AT3G60100.1	148.770250355403	292.73620641075	4.80429430005524	0.0164116846322526	-5.92913285306487	7.28633782302346e-06	0.00138111521444045	0.0138178557837764
AT3G62180.1	470.520648743408	937.074225573516	3.96707191330086	0.00423346604253564	-7.88394496769361	1.60424168993771e-08	8.58583861310778e-06	0.128040893756953
AT3G62570.1	314.247181778977	599.823143349193	28.6712202087606	0.0477994564342266	-4.38686197751231	0.000216408079969607	0.0237223234649414	0.215483234291097
AT3G63095.1	2077.04832120113	4150.12957048896	3.96707191330086	0.000955891098319003	-10.0308661137121	0.00017299006762823	0.0196740162329689	1.36620530749504
AT4G02250.1	963.120751782358	1920.44544128634	5.79606227838045	0.0030180822395549	-8.37215216634504	2.08488334330063e-09	1.63403144847529e-06	0.0268192605518378
AT4G03350.1	19.2309017587061	38.4618035174123	0	0	-Inf	0.000255602730713877	0.0274672304521073	0.107901594709158
AT4G04760.1	280.313944484526	535.530987511223	25.0969014578294	0.0468635840746816	-4.41538889564541	0.000163499590845583	0.0187509299669335	0.0522225259273921
AT4G11320.1.DE	4231.5826426906	8349.85853650341	113.30674887779	0.0135699004219583	-6.2034460556999	7.26170702508719e-07	0.00020203652397907	0.294399102938308
AT4G11890.3	527.760799855618	26.826387800631	1028.6952119106	38.3463930945786	5.26101897745813	1.48241201965554e-05	0.00246722171198158	0.0229925619574394
AT4G12100.1	41.2766794655337	80.4152773828461	2.13808154822127	0.0265880019046898	-5.23308082741586	0.000265449535442336	0.0283025198042913	0.0380592887073983
AT4G13266.1	31.1577256849005	62.315451369801	0	0	-Inf	2.30536866041845e-05	0.0035550868692724	0.023786025735188
AT4G13560.1	2752.57527133763	5488.45142181874	16.6991208565152	0.00304259244968984	-8.36048318452252	1.09582215502973e-09	1.24626940506402e-06	0.131231355711156
AT4G13710.1	980.120108916902	1871.90198415052	88.338233683287	0.0471916983000451	-4.40532309872027	0.000134952912197493	0.016371287726358	0.195130437776607
AT4G14080.1	6030.49736567364	12051.3797535637	9.6149777835531	0.000797832113846537	-10.291627184484	2.9044743467837e-12	2.38091000351839e-08	0.000125045535843518
AT4G14368.1	221.331695291293	441.594349808476	1.06904077411064	0.00242086606084134	-8.69026102304742	1.4870711392914e-08	8.11792134939174e-06	0.0972707813078794
AT4G14400.1.DE	30275.6533568388	962.664718312692	59588.6419953648	61.8996841390517	5.95186014257914	1.01537515404414e-06	0.000254262980088392	0.361702421629004
AT4G14780.1	518.362315367118	1031.61124525104	5.11338548319692	0.00495669808441512	-7.65640489863623	1.97263424767415e-08	1.01590663755219e-05	0.00663223335656657
AT4G14815.1	1794.68064328264	3588.90403897401	0.457247591269897	0.000127405911750322	-12.9382801580385	2.02900141115097e-13	5.53815935173658e-09	0.037664617330325
AT4G15210.1.DE	8620.66359827022	16243.5341111661	997.793085374353	0.0614270933003707	-4.0249810724725	0.000385611469267835	0.0389824631617243	0.117617729642811
AT4G15650.1	41.8090768019612	83.6181536039223	0	0	-Inf	5.27230130301437e-06	0.00103440059078206	0.00928564246532123
AT4G16260.1.DE	327.812139313287	3.00598999899968	652.618288627574	217.105941418551	7.76225539770747	3.37774035241561e-05	0.00493023651974247	0.815751368975737
AT4G16590.1	5870.67650055439	11604.5459201564	136.80708095237	0.0117890938511212	-6.40640335752439	4.15193078203672e-07	0.000128960668775125	0.051512197903676
AT4G17000.1	306.507740981664	599.819796245401	13.1956857179269	0.0219994168257297	-5.50639090937838	8.92345265177882e-06	0.00163466872570673	0.0396130555576595
AT4G17920.1	28.6298930444159	56.7252657017765	0.534520387055318	0.00942296841526435	-6.72960267669528	0.000157518163332035	0.0181654597974712	-0.0316197519483332
AT4G19370.1.DE	236.737374267588	26.0851633754213	447.389585159754	17.1511130185715	4.10023029777351	0.000419458773312006	0.0416331898820044	0.333661070841194
AT4G19520.1	2552.43250751505	95.1616614158349	5009.70335361427	52.6441350337821	5.71820090763901	2.37823051534334e-06	0.000536477701787575	0.224514150469066
AT4G20160.1.DE	135.043878812116	267.949676076011	2.13808154822127	0.0079794145659454	-6.9695013820478	7.98581130284897e-07	0.000214641608928421	-0.00595311112662779
AT4G20320.1	6459.21282654573	12113.2688184443	805.156834647187	0.0664689974865591	-3.91117459504982	0.000362937785357519	0.0372420558320807	0.053582449157998
AT4G20900.1	41.4688951216808	82.4805426520917	0.457247591269897	0.00554370250931298	-7.49493444418811	2.13806438485334e-05	0.00335393490715931	0.48979007360558
AT4G22690.1.DE	5630.20641655779	577.736243330557	10682.676589785	18.4905771675342	4.20871835282275	0.000206123672749207	0.0229638597864882	0.452484114716458
AT4G23320.1	322.368498377667	6.30338820741246	638.433608547922	101.28419629893	6.66226527309598	4.15773542854406e-07	0.000128960668775125	0.263966512710782
AT4G23680.1	7206.74359773354	14317.0602723656	96.4269231014596	0.00673510631840952	-7.21408356483471	2.72386779589286e-08	1.30435037699817e-05	0.151496801036422
AT4G25010.1	459.101702647505	905.761279984609	12.4421253104005	0.0137366495845483	-6.18582602093008	9.26920813642192e-07	0.000236451435592183	0.000176577053657039
AT4G27250.1	44.4810094549199	87.59027613603	1.37174277380969	0.015660902491954	-5.99668883645931	9.66580578578066e-05	0.0121579801346951	0.0619857680776553
AT4G29700.1.DE	1986.31557962436	3837.90465719359	134.726502055132	0.035104181601439	-4.83221329553169	4.03382642008959e-05	0.00572654893230154	0.00841340517903818
AT4G30130.1	852.570903746276	1607.83293772024	97.3088697723123	0.0605217541508308	-4.04640238681972	0.000283895059695992	0.0300345568000081	0.0249426985183614
AT4G30860.1	328.669265398774	640.723071920261	16.6154588772871	0.0259323561230443	-5.2691028994104	2.12278158630456e-05	0.00335393490715931	0.00771581399246792
AT4G31610.1	374.9845456063	747.451034868895	2.51805634370575	0.00336885792679038	-8.21352469699699	1.03054038040733e-08	6.1149129746126e-06	0.00668013215740512
AT4G31690.1	41.6633726972546	83.3267453945092	0	0	-Inf	5.30559013407173e-06	0.00103440059078206	-0.0117164416694374
AT4G32170.1	51.8111113986808	103.622222797362	0	0	-Inf	1.57384026116603e-06	0.000380159025916165	0.0282854042802199
AT4G32280.1.DE	377.790100386279	11.893573875437	743.686626897122	62.5284405415776	5.96644063179118	2.52537287627269e-06	0.00055588752143438	0.383908008349151
AT4G33600.1	45.2420420421059	89.9495636971565	0.534520387055318	0.00594244557822369	-7.39472749884378	1.46329803833077e-05	0.00245265227730201	0.0753648787239189
AT4G37780.1	40.9681022244793	81.9362044489586	0	0	-Inf	5.70393311824523e-06	0.00109640038353876	-0.0241849247306462
AT4G38660.1.DE	1748.44721510202	3375.07369023402	121.820739970019	0.0360942459782479	-4.79208732386156	5.13438119383585e-05	0.00704235852692209	0.147829117451079
AT4G39130.1	69.3014061483119	138.602812296624	0	0	-Inf	3.84416928879827e-07	0.000128348275151933	0.274659893793988
AT5G03480.1	81.9364764520899	162.803912130069	1.06904077411064	0.00656643172835151	-7.25067467762727	2.0443638515859e-06	0.000483107155249942	0.00297183312335347
AT5G03670.1	372.215663707405	727.126802558896	17.3045248559133	0.0237984967615214	-5.39298574158565	1.23847214869542e-05	0.00212604385526047	0.0973426239413986
AT5G05510.1	93.8314210939579	179.651425565529	8.01141662238715	0.0445942279454106	-4.48699920280026	0.00034189225362992	0.0357462441610901	0.13506534337043
AT5G07510.1	2764.33855333362	5526.61629791481	2.06080875243585	0.000372887973643728	-11.3889701113849	7.99989957659032e-06	0.00150591213064161	1.14094299669357
AT5G07560.1	5408.11791761061	10812.1142177163	4.1216175048717	0.000381203659328549	-11.3571504112202	3.88967708939639e-07	0.000128348275151933	0.911885569488416
AT5G07660.1	346.178628185658	672.753715192167	19.603541179148	0.0291392536918929	-5.10089226188475	2.56272202942126e-05	0.00386461313773776	0.00391184808442834
AT5G08000.1	2021.67628758833	4012.31784421577	31.0347309608955	0.00773486352922806	-7.0144084470851	6.43099934555343e-08	2.83119559898195e-05	-0.000435732716112383
AT5G08250.1	224.853682350708	449.17284431436	0.534520387055318	0.00119001046884577	-9.71481001929237	3.9991506683642e-09	2.72892043732502e-06	0.0138548926462051
AT5G08640.1	6174.52047642326	11849.6063938833	499.43455896319	0.0421477762519601	-4.56839967426339	7.57633231226963e-05	0.00984742811730474	0.0371078335234697
AT5G08760.1	996.916513521831	90.4046080778888	1903.42841896577	21.0545508623394	4.39606019501623	0.000219557752177326	0.0239713153827205	0.487092443905593
AT5G10090.1	79.2094627639576	156.280843979694	2.13808154822127	0.0136810212549088	-6.19168026186088	1.20121965809566e-05	0.00207514497264058	0.0883655174313744
AT5G10420.1	69.2781543017302	137.107293033865	1.44901556959511	0.0105684791635206	-6.56408840634726	1.07950492131209e-05	0.0019009733436912	0.0265042540037305
AT5G11130.1	260.295165669313	520.590331338625	0	0	-Inf	3.44219431050896e-10	6.18618055337053e-07	0.184006282603663
AT5G12870.1	87.3153512412277	167.231079042909	7.39962343954641	0.0442478962755946	-4.49824732452067	0.000343122035911544	0.0357462441610901	0.0203030756479056
AT5G13170.1	189.991515231774	366.561915541707	13.4211149218405	0.0366135006196886	-4.7714804733509	9.44255151921873e-05	0.0119876485449802	-0.00317578929315457
AT5G13840.1	795.182057138302	1527.13556041803	63.2285538585723	0.0414033668636885	-4.59410809934373	8.64316032996661e-05	0.011128068924832	0.153684076832069
AT5G13940.1	93.1156295199694	181.195146352527	5.0361126874115	0.0277938608665235	-5.1690899354414	6.88388316681535e-05	0.00916563858723049	0.000433120002866573
AT5G14345.1	37.7179650097348	75.4359300194695	0	0	-Inf	8.06019397009633e-06	0.00150686982475191	0.26837412632003
AT5G15140.1	1086.13664143884	2164.57095743843	7.70232543924546	0.00355836125989626	-8.13457129811454	3.7707659450175e-09	2.6760067502772e-06	0.0355346179467925
AT5G15480.1	36.1127195964266	71.2336712145279	0.991767978325216	0.0139227413302678	-6.16641288992392	0.000119012407060718	0.0146326290573077	0.373526441874512
AT5G15960.1	5455.71936767563	10796.0583993541	115.380335997111	0.0106872649006802	-6.54796350594961	2.11492940896043e-07	7.90780797501026e-05	0.00805917145145717
AT5G17340.1.DE	438.163951397034	876.327902794067	0	0	-Inf	3.06952117416994e-11	9.30917560544095e-08	0.0407715349466434
AT5G17590.1	129.700964787545	258.410161596765	0.991767978325216	0.00383796044318418	-8.02544444251809	1.94836033350694e-07	7.38617990320445e-05	0.0213388939272989
AT5G18330.1	31.7226100371141	63.4452200742282	0	0	-Inf	2.01227221301749e-05	0.00323088059143014	0.22880305141699
AT5G19473.1	152.943271848322	302.531264966184	3.35527873046012	0.011090684233364	-6.49450781529134	2.0665903259611e-06	0.000483107155249942	7.65328116992359e-05
AT5G19640.1	115.615546825071	231.231093650142	0	0	-Inf	2.34023765663122e-08	1.16139612432271e-05	-0.00860961585380365
AT5G23010.1.DE	5945.31167488528	266.244933200161	11624.3784165704	43.6604681142655	5.44825569343661	4.68195205326465e-06	0.000939660891866607	0.0794732967786066
AT5G23700.1	133.656576115206	265.329616273761	1.98353595665043	0.00747574275539548	-7.06356735869037	8.24232624270542e-07	0.000216321437302543	-0.00468800794713344
AT5G23980.1	122.558220212458	7.36927089279266	237.747169532123	32.261966345225	5.01176246735647	8.25650649423487e-05	0.0106806324530872	0.1365886002496
AT5G24210.1	3172.76744815788	104.790469717482	6240.74442659828	59.5545037962279	5.89613871059702	1.42738795957586e-06	0.000347862092469849	0.0318790878051426
AT5G28970.1	51.4828512717053	102.431182156355	0.534520387055318	0.00521833660222142	-7.5821942782811	8.39762684513821e-06	0.00155927363767379	0.0946352390542941
AT5G35110.1	187.935441438094	375.413635284919	0.457247591269897	0.00121798344091277	-9.68128976543707	9.70671672813553e-09	5.88766295765465e-06	0.0266338740764021
AT5G35390.1	57.2151391776314	113.361237581152	1.06904077411064	0.00943039081895468	-6.72846672363612	0.000142236476608695	0.017027827320326	0.692953441744248
AT5G37460.1	23.0292983002855	46.0585966005711	0	0	-Inf	0.000110811260732773	0.0136859428131268	-0.0414239958068564
AT5G37920.1	20.1038193457115	40.207638691423	0	0	-Inf	0.000210252176297359	0.0232201657902299	0.0131481964060217
AT5G39670.1.DE	295.444579098111	29.3160614823193	561.573096713902	19.1558165837724	4.25971062188897	0.000250758165646004	0.0271604925845543	0.00638933173591994
AT5G40030.1	100.909250116316	197.091478728361	4.72702150426981	0.0239838958780393	-5.38179016457522	4.37706493947481e-05	0.00609550956749821	0.193297063756494
AT5G41730.1	53.8314327057275	105.75660225059	1.90626316086501	0.0180250038323671	-5.79385662357151	7.47281361407502e-05	0.00980627151904701	-0.0108586837837567
AT5G41880.1	439.320924589055	833.284286479719	45.3575626983905	0.0544322789164877	-4.19939375112694	0.000283069002524124	0.0300345568000081	0.289862344871589
AT5G42700.1	121.4856965883	242.436872789545	0.534520387055318	0.00220478172690887	-8.8251484484227	8.39094326439382e-08	3.52355071387122e-05	0.226728449478506
AT5G43110.1	57.9841134855315	115.968226971063	0	0	-Inf	8.5171032516701e-07	0.000221404126908891	0.0692330309919381
AT5G43340.1	477.47745782493	953.88587487575	1.06904077411064	0.001120721883265	-9.80135597923554	3.62626447532253e-10	6.18618055337053e-07	0.164205278032672
AT5G43530.1	47.025114957742	91.9894211630482	2.06080875243585	0.0224026711591449	-5.48018542899637	0.000151044037513011	0.0177075557771013	0.00112846008183101
AT5G44265.1	185.624927347835	371.24985469567	0	0	-Inf	2.05408228446772e-09	1.63403144847529e-06	-0.00536849489386804
AT5G44568.1.DE	241.082301317955	17.8416678543894	464.322934781521	26.0246373024644	4.70180615214569	0.000137615486176063	0.016620419005202	0.495079125405189
AT5G44630.1.DE	1888.78836495308	3774.5241531754	3.05257673076107	0.000808731539893054	-10.2720515030269	8.36492293015771e-12	3.2617224482665e-08	0.252317863266437
AT5G44635.1	778.773234219203	1520.79933717836	36.7471312600479	0.0241630373986271	-5.37105437068689	9.44049241840196e-06	0.0017064784143065	0.114847060721933
AT5G45670.1	3343.91401667889	6612.98758479765	74.8404485601349	0.0113171917534191	-6.46534017736788	3.30026107988528e-07	0.000115487982276242	0.0987972472504608
AT5G46540.1	115.990521097483	229.237556647346	2.74348554761938	0.0119678711802006	-6.38468963823717	5.65096593582012e-06	0.00109392280296603	0.267938220267178
AT5G46970.1.DE	76.4366196445689	152.873239289138	0	0	-Inf	2.94124907553014e-07	0.000105633412521836	0.526580177005613
AT5G47150.1	80.3911293669607	160.247738346866	0.534520387055318	0.00333558771293431	-8.2278433056107	7.32794133501663e-07	0.00020203652397907	0.0934825939056465
AT5G47500.1	2850.2936050256	5650.34808025698	50.2391297942312	0.00889133361000767	-6.81338445972992	1.26196609635665e-07	5.06549479412569e-05	0.140925534475443
AT5G47530.1	197.535567184756	392.327648821893	2.74348554761938	0.00699284273198104	-7.15990522511156	3.88251822138777e-07	0.000128348275151933	0.00887425399238245
AT5G48140.1	1612.03155825644	3209.80477920429	14.2583373085949	0.00444211978278925	-7.8145359886466	7.54491739558916e-09	4.68042091619559e-06	0.0732969606337076
AT5G48485.1	3766.25615620413	7068.48629303748	464.026019370791	0.0656471555766983	-3.92912368778517	0.000404683400689868	0.0406096816979042	0.25367243247187
AT5G48543.1	180.217250448314	360.434500896628	0	0	-Inf	2.0952958672517e-09	1.63403144847529e-06	0.411832401736172
AT5G49180.1	263.707745835074	526.423723691823	0.991767978325216	0.00188397280306807	-9.05200614623051	5.77006475842271e-09	3.74985518050352e-06	0.00313028534749618
AT5G49615.1	51.7113612464087	103.422722492817	0	0	-Inf	1.90706140787758e-05	0.00311696054658794	0.707004353548332
AT5G50060.1	27.7798164320621	55.5596328641241	0	0	-Inf	4.08257834240009e-05	0.00574401937401085	0.106847058208882
AT5G53950.1	105.286964280073	205.91779066822	4.65613789192702	0.0226116348510611	-5.46679088515756	2.65267508462086e-05	0.00395654461391947	0.0788167448382105
AT5G55320.1	48.222304980855	96.4446099617099	0	0	-Inf	2.2002307403681e-06	0.000504666370238212	0.225005819783617
AT5G56970.1	280.08528272972	557.117988728678	3.05257673076107	0.0054792284444574	-7.51181152974693	7.58000359594478e-08	3.23275309611426e-05	0.124350122829552
AT5G57123.1	738.44313171652	1473.45371190679	3.43255152624554	0.00232959576436472	-8.74570464709645	6.66090824682712e-07	0.000187432464533141	0.679989867937773
AT5G57340.2	494.983379463571	29.2189254125149	960.747833514627	32.8810118767449	5.03918279193309	2.46590826068949e-05	0.00373927588752887	0.0615142499596797
AT5G58880.1	109.181772497097	218.363544994193	0	0	-Inf	3.04349389840876e-08	1.43227872339771e-05	0.0261910644112006
AT5G59305.1	49.4198808280308	98.8397616560617	0	0	-Inf	2.07126918017743e-06	0.000483107155249942	-0.0125504287564132
AT5G59640.1	73.791604430194	143.996111742572	3.58709711781639	0.0249110692949071	-5.32706923992018	7.42560640055833e-05	0.00979139742527728	0.00920535752466424
AT5G59845.1	864.243180488572	1717.96327719449	10.5230837826503	0.00612532521640096	-7.3509978404435	3.47419353813458e-08	1.60725614615904e-05	0.00613352964355281
AT5G60080.1	69.2961779833762	138.592355966752	0	0	-Inf	3.25909918844267e-07	0.000115487982276242	0.108406179430246
AT5G60150.1	330.818711568924	656.453154042309	5.18426909553971	0.00789739384084913	-6.98440764570164	2.26762426583027e-07	8.36416274808612e-05	0.00651347926212672
AT5G61160.1.DE	52.6229419037581	0.549566368068797	104.696317439447	190.507140761461	7.57370126491103	2.13446147425952e-05	0.00335393490715931	0.60679102062706
AT5G61605.1	501.936735130432	1000.74362073432	3.12984952654649	0.00312752383497573	-8.32076340539641	4.27715345723771e-09	2.84743667354398e-06	0.00752250994595595
AT5G62310.1	231.145829037908	456.263777410079	6.02788066573672	0.0132113942946626	-6.24207345703971	1.78254222102609e-06	0.000426793771253571	0.0299206637259271
AT5G63920.1	354.292492799541	675.624823926994	32.9601616720884	0.0487847108407165	-4.35742711269043	0.000191039767683706	0.0213706166349457	0.273326269250002
AT5G64770.1.DE	2187.15422631709	120.755916277299	4253.55253635688	35.2243821047178	5.13850249433134	1.31546591387661e-05	0.00224410263245388	0.0881162191169104
AT5G65350.1.DE	118.559481820961	225.37229349359	11.7466701483317	0.0521211812075109	-4.26198641011066	0.000418698141572647	0.0416331898820044	0.173894139412537
AT5G66390.1	62.2694974173667	124.538994834733	0	0	-Inf	6.41886763472847e-07	0.000182503116760327	0.0424122544138791
AT5G67265.1	49.3072213381166	98.1571950849633	0.457247591269897	0.00465831965628308	-7.74597464324313	8.98557873175957e-06	0.00163507580988918	0.273391611111149
