logFC	logCPM	pvalue	padj	dispersion
AT1G01310.1	-7.22974052021658	3.47841686564058	3.29758857837182e-10	1.4057517059956e-07	0.330855254558972
AT1G01460.1	-7.47890983828936	1.91286775823506	7.99288524828859e-06	0.00131367402547625	0.631029704255037
AT1G01470.1	2.99331379747688	5.62473677070446	0.000152210661414064	0.0156708055673959	0.249563346084304
AT1G02640.1	-3.44958578797383	4.85612749344015	0.000120921656211755	0.0130916886762909	0.30703580943136
AT1G04610.1	-9.05841185633195	-0.0848151444166211	0.000322753791408194	0.0301564783938005	0.88755279284433
AT1G04645.1	-9.52929843704853	0.365065343470829	0.00011162069454168	0.0123794610129294	0.844866859230691
AT1G04890.1	-11.0007400810105	1.79877519825792	3.99541773811252e-07	9.20257481862781e-05	0.622483657062009
AT1G05580.1	-6.45076893930983	3.92646362646739	1.75977456934939e-08	5.39459882871453e-06	0.366480512838535
AT1G07790.1	-2.86454198755489	5.84585415519308	0.000441618415700514	0.0383715771833029	0.268432255610862
AT1G08150.1	-6.82975726057251	1.71221519260905	3.31924014904347e-05	0.00434740423280136	0.659410267332358
AT1G08930.1.DE	4.84039259043315	6.28858331950049	1.4253179140385e-07	3.66858006119927e-05	0.284575979329342
AT1G09380.1.DE	-9.98013428210391	3.09132064224889	1.01704063330259e-10	4.86805606989376e-08	0.412601971278336
AT1G09460.1	-5.43007133321614	2.34253251233364	2.68820188341541e-05	0.00368553829071471	0.494983147431948
AT1G10770.1	-7.5177247279031	5.37650697737328	1.51833206432172e-14	1.42843633485826e-11	0.246794958344352
AT1G11120.1	-5.61155653188704	3.13270947585032	9.21470952573594e-07	0.000191912152664621	0.389824919293812
AT1G11765.1	-7.80691393824726	2.94046637580569	9.53246253715192e-09	3.0596961811896e-06	0.422265304156284
AT1G12000.1.DE	-2.73181423852375	6.25280788146709	0.000533313856582713	0.0442261457420856	0.25458814215056
AT1G13110.1	6.10713563285445	6.49923534071011	3.13171815258948e-10	1.35623279931903e-07	0.281052824933646
AT1G13340.1	4.52382684808487	2.53637465432536	0.000115508641521268	0.0126563143237942	0.457853551206241
AT1G14440.1	-4.0139225424063	4.49722848205874	1.28776677930701e-06	0.000254530193859375	0.248981811632562
AT1G14900.1	-4.74254896994154	5.62947148291885	2.70614062959134e-08	7.93888546205812e-06	0.247125489861966
AT1G15125.1.DE	8.43644858877932	7.59157292307522	1.85023422593797e-10	8.40585774957285e-08	0.421070670455177
AT1G16070.2	-5.3202152473886	1.72473668895722	0.00019406555603468	0.0189773855386888	0.592246291318028
AT1G16630.1.DE	-5.9063013727727	3.8226403177032	1.40581858654517e-08	4.408614769737e-06	0.320114798505377
AT1G17190.1	-3.58745837166191	3.79560529083068	5.03224594207297e-05	0.00626916739897611	0.292550235202299
AT1G17540.1	-6.83095331002355	3.00227478561171	1.30147724298858e-07	3.38173367813881e-05	0.435808486001642
AT1G18120.1	-5.46974378758538	2.2175367032676	0.000180264760877862	0.017884230803748	0.625478470445021
AT1G22170.1	-3.9417027811097	4.06831142056017	1.75788219401831e-05	0.00263518131315394	0.304789019647056
AT1G22350.1.DE	4.31129919766543	3.58374883035725	1.31381081131874e-05	0.00200249722710666	0.338846405919186
AT1G22690.1	4.3677803392639	4.32641737956448	1.57096419441384e-06	0.000299724588225125	0.288503729738154
AT1G23410.1	-4.6997815998044	2.56910552107524	0.000110316793768162	0.012335135591708	0.480797063236841
AT1G23560.1	-7.46432700628536	4.81508283173185	2.47926470773018e-14	2.18199287164524e-11	0.245616035636653
AT1G23670.2	-9.83081096717965	3.7953770099755	4.70675080190901e-13	3.37932321390746e-10	0.342626180074549
AT1G23690.1	-11.9373052556539	2.72501010143875	5.36756082032802e-10	2.18571883374641e-07	0.46548766830953
AT1G26450.1	-3.95941301468853	3.43182916853034	0.000123013890809651	0.0131342900450642	0.380321329564795
AT1G26480.1	-8.54729873590488	5.03640152177108	4.07780810441902e-16	5.29784945299352e-13	0.251920671770615
AT1G26610.1	-5.77997039857886	2.819352452996	8.86480509628943e-06	0.00142269692612979	0.486429387549156
AT1G26770.2.DE	-3.33359205981246	4.59147616269988	0.000140755150629333	0.0147134972207667	0.295026693078686
AT1G26780.2	-9.22625736207345	3.13444509989261	1.87940227513083e-10	8.40585774957285e-08	0.402620867812899
AT1G27040.1	-7.58887475739249	1.50765751183042	1.81804816063972e-05	0.00271048130965756	0.675523062841244
AT1G28270.1	-8.09422782701767	4.77874841575563	3.92958647649795e-15	4.4671211599289e-12	0.251768787189624
AT1G30795.1	-11.8375894043643	2.62602978757509	1.82337902249353e-09	6.63296664942547e-07	0.49188446055936
AT1G33720.1.DE	3.24095907110681	3.53006159298245	0.000594846288751113	0.0483011645714185	0.340853377573401
AT1G35110.1	-6.25419352236126	0.795898733399366	0.000302618429162854	0.0285686456846026	0.741585918998375
AT1G44160.1	-6.0236034953816	1.67660972469273	5.28289217055004e-05	0.00646336982462407	0.594928972863314
AT1G47980.1	-9.07349512318035	6.97581679870909	4.90482065782971e-17	7.43434566708712e-14	0.267612252350755
AT1G49290.1.DE	-6.13675624153241	1.96168025525562	2.2955508467523e-05	0.0032450525260074	0.562217684954276
AT1G51260.1	-10.7421041918449	1.54428400528817	1.27463248400822e-06	0.000253837942052527	0.656331176340606
AT1G51800.1.DE	3.73829227292148	3.48395657468407	8.01671027151422e-05	0.00922868803112752	0.329641926456748
AT1G51915.1	-9.41436288989445	0.254991704317505	0.000151335590238426	0.0156397307139203	0.859785580782795
AT1G53130.1	-12.4075324735101	3.19216625732214	3.46408773966033e-12	2.14797058638983e-09	0.388385717733767
AT1G53140.1	-5.20039650900435	3.58566596914408	3.39795126616347e-07	7.92361576023401e-05	0.328353945138926
AT1G53860.1	-6.66738605945625	2.05593706226114	1.18255688679699e-05	0.00182794712628527	0.581806396930776
AT1G60760.1	-9.45330521747244	0.291597032815074	0.000122269075533119	0.0131333353849216	0.840162830550735
AT1G61860.1	-5.02784748797667	2.98921742086027	7.60067139279545e-06	0.00126849116241983	0.399013911159133
AT1G62180.1.DE	3.06480714629236	8.53505437324668	0.000228940765896847	0.0220667368254389	0.275059245538194
AT1G62560.1	3.30089013826182	5.49394488897158	3.6364171177119e-05	0.00467982868974216	0.248599377168811
AT1G63650.1	-5.33578079021613	3.20426816067338	1.15159042239316e-06	0.000234468966374273	0.370512157805423
AT1G66100.1	8.50286896760673	5.93466076756143	1.6816873617986e-08	5.21380412408536e-06	0.531808048568158
AT1G67110.1	-7.28921495951958	0.405299143028996	0.000294403545845851	0.0278896247962234	0.822282000400666
AT1G67830.1	-3.31213588719052	4.9786792741007	9.6982358533996e-05	0.0109791273356142	0.279467160683999
AT1G68610.1	-5.3470326048965	1.87093941122677	0.000123240781861835	0.0131342900450642	0.566447675096604
AT1G68875.1	-10.8807483917738	7.2811464565571	1.52149809459708e-19	6.91850541914867e-16	0.282433776093449
AT1G69500.1	-6.72754433283789	5.67454215073179	2.88065671056233e-12	1.87126088176838e-09	0.25927149405711
AT1G69720.1.DE	3.19509751297972	4.16595897845736	0.000134748250854883	0.0142493663878828	0.272766933416912
AT1G69940.1.DE	-10.0126221672538	7.65609813695698	5.07818524036117e-19	1.53942364347527e-15	0.267610125043377
AT1G70260.1	7.06416789028141	4.50907865294541	1.52176034259338e-12	1.03795468567438e-09	0.263538509800908
AT1G70440.1	-9.98384687985897	0.803904674075355	2.97730559416464e-05	0.00400146938549723	0.785180593056819
AT1G70890.1	4.38420266385552	4.31097805117789	3.26915332297937e-07	7.68899225093502e-05	0.256077271298638
AT1G72110.1	-9.71319464676606	2.82794164380866	1.2933615009365e-09	5.04096883286435e-07	0.452558708981106
AT1G75520.1	-5.66408589431735	2.51483804180808	1.88146147242119e-05	0.00278141427231021	0.511674496953481
AT1G75580.1	-3.9978498037129	3.43236490415052	3.03534484335461e-05	0.00402006375540019	0.327703457065949
AT1G75910.1	-10.8264533343902	8.48826721903204	1.15940119088602e-19	6.91850541914867e-16	0.285759435108531
AT1G76540.1	-5.22473256733268	4.54192929786939	3.2297032317214e-08	9.27536771274261e-06	0.285938501914635
AT1G78290.2	3.14475758454223	5.6848147317155	0.000105260548866471	0.011818203928905	0.259228808359625
AT1G80160.1	-4.26437343146573	2.70977589189833	0.000214189688121049	0.0208704902178806	0.45055589965997
AT1G80180.1	2.73775005448765	5.44676313001527	0.000472971263009795	0.0407747836335046	0.250228058118623
AT2G02990.1	-5.17700804217942	4.87097223948094	8.52949432689462e-08	2.27864897896587e-05	0.302239253412252
AT2G03210.1	-7.06259654062521	0.992962246228905	0.000158648922173946	0.0159531516469168	0.778561094026867
AT2G03530.1	3.21744607832974	5.09116048177655	0.000504027595263808	0.042706164228517	0.331924852250525
AT2G04235.1	-3.31527386875711	3.25624536180876	0.000532205225300372	0.0442261457420856	0.347678692770915
AT2G07170.1	-6.37448727806474	3.59429631559294	4.64773187898641e-09	1.60511479562514e-06	0.330077193888906
AT2G15535.1	-10.7957161604862	1.59709024820517	1.16406525671208e-06	0.000235253277028708	0.657970024370962
AT2G15555.1	-9.20097723839532	0.0507444081978871	0.000231319383208427	0.0220667368254389	0.870073172750773
AT2G16270.1	-4.04045790817893	4.01889622508906	3.89167433232871e-06	0.000693964384372054	0.274326480944897
AT2G16535.1	-11.3979490714911	2.19090662422874	4.88453490743125e-08	1.35984454979027e-05	0.567438217058974
AT2G16780.1	-3.79416151989226	4.29954813997969	6.6592987960572e-06	0.00114267703806811	0.261998915446668
AT2G16910.1	-8.0365426752628	5.58282215734554	2.34694197958356e-12	1.56174678119459e-09	0.322100723147825
AT2G17000.1	-9.07455484852044	-0.0705933699579465	0.000382991263402256	0.0344856456745999	0.915253449655096
AT2G17890.1	-6.50565210296273	1.68331569658819	3.02693120171856e-05	0.00402006375540019	0.614351534318035
AT2G18130.1	-11.051987602127	1.84923280681966	2.92322049829942e-07	6.93514998740026e-05	0.61245230363145
AT2G18690.1	5.47400539609717	3.18887936273205	5.04518956431353e-07	0.000114706589069305	0.358567653156126
AT2G19910.1	-5.4947530891014	4.13965251837989	1.83134802333523e-08	5.49062287040167e-06	0.294440983419663
AT2G21480.1	-7.89975811499741	2.73668753492461	6.42669193795589e-08	1.75339436143251e-05	0.478295422184122
AT2G21720.1	-10.3299712779709	1.140245663956	7.1443399380391e-06	0.00121067718341317	0.717165619642112
AT2G24210.1	-7.63142063341463	5.17684529688492	4.40333911453611e-13	3.24692705572672e-10	0.280944858594889
AT2G26010.1.Hnull	-5.35602662788107	5.09334259996796	0.000569286948776299	0.0466422096800714	0.738529751123246
AT2G27120.1	-7.9971005992376	1.95136727708737	1.35728740978009e-06	0.000262630300716527	0.578208848527615
AT2G27670.1	-9.90201119249857	0.724203269571655	3.33030636167388e-05	0.00434740423280136	0.78212214241403
AT2G28140.1	-4.8952735789949	2.17055780373009	0.000139699766962361	0.0146593413155158	0.521943478646843
AT2G28315.1	-4.01051816457505	3.32748339723322	7.17307494725147e-05	0.00836337623016503	0.363758083374509
AT2G29550.1.DE	-3.5206251911123	7.24630247897154	7.47772913289279e-05	0.00868148442266868	0.300884902856362
AT2G31220.1	-6.13721410794826	3.88733659102383	5.83376610382593e-10	2.34062706780416e-07	0.281151602137454
AT2G31270.1	-4.42734580496599	4.20918063573085	3.08046317147605e-06	0.000560295178049208	0.311881833462488
AT2G31880.1.DE	3.41598117812076	7.00984115378158	6.44567499347582e-05	0.00774701986110135	0.281392148213727
AT2G32670.1	-4.98223976827115	2.86796884918787	1.58067534302074e-05	0.00238262792174778	0.422477147542469
AT2G33010.1	-7.49723199902892	0.665011884515847	0.000137639860826159	0.0144989510537455	0.787159611638162
AT2G33100.1.DE	-5.15222411610098	2.91378760146361	3.41962543928785e-05	0.00444274480286144	0.483428093745199
AT2G33190.1.DE	-9.00658135311647	-0.132947916027651	0.000374048354812859	0.0342455075985209	0.896847147428828
AT2G36270.1	-3.43012389836719	4.08813096972337	0.000433757057344671	0.0380228989499649	0.359347703094687
AT2G37640.1	-3.52366459481686	4.74440734281456	0.000149017849164396	0.0154587603754837	0.325989715030778
AT2G38790.1	5.41873084271626	3.80184548175064	4.73497897139569e-08	1.33179826058339e-05	0.30559796664939
AT2G38905.1	-5.73249971446414	1.66446730377953	0.000573719124524498	0.0468646074083889	0.781611027697809
AT2G39030.1.DE	4.01628678233918	2.67632083726025	0.000528019845303207	0.0441207480712161	0.467351954621717
AT2G39400.1	5.50181322768188	4.22656388522582	1.93561042279222e-08	5.74013686576523e-06	0.296845923400992
AT2G39510.1	-9.67116148204759	5.29978814871184	2.05515919829159e-18	5.60709084069894e-15	0.249077492492084
AT2G40116.1	-5.71174366669646	2.92442771885989	1.2297491708114e-06	0.000246700342847407	0.406297048229579
AT2G40205.1	-3.52029415479581	4.48806734042525	2.63620336055028e-05	0.00365538638466385	0.265850325036807
AT2G41550.1	-4.24981762394868	4.2400068918184	6.61602830768618e-07	0.000144404080254882	0.257481580433932
AT2G42410.1	-10.8560572577937	1.65630038356163	7.73189907595945e-07	0.000166101891723938	0.641198246507547
AT2G42830.2	-9.39923068219816	3.33777031573371	1.13029252933976e-11	6.16755421559534e-09	0.363796764508725
AT2G42840.1	-7.76459607265116	7.71076380469756	4.72143686587353e-11	2.34209021839323e-08	0.357174306512741
AT2G43100.1	4.12934007954015	5.35593135847985	8.47345236247913e-07	0.000180610313129311	0.252978810411295
AT2G43386.1	-9.29146023966595	0.137006778240812	0.000189013521504366	0.0185498413928188	0.863165899303158
AT2G43550.1	-3.21819321254655	5.86338600536486	0.000358959672652968	0.032974736528589	0.316829124216127
AT2G47230.2	-3.51195526761488	3.57957048951471	0.00012087098429093	0.0130916886762909	0.312408887576318
AT3G03080.1	-6.74329654335021	1.91581166028332	8.7139866120915e-06	0.00141514105201007	0.570717332099594
AT3G03430.1	-9.65859825870135	4.11255627386609	4.51595993761475e-15	4.92835739911773e-12	0.290709272306362
AT3G04290.1	-5.13192534859462	7.89558383782891	7.07459269019522e-07	0.00015318739076714	0.349426391176153
AT3G05470.1	-4.66573530719144	3.87694054624301	3.57011615368784e-06	0.000645056152457387	0.340488607187296
AT3G05820.1	-5.09330986395543	3.51147336965479	4.01387825171978e-07	9.20257481862781e-05	0.322031882229878
AT3G06160.2	-6.16148541790721	3.788752828794	1.99023233353134e-09	7.14467220470205e-07	0.302290980556376
AT3G07840.1	-11.1116610150907	1.90788405528908	2.16302480667362e-07	5.22246069030765e-05	0.604101836121035
AT3G07850.1	-9.01245221367846	8.59075414369127	1.29402952878171e-16	1.76525038168757e-13	0.27581914283382
AT3G07960.1	-4.5929165610862	3.11247437970548	5.11997298776153e-05	0.00634946468295899	0.430316094203328
AT3G08770.2.DE	-8.89830121911957	9.06475749818743	5.18120498246855e-16	6.33721772509392e-13	0.283436962890603
AT3G11000.2	-5.96694077012793	4.75448998384032	4.80740795503377e-11	2.34215198637833e-08	0.245291986020167
AT3G11050.1	-3.85799720771267	2.7848130597667	0.000388475527111184	0.0348644006782054	0.423252149748991
AT3G11520.1	-5.35974002541339	2.84785088563195	5.42982420464214e-05	0.00661347740068088	0.536027050960528
AT3G11740.1	-7.22085483712594	0.401941198042584	0.000340779530022192	0.0316241085632499	0.84089931592601
AT3G11825.1	-10.2854219992167	1.09731644870954	1.00780299181853e-05	0.00158935774715519	0.738060843311536
AT3G12000.1	-11.3231025515637	5.23126625345729	1.18285728199684e-19	6.91850541914867e-16	0.260395064724756
AT3G13229.1	-5.5065954442692	1.17847128831227	0.000393051399927345	0.03504451419679	0.670615906783175
AT3G13390.1	-7.85180384797451	6.26464216326591	4.28618078586745e-14	3.65437094940068e-11	0.273339644100107
AT3G13450.1.DE	-2.81623523648751	5.01813185634782	0.000307584307532621	0.0289373195255603	0.246558334646114
AT3G13640.1	-4.84082146193947	3.14500245174889	1.03406683810308e-05	0.0016214049163199	0.39102770553341
AT3G14020.1	3.36008470428437	4.35946122376282	6.51128544950967e-05	0.00775752842440927	0.272073980899549
AT3G14520.1	-7.55574729106137	0.721563003117166	0.000118900900066659	0.0129758930260747	0.783007512912548
AT3G14890.1	-3.96263202377857	4.44117543245553	8.77932879290052e-06	0.00141731613879707	0.288376179485556
AT3G15720.1.DE	-5.31903666365788	1.55857101135648	0.000551514933177729	0.0453222347044819	0.6981533230427
AT3G16360.2	5.84944410231401	3.63680272215646	1.79154271085016e-08	5.43096219779166e-06	0.319331494541969
AT3G16660.1.DE	8.35663342185241	4.38582260321653	6.83111430032932e-15	6.65618898056732e-12	0.26351638849458
AT3G16920.1	-3.26771051483639	4.14093360773932	0.000231138708460718	0.0220667368254389	0.303843399977892
AT3G17060.1.DE	-7.12913775823457	4.04849342290783	2.67852034761836e-11	1.37883152158626e-08	0.297855967774605
AT3G18850.1	-4.28314242528641	6.53245405637166	5.54839201038713e-07	0.00012407932722901	0.26028802625406
AT3G19030.1	5.70189698142368	2.1835538903025	3.90167318786905e-05	0.00499762204622682	0.556518012217449
AT3G19660.1	4.91954595158315	1.53486136703427	0.000473760451996516	0.0407747836335046	0.611489630929765
AT3G20670.1	-4.27701192058331	5.33415576277333	5.20152572394984e-07	0.000117283658121094	0.257493648496899
AT3G21980.1	-9.97905444681894	0.799068048430734	2.71585423061023e-05	0.00370483254868695	0.775544932453814
AT3G22000.1	-10.3306345242739	1.14129003472765	7.55362260072049e-06	0.00126849116241983	0.721431234789916
AT3G22060.1.DE	3.36105115619938	4.01174797608023	0.000124565687222046	0.0132238351925256	0.293500270105224
AT3G22800.1	-7.54912259120134	2.01739237757714	4.49855788302275e-06	0.000796975030665648	0.610627116234592
AT3G23770.1	-10.8230656609609	5.29527153920283	1.42935032939217e-19	6.91850541914867e-16	0.25540505400129
AT3G25610.1	3.86423662962161	4.4985986383734	9.50738760109802e-06	0.00150808172046952	0.278669228233806
AT3G25760.1.DE	2.73800317120595	5.15108786657513	0.000380078418914368	0.0344856456745999	0.242127799065159
AT3G26050.1.DE	-5.11826330368862	2.76241771704012	5.27912657109495e-05	0.00646336982462407	0.497882915439468
AT3G26170.1	3.68640551654245	5.09833542949566	0.000535135521072629	0.0442299435495911	0.418043308150397
AT3G26320.1	5.10376499265286	1.98096264292682	0.000156796405208404	0.0159531516469168	0.557750262588215
AT3G26830.1.DE	4.38751370698043	2.2410361994794	0.000525017312971476	0.0440739918455408	0.527411629366379
AT3G27060.1.DE	-3.48200995637699	5.73936000597874	6.492352661017e-05	0.00775752842440927	0.290026476726453
AT3G28790.1	-10.0331514107129	8.73754585558105	3.67248651894999e-18	7.70741920742405e-15	0.285918861642504
AT3G28830.1	-9.06693625997442	9.12219619076727	5.76511467367049e-17	8.27840124430274e-14	0.272460798264751
AT3G29060.1	-6.31006383710746	2.11148510264393	1.18589099934938e-05	0.00182794712628527	0.545976441142691
AT3G29070.1	-10.8794124799022	1.67944572425235	8.74078019454391e-07	0.000184864113215303	0.651259651940473
AT3G29410.1	-10.6773369067478	1.4805582397021	1.64766602312648e-06	0.000312175500756665	0.664129525267331
AT3G30775.1	-2.84012037934644	6.50304733849642	0.000499818761487625	0.0424814805908625	0.269627643477023
AT3G42660.1	-3.68966844028966	4.00269604580282	2.49791402728472e-05	0.00351113513912243	0.284124435551315
AT3G42960.1	-9.85949566284512	4.69070860155666	4.21894160037507e-17	6.77090492253135e-14	0.265559773689921
AT3G44860.1.DE	4.33432162757081	6.24906798880164	2.68116991373549e-07	6.41669813653028e-05	0.25134132845239
AT3G45260.1	4.59009582991241	4.54081638120673	8.60245738494609e-08	2.27864897896587e-05	0.251021594342006
AT3G45730.1	4.28069436546169	2.39827698443221	0.000518164963971865	0.0436330083705074	0.511418305216879
AT3G46900.1.DE	4.1689411120285	3.22571681071865	8.35443596729082e-05	0.00957706203763006	0.390424564062412
AT3G47690.1	-4.17843853011426	3.27704042363788	3.45263357092866e-05	0.00446436974955672	0.355175701710871
AT3G48290.2	-4.05547563603682	3.83458495854381	1.89621029450463e-05	0.00278141427231021	0.320430163561462
AT3G48720.1	4.65084407161076	4.97455863490905	4.32201109194008e-08	1.2283065481396e-05	0.245911974176779
AT3G50480.1	3.50761819924268	6.35242385339275	3.02456440119238e-05	0.00402006375540019	0.27016983954327
AT3G50740.1.DE	6.61524401816484	6.16250377688832	1.24102050177975e-10	5.83771764656154e-08	0.299777356273348
AT3G50890.1	-3.90894380176571	3.81618255792225	2.0635146837446e-05	0.0029908457817625	0.305350459588776
AT3G52630.1	-4.91243710209933	2.84849258329686	6.87396033248894e-05	0.00815401129353459	0.486028294396902
AT3G52910.1	-4.52107329612425	3.33404827624849	7.82207714985643e-06	0.00129339230836081	0.345675541243645
AT3G53075.1	-10.7719758096727	1.57376806828164	1.32623084932395e-06	0.000258453973300752	0.662548698953354
AT3G54180.1	-6.09740569950329	3.44792664588526	6.21998993142723e-08	1.71414126564777e-05	0.363250313066286
AT3G54820.1.DE	-3.231403804081	5.35578022823791	4.84218054370918e-05	0.00606357816765177	0.247404917020901
AT3G55880.2	4.37223762067211	4.70889668929324	1.68311162075621e-06	0.000316691961028219	0.290837313101028
AT3G56220.1	-6.15024633956422	3.2718215614963	1.14174343721597e-06	0.000234468966374273	0.456353568740892
AT3G58280.1	-9.08109106903529	-0.0618953537299308	0.000355413966370901	0.0327593217719503	0.906441483494458
AT3G58990.1	3.72728919620614	5.55532486955638	9.1839405524459e-06	0.00146529502978001	0.263764684677693
AT3G59845.1	-7.83741397675923	2.268633982046	8.81385766651189e-07	0.000184975752858034	0.557640749422438
AT3G61250.1	-5.08103714101377	3.303513941251	1.29676710576011e-06	0.000254530193859375	0.34958691996847
AT3G61610.1	-3.45469836374805	3.29068925823566	0.00038130529102656	0.0344856456745999	0.354107985236421
AT3G61950.1	-3.6501626840344	3.56250310079895	0.000157884220633852	0.0159531516469168	0.344494695803354
AT3G62150.1	4.1143831512642	4.50428341618448	6.41532209628936e-06	0.00110777995413331	0.296803515010432
AT3G62170.1	-9.27295879109683	7.91498593344589	1.36485414503013e-17	2.32733222742857e-14	0.267157342401936
AT3G62180.1	-7.87356316886241	3.6899026457409	1.15456300026466e-11	6.17645928161189e-09	0.31548457902933
AT4G02410.1.DE	3.90474819160526	5.49039887723611	4.33419101416622e-05	0.00549998760183707	0.33250168277625
AT4G03100.1	-4.87245987999671	3.66033621850466	7.0103322821569e-06	0.00119539309783804	0.385805629196559
AT4G04490.1	3.40783716247732	4.02283722572233	0.000146787342620832	0.0152854926287182	0.305965537637421
AT4G04655.1	5.1925858284055	2.14287920478726	0.000308892323088622	0.0289605128894394	0.627211317479822
AT4G04930.1	-7.52829452699324	4.30366725507609	2.75127390281855e-13	2.14465731115996e-10	0.267433490525911
AT4G05520.1	-3.3994981070604	3.90242803605455	8.9866964217348e-05	0.0102587463796732	0.286767847441697
AT4G08550.1	-9.35830961057788	0.200724215788287	0.000159046191693046	0.0159531516469168	0.853896396942072
AT4G09644.1	-10.0375490441033	0.856224117603402	2.91947953094707e-05	0.00396279403198154	0.79262141776502
AT4G10120.1.DE	2.98992958321174	8.58886177216401	0.000382664880462302	0.0344856456745999	0.283275789635064
AT4G10500.1	8.48766724213961	4.1858886023684	9.15056988438933e-13	6.40141020912292e-10	0.318241764393408
AT4G11320.1.DE	-6.23087041501862	6.85208095046225	6.46176359363581e-10	2.55501878442269e-07	0.30002913765374
AT4G11760.1	-10.5254693576353	5.70764067319285	6.64534446075267e-18	1.2086995528181e-14	0.284356097897482
AT4G12320.1	6.9424926729569	6.40572372314428	4.18013912464815e-10	1.72798084451175e-07	0.338550412976813
AT4G12940.1	-8.42030624668007	1.55940689216965	5.36689727181968e-06	0.000938622168378566	0.66142405637298
AT4G13210.2	-5.76601198453238	3.38843181470005	1.55573276437803e-07	3.93009787134498e-05	0.356735046938208
AT4G13230.1	-10.9584744818474	5.40955456493039	1.78509422852995e-19	6.95753226242609e-16	0.261005023273651
AT4G13240.1	-11.1201456334433	1.91622118063337	2.1327870115654e-07	5.19543107469097e-05	0.604284727655947
AT4G13450.1	-6.82450018566396	1.27028522186867	0.000110988876549972	0.0123596306894403	0.73147916758202
AT4G13495.1	3.17362644165042	4.77573483390286	0.000178566947312011	0.0177804453412905	0.28047040742267
AT4G13560.1	-8.377714250058	6.23825457021599	5.94322582396749e-15	6.1181896728706e-12	0.27783319147472
AT4G13770.1.DE	3.4463905880642	8.01746706139165	3.32817693413702e-05	0.00434740423280136	0.265466112725397
AT4G13830.2	2.99465673849042	6.29330407279478	0.000528808584806937	0.0441207480712161	0.297467845746717
AT4G14080.1	-10.3156683598599	7.36702834128077	4.18020225444726e-19	1.42560572635106e-15	0.274273515155107
AT4G14390.1	5.61536846357999	1.49861500208045	0.000152826274336593	0.0156750347470875	0.618709030651054
AT4G14400.1.DE	5.92638858681201	9.66255621718608	1.19931285830318e-08	3.80475031547507e-06	0.328380328390118
AT4G15210.1.DE	-4.05619226330677	7.87817865424905	5.70763554685478e-06	0.000991856182323815	0.290219951492392
AT4G15480.1	-4.82186282409495	3.43818172504118	2.80241647795404e-06	0.000516610329513649	0.349019733390173
AT4G15500.1	5.2753223413063	1.77183064134679	0.000158668674542033	0.0159531516469168	0.584452095369604
AT4G16260.1.DE	7.67709645943334	3.14040905761439	5.48753995113624e-09	1.82581161569329e-06	0.410398442088798
AT4G17210.1	-6.03227453185911	1.22442304287745	0.000154180097670997	0.0157546651863588	0.662566550461816
AT4G17370.1	3.6465274578893	4.15187037442821	2.04657515280835e-05	0.00298592031519092	0.273446294549644
AT4G19370.1.DE	4.06830829616383	2.67692900872942	0.000445814177066596	0.0386131688663744	0.465708883562572
AT4G20160.1.DE	-6.9634065807625	1.90571324428409	2.18016358610588e-05	0.00311420958742025	0.658542530397591
AT4G20320.1	-3.94098584110469	7.46268434848136	0.000104977387063361	0.011818203928905	0.37527724442694
AT4G22690.1.DE	4.18272145260219	7.23712123382176	8.24185624289597e-06	0.00134648241841276	0.314810809209873
AT4G22960.1	-5.21513735652618	3.81189681390357	6.50599302132473e-07	0.000143147586774841	0.34626869936917
AT4G23200.1	5.64619599553843	1.50597649762322	0.000183197403206448	0.0181093288104403	0.635027653555748
AT4G23300.1	3.88137196943283	4.63353689398598	2.86618283001809e-06	0.000524819235915325	0.252426575889733
AT4G24130.1	-4.90486159339774	5.3430504798556	9.19866901929611e-09	2.98770579587447e-06	0.243191065480208
AT4G24350.1	2.68858569821151	5.5505694729714	0.000493696041326268	0.042224166443588	0.244499935209599
AT4G25850.1	-5.6595212452263	4.91770682640769	1.48208028935356e-09	5.46426980195043e-07	0.269848566503535
AT4G26760.1.DE	-3.75263656971671	5.43001652465143	3.74448887634616e-06	0.000672111118508897	0.245544863730415
AT4G27420.1	-9.35931214091716	3.86277150291791	2.29982006553852e-13	1.84547031906139e-10	0.322263189073563
AT4G28250.1	-3.94365091835012	6.41838875784024	2.50951637330526e-05	0.00351113513912243	0.319774079029984
AT4G28395.1	-11.3304050359526	6.49226428306093	7.89250141447092e-21	1.07665558045505e-16	0.264889023061333
AT4G28397.1	-10.9797012707686	4.05253655157172	5.34237465370964e-16	6.33721772509392e-13	0.293220127571237
AT4G29110.1	4.27926556313568	4.52358508977686	1.14993174011369e-06	0.000234468966374273	0.272714282104385
AT4G29700.1.DE	-4.86305802319312	5.76398522456358	1.66629295698734e-07	4.17077713261336e-05	0.289253929201004
AT4G29980.1	-12.4082565072659	3.19287848433821	3.01222042112038e-12	1.91121883138203e-09	0.38595434648657
AT4G30130.1	-4.07945402206185	4.54656725595475	4.92442250880069e-06	0.000866793672952318	0.285909645530668
AT4G30140.1	-7.44474282470263	3.40679744895885	3.91886932022188e-10	1.64490017944021e-07	0.34418782061173
AT4G31700.1	-2.9860074425566	8.16760746723321	0.000377836338857549	0.0344766181707375	0.282111013451878
AT4G32280.1.DE	5.90251670329347	3.34465322039785	2.07529421407013e-07	5.10092360743022e-05	0.379074291241855
AT4G32480.1	-3.85099970496164	3.88951908794878	0.000418676770363163	0.0369668554233598	0.43038647018478
AT4G32500.1	-10.1985735266721	3.30711439110687	9.1882084643151e-12	5.11595697003896e-09	0.380682042208982
AT4G34510.1	-7.59847314483178	4.33171185000728	9.17177219371839e-12	5.11595697003896e-09	0.309628471005752
AT4G34950.1.DE	3.6103943906655	5.70204577862402	4.84499520048414e-05	0.00606357816765177	0.297324394101115
AT4G35610.1	-8.14400887635328	1.28995093153826	1.53571678696959e-05	0.00232772006104951	0.696223541357888
AT4G35620.1	-6.11762347615267	3.07711006978623	2.25687729449566e-05	0.00320699912633985	0.590871294939417
AT4G37750.1	-5.14500904596563	5.00021468596258	2.99001265888914e-09	1.04585276118554e-06	0.244920763103546
AT4G38660.1.DE	-4.82081005304189	5.57818758667434	1.44710263633587e-06	0.000278037332585574	0.335289679832884
AT4G39480.1	-8.19528138075411	5.64336196795107	6.05472716224411e-15	6.1181896728706e-12	0.267077254264911
AT4G39630.1	-4.66189910422256	2.17195243467509	0.000325072802548815	0.0302694923956973	0.54107424258518
AT5G04180.1	-6.52733157778245	4.54555214107753	5.7513265408766e-12	3.41116178292905e-09	0.25175180415052
AT5G04620.2	-3.03080056224475	3.96109882468209	0.000610330984212692	0.0494114547248513	0.307426687255368
AT5G07230.1	-14.3647905360117	5.14339176036828	6.29072164019168e-21	1.07665558045505e-16	0.262610815874618
AT5G07520.1	-8.38988810517022	5.00156136800643	3.27363186826659e-13	2.48095828505326e-10	0.309769257783302
AT5G07990.1	-3.3564014755134	5.50017266943313	0.000478492898716475	0.0410525841373635	0.353550417172317
AT5G08480.2	-4.22289498730181	2.24471412148857	0.000509100021558852	0.0430024021306196	0.501469937683872
AT5G08640.1	-4.60302444491682	7.4008531089046	6.20194548938902e-07	0.000137567218526017	0.294008106369502
AT5G09780.1	-10.1959499332489	1.00989294208886	1.2815487386604e-05	0.00196429742903774	0.743975066072088
AT5G09970.1	-4.75539932917637	2.22393147892461	0.000229704365086999	0.0220667368254389	0.534865716772472
AT5G10660.2	-5.05419303643239	2.3666168379567	5.79308233040641e-05	0.00699348076196806	0.49059100973723
AT5G13060.1	-4.6922345033179	2.61080104789439	9.52386402654249e-05	0.0108266492598399	0.472369600322339
AT5G13380.1	-10.6033922871201	5.74800933835701	2.39265390025571e-18	5.93443421460695e-15	0.278009509849837
AT5G13670.1	-11.2181910950676	2.01313362255934	1.09306421888514e-07	2.86750683498493e-05	0.583617463392401
AT5G13840.1	-4.62093269771013	4.44316198480731	1.45520163081073e-07	3.71049215826253e-05	0.262848440458643
AT5G14000.1	-4.43562590127413	2.09338543467495	0.000412566928566615	0.0365456607535161	0.524001764145925
AT5G14180.1	-5.22018194056649	2.33633455123191	4.62003912706205e-05	0.00583557997702009	0.502341885086456
AT5G14380.1	-7.3250140085871	5.64258391186488	2.65713442394888e-11	1.37883152158626e-08	0.31774707247141
AT5G17165.1	-4.35059107755439	2.23734560158509	0.000425056597845315	0.0374090940613346	0.510290242029987
AT5G17340.1.DE	-12.8060475854737	3.58870699740011	2.39297864316544e-14	2.17625454404943e-11	0.335619461857625
AT5G21080.1	-12.3712581172271	3.15605491976619	6.12703442945012e-12	3.55667830507846e-09	0.396490198562778
AT5G22420.1	-9.30737860540417	0.15246230627896	0.000187665341664923	0.0184840199156826	0.86600592988453
AT5G22740.1	-2.86068211052005	6.97305511996627	0.0003546523695375	0.0327593217719503	0.259755281391513
AT5G23010.1.DE	5.41725663254396	7.31384157953288	2.98568844904312e-09	1.04585276118554e-06	0.266522908246863
AT5G23190.1	-6.43483906753615	2.0337338563378	2.08283802563822e-05	0.0029908457817625	0.588804516353315
AT5G24160.1	3.50332117861193	3.44892408364329	0.000438502084927111	0.0382225315752919	0.370362626454243
AT5G24770.1	-5.62509910599255	8.81547621462341	1.69729920446671e-06	0.000317174069831954	0.427239189908502
AT5G25340.1	-5.38789349441134	2.23445167721147	0.000113925970566255	0.0125332348990288	0.578912295857673
AT5G25550.1	-11.5952438183627	2.38592217400299	8.12472658210886e-09	2.67068572698405e-06	0.518567953167543
AT5G25580.1	-3.62910305082523	3.04335233790792	0.000390997058553775	0.0349756483558119	0.384078943056237
AT5G25930.1	3.33360527603703	3.30388448343278	0.000594559641308523	0.0483011645714185	0.356706749343085
AT5G26700.1	-5.86830022326831	4.5103975148361	1.33815383161434e-09	5.11601541215747e-07	0.280541541856463
AT5G26920.1	5.99819686425462	4.48341210231978	2.77824258978019e-10	1.22256117059634e-07	0.267178611593912
AT5G35670.1	-2.88399582060411	4.58387482654948	0.00022115843854369	0.0214728315971085	0.245024688940523
AT5G36260.1	-6.99008457382267	3.22717766774114	4.77807958603262e-09	1.6295043168216e-06	0.370757374655108
AT5G37170.1	-8.85770934644268	-0.273929237607685	0.000536601961474715	0.0442299435495911	0.916922584841032
AT5G37810.1	-9.77355821768313	2.88820941151367	1.43795606284014e-09	5.37421304965309e-07	0.460199912000482
AT5G38760.1	-9.9792877726672	6.09957572138539	2.6811770714564e-18	6.09587950337875e-15	0.26767495824198
AT5G39670.1.DE	4.22115987484427	2.99360291749533	6.96449630798408e-05	0.00822564297708786	0.388025143374905
AT5G41740.2	3.15426044928207	4.89880672190945	5.51990004772836e-05	0.0066933081334299	0.240562250473969
AT5G41780.1	-5.2903941494524	2.41388682491318	2.65281128968017e-05	0.00365538638466385	0.483843761187735
AT5G44568.1.DE	4.65819973630898	2.70157618121475	7.85816575556022e-05	0.00908450577580294	0.457486574011607
AT5G44630.1.DE	-10.2734011298351	5.6963892585227	5.19225234122797e-18	1.01185871875516e-14	0.275941585526826
AT5G46260.1	3.70115914861444	4.27023505306033	1.88892841512463e-05	0.00278141427231021	0.277601253748144
AT5G46700.1	-3.82944961090147	4.77839061610327	2.08171900213718e-05	0.0029908457817625	0.297600759364077
AT5G46970.1.DE	-10.2944033738393	1.10619493695519	1.09992755932148e-05	0.00171481849148388	0.746572656908324
AT5G47220.1.DE	3.71053152982087	4.3051605463884	7.62498811116268e-06	0.00126849116241983	0.255759383605042
AT5G53510.1	-7.49407437256759	2.89468640846387	3.08927293369193e-08	8.96645036701243e-06	0.434688930784846
AT5G54720.1	4.19678063913782	3.02157790458091	0.000121674087654758	0.0131210835315603	0.41220058811825
AT5G57123.1	-8.72932696395241	4.3458898678935	6.1353671929747e-14	5.07246130684632e-11	0.295079481541843
AT5G57240.1	-6.35768269553817	3.77450430297304	8.28044811238356e-08	2.23678679059565e-05	0.395378317767672
AT5G57420.1	-9.3509219013911	0.194890283830487	0.000224544104967958	0.0217242440278043	0.897508778505794
AT5G57630.1	3.51970955216903	4.67865781576528	3.95741193324581e-05	0.00504533036330586	0.277876448002531
AT5G57810.1	-8.43403436444972	3.26886519300838	1.3743349999899e-10	6.35525115334314e-08	0.369940127242756
AT5G58770.1.DE	3.11669627103428	5.33279182022919	7.08379507419557e-05	0.00829472879868145	0.243342514830157
AT5G59970.1	-3.45610097031856	5.70822819463318	7.04274651127659e-05	0.00828220918392927	0.289102189475249
AT5G60250.1	-4.34281743816816	2.27575642590229	0.000403765522171744	0.0358825235876602	0.505973109198871
AT5G60660.1	-4.08678253044143	3.44118612151946	5.22887273164048e-05	0.00645517351752703	0.360750235911547
AT5G60670.1	-3.01398787283738	5.6848004681491	0.000177279014740468	0.0177168621214806	0.257596397516097
AT5G61110.1	-9.54106132856818	0.376433695127887	0.000113097683647576	0.0124924862467887	0.847941371584656
AT5G61160.1.DE	7.3323235299618	0.548017340031695	0.000254554844420574	0.0241986753321482	0.833858515467194
AT5G61440.1	-5.33631311985455	4.03366772696692	1.98447781414077e-07	4.92204620029115e-05	0.331618696883824
AT5G61690.1	-8.6647075435487	1.74665985156542	2.00872261984127e-06	0.000372816185286594	0.626223134743229
AT5G61980.1	-4.59909394808748	2.96733454187458	2.65148778226809e-05	0.00365538638466385	0.396106785477637
AT5G62360.1	-4.09350299947438	3.84596371751173	2.95540314480111e-05	0.00399169623760439	0.34045813677499
AT5G64080.1	-6.5509797916702	5.96446520055488	4.09774183640456e-11	2.07034612078936e-08	0.280504413987246
AT5G64770.1.DE	5.10468800968992	5.87219092173829	5.00060203767263e-09	1.68433858510892e-06	0.250083452971595
AT5G64790.1	-8.01484291802817	3.86142498197659	4.27851304101378e-12	2.59401491773287e-09	0.31222454515669
AT5G66170.2.DE	-2.96514372057089	3.9656493054342	0.000497857755361802	0.0424470410610501	0.287261483132653
AT5G67260.1.DE	-2.7706645278659	5.96948150521125	0.000434818182472201	0.0380228989499649	0.252983669359886
AT5G67270.1	-6.0346689081556	3.89347843681668	1.35011952378895e-09	5.11601541215747e-07	0.28830030882615
