logFC	logCPM	pvalue	padj	dispersion
AT1G02190.1	-8.94617439479937	6.47574309243041	5.55615426527083e-14	3.60900958258299e-11	0.324660464976324
AT1G02640.1	-3.42681888171916	4.86671125545737	9.31126429547537e-05	0.00696017006086784	0.294095700453047
AT1G02690.2	-3.79589503581155	4.50913159327673	3.90823005976738e-06	0.00044348993756529	0.249546683835084
AT1G03780.3	-6.50257000690106	4.43437760473523	1.04976932161174e-10	3.18943624374199e-08	0.285050056927957
AT1G05550.3	-4.12975265559682	2.53598439922079	0.000281678276771681	0.0179992834781244	0.44317413619142
AT1G05835.1	-6.21700980163324	4.64543028689183	3.96950490383089e-10	1.09961123343327e-07	0.287374127422679
AT1G07620.1	5.85553732368435	4.32712644404999	2.52856155850916e-10	7.21674455721773e-08	0.256219147085929
AT1G08150.1	-6.82572941962768	1.73146989484644	3.35038214529866e-05	0.00292181242921254	0.660561246459477
AT1G08730.1	-4.40936075862805	3.82551571768503	9.81530929844052e-07	0.000132064986610517	0.280192835922689
AT1G08930.1.DE	4.85101325527942	6.30652605838758	1.70183169847e-07	2.76356928483442e-05	0.288919271328203
AT1G09380.1.DE	-9.97303134457336	3.10412790218944	3.39228520026324e-11	1.27041970782126e-08	0.390206168649914
AT1G09460.1	-5.41893697573457	2.35554884661115	2.08918793724549e-05	0.00203906907636753	0.481418019965621
AT1G09470.1	-4.69186894968612	3.14600513341323	5.88701690650992e-06	0.000644731031790275	0.354424713786261
AT1G09600.1	-5.25473748827022	2.44663862202031	4.23622068989232e-05	0.00348461524609177	0.501944928942895
AT1G11510.1	-9.18476810923961	0.0513326573031103	0.000256493244822288	0.0167762612941578	0.882107596830838
AT1G12000.1.DE	-2.71702124965792	6.26585770314298	0.000663397379219227	0.0360127274707567	0.260797135208355
AT1G14420.1	-6.41539351909922	4.60994600646227	8.25672537545025e-12	3.45626524216348e-09	0.250690536479345
AT1G14890.1	-3.23786230142535	4.47051599761453	7.8701930224791e-05	0.0060020577313538	0.261464357984401
AT1G15125.1.DE	8.43364231101279	7.60620436365946	2.60458843605971e-10	7.32278095075473e-08	0.427826705789815
AT1G16630.1.DE	-5.88424455701378	3.83037621001575	1.01437494928965e-08	2.12308676886323e-06	0.313269685533013
AT1G16760.1	-11.460768740684	2.26839058715223	1.25460088501993e-08	2.59702383199126e-06	0.521405166545237
AT1G19850.1	-5.04461321046372	6.14170129930296	3.54967321105252e-08	6.68651942765964e-06	0.276358362131098
AT1G20132.1	-9.83534308859667	2.96787514420844	1.00183024557825e-10	3.09368464523892e-08	0.402316998872635
AT1G21000.1	3.30586886111841	6.65346616706344	9.18849864845115e-05	0.00689576689405874	0.277830387999027
AT1G22350.1.DE	4.31803190962554	3.60585491121491	7.60878375748836e-06	0.000814356020680729	0.322309144628867
AT1G23250.1	-8.87049329160403	2.86621341334551	1.433451217231e-09	3.69889322999731e-07	0.427040418873656
AT1G24148.1	3.61586092579308	4.92120554466715	1.23193018660671e-05	0.00127504774313795	0.257506961624263
AT1G24540.1	-10.1129122607552	0.944722248770018	2.13898791777879e-05	0.00205572017383668	0.775816735984728
AT1G26480.1	-8.52734780347357	5.04068372854852	9.10467285262459e-17	1.3192670963453e-13	0.240356371310302
AT1G26770.2.DE	-3.30953988509487	4.60022196667816	0.000112965014832348	0.00818431532460361	0.283787299465044
AT1G28290.1	-8.41072303208151	7.98025124053517	4.53446604373707e-11	1.58177290492361e-08	0.394560658900869
AT1G28370.1	4.64995709658511	2.27457774468733	0.000320130780355381	0.0200342309287519	0.537272859624255
AT1G28375.1	-11.5697242594661	4.68892817410517	1.45580818113744e-19	9.14101956936196e-16	0.252096597154569
AT1G29140.1	-9.01379611578213	5.75541662061872	6.32847319424278e-17	9.93412079666261e-14	0.260082431396291
AT1G29630.2	-3.52498385657813	3.09470849013488	0.00037330539648316	0.0229802410246839	0.363513380577723
AT1G30350.1	-11.6351182425942	4.75486433464419	1.05195759670646e-18	3.5198639056207e-15	0.268774644865118
AT1G30740.1	-7.02563393304151	0.235689446614269	0.000581602615017682	0.0322224954679061	0.871506154545893
AT1G31310.1	-9.80471500090213	2.90435084810351	1.842907227078e-10	5.42419428694816e-08	0.410732416174608
AT1G31740.1	-6.60275634965761	0.576289601309444	0.000512775564803756	0.0292701615582071	0.827297501402591
AT1G33720.1.DE	3.24982095864197	3.55372113777149	0.000406640412149729	0.0244724774557969	0.323537930953516
AT1G35780.1	-2.50370329256125	5.42789010167612	0.000856349628931597	0.0446843710808435	0.23517935687155
AT1G44900.1	-4.8296224381528	5.14659831823079	7.97091964840934e-08	1.42998298492464e-05	0.271836865457155
AT1G47210.2	-3.06121222525878	3.47032756686329	0.000749598543764024	0.0393319993562198	0.322627507828437
AT1G47610.1	-12.0189884175965	2.82166252810267	7.82543155986591e-11	2.4567942382199e-08	0.424426444757586
AT1G48470.1	-6.16002416034488	3.90029302763972	9.40003122635928e-10	2.49392096071732e-07	0.290962739293169
AT1G49290.1.DE	-6.1224034623226	1.9731326191258	2.07103510931725e-05	0.00203187960178172	0.555740108957633
AT1G50990.1	-8.00562091373617	1.17584530643004	3.93648860732628e-05	0.00331034088822345	0.753315891010198
AT1G51270.3	4.5231439859041	3.72289289107312	1.43335388934964e-06	0.00018367406267809	0.298538048206108
AT1G51790.1	5.12995667331075	2.40518460278585	3.79549166300561e-05	0.00322052596648814	0.480090079644233
AT1G51800.1.DE	3.75108675812693	3.50375881453841	5.21853248202269e-05	0.00420091864802827	0.314230139687184
AT1G52430.1	-5.47630170833229	1.34806039095089	0.000451676262631547	0.0265882054974702	0.685271758425541
AT1G54870.1	-12.034002289179	2.83657801910322	6.26556315248525e-11	2.10757880541722e-08	0.420592761264469
AT1G55260.1	-3.5954006295022	7.01906659687825	0.000137531441169262	0.00955970390149591	0.335078543857492
AT1G55560.1	-7.6253514873668	5.93406294682524	4.28481511337944e-13	2.44585037244632e-10	0.284753819955152
AT1G56120.1	5.0466060481983	6.13231487012135	1.97647382543142e-08	3.83823066491254e-06	0.26660237389738
AT1G56680.1	-10.0422744149509	0.875841531187007	2.45691392759247e-05	0.00229113305218116	0.776374787477008
AT1G60190.1	2.98724616918853	5.27959322293857	0.000649295180754486	0.0355008829281203	0.304682784918176
AT1G60810.1	-3.81139438468942	5.90275819640343	3.25136182758442e-06	0.000375401044755849	0.249241762398529
AT1G62180.1.DE	3.08369759958645	8.55557430316064	0.000226089520982826	0.0149959447420898	0.277455836875838
AT1G62480.1	-3.66352910401996	7.3540990434353	3.27705337056151e-05	0.00287115601587289	0.292738488573017
AT1G63710.1	-5.60183146315096	5.89633865557822	5.33825971475467e-09	1.19710474103374e-06	0.287676690008346
AT1G64360.1	5.46265217981892	6.41670662516027	6.77925764588782e-08	1.22789304111143e-05	0.32339066469771
AT1G64450.1.DE	-3.08137276513748	3.57645502569119	0.000510178057657922	0.0292104075139887	0.306170609834621
AT1G65160.1	-8.72451138333063	-0.381097138429319	0.000678868333774398	0.036432600579226	0.923865343355978
AT1G65900.1	-3.90212870838382	4.68045331976989	1.28579191978297e-06	0.00016703767167553	0.23810877894069
AT1G67290.1	-7.43551372337963	5.34359361870099	8.70503626712372e-12	3.56471235138716e-09	0.30781567210349
AT1G67750.1	-4.66707565100589	5.76197094691122	8.54493116298908e-07	0.000118353579645019	0.30626863985073
AT1G68630.1	-6.40396725431886	0.473427693691644	0.000735095293697437	0.0386787431491023	0.851491153529096
AT1G69720.1.DE	3.20491442365902	4.18711621764441	0.000113842581498474	0.00821629389918299	0.267914089555096
AT1G69940.1.DE	-9.99776577959219	7.66364963980421	1.48274186410398e-18	3.99005835630382e-15	0.274638084975535
AT1G70250.1	2.84170006536921	5.19135957921451	0.000420747281893649	0.0250810650285781	0.262022910094985
AT1G72250.2	-4.47847265411305	4.3772782031666	1.02563740136433e-07	1.77247080087155e-05	0.24436825167831
AT1G72900.1	2.94049551786976	4.10496511118669	0.000552558626133918	0.0311633138936665	0.287950589774431
AT1G73870.1	4.54820782548677	5.66409771024467	1.00264071880933e-06	0.000133011811314546	0.298290862438835
AT1G74000.1	-6.66657276003963	3.19583071639517	6.76844012206022e-09	1.44883075658237e-06	0.350391015530759
AT1G74030.1	-2.9144902477339	4.89780199152646	0.000615706407177755	0.0338901333981395	0.289576206751891
AT1G74540.1	-9.11166199128168	6.32755472585876	2.88167660843204e-16	3.61880948486896e-13	0.279144135673928
AT1G74830.1	-9.80913793669713	0.649773742216975	4.70793847217167e-05	0.003822561939668	0.800398724909922
AT1G75160.1	-11.5994095542558	2.40576751658323	4.97051383344859e-09	1.12806709735748e-06	0.502519601399462
AT1G75930.1	-10.7843764374706	7.30283816071987	4.75934507952891e-20	4.48258916315431e-16	0.271878113550504
AT1G76250.1	-7.30855969841239	2.71762728427525	1.19099950077178e-07	2.0211583419854e-05	0.457430155344904
AT1G78170.1	-3.15925479098798	5.29542776095776	0.000133316431652783	0.00930104304830916	0.268762091694586
AT1G78770.1	-3.42792658350171	3.0838368348934	0.000450677685657341	0.0265882054974702	0.358079806425012
AT1G79780.1	-6.44332862445327	4.17891160292466	3.74092741808159e-11	1.35515095720006e-08	0.265947120975988
AT1G79800.1	-5.88952302528243	1.76422481418293	6.05203598016399e-05	0.00475009173993121	0.591705825533856
AT1G79860.1	-7.83471875462017	1.7737979821795	2.50645277606969e-05	0.00232581531738052	0.738228378862194
AT2G01610.1	-4.79514776062652	4.53425019458955	1.80107224680178e-08	3.53404144927137e-06	0.243163268425952
AT2G03170.1	-9.99848901452314	0.833717035153053	3.02902674649153e-05	0.00270416003903606	0.788726276440762
AT2G03310.1	3.23579686399295	4.60845486625483	0.000455012796602865	0.0266399879680305	0.329328383018714
AT2G03530.1	3.2175777068025	5.10800418137241	0.000404366310629436	0.0244136160042522	0.321514069301971
AT2G07170.1	-6.35200396335536	3.60029758100615	1.88635350556827e-09	4.80178932221479e-07	0.313078318428913
AT2G07560.1	-9.80336058249075	6.62134126588248	4.63867842245674e-18	1.09223481804772e-14	0.271216545404579
AT2G14282.1	-8.16841358544382	1.3345774588468	2.44013231149156e-05	0.0022868045946053	0.737333855438189
AT2G14610.1	7.52509395119645	4.63698606458809	7.54051204022928e-13	4.0583035800514e-10	0.280173311581158
AT2G14710.1	-9.2147845628966	0.0795954373920937	0.000235136004175521	0.015486912275015	0.876438254576592
AT2G16260.1	-9.44916357680877	0.302760407388236	0.000140036779725262	0.00969806183707632	0.856743165662515
AT2G16270.1	-4.02225470345069	4.02554938785608	3.26834269469444e-06	0.000375401044755849	0.269043529078556
AT2G16440.1	-4.72126897420669	4.53960479777838	1.21471400970706e-07	2.04299712507606e-05	0.269033969364984
AT2G16505.1	-10.0601414100569	3.19075859350404	2.51178848679949e-11	9.65603259711059e-09	0.390391212436944
AT2G17620.1	-7.39401772165584	1.85862442973545	1.07268961045733e-05	0.00111636763492733	0.63981974280532
AT2G18130.1	-11.0420195383938	1.85504383670532	2.70678749047548e-07	4.24897966317388e-05	0.607354582256308
AT2G19330.1	-4.93562179564654	2.68276509685629	2.83510784145018e-05	0.00256754453891332	0.438054545642434
AT2G20570.2	3.60443218651524	7.87338573303501	4.74618713124725e-05	0.00383707841164396	0.296875961510096
AT2G21050.1.DE	-2.71532692249943	4.57971981231422	0.000845495712545828	0.0442405631589604	0.269382769430955
AT2G21237.1	-9.50760065137218	0.359453591487102	0.000114356842944118	0.00822190782648225	0.843185638058696
AT2G22610.1	-5.39920040147257	4.26804744068964	1.99353231361016e-09	4.97574833630204e-07	0.254531852459706
AT2G23510.1	-9.88518380898339	2.98466419130624	7.07551010688791e-11	2.33826989269206e-08	0.396437529029193
AT2G23530.1	-8.24171053867737	1.35517727784302	2.13764338093056e-05	0.00205572017383668	0.730062296061009
AT2G23700.1	-3.25194107956138	3.82635713197929	0.000171311526508674	0.0115249829458711	0.289365018446053
AT2G25210.1	-3.16360554446182	5.78117823067378	7.7843904975602e-05	0.00596075462611957	0.252567759275948
AT2G25440.1	8.3171731247621	2.36744569403216	7.28090106301603e-07	0.000103120551371453	0.594358875128937
AT2G26010.1.Hnull	-5.31658348720576	5.08269832739572	0.000555501560663703	0.0311844299914002	0.728239359114195
AT2G29550.1.DE	-3.49589712062109	7.25352629037659	9.96955129876148e-05	0.00736456618881451	0.307764678566073
AT2G29770.1	-8.87103322071914	-0.245091593424386	0.000498531309377126	0.0286305923010272	0.908177438271166
AT2G30290.2	-7.69656575145266	2.53698328770076	2.60433674199251e-07	4.1225118662952e-05	0.506343715886477
AT2G31210.1	-9.89875846665468	2.99821315752629	6.06845499598983e-11	2.07839066835383e-08	0.394311808537329
AT2G31270.1	-4.40076013311465	4.21407991860265	2.99919649921744e-06	0.00035090599040844	0.307301629707655
AT2G31880.1.DE	3.42256811630879	7.03088583287815	8.11082521545434e-05	0.00615072937796428	0.28994026191148
AT2G32530.1	-3.81261931959037	3.1009057086062	0.000160919467975995	0.0109037410728914	0.368709231818248
AT2G32590.1	-5.69466969329169	3.07408394241142	4.89003593728076e-07	7.31060372623473e-05	0.379618533885928
AT2G32800.1	3.73817450847466	5.17424346365695	4.9852228482203e-06	0.000552392016423093	0.25009960632315
AT2G33100.1.DE	-5.14808041695728	2.93473725825915	2.12139648943015e-05	0.00205572017383668	0.460348728757276
AT2G33190.1.DE	-8.99610800412703	-0.126949929262899	0.000387630203071656	0.0236303887872517	0.899622865284152
AT2G33420.1	-7.24853336008016	3.76003950273883	7.46523060318849e-11	2.38343303173325e-08	0.312745323749241
AT2G33560.2	-5.39604927766329	3.11384497394721	8.46900801330493e-07	0.000118170891812315	0.368206399611964
AT2G33793.1	-5.4384837970237	2.62510733364432	1.36105705614191e-05	0.00140099627139591	0.469645927557693
AT2G36890.1	-4.56557330861987	2.23011534386497	0.000483359954259281	0.0279296057005585	0.561121284690764
AT2G37190.1	-2.95899523352805	6.91607070281514	0.000294207892655414	0.0185972955501679	0.268015366509299
AT2G37390.1	-4.7039089069109	1.69019391899368	0.000670487122964614	0.0360856169579555	0.602719336988264
AT2G38160.1	-5.57412592547127	2.51548437873735	6.15271043266425e-06	0.000666083944943084	0.44696237752991
AT2G38620.2	-6.10158003837727	2.97356754697213	5.42017220489767e-07	7.91471192431453e-05	0.419895445669745
AT2G39030.1.DE	4.03735388708619	2.70415608038298	0.000301077478373669	0.0189046548670827	0.437415368353918
AT2G39855.1	-9.46336371013033	0.316601080671582	0.000129095870581326	0.00904007031278973	0.849966881236657
AT2G41550.1	-4.23256568223835	4.2470792915259	5.36996314624718e-07	7.90265592077017e-05	0.251531640845016
AT2G42830.2	-9.37995679898099	3.34192862549269	6.36031050399751e-12	2.78625974334421e-09	0.353594356134646
AT2G44460.1	-8.02987514074971	2.00748869260064	2.96219673527087e-06	0.000348743124389358	0.625049377836884
AT2G45480.1	-5.53178867251608	1.8250193998036	0.000125689576089892	0.00886747020526326	0.592376061829396
AT2G46430.1	3.74507493591772	5.86574520579053	4.59725209354794e-05	0.00374885011628409	0.313519700714279
AT2G46720.1	-4.08677460354312	5.11813263495149	1.49278024426428e-06	0.00018872148631682	0.259849811432882
AT2G46970.1	2.52920513952241	4.80643026689803	0.000665521651038194	0.0360242279902485	0.229221738284871
AT2G47750.1	-3.69992549061292	3.30312614346304	0.000521193533040159	0.0296607932987235	0.414725893566486
AT3G01710.1	-4.70503450788884	2.84015646629388	3.05883546283788e-05	0.00271789073648477	0.418552494001112
AT3G02230.1	-3.56690144346525	7.5044428253621	3.2183730577434e-05	0.0028329202471361	0.279786196017922
AT3G02310.1	-8.35988785983375	6.44685395188814	4.90208557912978e-15	4.01480808930729e-12	0.275058023355918
AT3G05400.1	-3.82999123332818	4.4670043973985	2.85399081776312e-06	0.000338117138579899	0.246752437111811
AT3G05610.1	-7.10093294712534	5.18257615773221	7.09227229255686e-12	3.03629848124758e-09	0.287647613269353
AT3G05820.1	-5.07887860441329	3.52230394455601	2.04109818867397e-07	3.28616808376509e-05	0.30605121799867
AT3G05960.1	-9.88211558867203	4.37940173807991	4.08915325491118e-17	7.70273798627619e-14	0.260094063360297
AT3G07450.1	-12.3684849247471	3.16896794973629	6.18498544797327e-12	2.77396597341601e-09	0.396523987885201
AT3G07820.1	-8.51264854816015	7.7247867367521	9.55042821384918e-16	8.99507081321385e-13	0.271064723089752
AT3G08040.1	-7.52765622260215	3.14410443314382	3.47137582151829e-09	8.1737882937425e-07	0.386241734311244
AT3G08770.2.DE	-8.87493257001575	9.06760323173972	8.26285669933606e-16	8.19197008659965e-13	0.286148902154946
AT3G09940.1	5.56784348242242	1.77118935007311	0.000106407636112595	0.00776899473431378	0.590368917602449
AT3G10116.1	-9.43212754872441	0.287168255621196	0.000141906737794725	0.00975582926948624	0.855092071133536
AT3G10470.1	-5.64722873556926	1.31705192434954	0.000419016452315361	0.0250571838484586	0.702549484873121
AT3G12660.1	-10.8993417322762	1.71454789304869	6.6984316306084e-07	9.63193562028783e-05	0.63834045262125
AT3G13062.2	2.73604042153518	6.42782738579822	0.000617100162210641	0.0338901333981395	0.261020584681887
AT3G13450.1.DE	-2.80570562751215	5.03188191686459	0.000246556794433725	0.0161825447273452	0.237561877793514
AT3G13650.1	-4.3923836895726	2.35965853144755	0.000289724612644398	0.018375564068628	0.487966799347494
AT3G13960.1	-8.45327434128755	3.62991540450283	1.90749897407131e-12	9.45567320383716e-10	0.312935323114889
AT3G14190.1	-4.80274383665034	4.26206302295719	4.99315836887032e-08	9.2211886465108e-06	0.259150773440709
AT3G14540.1	-9.56685632533612	0.416862000258329	9.96229489996676e-05	0.00736456618881451	0.838846641995442
AT3G15720.1.DE	-5.29268883852135	1.56407144782017	0.000725716185596879	0.0382922010870824	0.726460972886201
AT3G16360.2	5.86367254052768	3.65735034176078	6.20084603376202e-09	1.34259007744799e-06	0.300149888818837
AT3G16660.1.DE	8.37154344555262	4.40978303659753	1.83243978410276e-15	1.56898491877926e-12	0.252594986896285
AT3G17060.1.DE	-7.11004066253052	4.05811728691732	2.32291903865279e-11	9.11600540231306e-09	0.295567003869515
AT3G17160.1	-3.30003740358494	5.63601064257163	3.47008697111585e-05	0.00299844166398666	0.247274907782898
AT3G17220.1	-4.58323232555032	2.04594988052438	0.000477494903237975	0.027675604591673	0.554106500276942
AT3G17760.1	-8.35415504220055	4.96882994826357	2.20291819515704e-16	2.96402643158379e-13	0.240389166417608
AT3G18220.1	-7.73491845386372	2.22675473758417	3.3271643221565e-07	5.0954304338587e-05	0.509549563199501
AT3G18570.1	-5.29420460944113	1.21030625540893	0.000717014785688792	0.0379393469607297	0.705626169120155
AT3G18850.1	-4.26366528638029	6.5410013397447	8.80548295161789e-07	0.000121072176904837	0.267772206032821
AT3G18960.1	-4.03879454527519	3.33675161139992	3.09430349498652e-05	0.0027364974147916	0.332452545183436
AT3G19030.1	5.7203816494256	2.21276738762801	2.74360387682027e-05	0.00249667952790645	0.5373716245354
AT3G21570.1	-6.84496349420006	2.52122027036184	3.04915643434821e-07	4.70794752080468e-05	0.452617535733465
AT3G21945.1	-9.13647262718783	0.00544952503937102	0.000285144148539147	0.0181461497501078	0.886038566867087
AT3G21990.1	-9.71542924190748	4.21384139153968	7.19805280276474e-16	7.5327622580933e-13	0.277138243895434
AT3G22060.1.DE	3.37010843910618	4.03500203977232	0.000107471587113882	0.00781637948441775	0.289309002750005
AT3G22231.1	4.22758427842052	7.53300098136482	2.26638859413563e-06	0.000280868170708769	0.285737672596201
AT3G22880.1	-3.96718428913862	3.7819360704581	8.67528094873981e-06	0.000918068917030403	0.286594736262978
AT3G23860.1	-8.67779595038322	-0.425342928873999	0.000707772399770283	0.0375557991393601	0.920577220559405
AT3G25260.1	-6.5864657342405	1.76311891151212	2.52810897548378e-05	0.00233441121427392	0.611668446120402
AT3G25760.1.DE	2.75689617044072	5.17530123554279	0.000297684248850341	0.0187541076775715	0.23668590295876
AT3G26050.1.DE	-5.10757676299266	2.76825456823337	2.96104269250521e-05	0.00265605529517718	0.465695752184276
AT3G26125.1	-7.09098230801073	5.45295175756634	5.44992071627459e-14	3.60900958258299e-11	0.238688234827777
AT3G26165.1	3.64978673901447	4.99459222055769	1.58692208656314e-05	0.00160714254540806	0.268157357280679
AT3G26830.1.DE	4.39761218743274	2.25943040521248	0.000364645054380736	0.0225947989781905	0.508465203729587
AT3G26860.2	-7.18645662641005	3.79943164663252	1.66710398055297e-11	6.68153993227154e-09	0.289245832347336
AT3G27060.1.DE	-3.45710056130362	5.74640550649071	5.94459573818572e-05	0.00468528660753993	0.283554279440478
AT3G28890.1	3.36090564405826	4.58344167066982	0.000117452735600444	0.00838051962312715	0.291742023164879
AT3G42450.1	-7.19032709328151	1.14466364957484	0.000114884043620533	0.00822840581627367	0.770379259548592
AT3G43083.1	-10.8953489891589	1.71082384782006	8.9704617777902e-07	0.000122446803266836	0.654642112205602
AT3G44070.1	-9.47170050604946	0.324419460411601	0.000127276654473166	0.00894593410563815	0.849834598752124
AT3G44860.1.DE	4.34693430017764	6.27078941170425	3.41064449355042e-07	5.18115405846849e-05	0.256815111450778
AT3G46900.1.DE	4.17946541859856	3.24314237622502	5.78689436114283e-05	0.0045994822396982	0.377088920734489
AT3G47250.1	2.74165158700579	6.525366079954	0.000669627800149571	0.0360856169579555	0.265314241692782
AT3G47340.1	-6.32075335450096	6.77410389928111	2.50067684492947e-06	0.000303904836954429	0.516986459515126
AT3G48320.1	3.2290170359679	4.6591785287977	5.94074648897314e-05	0.00468528660753993	0.251950930705585
AT3G49270.3	-10.3987733930002	1.2233282682444	8.82854483377848e-06	0.00092906870968651	0.744010601687199
AT3G50410.1	-4.00755826395992	2.51749112805581	0.000384624586620378	0.023531830319104	0.442928422083629
AT3G50570.1	-5.89297097364806	3.45318288714616	1.1476671959798e-06	0.000150129215074108	0.430359847581701
AT3G50740.1.DE	6.62448003533323	6.17978920755694	1.58472782631178e-10	4.73833620067221e-08	0.303308536879834
AT3G51280.1	-6.19010026308497	4.23700502447546	2.00752175802386e-09	4.97574833630204e-07	0.307769991465829
AT3G52080.1	-10.174336078885	1.00352193515698	2.30753177300615e-05	0.00219530181859176	0.791876910451966
AT3G52110.1	-2.89109931296884	4.27472066535437	0.000270812977217244	0.0175302544736812	0.252832069141435
AT3G52780.1	-7.57436659907761	0.7586303399174	0.000122363266248424	0.00866525130196079	0.78940327581158
AT3G53280.1	4.43224779450601	4.74017921712559	6.31809978865386e-07	9.15492659375945e-05	0.274790798414672
AT3G54820.1.DE	-3.21164764471195	5.36486059018197	4.0537890331743e-05	0.00336393057347596	0.240237510174803
AT3G55240.1	3.79717284211238	6.19422055946063	4.57299162849984e-06	0.000509712682284329	0.255402803300121
AT3G55570.1	-10.8160388975499	1.63283517554028	1.45444978093428e-06	0.000185118044077426	0.67402673231378
AT3G58240.1	-11.0360586444645	1.84922314580234	2.96928977843184e-07	4.62252161622484e-05	0.611375120958367
AT3G58960.1	-8.69349973038316	-0.410791757521686	0.000687887765073848	0.0368117665644775	0.919258417186458
AT3G59510.1	-6.54042321201459	5.03528070656266	9.5846229145934e-13	5.01515394006099e-10	0.237199787825246
AT3G60100.1	-5.89688017294544	2.05138484284727	2.42238641853911e-05	0.00228152464830106	0.53871580150791
AT3G62180.1	-7.86148507261502	3.70139922935172	3.42473210391477e-12	1.61279196603606e-09	0.299055502946373
AT3G62570.1	-4.3917840149282	3.12178414685604	3.5207545498504e-05	0.00301719723998697	0.382366865385685
AT3G63095.1	-10.0109550332547	5.84185935745619	1.49224750351214e-15	1.33854601065039e-12	0.319626613665529
AT3G63110.1	6.37070118076711	3.15013642973668	1.32566050567338e-07	2.19047955661135e-05	0.40308495440871
AT4G00700.1	5.05310457563587	4.14710219715879	4.39587335741436e-06	0.000492887300200085	0.390064410681643
AT4G02250.1	-8.34437219472422	4.7301444661486	3.98821753882086e-16	4.61359462457658e-13	0.24172668445127
AT4G02410.1.DE	3.90437936942761	5.50850242283399	3.52382753515493e-05	0.00301719723998697	0.325405450104463
AT4G04760.1	-4.42416637284491	2.95570753095546	2.56016188996565e-05	0.0023524765620138	0.374496243073592
AT4G10120.1.DE	2.99907121990027	8.61147498093261	0.000411648409924936	0.0246949716489045	0.287756913455365
AT4G11320.1.DE	-6.21474491573617	6.86558816215361	1.27441452147396e-09	3.33418699180624e-07	0.309055404909639
AT4G11890.3	5.23520162071543	3.84824731460761	2.76265619309835e-08	5.25658128377713e-06	0.282049672866286
AT4G12030.2	3.40839628911546	5.40156040621514	1.96292833502345e-05	0.00195638524057338	0.245498316726615
AT4G13266.1	-8.98802082795747	-0.134666621631836	0.000395861513114012	0.0240543332984795	0.900198064528117
AT4G13560.1	-8.35369999251409	6.24256774192421	1.32790770728596e-14	1.00055189928582e-11	0.282931694403368
AT4G13710.1	-4.42192788308248	4.75664339749297	8.8400222166192e-08	1.55625699527529e-05	0.23816681292027
AT4G13770.1.DE	3.46037834835427	8.04124789365617	4.37061297094938e-05	0.00357953202320754	0.275270831100007
AT4G14080.1	-10.3020928983206	7.37470558976738	1.02634086127051e-18	3.5198639056207e-15	0.280258687938819
AT4G14368.1	-8.61938713474415	2.61981342151192	1.67218368792167e-08	3.31567622414531e-06	0.473577742466405
AT4G14400.1.DE	5.92845210217697	9.68270624549371	1.46146721452353e-08	2.92868701276381e-06	0.332348983001859
AT4G14780.1	-7.66097769267303	3.83907887291595	5.56161401724849e-12	2.55522251811975e-09	0.299758582667262
AT4G14815.1	-12.5315440854494	5.62666792516647	1.66676306302059e-21	3.13968158181188e-17	0.256224645290242
AT4G15210.1.DE	-4.03887011416656	7.8905841847015	8.41122470392096e-06	0.000895153896879995	0.298709027411402
AT4G15650.1	-9.41247843736314	0.267865938423822	0.000151936657867236	0.0103322412427622	0.858585662213953
AT4G16260.1.DE	7.6984649285095	3.16980639154138	2.52347337377923e-09	6.01704657492144e-07	0.393341309890902
AT4G16590.1	-6.41236436213049	7.33672725487628	9.46716489498249e-07	0.000128297111602004	0.48855596175342
AT4G17000.1	-5.50620764740593	3.08421214071003	4.02389264332445e-07	6.06384525778421e-05	0.359051299135964
AT4G17240.1	-3.86890657976274	3.17782188765957	0.00014768779491199	0.0101163454282078	0.372229873074841
AT4G19370.1.DE	4.07534839625233	2.69669217454587	0.000281880799811366	0.0179992834781244	0.437036802105382
AT4G19520.1	5.6965504141586	6.11619603414748	2.4843479240579e-09	5.99970023659982e-07	0.282451288283933
AT4G20160.1.DE	-6.95536695553337	1.91407071908555	1.95811930629244e-05	0.00195638524057338	0.649902840663007
AT4G20320.1	-3.93621653929255	7.47306203601525	0.00011887566515303	0.00845004114900992	0.380264922354104
AT4G20900.1	-7.10560262398645	0.255937393735524	0.000579322311995288	0.0321908389116674	0.876803483866473
AT4G21070.1	-4.10966401660739	2.59827432176266	0.000690408945196747	0.036832609678225	0.506382032224979
AT4G22690.1.DE	4.18517677885892	7.25657640900081	1.04211777579094e-05	0.00109057625236522	0.322125137744674
AT4G23320.1	6.63501206551574	3.13845351146129	5.86508541548441e-08	1.07262732011146e-05	0.395856452244197
AT4G23680.1	-7.23094264011281	7.63299449593425	7.04969538853186e-13	3.90573858922867e-10	0.274114866357253
AT4G25010.1	-6.20713959146874	3.66486154528713	1.45088776324857e-08	2.92868701276381e-06	0.339181991167404
AT4G26760.1.DE	-3.73914416823546	5.44217284748091	2.79964182849788e-06	0.000333777551414016	0.238261496212558
AT4G28240.1	2.87985600898654	6.57327653383769	0.000326674482284539	0.0203760504066022	0.259596396961123
AT4G29700.1.DE	-4.84172692577476	5.77344835583253	1.40022685768808e-07	2.29357159289307e-05	0.283776699159929
AT4G30130.1	-4.06757770772593	4.55349172834155	3.05477330956374e-06	0.000355202252050939	0.273085293826975
AT4G30860.1	-5.25762849925482	3.18536941953647	2.69874442992202e-05	0.00246777906924472	0.489824527895103
AT4G31610.1	-8.17774361095047	3.37464918893614	3.92313152299213e-11	1.39434016035099e-08	0.341255252551191
AT4G31690.1	-9.40727468150783	0.262999707012072	0.000150950859027729	0.0103023961286425	0.857767010738825
AT4G32170.1	-9.7205101771039	0.564442506589497	6.1937352166724e-05	0.00484113652599411	0.813769124723024
AT4G32280.1.DE	5.92960626957641	3.37199705670591	1.25647378332856e-07	2.09453067757169e-05	0.367098779266761
AT4G33400.1	-3.34372063463408	4.81150208296302	1.38776747714225e-05	0.00142072695472438	0.229038456180343
AT4G33600.1	-7.17417007437335	0.376235634282875	0.000372572800067486	0.0229802410246839	0.842724195980338
AT4G34950.1.DE	3.61427687034655	5.72056673567722	3.602939466128e-05	0.00307097605083498	0.288198025642699
AT4G35090.1.DE	2.77958878307266	10.4924135953705	0.000926358837431977	0.0480711333903751	0.286478038060892
AT4G37780.1	-9.38279300724625	0.239742356932002	0.000162875441338181	0.0109967193135746	0.86221094728668
AT4G38660.1.DE	-4.80047575461362	5.59065953581025	1.14257226855058e-06	0.000150129215074108	0.326790471221799
AT4G39130.1	-10.1417573458481	0.972001324821216	2.2156654988462e-05	0.00211860360415055	0.783204488462388
AT5G03480.1	-7.1678867244756	1.2061670377983	0.000100204552580659	0.00737325451938232	0.767775045093287
AT5G03670.1	-5.38315816866821	3.36258099080376	2.52153067478326e-06	0.000304474828980078	0.402938833014857
AT5G04620.2	-3.00520786006798	3.96691085787383	0.000590536754875856	0.0326215274240367	0.301627112537736
AT5G07510.1	-11.3617032928549	6.25360724857378	4.74710854670431e-17	8.12920760856992e-14	0.329663949579685
AT5G07520.1	-8.38704912327852	5.02088598455453	1.74303457920958e-13	1.02604819901784e-10	0.302762413026143
AT5G07560.1	-11.3628440459974	7.22093984033918	1.66752310553735e-17	3.49012585988968e-14	0.332765169451697
AT5G07660.1	-5.10733317989476	3.25952823943309	8.24258916460705e-07	0.000115869889622166	0.341241695749774
AT5G08000.1	-7.01683375533971	5.79889592802031	1.37262156545191e-12	6.98812768335611e-10	0.267415078957804
AT5G08250.1	-9.50399683071091	2.64111488999216	2.44745067960854e-09	5.9873543443878e-07	0.453068339418524
AT5G08640.1	-4.57934306893584	7.40767627935568	1.0026903013572e-06	0.000133011811314546	0.302645168266901
AT5G08760.1	4.3811626298427	4.76800218836533	2.56518788106574e-07	4.09495289115554e-05	0.252944927824513
AT5G10090.1	-6.17323558325896	1.15915409736927	0.000528335467756284	0.0299766723076058	0.822214682201789
AT5G10380.1	3.26536908237015	6.90901108769942	0.000650199321027844	0.0355008829281203	0.354894442000136
AT5G10420.1	-6.44885421003525	0.970113676771411	0.000219948860763072	0.0146921159226737	0.739482735855441
AT5G11130.1	-12.0471732151266	2.84972593915598	7.20053776863216e-11	2.33856086116765e-08	0.424672537000485
AT5G13170.1	-4.76682009243306	2.40021586219844	9.74736487717213e-05	0.00725735621309452	0.48048747739088
AT5G13840.1	-4.60674414124346	4.45562496155774	8.21844965762097e-08	1.4604805301944e-05	0.251606006864483
AT5G13940.1	-5.15996563994895	1.38633882223032	0.00069218791878174	0.036832609678225	0.682491548445264
AT5G14345.1	-9.26242004996992	0.12585526053741	0.000229599555320168	0.0151753221879509	0.883289457447539
AT5G14980.1	-7.38785132638869	2.30866483979112	1.82654171254082e-06	0.000229377108260876	0.564941206018967
AT5G15140.1	-8.11516860423622	4.90441455134165	4.16367301681806e-16	4.61359462457658e-13	0.239102727908273
AT5G15960.1	-6.55867473693004	7.22986904369984	3.4395819450488e-11	1.27041970782126e-08	0.280740569740805
AT5G17210.1	-3.4090477806383	3.74641808854177	0.000102027186147355	0.00747815605236466	0.292419471740134
AT5G17340.1.DE	-12.8003685730615	3.59863305296999	5.98735449308605e-15	4.69932485776091e-12	0.3180615974296
AT5G17590.1	-7.87660013770452	1.8563127505118	1.99180666208808e-06	0.000248474583402339	0.584137234376909
AT5G18330.1	-9.01328506585288	-0.110278807188179	0.000400095627886786	0.0242334448312006	0.906956064276206
AT5G19240.1	3.5041795777751	6.13221454816714	2.02045125223185e-05	0.00200311790727849	0.258234226629679
AT5G19473.1	-6.44308175947957	2.09101539730877	6.87343615671414e-06	0.00073985666790871	0.532190447112911
AT5G19640.1	-10.8781245207446	1.69354044422391	7.22201185053017e-07	0.000103061391839725	0.639978253457908
AT5G22390.1	3.22067230415509	3.63911147241371	0.00027858201553552	0.0179714021460362	0.302565662029258
AT5G23010.1.DE	5.43127359697471	7.33929846056463	4.6938696249175e-09	1.07827344054355e-06	0.274118100310214
AT5G23700.1	-6.9969954050282	1.89925455655737	5.33064277884468e-06	0.00058721238611168	0.568216859981763
AT5G23980.1	4.96775767125161	1.75856154028786	0.000331045105294884	0.0205805169915503	0.586263406164817
AT5G24210.1	5.87650796824541	6.43127202342539	1.90024456087034e-10	5.50690873740226e-08	0.259938321648045
AT5G25590.1	-3.48996617790458	4.87078058973172	3.91620545802085e-05	0.00330805211716317	0.274196504284455
AT5G27220.1	-3.13442494100072	3.69898328360982	0.000573751261837145	0.032070482252897	0.321099563471506
AT5G27350.1	2.72158065000273	5.26400147911491	0.000425417189904183	0.0252794435527605	0.243730330225775
AT5G28970.1	-7.3636306400322	0.556136377190802	0.000224191171947097	0.0149225763461748	0.818426375219225
AT5G35110.1	-9.28272922553527	2.38471601707956	2.56432431949042e-08	4.92899767410622e-06	0.501894026702649
AT5G35390.1	-6.64639904869781	0.703825605835554	0.000485243690218219	0.0279527076227541	0.847978189386135
AT5G37460.1	-8.5533332315636	-0.541033953336425	0.00087659030981769	0.0456141758730271	0.923863795210272
AT5G39670.1.DE	4.23786547202361	3.01731292781882	3.44796597615342e-05	0.00299305691671899	0.362784126275944
AT5G40030.1	-5.34315492595336	1.49951481146606	0.000551732800231012	0.0311633138936665	0.709026192628762
AT5G41730.1	-5.70046816669437	0.617645688863402	0.00093341836794901	0.0481720597179603	0.772688985800178
AT5G41880.1	-4.1999597272619	3.599586669064	6.88805818344474e-05	0.00533952065849995	0.389705912349501
AT5G42700.1	-8.60807794237096	1.7626013352616	2.29904823832434e-06	0.000283053409577227	0.634028416227253
AT5G43110.1	-9.88250710140904	0.721101108299753	3.95512747873283e-05	0.00331123272519513	0.79587830600258
AT5G43340.1	-9.7386304108499	3.72268107556681	1.3415396224317e-13	8.42352728924863e-11	0.321126019556685
AT5G44265.1	-11.5609061852059	2.36756214018539	5.4742285036208e-09	1.21315343909065e-06	0.502284847856783
AT5G44568.1.DE	4.67929015120818	2.72916483893196	4.14317908429214e-05	0.00342302914082504	0.426846888434683
AT5G44630.1.DE	-10.2548441807556	5.69926803500427	1.12115429387504e-18	3.5198639056207e-15	0.264270129996424
AT5G44635.1	-5.37110941989763	4.42354962310313	4.41303404369991e-08	8.23052695853219e-06	0.303354674434835
AT5G45670.1	-6.46695018746301	6.52326251892092	2.69457815065949e-06	0.000323297889324668	0.536481469960679
AT5G45820.1	3.11627265259542	4.97443484704578	5.50480799113093e-05	0.0044037613836564	0.235714717656898
AT5G46280.1	-2.94668549358845	5.09387443830389	0.000140776477714757	0.00971357696231825	0.24034993605064
AT5G46540.1	-6.29978796558319	1.69934414868301	0.000190177874790165	0.012748685506841	0.731536175686756
AT5G46970.1.DE	-10.2794462933523	1.10736942398216	1.64573414522888e-05	0.00165779112800408	0.778084690415894
AT5G47150.1	-8.00841506922931	1.17903439486633	4.02430247788648e-05	0.00335423830867025	0.755297045935823
AT5G47220.1.DE	3.72704299810235	4.32806399496667	4.25500424271249e-06	0.000479949191137575	0.244051039672839
AT5G47500.1	-6.81790968652562	6.29531971854754	4.38745883900376e-10	1.19777626304803e-07	0.331741188044114
AT5G47530.1	-7.06723066065667	2.45666763738962	2.35986188920702e-06	0.000288654015629823	0.546539061685786
AT5G48140.1	-7.80519147474137	5.4735214279962	4.58024897472474e-14	3.19548703469963e-11	0.268018075688294
AT5G48485.1	-3.94173836521118	6.69327908519824	5.96436151651835e-06	0.000649425883737897	0.278303436445081
AT5G48543.1	-11.5162843107729	2.32357144375979	1.31416872103294e-08	2.69076045631494e-06	0.528152013007736
AT5G49180.1	-8.90361471944355	2.86938519117537	4.7591444971969e-10	1.28068578419569e-07	0.401731472641603
AT5G49615.1	-9.71607149974677	0.560994024195263	8.13044335676119e-05	0.00615072937796428	0.842589473093564
AT5G49630.1	3.1365253064209	7.941731158438	0.000457718727642142	0.0266936460451858	0.315054143658479
AT5G49740.1	2.86562725160548	8.82364418275931	0.000661259200610109	0.0360004033580711	0.28598390427445
AT5G50060.1	-8.82255661414444	-0.289779086489479	0.00055624401322453	0.0311844299914002	0.91364074995515
AT5G52740.1	7.43715024981625	2.9400991230777	1.14574033312996e-07	1.96202824137901e-05	0.477840673265565
AT5G53950.1	-5.46570784711456	1.55970257699408	0.00038476422669661	0.023531830319104	0.684141547797232
AT5G54510.1	-3.34448520946885	4.70789978619819	2.39424526826478e-05	0.00226635166423637	0.242121165200145
AT5G54570.1	-3.58036961818053	2.78070350668721	0.000577650484941714	0.0321908389116674	0.397594240899801
AT5G55320.1	-9.61637801307237	0.464506244550398	9.06752482935971e-05	0.00683219860842596	0.836452158243493
AT5G56970.1	-7.49367917565223	2.95693242901004	6.15088330143657e-09	1.34259007744799e-06	0.396677704503067
AT5G57123.1	-8.70438756958514	4.34565291484438	1.91911309462638e-14	1.39039743705681e-11	0.282262584075201
AT5G57340.2	5.01774230582682	3.75831741898129	9.1539590112358e-08	1.59660301754304e-05	0.285726264886298
AT5G58170.1	-7.0774618876564	3.44778885449813	3.62992291976089e-06	0.000414405200239612	0.592140400302806
AT5G58670.1	2.94654728032589	4.1147231111309	0.000450224542653611	0.0265882054974702	0.28010577780253
AT5G58770.1.DE	3.13187850864121	5.3569665299031	5.51726754017577e-05	0.0044037613836564	0.238255844705244
AT5G58880.1	-10.7950236527816	1.6119155180048	1.33099074775814e-06	0.000171725155585755	0.665678211026178
AT5G59305.1	-9.65276298959469	0.498970123391915	7.51754161086947e-05	0.00577991556424278	0.822076813409318
AT5G59640.1	-5.31406637862634	1.05898855036578	0.000931663637060502	0.0481720597179603	0.736734999137938
AT5G59845.1	-7.33615734444394	4.57443510484709	1.42384864431913e-13	8.65194739130305e-11	0.253940586393496
AT5G60080.1	-10.139187990246	0.970350539749843	2.05067741602393e-05	0.00202244033956244	0.776139880578206
AT5G60150.1	-6.9420166461761	3.19423887925808	8.23357180315135e-09	1.74264934894339e-06	0.37884915255047
AT5G61160.1.DE	7.34662072274608	0.576135911513743	0.000258490469362052	0.0168483909044047	0.838534687620061
AT5G61605.1	-8.32311127212183	3.79281576540876	2.22093546854117e-12	1.07271183130539e-09	0.314890697921281
AT5G62310.1	-6.2392895128052	2.68130873396542	5.26747170918368e-07	7.81286335321991e-05	0.424585779084988
AT5G62920.1	-3.91333700484147	2.75982522976106	0.000269611276893068	0.0175126469752922	0.410371139714776
AT5G62960.1	-3.16463640664391	4.34566449049351	6.64444862215381e-05	0.00517196192956658	0.246750376311573
AT5G63920.1	-4.37376812562672	3.29373569500253	1.54799893635361e-05	0.0015761976196807	0.350185533740523
AT5G64000.1	3.53963212472356	4.02853171481583	7.14160487081487e-05	0.00551337749801392	0.298032613134861
AT5G64770.1.DE	5.12172331570157	5.89758941393368	4.24522030219724e-09	9.87249565833203e-07	0.2489660221026
AT5G66170.2.DE	-2.95355523389565	3.97591123217562	0.000455384409709923	0.0266399879680305	0.281414059461423
AT5G66390.1	-9.9867033700336	0.821535307077593	2.90402783530159e-05	0.00261737666667828	0.782808422663524
AT5G67260.1.DE	-2.75072477962495	5.97857056119695	0.000473315832706785	0.0275180566070917	0.252991604043768
AT5G67265.1	-7.35578255519947	0.495283733520135	0.000280563218522444	0.0179992834781244	0.833043585806774
