logFC	AveExpr	t	pvalue	padj	dispersion
AT1G01030.1	-2.54674010410413	1.45237384843486	-7.20394969650451	0.00112139776278119	0.0499962977467965	0.35351997326409
AT1G01310.1	-7.15130823940707	0.880033616449829	-16.0362745846012	3.19250716466091e-05	0.0140318754731911	0.445945733947092
AT1G01460.1	-7.47932425220556	-0.983995927419399	-8.72927452569269	0.000486992037260085	0.0320159126567877	0.856809375188261
AT1G01470.1	2.99472482529586	4.94637917255464	14.1191989610169	5.68641544616047e-05	0.014611873128649	0.212103026068568
AT1G03700.1	-5.78609909769639	-3.36125789462111	-7.41876492812788	0.000988281528752641	0.0463286682971792	0.779927542353941
AT1G03830.2	-2.3014197730113	3.28216463016089	-9.129100617481	0.000399930508292457	0.0292528258920726	0.252097097999379
AT1G04350.1	2.6689390105044	6.13767092742139	13.1066436171311	7.95841672607617e-05	0.0156258334054861	0.203632530834665
AT1G04610.1	-7.07871007292113	-2.70150554471702	-10.806114477566	0.000189250671000302	0.0206515038710689	0.655065249180622
AT1G04645.1	-7.50293241231098	-2.49275284249352	-10.9842860677997	0.000175921736838655	0.0199156545484192	0.683060543580137
AT1G04890.1	-8.99917562579663	-1.74229806044484	-13.9636501997537	5.97859282986028e-05	0.014611873128649	0.6444715741988
AT1G05020.1	-4.59158374286305	0.065946567907688	-9.06499250796179	0.00041254145319375	0.0296193907039081	0.506518206036051
AT1G05210.1	-3.57379003629465	1.45686298160039	-8.78313050912023	0.000474018839181978	0.0315493207185655	0.406892512024466
AT1G05580.1	-6.14348360581636	1.48998620170756	-8.62324226372459	0.000513808023416193	0.0331400101722553	0.712433144973807
AT1G06000.1	-2.08638133358247	5.15750319202413	-9.80134598772671	0.00029213891073574	0.0251432993741425	0.212866818107946
AT1G06570.1	1.58500679049665	6.14711869381264	7.66907149323112	0.000856351233799499	0.0431857353147096	0.206675187719349
AT1G06650.2	1.99281685033402	5.77819382782736	10.0773848436652	0.000258263468630103	0.0239237241011147	0.197751389001159
AT1G07590.1	1.96367385087691	7.88094207552949	8.0641884940269	0.000688591666926411	0.0386560626517557	0.243505450341518
AT1G07790.1	-2.79115883177411	5.17485752331012	-7.65605155644036	0.000862670005003729	0.0431857353147096	0.364568970205817
AT1G08150.1	-6.39814140959239	-0.762803227248018	-9.91145693174982	0.000278017956735713	0.0243895945775577	0.645529860408003
AT1G08930.1.DE	4.70188807909258	4.73449847610791	11.2501308566657	0.000158081129996614	0.0194334483040979	0.417940745667569
AT1G09000.1	-3.0294439662762	1.13159478809493	-8.3864574520522	0.000580404711093489	0.0353463877963475	0.361230469908946
AT1G09080.1.DE	2.51053015279009	1.65342508654194	7.60017417632263	0.000890433130918315	0.0440348035254273	0.330325344465306
AT1G09380.1.DE	-9.4333913936077	-0.704594035432645	-14.774760791197	4.63014804752465e-05	0.0144413625208405	0.638480143734594
AT1G09460.1	-5.33411913057213	0.590781658421356	-12.0101404197824	0.000117924410083996	0.0175810474334517	0.444134618258591
AT1G10670.3	-1.77079684283927	7.79204666225548	-8.13261311957423	0.000663716471995742	0.0378041263162001	0.217740204384883
AT1G10747.1	-6.7441958862313	-2.86883180927161	-10.1667564881429	0.000248326819112765	0.0233624158822537	0.663357669095037
AT1G10770.1	-7.48155249982318	2.61430647935412	-20.1762163498119	1.12106995014712e-05	0.0140318754731911	0.370810481514932
AT1G11120.1	-5.63876101376804	1.24385000244937	-12.1168673890524	0.000113329707879515	0.017273600112161	0.465364589106807
AT1G11530.1	1.86279977682261	3.63880101080694	8.15330772442649	0.000656407220093901	0.0375445664272996	0.228471663254148
AT1G11620.1	-6.48976120232429	-2.99990408476021	-9.24650013139206	0.000378020720931817	0.028548749131513	0.701861364852137
AT1G11765.1	-7.7153274984455	0.0310189406214805	-13.2043655494715	7.69616923948544e-05	0.0156258334054861	0.584301265330713
AT1G12000.1.DE	-2.72857045403293	5.66667676694056	-9.4109886026823	0.000349707885178183	0.0267462196145494	0.289934519021226
AT1G12310.1	-1.86699068723204	5.841477656434	-8.7860082956299	0.000473337424440663	0.0315493207185655	0.212495893972769
AT1G13110.1	5.99715325475696	4.35620548744672	16.0647835639553	3.16684604710889e-05	0.0140318754731911	0.373310554162262
AT1G13340.1	4.49131459587745	1.21574746961467	12.0156414644781	0.000117682133555968	0.0175810474334517	0.373788999043884
AT1G13580.2	-1.94307049936379	3.48116051007797	-8.23730780012041	0.000627716378549609	0.036747292729608	0.235886596265758
AT1G13990.3	1.97095006792158	5.09003189085701	8.99094966075477	0.000427709133872272	0.0300917190656871	0.219214893007879
AT1G14440.1	-4.0053332169799	3.40234219912731	-15.1877996383386	4.08608674997389e-05	0.0142993333163498	0.263720440903713
AT1G14900.1	-4.74501851310326	4.20260845778687	-18.6825173573575	1.59267850633857e-05	0.0140318754731911	0.253981753226344
AT1G15125.1.DE	8.16879805135713	3.97302126563866	18.7742113948114	1.55750177839431e-05	0.0140318754731911	0.435107386380805
AT1G15480.1	-2.31960302024146	3.10570047137868	-7.31862114312712	0.00104782997178577	0.0476317786408565	0.316945361001475
AT1G16070.2	-5.25524884796025	0.0255607335585313	-11.5705529249102	0.000139398912317712	0.0190850028151214	0.454191677966077
AT1G16630.1.DE	-5.97808545926087	1.75641252942506	-12.5611271479094	9.6386209225524e-05	0.0167137859053103	0.475919508565424
AT1G17190.1	-3.58561104698858	2.87380147980071	-12.8704801056538	8.63827423941426e-05	0.0163665302829124	0.278591864293662
AT1G17540.1	-6.73941537997134	0.490941701171786	-14.6908630971282	4.75117163831338e-05	0.0144413625208405	0.458748770267198
AT1G17710.1	-2.8911493791997	2.2655049100978	-8.02677779311001	0.000702666531114607	0.0389722539815633	0.360188042290319
AT1G18080.1.DE	-1.63839806574244	7.98216288406607	-7.70115952747041	0.000841014545992332	0.0427288637957333	0.212746932445458
AT1G18120.1	-5.78505127845592	0.0964775167852857	-7.81921479327276	0.000787360492956029	0.0410883678682248	0.739850666774504
AT1G18650.1	-2.3473902243165	4.78103834732415	-10.2244826284493	0.000242153872883046	0.0231002941044341	0.229585232780871
AT1G19700.1	1.55467490245782	5.92716278759686	7.82064509616417	0.00078673612630166	0.0410883678682248	0.198791133383657
AT1G21100.1	4.33150272872113	-0.0525008347536308	7.58022309083373	0.000900605483198164	0.0444202834453991	0.571421536914782
AT1G21250.1.DE	2.59879389192421	7.32497631109486	10.2086453280313	0.000243828788774373	0.0231637178145375	0.254567947892983
AT1G22170.1	-3.98920583350667	2.91369959210007	-12.723299748018	9.09767179673599e-05	0.0165614638030005	0.31353547527072
AT1G22190.1	2.18783010229041	3.83267703471804	9.42613447744501	0.000347231797183846	0.0267462196145494	0.232102576886154
AT1G22350.1.DE	4.38581318519996	2.28060108667369	11.2788262469449	0.000156289267116493	0.0194334483040979	0.388853688245084
AT1G22690.1	4.38169841674192	2.9921009655956	15.544393759992	3.67768847601252e-05	0.0140318754731911	0.281882875871267
AT1G23410.1	-4.61670615331501	1.10356361775857	-10.7020687554285	0.000197599878666881	0.0206515038710689	0.431384460221606
AT1G23560.1	-7.43208416552426	2.08151858186107	-18.9604330839027	1.48892040086871e-05	0.0140318754731911	0.391978607906064
AT1G23670.2	-9.64850541542949	-0.195347888290322	-14.7772786082895	4.62657422163686e-05	0.0144413625208405	0.652928436364259
AT1G23690.1	-9.95316587762053	-1.26428483817789	-16.1189458926069	3.11878013442323e-05	0.0140318754731911	0.617482429926488
AT1G23770.1	-6.6523498987174	-2.92118575042186	-9.21722514241731	0.000383345685139735	0.028548749131513	0.721730216624909
AT1G24095.1	-3.10068529233979	1.97149857663451	-10.0020578841693	0.000267013798995447	0.0241339660724306	0.310004733850559
AT1G24320.1	-5.0508976841687	-1.15103843060568	-8.80862008474828	0.000468024214451814	0.0315111910576341	0.573403965158414
AT1G25340.1	-5.56292367547455	-2.22708106159263	-7.5652551940485	0.000908328914343773	0.0445411480568113	0.735325317228009
AT1G26390.1	6.11304470207311	-3.14277155497297	8.55194024315061	0.000532844581529295	0.0338068580791018	0.714813776554291
AT1G26480.1	-8.4574252273125	1.78316714687826	-19.1884218901795	1.40988064792139e-05	0.0140318754731911	0.440756685240538
AT1G26610.1	-5.88072184339018	0.733236611542861	-7.55861597513921	0.000911780234140899	0.0445411480568113	0.778015692652235
AT1G26770.2.DE	-3.44720369890753	3.66253523680513	-8.50170538938259	0.000546768309374301	0.0341361093470459	0.405472024849578
AT1G26780.2	-9.06055496581908	-0.47752750022936	-12.5841227304033	9.5595901494561e-05	0.0167137859053103	0.719998935160473
AT1G27040.1	-7.38835800046797	-1.30772660511207	-9.41093524105175	0.000349716646496794	0.0267462196145494	0.785082227347498
AT1G27770.1.DE	1.43950265282366	5.91933287572722	7.2144378835906	0.00111441668497431	0.0499857248780804	0.199530812524957
AT1G27860.1	-6.66488303506236	-2.9095501039376	-9.80158033833507	0.000292107948863976	0.0251432993741425	0.679980452641424
AT1G27960.1	-2.11790927677188	2.92014421690334	-7.53872873207208	0.00092221314197407	0.0446811644519852	0.280937191407569
AT1G28270.1	-8.0216632607964	1.74028068112073	-19.3000219436125	1.37305152477654e-05	0.0140318754731911	0.415629748206128
AT1G29160.1	-3.23641349707808	0.611795893766949	-8.32289135719312	0.000600023863417069	0.0359790133310063	0.388856871750583
AT1G29200.2	-3.42090377941378	1.11874817860461	-9.39876232222205	0.000351722233544099	0.0267462196145494	0.363973857635014
AT1G29270.1	-5.52001786445592	-3.48719949908941	-7.42425425542455	0.000985136627046026	0.0462607273592026	0.743511425463737
AT1G29310.1	-2.44428561746597	5.20224661996907	-12.1297221769982	0.000112791045157532	0.017273600112161	0.201512085915794
AT1G30440.1.DE	-1.42973112396401	5.85968310359082	-7.22933472851828	0.00110459063846571	0.0496483466050412	0.197768007383032
AT1G30790.1	-5.3448637714951	-3.57174168306305	-7.351480180404	0.00102782741441703	0.0472091167467002	0.727045933653238
AT1G30795.1	-9.81516288787651	-1.33348557740668	-15.669472750578	3.54628802958118e-05	0.0140318754731911	0.62638756543448
AT1G30960.1	-2.75323177996073	2.04627374878111	-9.10932771768917	0.000403769862708295	0.0294153738267276	0.302243136407783
AT1G33720.1.DE	3.32832093997676	2.69657982992117	7.8620199203923	0.000768930068283763	0.0407819660590745	0.423341707815297
AT1G34095.1	-3.15835973619273	2.40955836682115	-10.300618206476	0.000234293446803216	0.0226034134829129	0.306618464337127
AT1G34260.1	1.96750697859673	4.99314468271319	8.50257695781039	0.000546523022354096	0.0341361093470459	0.231401254979457
AT1G34430.1	-1.90707461303921	6.1638162499991	-9.54242907026289	0.000328908507766426	0.0264708283698862	0.199852113020387
AT1G35110.1	-6.00683762436544	-1.28306803355225	-9.43612744377399	0.000345609707095834	0.0267462196145494	0.636578687619229
AT1G35440.1	-6.2331443659021	-3.12438929611747	-9.17198652103352	0.000391753566987849	0.0288870609949446	0.679584989752006
AT1G44160.1	-5.88496281828913	-0.309157669933361	-12.2424567299524	0.000108197472347288	0.0171625095235526	0.48070113279559
AT1G47210.2	-3.08843897889972	2.72192558764594	-11.3451087763498	0.000152243388458431	0.0194334483040979	0.272226475724757
AT1G47980.1	-9.02844209369402	3.43148811563239	-22.1155705587615	7.36858002451275e-06	0.0140318754731911	0.408239166595557
AT1G48830.1	-1.89447039707645	6.41866238429295	-8.03835358614266	0.000698274721016628	0.0389722539815633	0.235678908220999
AT1G49230.1	3.55685066394512	0.895563805028467	8.25735545497868	0.000621093747569543	0.036655993576735	0.430749370465886
AT1G49290.1.DE	-6.00156814912324	-0.100471960033228	-11.7784689654884	0.000128699020353455	0.0183837454047295	0.509537204428538
AT1G50580.1	-6.47609704880623	-3.00905650822928	-8.97410816061891	0.000431252507227346	0.0300917190656871	0.721642410911125
AT1G50690.1	-6.16057810645519	-3.16669239198679	-8.48735839626132	0.000550825142188987	0.0342327160691165	0.725853418558231
AT1G51035.1	-6.76376479615174	-2.86063657877371	-9.99813003466956	0.000267479826073306	0.0241339660724306	0.676502983327649
AT1G51260.1	-8.75206441237183	-1.86556073261154	-13.6938869640908	6.52973290260645e-05	0.0149706472925892	0.639121999131597
AT1G51800.1.DE	3.68599602652335	2.48303386444763	10.6585551371423	0.000201223402587105	0.0207953715635757	0.345825112231077
AT1G51915.1	-7.38144589181399	-2.55398515206695	-10.7056574485585	0.000197304573312688	0.0206515038710689	0.689490199670818
AT1G53130.1	-10.4094521698131	-1.03644653899798	-16.4340304241704	2.85606990400478e-05	0.0140318754731911	0.633408354563063
AT1G53140.1	-5.22150436967538	1.89953982159635	-13.5715161623145	6.79996744661858e-05	0.0153893042199359	0.384739944102525
AT1G53860.1	-6.62380965097942	-0.363892688198077	-12.3883576265352	0.000102584109094525	0.0169320090862739	0.534680209488912
AT1G54180.1	-2.04163522287516	2.59535505821829	-7.37359841367538	0.00101462130851745	0.0469395598653612	0.276884515311908
AT1G55020.1.DE	-2.36090206474374	4.934738849063	-8.98144836565969	0.00042970382488436	0.0300917190656871	0.262864291885324
AT1G56340.1	-1.97033869403699	7.81062200356351	-9.21843894519958	0.000383123108916724	0.028548749131513	0.213738866824412
AT1G59790.1	-3.93586713248395	-0.934790224132323	-7.33202792838256	0.00103961276036775	0.0474310283296209	0.536804710910615
AT1G60760.1	-7.4763936007584	-2.50310290579038	-11.4976877810571	0.000143401589894802	0.0190850028151214	0.650251923963013
AT1G61790.1.DE	-1.65313607851398	6.05872533872376	-7.70328078634228	0.000840012367874801	0.0427288637957333	0.214601560603236
AT1G61860.1	-5.01483222250602	1.41233603923125	-12.1344530803327	0.000112593583868131	0.017273600112161	0.413272208422313
AT1G61940.1	-6.70333895630703	-2.89180847359906	-9.76526349371626	0.000296953712672732	0.0251608327417706	0.686447320199859
AT1G62180.1.DE	3.10121457205783	7.8165874732945	9.76787032912335	0.000296602662781845	0.0251608327417706	0.317491374021563
AT1G62560.1	3.29381338165075	4.68918763045322	11.913474809491	0.000122281968032993	0.0179366609346459	0.276477974253716
AT1G62990.1	-2.46121990860536	2.79113124804194	-9.56726584240797	0.000325147890334679	0.0263234714896173	0.257254261473087
AT1G63160.1	-3.08732715423372	2.14830027461896	-10.3607245819186	0.00022830502741067	0.0224868088911383	0.297983710485046
AT1G63220.1	-1.76818950247373	3.76923493148897	-7.38793003531529	0.00100617315108082	0.0468887022349209	0.239334900847943
AT1G63640.1	-2.54735051624461	4.86654807993419	-12.2144019720421	0.000109319101168587	0.0172401909663732	0.208553027980847
AT1G63650.1	-5.32212163569616	1.4671009385268	-14.3923132049559	5.21414881391054e-05	0.0144413625208405	0.369789175645756
AT1G64450.1.DE	-3.0749051446506	2.82903856861455	-11.1065606586012	0.000167428811198567	0.0195854263210015	0.276854846353295
AT1G66100.1	7.81409976649638	1.97882423036385	9.23090517923271	0.000380846166850469	0.028548749131513	0.846515007442195
AT1G67110.1	-6.72573419887901	-2.05055644060154	-9.87973007798416	0.000282000447458826	0.0246575363265683	0.68076092623892
AT1G67590.1	-2.44931881692356	3.77998311602681	-8.22187384387609	0.000632872911081678	0.036747292729608	0.297902748623161
AT1G67830.1	-3.37670488876659	4.08322894909798	-12.3482662418917	0.000104090691881014	0.0169653793176804	0.273455789065438
AT1G67900.1	2.00973291048358	6.19118671951512	9.9866642411057	0.000268845839999703	0.0241339660724306	0.201241662076853
AT1G68610.1	-5.26918001888864	0.17395625180526	-11.4786242885879	0.000144471668401137	0.019134080237807	0.459042816143679
AT1G68875.1	-10.850380585212	2.82316883118361	-23.4026803829805	5.68742861660802e-06	0.0140318754731911	0.463638369949405
AT1G69500.1	-6.69577646041004	3.27779315282775	-18.3053866619151	1.74790279018844e-05	0.0140318754731911	0.365781755068894
AT1G69720.1.DE	3.20690912893665	3.39020319336006	12.2999661942846	0.00010594150158325	0.0170023646335047	0.260725036010814
AT1G69940.1.DE	-9.99524756505788	3.65637154564107	-24.5738593502305	4.54732021475826e-06	0.0140318754731911	0.406743093244086
AT1G70220.1	-5.07151319469287	-0.950491093426417	-8.54749289385816	0.000534059884620199	0.0338068580791018	0.593333420415831
AT1G70230.1	2.16947729563894	3.63277309520223	8.06648642748197	0.000687738243973434	0.0386560626517557	0.268949475728079
AT1G70260.1	7.07715491265123	1.94937573280649	15.3685677134947	3.8725411249068e-05	0.0142776404744368	0.460495411451843
AT1G70290.1	1.69285454423848	6.23444852415465	8.43290134609327	0.000566557652738139	0.0347357133475385	0.200744023291904
AT1G70440.1	-7.93492500963589	-2.27722593571142	-11.54560567042	0.000140753923034194	0.0190850028151214	0.687267973300463
AT1G70890.1	4.3750047522144	3.05184917220926	15.5016969629883	3.72389068371668e-05	0.0140318754731911	0.28222747242835
AT1G71480.1	2.04236080940662	5.72533304876157	8.8294464527349	0.000463194049941158	0.0312885331823238	0.231312440744686
AT1G71760.2	-4.50203948302418	-0.949897226009776	-8.45156911942463	0.000561104306544961	0.0344788486384374	0.532686820566483
AT1G72110.1	-9.19493277276553	-0.817226375272435	-13.2607813288211	7.54953815753466e-05	0.0156258334054861	0.693392986790392
AT1G72920.1	2.65228858809783	2.10252750541257	8.09418745987033	0.000677549983558596	0.0383845597167609	0.327678176623342
AT1G73010.1.DE	-2.64763115882005	3.05948796770629	-9.52020449735724	0.000332318215046967	0.0265472396114337	0.278106542727629
AT1G73080.1	-1.86891241630657	5.56220132915925	-8.78266396982703	0.000474129419788433	0.0315493207185655	0.212795619043066
AT1G73550.1	-5.33306571116612	-2.0686130362921	-7.89735538234859	0.000754105894917946	0.0407819660590745	0.675297672824256
AT1G75520.1	-5.74742782505894	0.525846112094077	-11.1491147158178	0.000164590036144045	0.0195239563309477	0.515505308856927
AT1G75540.1	1.70753285982507	3.917155395293	7.56095747114448	0.000910561238126817	0.0445411480568113	0.225835532912553
AT1G75580.1	-3.99861310806006	2.34074758787138	-12.5488567565314	9.68111540591699e-05	0.0167137859053103	0.318643617154915
AT1G75910.1	-10.8690127123844	4.04229668970899	-23.7439036682052	5.32257595801491e-06	0.0140318754731911	0.457760141898605
AT1G76130.1	2.42193440490638	3.43356533659346	8.96746069603156	0.000432660844918915	0.0301129740610274	0.27008029218106
AT1G76540.1	-5.29775690766522	2.78940395398815	-10.7480783469449	0.000193853982214646	0.0206515038710689	0.49290270657276
AT1G77630.1	-2.42924840333947	3.63892729630924	-10.3708167375031	0.000227317772486959	0.022470691256383	0.234238870942032
AT1G77720.1	-2.26652899507305	3.01724422693878	-8.97806212787729	0.000430417439342633	0.0300917190656871	0.25245191699391
AT1G78290.2	3.13644014585675	4.92798891373782	14.8254682419256	4.55881364336518e-05	0.0144413625208405	0.21155757745223
AT1G78940.2	-2.77573188891511	2.918563081819	-9.97872570153425	0.000269796563870957	0.0241339660724306	0.278164965341049
AT1G80160.1	-4.19195516077621	1.46282310608961	-9.09956663320627	0.000405681591019459	0.0294367309781486	0.460676351935142
AT1G80180.1	2.69824035459733	4.85441498289622	10.4815722441241	0.000216815288955888	0.0220722818230727	0.257427062634612
AT1G80200.1	-3.90884186401619	-0.814491629054531	-7.68226570074182	0.000850004588915146	0.0431053442367508	0.508813677667872
AT1G80690.1	-2.62906406719835	2.22241836054927	-8.08655841934412	0.000680337654840814	0.0383845597167609	0.325115324822149
AT2G01210.1	-3.77956601512452	1.69552260961164	-10.8865703043188	0.000183085762308017	0.0203226929520426	0.347176926201004
AT2G01420.2.DE	2.26618741848136	5.32328775793069	9.17803741917845	0.000390616167181329	0.0288863891277536	0.246914162034895
AT2G02130.1	-2.47914305318589	5.84305372194633	-7.87737018209039	0.000762447530898254	0.0407819660590745	0.314717094141691
AT2G02990.1	-5.27925052935206	3.09008094237415	-14.2144721275307	5.51599624534508e-05	0.0144704736117067	0.371399689132821
AT2G03210.1	-6.82941066800819	-1.61410734022055	-11.2251810906395	0.000159659340162752	0.0194334483040979	0.608400934725508
AT2G03530.1	3.1283625893118	4.10964345836009	11.6511282453782	0.000135129023824532	0.0186561961900815	0.268502974426769
AT2G04235.1	-3.30908245620833	2.45676405512091	-11.4354471243499	0.00014693125691097	0.019365823586	0.289370622785897
AT2G05642.1	-5.72598170726377	-3.3789665224195	-8.18545973833227	0.000645242583707752	0.0371395641588578	0.69953086207842
AT2G07170.1	-6.38480051353035	1.34658312581135	-14.9352431491505	4.40889743708198e-05	0.0144413625208405	0.427498933212446
AT2G12540.1	5.41498276880802	-2.67862379392856	7.97202305131828	0.000723896523385527	0.0396781863252097	0.679248257807355
AT2G13610.1	-2.28391775280248	4.35473925459581	-9.76976932568362	0.000296347249716704	0.0251608327417706	0.233773969135414
AT2G14095.1	-4.04899248770056	-0.486936879585177	-7.51754206806697	0.000933486047854233	0.0446812277958018	0.538605896852893
AT2G15535.1	-8.77188198121145	-1.85681984662001	-13.275373179766	7.51216489018978e-05	0.0156258334054861	0.660763495114499
AT2G15555.1	-7.22599012440822	-2.62822819307216	-11.0413811586735	0.000171892712271858	0.0197494133203654	0.654446216516297
AT2G15620.1	2.62035385397106	7.14669562233653	9.48632182241553	0.000337599048544431	0.0266470954361904	0.276224431663212
AT2G16270.1	-4.03465806036123	2.90755728992863	-13.7208109957933	6.47203439795836e-05	0.0149641113965676	0.294053905530674
AT2G16535.1	-9.34031922331064	-1.57288103599577	-13.8470638862467	6.20957679362923e-05	0.014674147972373	0.674534276727625
AT2G16780.1	-3.79590710430967	3.28541113581544	-14.3082738729291	5.35422261236218e-05	0.0144413625208405	0.265294551811133
AT2G16910.1	-8.33778798571466	2.33250029571361	-11.6974319558633	0.000132746894303733	0.0186561961900815	0.712787902265625
AT2G17000.1	-6.98939379044702	-2.7490638286736	-10.0787879711793	0.000258103790488969	0.0239237241011147	0.693475625286838
AT2G17770.2	-4.63239049421363	-0.381124592526043	-9.57970133326145	0.000323284506480927	0.0262505094949974	0.483563143887337
AT2G17800.1	-2.00844898112887	5.18599331632308	-10.0642258542392	0.000259766807730057	0.0239237241011147	0.199563186500121
AT2G17890.1	-6.26230052485995	-0.548215230475221	-11.0431516667617	0.000171769567936662	0.0197494133203654	0.567075479340612
AT2G17940.1	-5.32385143802745	-1.26300519472831	-9.61819988228088	0.000317596940594764	0.025865663672379	0.553518486118728
AT2G18130.1	-9.06176620394526	-1.71059740682416	-14.2511941110738	5.45196767088138e-05	0.0144413625208405	0.635860134478408
AT2G18390.1.DE	-1.69017750787242	3.61702032464161	-7.46799156853651	0.000960504016132642	0.0457337366006054	0.226322899853466
AT2G18690.1	5.43803256746835	1.42939048786998	14.3692890162983	5.25207813668562e-05	0.0144413625208405	0.378448269869183
AT2G19650.1	2.2523263371647	4.38377531874096	7.85641795041228	0.000771312331416996	0.0407823921280037	0.286686165550358
AT2G19910.1	-5.52528102665921	2.29160731243855	-15.3096302553972	3.94064436677625e-05	0.0142993333163498	0.360902316678181
AT2G20340.1	1.68895527865689	5.59665833438754	8.58208641275124	0.000524694007055754	0.0334467911086498	0.196800078375749
AT2G21050.1.DE	-2.81355119210563	3.91642033633955	-7.30032427193276	0.00105917067187799	0.0479812444467509	0.385400851702268
AT2G21480.1	-7.62279802612388	-0.226005992808108	-10.7559273400494	0.000193223558059088	0.0206515038710689	0.708706723755987
AT2G21720.1	-8.34446879525639	-2.06862757621774	-13.2167601829634	7.663660386634e-05	0.0156258334054861	0.631355088519539
AT2G23300.1	-2.48760664289109	1.61335788722046	-7.59919559903271	0.000890928840158189	0.0440348035254273	0.327351311131896
AT2G24210.1	-7.59816824017828	2.24956834692033	-11.8483184375792	0.000125329367390676	0.0181253607383428	0.641286633222083
AT2G24680.2	-2.9243080009308	0.504865053282722	-7.35661363213431	0.00102474407490522	0.0472091167467002	0.397507351501671
AT2G25530.1	-2.37246579523653	3.5590240585973	-9.23942053204349	0.000379300234117238	0.028548749131513	0.256776470668102
AT2G26190.1	2.16441698309461	5.56137048026371	10.3241640959541	0.000231925199519109	0.0225986257802852	0.209645736253148
AT2G26975.1	2.15521378908227	4.44301338110253	9.09153526158537	0.000407262747255921	0.0294730756853668	0.237057188590439
AT2G27120.1	-7.56571755012929	-0.874097852518178	-13.5604135383322	6.82515049889032e-05	0.0153893042199359	0.55792675708176
AT2G27670.1	-7.91330841203817	-2.28527459478676	-12.1538924502181	0.000111786593385628	0.017273600112161	0.651092515788731
AT2G28140.1	-4.85137548071947	0.657469636422184	-12.092879537755	0.000114343242857456	0.0173312594159999	0.40117620171218
AT2G28315.1	-4.0422000742788	2.16881419945579	-9.41192665521292	0.000349553911843646	0.0267462196145494	0.429476367842282
AT2G29550.1.DE	-3.6966093585879	6.26336785174186	-11.1628677351612	0.000163685050930886	0.0195239563309477	0.331152303000437
AT2G29680.1	-4.06922000247078	0.213330275470811	-8.79638763500393	0.00047088955366101	0.0315493207185655	0.462601259894222
AT2G30050.1	-1.54192288187891	4.97600660374084	-7.75631718347099	0.000815416259214386	0.0418176725566656	0.198795748730442
AT2G30410.1	-1.45976441626027	4.92489108659868	-7.31631643198054	0.0010492504109942	0.0476317786408565	0.199521771622596
AT2G30930.1	2.72835973239753	3.35937920461575	11.4160345110893	0.00014805359959248	0.0194199344119309	0.238993647903504
AT2G31220.1	-6.10641396440349	1.81034365307635	-16.3523240028904	2.92152796026947e-05	0.0140318754731911	0.373427897057578
AT2G31270.1	-4.50936025959136	2.79709756190987	-12.6120279715097	9.46473762284725e-05	0.0167137859053103	0.35754442265573
AT2G31480.1	-5.76482950660961	-3.35890907022587	-8.25440755119663	0.000622062274164435	0.036655993576735	0.698394096833018
AT2G31880.1.DE	3.48514850019591	6.11009291509937	14.5715849586849	4.92990882655073e-05	0.0144413625208405	0.239174290928366
AT2G32360.1	-6.61410503454322	-2.9381170714885	-9.40748337645701	0.000350283963390973	0.0267462196145494	0.703068479620762
AT2G32380.1	-2.41409938168795	2.55057697673683	-9.05040436608424	0.000415477833683882	0.029751920567972	0.266739394621374
AT2G32390.3.DE	2.12150985852814	3.31807803699476	7.79255505969696	0.000799108065100705	0.0412917904169366	0.272248298828271
AT2G32670.1	-4.96083168294217	1.31201962813432	-13.4081317255679	7.18223580651146e-05	0.0156258334054861	0.369986794915089
AT2G33010.1	-6.99179578866753	-1.91648492113347	-9.51723489928554	0.000332777038709464	0.0265472396114337	0.734645709878654
AT2G33190.1.DE	-7.01954458355457	-2.73265715164475	-10.4677956866288	0.000218089225005702	0.0221194361555039	0.670584791076988
AT2G33640.1	-2.76337592412204	1.32427204343642	-7.86109244076197	0.00076932387092257	0.0407819660590745	0.351525687421403
AT2G33770.1.DE	2.19956963241648	7.86714498096196	8.31573718425228	0.000602281612147668	0.0359794906511034	0.264506872172664
AT2G34220.1	-4.87108751238955	-0.439531690402802	-7.54872829319304	0.000916949503724358	0.0445938205171331	0.645285844608024
AT2G34590.1	-1.62521201210646	6.01228571296267	-8.21337647441243	0.000635733686485173	0.036747292729608	0.197873799791056
AT2G35830.2	1.74896805657805	5.86168019888286	7.98157243789846	0.000720138933547479	0.0396119970241449	0.219125751245898
AT2G36160.1.DE	-2.35466022965856	6.72899192174605	-9.39746472462877	0.000351936841315956	0.0267462196145494	0.250563348589912
AT2G36270.1	-3.53186856636609	3.01605314100039	-10.6842467971621	0.000199074350991135	0.0206515038710689	0.330567856903512
AT2G37300.2	-2.62924539227122	2.61248584821553	-8.22555143242547	0.000631639601133524	0.036747292729608	0.319643663269386
AT2G37560.1	-3.58659533355751	0.665136136317761	-7.93954347557333	0.000736854801128678	0.0400470309545691	0.451738232127825
AT2G37880.1	-4.50254973783698	-0.673604703088398	-9.0856114988253	0.00040843374016621	0.0294796236321553	0.495569256776952
AT2G38790.1	5.34758409943608	2.02582313075615	11.9286669273629	0.000121584371648487	0.0179307373604631	0.44829687441179
AT2G38905.1	-6.15320715650456	-0.794664243034365	-7.86291162859705	0.000768551682700305	0.0407819660590745	0.782560894379841
AT2G39030.1.DE	3.95152533635711	1.51096800761156	8.90012960628999	0.000447243045985187	0.0307358489259795	0.443985145290969
AT2G39400.1	5.5490187234926	2.35274742573589	15.0632294444829	4.24158910711287e-05	0.0144413625208405	0.368381743366792
AT2G39510.1	-9.54703867080455	1.52179795475053	-19.5348819313829	1.29928951134302e-05	0.0140318754731911	0.488717500537702
AT2G40000.1.DE	2.64124887631292	6.07580562435725	12.5956495715332	9.52027037257276e-05	0.0167137859053103	0.209695328638093
AT2G40116.1	-5.66053090697354	1.04735115157008	-14.07225180454	5.77273798681823e-05	0.014611873128649	0.402247698918189
AT2G40205.1	-3.48865309250584	3.56909772359766	-10.8151469443552	0.000188546178478454	0.0206515038710689	0.322571030283289
AT2G40270.1	2.30783533118225	6.07603370433298	11.5296777042662	0.000141627393590494	0.0190850028151214	0.200164773931911
AT2G41550.1	-4.24714017942161	3.03746208615718	-14.4903838451457	5.05626443390549e-05	0.0144413625208405	0.293100598632133
AT2G41670.1	-2.35136105511098	1.81590468992029	-7.45649959290004	0.000966903823861435	0.0457480885165266	0.315343818612947
AT2G42260.1	-4.70965604005002	0.0588403130133161	-9.43286894698532	0.000346137629399102	0.0267462196145494	0.499281402775684
AT2G42350.1	5.46259798323749	-1.51034925402075	8.42815211179465	0.000567955206304297	0.0347433226313904	0.648137089931367
AT2G42410.1	-8.86590342760121	-1.8086027638331	-13.8989515777016	6.10546324328697e-05	0.014611873128649	0.637882891960355
AT2G42690.1.DE	2.03490269944833	7.00664246904249	9.98031379840172	0.00026960604784541	0.0241339660724306	0.203891655167617
AT2G42830.2	-8.97404352510934	-0.178082895515497	-15.7016556972687	3.51340465711659e-05	0.0140318754731911	0.571534855822267
AT2G42840.1	-7.82660841980912	4.58303864397585	-9.63318299691798	0.000315416132761709	0.0257649651201728	0.81246338020498
AT2G43100.1	4.12190774845796	4.17738133467891	11.3711493162506	0.00015068862942851	0.0194334483040979	0.362488226459863
AT2G43386.1	-7.31327655789895	-2.58489982333058	-11.1502281582552	0.000164516543802132	0.0195239563309477	0.655885821716075
AT2G43550.1	-3.43819064952165	4.937927362491	-8.0318514651047	0.000700737518374563	0.0389722539815633	0.428069501093149
AT2G43990.1	-2.64546354720494	1.64165576663316	-7.37282978699288	0.00101507679949284	0.0469395598653612	0.358812508037559
AT2G44660.1	-1.61413869349495	3.79687008187426	-7.32457809782153	0.00104416927135228	0.047559382688321	0.220372924138119
AT2G44740.1.DE	-3.01785043073941	2.89244352774004	-8.3302130961886	0.00059772378295093	0.0359200395820489	0.362277698768618
AT2G45040.1	-3.64954946058732	0.489619077704819	-8.85751940737257	0.000456778000316856	0.0310779904804109	0.412028389974467
AT2G45290.1	-1.68243862742971	4.72649238334411	-8.14093732221291	0.000660764672131046	0.0377147333676806	0.20666399467775
AT2G47230.2	-3.50525555598679	2.69048964560222	-12.3383518355017	0.000104467387214394	0.0169653793176804	0.284094310384386
AT2G47485.1	-2.64620995228385	1.56604479527846	-7.8683654400623	0.000766242293897243	0.0407819660590745	0.336309996331703
AT2G47890.1	2.83529548013355	3.36359957185938	10.4135770952298	0.000223191621076845	0.0222712316161055	0.272269120803105
AT3G01450.1	-2.22364829308365	2.75101773056206	-8.54160477469625	0.000535674043557107	0.0338180397928616	0.260331442596245
AT3G03000.1	3.38559209854891	0.571060290114113	8.53563047892126	0.000537317841239464	0.0338180397928616	0.396642299231397
AT3G03080.1	-6.55116254246548	-0.40425924075214	-13.138051631443	7.87296526626972e-05	0.0156258334054861	0.498640340763064
AT3G03190.1	2.66615701764501	1.85784037332066	7.95446683259239	0.000730866497177798	0.0398340436898031	0.335177337935558
AT3G03272.1	-4.23994094481338	-1.55614081734401	-7.7959421782571	0.000797603897666925	0.0412917904169366	0.543865109292189
AT3G03430.1	-9.36551615673742	0.392570668624314	-18.036749517665	1.86976117906003e-05	0.0140318754731911	0.519246339123627
AT3G04290.1	-5.4741443607243	6.07524932597006	-8.46904237160091	0.000556057132930578	0.0344788486384374	0.646371115001225
AT3G05820.1	-5.05940426929894	1.92127090572442	-13.9064123834671	6.09066761755862e-05	0.014611873128649	0.363818081169081
AT3G06160.2	-6.16947094125835	1.67341332333063	-13.9817020753067	5.9437660136439e-05	0.014611873128649	0.441253211377916
AT3G06433.1	-2.11635597941326	2.52506458489357	-7.4362186798483	0.000978323641130215	0.0460994886026868	0.284601095063068
AT3G07840.1	-9.11781346004831	-1.68198652725834	-14.6198294905667	4.8566490797976e-05	0.0144413625208405	0.62366072504002
AT3G07850.1	-9.01883177954255	5.06465333336559	-28.0735895640687	2.46914228415002e-06	0.0140318754731911	0.321256808252469
AT3G07960.1	-4.71797745693002	1.58870843755851	-7.81967036904996	0.00078716155687745	0.0410883678682248	0.603347357914682
AT3G08770.2.DE	-8.87514284405711	5.57781803535187	-29.7665113079138	1.8871064924928e-06	0.0140318754731911	0.298158650580511
AT3G09800.1	-2.33314288056106	3.42328212199834	-10.014123475793	0.000265588377937028	0.0241339660724306	0.23298523192778
AT3G10230.1	1.63620931868789	6.75240658233672	7.88390400811173	0.000759708211156608	0.0407819660590745	0.207537955434819
AT3G10410.1	-2.58657789450154	7.39518968030563	-8.12855093801791	0.000665162704552554	0.0378075709756403	0.318208978971134
AT3G11000.2	-5.9335951965616	2.74525836919453	-17.5724181740998	2.10569095923204e-05	0.0140318754731911	0.337665262559435
AT3G11050.1	-3.84282135134156	1.75630526976743	-11.6460582287497	0.000135392986315146	0.0186561961900815	0.329967554331396
AT3G11520.1	-5.69360764909887	0.773949401532932	-8.16253975256472	0.00065317779303278	0.0374383397632633	0.697528933603038
AT3G11740.1	-6.69183292219868	-2.082145722049	-7.80602142397541	0.000793147968084465	0.0411396502153012	0.857265508091662
AT3G11825.1	-8.24485499022303	-2.12148619293763	-12.170249351009	0.000111112987698485	0.017273600112161	0.67745982456304
AT3G11940.1	-1.84814742877067	7.56886963178132	-8.60321858011004	0.000519070051051147	0.0333218545948904	0.214820466498833
AT3G12000.1	-11.1735360045459	0.574552330293414	-15.5656732523941	3.65492171020859e-05	0.0140318754731911	0.717831848540658
AT3G12410.1	-3.8666944473765	0.858575095921901	-8.59375254036895	0.00052158024010253	0.0333305381462292	0.449942493597854
AT3G12420.1	-6.07984888012551	-2.37278906482987	-7.87356717095328	0.0007640474241109	0.0407819660590745	0.772184798594841
AT3G12510.1	-3.04159050184299	2.03106706679575	-8.08491083532724	0.000680941498475691	0.0383845597167609	0.376205818937752
AT3G12740.1	1.42005359682505	6.15478497430661	7.20708689022914	0.00111930411329814	0.0499962977467965	0.197035725870082
AT3G13229.1	-5.35363919799691	-0.587463630255801	-10.689162637559	0.000198666321345899	0.0206515038710689	0.500847389035468
AT3G13390.1	-7.74820737462998	3.28919074805909	-18.1794966733892	1.80376844476771e-05	0.0140318754731911	0.426205824827465
AT3G13450.1.DE	-2.78783017919225	4.39617720275701	-11.6546798806636	0.00013494448451439	0.0186561961900815	0.23920263857419
AT3G13640.1	-4.72756600018935	1.61525840297813	-9.8681572735739	0.000283470249848206	0.0246575363265683	0.479072826782906
AT3G14020.1	3.29271529558094	3.5005890374984	10.2703062507011	0.000237385420646547	0.0227248646719289	0.320605366111274
AT3G14520.1	-7.04985171134616	-1.89145465258855	-9.03451182814715	0.000418705523572625	0.0298270045635933	0.780324587033275
AT3G14600.1.DE	-2.24320283639187	6.34495923655636	-9.10656878882095	0.00040430910035637	0.0294153738267276	0.246327995583318
AT3G14890.1	-4.03256305849994	3.28225184173434	-10.7383047596863	0.000194642469491326	0.0206515038710689	0.37553069583562
AT3G15020.1	-2.08089231186948	5.10201334530712	-10.3396554461736	0.000230382854643027	0.0225346912105136	0.201253544927318
AT3G15720.1.DE	-5.49261229371857	-0.386894422187814	-8.65183024386368	0.000506406379702864	0.0330102377758773	0.63484975304667
AT3G16080.1	-2.34003649925846	5.99159014018522	-8.01045552145545	0.000708915782763249	0.0392149052804624	0.292122775414062
AT3G16360.2	5.77287650896028	1.67227277354935	13.4494323336802	7.0831966221411e-05	0.0156258334054861	0.429228265233455
AT3G16660.1.DE	8.25863315295762	1.24866318882423	17.7742766118492	1.99892903740151e-05	0.0140318754731911	0.464639621251985
AT3G17060.1.DE	-7.17498782581213	1.4018795307012	-13.1175688259023	7.92856572040152e-05	0.0156258334054861	0.546975428224491
AT3G17540.1	-5.97919623189109	-3.25362464552206	-8.52675447080278	0.000539771272878514	0.0338542060642402	0.701227677232291
AT3G18850.1	-4.31286879378507	5.2954337211212	-16.1381502943465	3.10195025819752e-05	0.0140318754731911	0.267246785729586
AT3G19030.1	5.56747691026886	0.225971170007606	8.65795463824976	0.000504837487590544	0.0330102377758773	0.643047595291437
AT3G19660.1	4.84567714636407	0.0315627817795215	10.748775527847	0.00019379788468566	0.0206515038710689	0.450812014243885
AT3G19800.1.DE	1.87205232660034	5.87180254303533	9.4300050115971	0.000346602431359381	0.0267462196145494	0.198520819903921
AT3G20670.1	-4.2659322498252	4.07556215606761	-17.7061079967405	2.03423192926843e-05	0.0140318754731911	0.24092998024244
AT3G20710.1	-5.34705718210328	-2.73875748751728	-7.52674032551534	0.000928571646969746	0.0446811644519852	0.710408085154336
AT3G21420.1	-3.4060398410417	1.92856930710333	-10.9281290363561	0.000179996550181092	0.0201264175352079	0.311676393068781
AT3G21930.1	-6.6020318697447	-2.94333899748694	-9.48418463192472	0.000337935528384777	0.0266470954361904	0.69610958938121
AT3G21980.1	-7.9686380041953	-2.25864380626319	-11.9939907888065	0.000118639168326303	0.0175914805948181	0.664385869933477
AT3G22000.1	-8.32798916591101	-2.07833916292407	-12.7422240322931	9.03697239402396e-05	0.0165614638030005	0.653574222585091
AT3G22060.1.DE	3.43402504767544	3.14370059063648	9.21884519684387	0.000383048648990409	0.028548749131513	0.372500565347502
AT3G22750.1	-1.70796236878875	3.76817102504015	-7.72453470942274	0.000830049944841924	0.0423294441964901	0.221108770047379
AT3G22800.1	-7.0922405949552	-0.766064067623834	-9.74923117904513	0.000299123777272475	0.0252483470954915	0.727466655032159
AT3G23770.1	-10.5578426007503	0.99865958661386	-19.4382210190752	1.32905003398096e-05	0.0140318754731911	0.543148603485353
AT3G23840.1	-1.8794606547715	5.80242944336346	-8.93629882464926	0.000439337269872766	0.0303845367909535	0.210317570131756
AT3G24130.1	-5.51492287523361	-3.48645775330567	-7.65977234042407	0.000860858546561119	0.0431857353147096	0.719985220204115
AT3G25610.1	3.83842376965068	3.39955159375656	14.1788893428784	5.57891039195457e-05	0.0144961344974949	0.270713994363641
AT3G25760.1.DE	2.71933533309871	4.56230286412507	10.7794740662331	0.000191347128879203	0.0206515038710689	0.252269759766582
AT3G26050.1.DE	-5.34247356770027	0.96710095359741	-7.45241752802272	0.000969189427942396	0.0457480885165266	0.716877918824517
AT3G26170.1	3.83934612829413	3.69761847567927	11.6825454289466	0.000133507157003	0.0186561961900815	0.328639520526162
AT3G26320.1	5.02114477091975	0.37737854187743	11.23164985254	0.000159248331400395	0.0194334483040979	0.447053178904455
AT3G26450.1.DE	1.89839110098806	5.76906638544693	8.77786268392212	0.000475269245146444	0.0315493207185655	0.216270311959337
AT3G26830.1.DE	4.25998886099401	0.915066128952968	9.16162667171928	0.000393710224125759	0.028953089069604	0.464981712706547
AT3G27060.1.DE	-3.59101080721473	4.77266959252095	-11.2736288333393	0.000156611985750874	0.0194334483040979	0.318531935040747
AT3G28790.1	-10.0707033305017	4.68209089711568	-26.1656226633966	3.41027387192761e-06	0.0140318754731911	0.384882999348216
AT3G28830.1	-9.05914740747779	5.57782890412374	-26.5149006215733	3.20903873388934e-06	0.0140318754731911	0.341662506557049
AT3G28930.1	2.1971082227177	4.52576562847426	8.75985720455645	0.000479573286742479	0.0316808667849759	0.250815529455763
AT3G29000.1	3.6900176474181	0.52418977186844	7.95294153413646	0.000731475860007746	0.0398340436898031	0.463981488054378
AT3G29035.1	4.14894567574089	0.904227916265297	8.86909292848992	0.000454164119587856	0.0309773991867887	0.46779819641007
AT3G29060.1	-6.24365931548689	-0.0770532104425019	-11.2855342892232	0.000155873939090534	0.0194334483040979	0.553244459276428
AT3G29070.1	-8.83204267716788	-1.82740121650326	-13.1114685760435	7.94521670147904e-05	0.0156258334054861	0.673612008139598
AT3G29410.1	-8.69770036043069	-1.89214927088556	-13.8325643917251	6.23905422715708e-05	0.014674147972373	0.628784375342131
AT3G30775.1	-2.75043823262587	5.84838933791546	-8.88087910059138	0.000451520731561344	0.0309518595959501	0.309703375248371
AT3G42660.1	-3.67088579002829	3.02107669229378	-9.93729388958022	0.000274824909821159	0.0242655275555038	0.369404973911199
AT3G42950.1	-2.35279552111594	4.72557363969669	-11.2156763020524	0.000160265581806327	0.0194334483040979	0.209777409560704
AT3G42960.1	-9.67688122400775	0.804100611195281	-19.0079547958699	1.47201024415134e-05	0.0140318754731911	0.509096392953879
AT3G43833.1	-6.06703622274182	-3.20737476699632	-8.87517304896752	0.000452798153586033	0.0309616341460846	0.683596386151323
AT3G43920.2.DE	-2.36115447671788	4.78196000989573	-8.21535027109022	0.00063506778974852	0.036747292729608	0.287407645298676
AT3G44860.1.DE	4.32481032761927	5.00280834002563	18.8482915120775	1.5297694930956e-05	0.0140318754731911	0.229453705384812
AT3G45260.1	4.59629981357215	3.17487627894123	15.8219571070844	3.39371585959384e-05	0.0140318754731911	0.290501344584869
AT3G45730.1	4.20002738054415	1.10035695985968	8.00380158260816	0.000711482539084005	0.0392149052804624	0.524754060579237
AT3G46900.1.DE	4.02517222155693	1.96739374634671	8.24058366744047	0.000626628420855865	0.036747292729608	0.488457175365001
AT3G47410.1	-6.70689196532031	-2.88791117500805	-10.0477369381849	0.000261665529251231	0.0239564450824206	0.667502742814833
AT3G47690.1	-4.15641400282247	2.0852170486931	-12.8956429385285	8.562572862504e-05	0.0163365507278109	0.322311498746935
AT3G48010.1	-4.15076738178095	-0.481123054043174	-8.63705644978348	0.000510215256969767	0.0330646148596346	0.480576618424788
AT3G48290.2	-3.93596375411565	2.64022107070966	-9.17766697012891	0.000390685686623212	0.0288863891277536	0.428863214031001
AT3G48425.1	-2.40615147717401	2.57951459724775	-8.61453117024834	0.000516089272332541	0.033208640606247	0.279313108237862
AT3G48580.1.DE	-3.23018136073842	0.227941784458552	-7.52737883657892	0.000928231662267696	0.0446811644519852	0.429124324797036
AT3G48720.1	4.68168018171253	3.57293460712709	14.7944124856058	4.60234280234992e-05	0.0144413625208405	0.316449212583978
AT3G48930.1	-2.50788990071278	7.17744904802578	-8.08669711554479	0.000680286851768582	0.0383845597167609	0.310125365755563
AT3G50120.1	-3.68322061640866	0.436538527243355	-7.4648971505284	0.00096222225555664	0.0457357313560136	0.493405406951648
AT3G50480.1	3.55981475076486	5.42633263506834	8.80478631786039	0.000468919971022229	0.0315111910576341	0.404304502375466
AT3G50740.1.DE	6.43463961294034	3.72461514180456	13.2817825148286	7.49581992787348e-05	0.0156258334054861	0.484471087051478
AT3G50890.1	-3.89538910574494	2.72015120110836	-13.9255032050327	6.0530058291935e-05	0.014611873128649	0.279730581250172
AT3G51000.1	-1.51937043443797	6.9282258036313	-7.55391430944213	0.000914233878672226	0.0445411480568113	0.201136837432589
AT3G51670.1.DE	-1.85639030047982	5.833528585813	-9.42059589260198	0.000348134797134217	0.0267462196145494	0.197056568569898
AT3G52590.1	-2.14832707294954	7.86275351464186	-8.22021732716072	0.000633429385195741	0.036747292729608	0.26134674880811
AT3G52630.1	-4.9484394157069	1.15770719839411	-13.0326752209731	8.16414389286405e-05	0.0159101669877864	0.379694831015471
AT3G52910.1	-4.50444726463566	1.99850835120988	-12.2744724345462	0.000106934465797108	0.017061362750541	0.366976852867257
AT3G52930.1.DE	-1.68717830692548	8.15734767495846	-7.61962671973302	0.000880647709261724	0.0436849299123411	0.221425322917209
AT3G53075.1	-8.7452696893802	-1.87024462971429	-13.1951493355955	7.72045006146065e-05	0.0156258334054861	0.662763979926226
AT3G53850.1	-2.0809120690228	3.54715161876137	-9.21351845446619	0.000384026350887559	0.028548749131513	0.225854224887789
AT3G54180.1	-6.04698104158324	1.29505001773105	-15.6636489763277	3.55227838881443e-05	0.0140318754731911	0.386051874037907
AT3G54820.1.DE	-3.25143640885591	4.57206697772568	-12.9095895976366	8.52096114943044e-05	0.0163365507278109	0.251862104853524
AT3G55005.1	-1.84407319596614	3.96683033473266	-8.37620478971992	0.000583516237387651	0.035456733863357	0.220156173620464
AT3G55880.2	4.23925643962056	3.33727086786538	11.364401905229	0.000151089633963899	0.0194334483040979	0.373029436566301
AT3G56220.1	-6.35997135125698	0.84719827585268	-12.1368255417221	0.000112494718275222	0.017273600112161	0.524022639148404
AT3G56400.1.DE	1.95024091042188	5.96992945086402	7.88543752388126	0.000759066998737462	0.0407819660590745	0.247321839088259
AT3G58000.1	-2.23493136568496	1.63766818727127	-7.23359927304283	0.0011017968999781	0.0496044964061096	0.30896532712474
AT3G58280.1	-7.02966906630337	-2.73142196632718	-9.92568645909421	0.000276253895929712	0.0243130162666139	0.708230014646754
AT3G58990.1	3.68610561559939	4.54104110157261	14.024726403954	5.86174755539015e-05	0.014611873128649	0.262829057011776
AT3G59210.1	2.42586462819617	4.3258481029068	10.2872100701924	0.000235655102862795	0.0226386555331185	0.235813657118289
AT3G59845.1	-7.86235145755789	-0.79420810778868	-9.95059821420665	0.000273197989839046	0.0242388374386812	0.79013857140093
AT3G61035.1	-6.33003762704993	-2.24927370924793	-8.93368146390302	0.000439903677470462	0.0303845367909535	0.708558689116771
AT3G61250.1	-5.07475297652747	1.71148485624991	-12.6072401926572	9.480930420973e-05	0.0167137859053103	0.402526873366237
AT3G61610.1	-3.44700833537516	2.40802542195945	-12.045787339508	0.000116365103067799	0.0175402713093853	0.286158823680176
AT3G61890.1	1.84579520136791	5.2243582161268	8.26395876654472	0.000618930829491745	0.0366296959241286	0.223354841609364
AT3G61920.1	-5.47141581304084	-2.70361339806739	-8.74444232859057	0.000483295463014591	0.0318496379647997	0.62570208681595
AT3G61950.1	-3.69630107333042	2.53998915946762	-8.03425942708365	0.000699824241255454	0.0389722539815633	0.460067428351904
AT3G62150.1	3.98473647664446	3.25198252387209	10.6895637425112	0.000198633073073621	0.0206515038710689	0.372768858732524
AT3G62170.1	-9.23771210652774	4.27599639814806	-25.2863293182071	3.98897260954724e-06	0.0140318754731911	0.365324361249865
AT3G62180.1	-7.7302443871513	0.793079198474912	-16.7375767148336	2.62796570419332e-05	0.0140318754731911	0.461849676261703
AT3G63480.1	-3.15024855010282	0.82046882872043	-7.89097457993221	0.000756757192045742	0.0407819660590745	0.399221733411019
AT4G00040.1	-1.58863118124029	6.00585513961637	-7.34420455082504	0.00103221654271352	0.0473310318232822	0.216310857118191
AT4G00480.2	-2.56321692855509	1.92708232276105	-8.4534535404476	0.000560557340319151	0.0344788486384374	0.303215356456477
AT4G02410.1.DE	3.94180170435239	4.22979498790641	15.4738067612465	3.75445115838784e-05	0.0140318754731911	0.254740269487174
AT4G03100.1	-5.06243021707201	1.94868120098128	-9.63733293391876	0.000314815306573115	0.0257649651201728	0.525293693990243
AT4G03410.2	2.07621751447635	4.51350629313136	8.34288966987232	0.000593766578594972	0.035840118503997	0.248860718124315
AT4G03965.1	-3.57351473906049	-0.836533616651785	-7.52862192949405	0.000927570188170519	0.0446811644519852	0.474657217818433
AT4G04315.1	-5.33354922032841	-3.57599050686022	-7.43321498482347	0.000980028718274264	0.0461002129666841	0.717529256347087
AT4G04490.1	3.41126017640703	3.10387805604939	12.4568084734793	0.000100072383312085	0.0168535483574297	0.273847043861166
AT4G04655.1	5.22991189916238	0.23393477250242	10.8844954311636	0.000183241669398617	0.0203226929520426	0.480491900817792
AT4G04930.1	-7.47128542561288	1.54251593815582	-18.209742122656	1.79015101861478e-05	0.0140318754731911	0.410290567284714
AT4G05520.1	-3.42905737007134	3.04732067295833	-9.94702166498263	0.000273634201924782	0.0242388374386812	0.344732070117325
AT4G08550.1	-7.38169249950811	-2.55048384225697	-11.314981871806	0.000154066420330686	0.0194334483040979	0.652382176404666
AT4G08850.1.DE	2.59208009632497	6.57154701564017	12.8001647178243	8.85415538172774e-05	0.0164507407813599	0.202503651590942
AT4G09644.1	-7.93058057015596	-2.28184441813188	-11.0402049010338	0.000171974583701402	0.0197494133203654	0.718336357091827
AT4G09900.1	2.14722445962236	4.05683770480791	9.52527638364683	0.000331536338452725	0.0265472396114337	0.225423848415439
AT4G10120.1.DE	3.07894869985876	7.88144205933231	10.3135855647297	0.000232985591369975	0.0226034134829129	0.298533296740963
AT4G10500.1	8.32606958391116	0.859111728747146	17.5612943607265	2.11177307190869e-05	0.0140318754731911	0.474114801157899
AT4G11320.1.DE	-6.27027734197826	4.61075240991479	-11.2180842901467	0.000160111730590921	0.0194334483040979	0.55894368234385
AT4G11760.1	-10.4816681467241	1.39946214182503	-14.047237514618	5.8193809599435e-05	0.014611873128649	0.746172913771591
AT4G12320.1	7.10980805267271	3.70534035014557	17.2115229965764	2.31437376341913e-05	0.0140318754731911	0.413084190985709
AT4G12480.1	4.93653001358189	-1.5958971472504	8.49522998405662	0.000548594855088996	0.0341719484735002	0.581094334449627
AT4G12940.1	-7.89626255874424	-1.47565616011158	-9.72059326790533	0.000303047955209044	0.0253621391471421	0.812323110443833
AT4G13210.2	-5.77543848692663	1.42277383849011	-14.6412046443313	4.82461314880984e-05	0.0144413625208405	0.394464706096622
AT4G13230.1	-10.672228256079	1.04855589326469	-20.5675485421538	1.02685820326909e-05	0.0140318754731911	0.51888674210278
AT4G13240.1	-9.11588547947841	-1.6830408017033	-14.5591614154522	4.94899063956035e-05	0.0144413625208405	0.626127097526602
AT4G13450.1	-6.83763093789551	-1.3039506856557	-9.0155057267204	0.000422605380830635	0.0300258922010475	0.758430103108909
AT4G13495.1	3.10038946998457	3.93928339056923	10.7056043047183	0.000197308942502498	0.0206515038710689	0.289604340094854
AT4G13510.1.DE	2.25267791764952	4.49543180809387	8.04243808991726	0.000696732969287319	0.0389722539815633	0.280098882013613
AT4G13550.1	2.02387487036051	5.20310961464381	10.0638436937309	0.000259810625179552	0.0239237241011147	0.201103567578383
AT4G13560.1	-8.41363332771292	2.97673337912092	-21.2556821069557	8.83426292869045e-06	0.0140318754731911	0.395829843774322
AT4G13770.1.DE	3.45649915311235	7.15732073301149	13.2755743257877	7.51165127532039e-05	0.0156258334054861	0.260365319668176
AT4G13830.2	3.14536689372791	5.50841758819154	10.3768670555289	0.000226728380759763	0.022470691256383	0.303113345954646
AT4G14080.1	-10.3195995199127	3.19989555279168	-22.0203035525271	7.51558346637806e-06	0.0140318754731911	0.468640202679149
AT4G14250.1	-5.71801021858587	-2.14276709033235	-8.02644116720501	0.000702794742474403	0.0389722539815633	0.712396702283063
AT4G14390.1	5.4903177204118	-0.310031659221718	11.1038916477235	0.000167608827105243	0.0195854263210015	0.494449864479488
AT4G14400.1.DE	6.08340241773865	7.53035074542948	21.3159292790265	8.72065287548428e-06	0.0140318754731911	0.285392315676537
AT4G15210.1.DE	-4.15732102149077	6.69797644486749	-9.40351116805789	0.000350938174896527	0.0267462196145494	0.442103055676955
AT4G15480.1	-4.82541226092108	1.91877997865813	-14.2678423843208	5.42323677301382e-05	0.0144413625208405	0.338201960110227
AT4G15500.1	5.2242087935092	0.0997411094387688	10.6291777544059	0.000203715244762895	0.0209734453693059	0.491496982571741
AT4G16260.1.DE	7.43172613570299	0.285917528550368	12.4915784341954	9.88250867211194e-05	0.016746862366536	0.594938916234861
AT4G16370.1	2.0068566743479	6.78128097933244	9.6747647566157	0.000309457937771423	0.025584669443084	0.207432090064577
AT4G16807.1	-4.69197010414694	-0.574912097713244	-9.73905374561718	0.00030051129367203	0.0252483470954915	0.481768581086067
AT4G17210.1	-5.83908765291815	-0.752764993107164	-11.2011952438095	0.000161194588135953	0.0194596103898815	0.521291480580627
AT4G17370.1	3.62902763124913	3.19068903295195	13.3826018812535	7.24429642255952e-05	0.0156258334054861	0.271175042301206
AT4G17390.1	-2.42031431526655	7.00926115755394	-11.2283323891404	0.000159458954476186	0.0194334483040979	0.215554209778059
AT4G18180.1	-5.58820244038986	-3.45253685369448	-7.57753971684971	0.000901984276976545	0.0444202834453991	0.737469237932692
AT4G19370.1.DE	4.04159044796354	1.49148666622707	11.2325486182158	0.000159191327463381	0.0194334483040979	0.359810634730689
AT4G20160.1.DE	-7.24096237852177	-0.889622266434469	-7.73616818961145	0.000824657140204765	0.0421331849367165	0.935988231001147
AT4G20320.1	-4.46223713663993	6.1162189411178	-7.35363941152173	0.00102652914455548	0.0472091167467002	0.606806628245664
AT4G21320.1.DE	-2.6536673224386	1.34820641103405	-7.81223266155798	0.000790416958987673	0.0410883678682248	0.339681040926575
AT4G22690.1.DE	4.25338191843673	5.93284135315127	18.0685472029703	1.85481051727923e-05	0.0140318754731911	0.235402540705514
AT4G22850.1	-1.71734100262773	3.52202525357502	-7.52688444199914	0.000928494896926742	0.0446811644519852	0.228160936422135
AT4G22890.1	1.63313229197925	8.4953974545028	7.26912259379485	0.00107885206614068	0.0487323194048281	0.224667044874624
AT4G22960.1	-5.39185876750165	2.00870688316641	-8.29583261112182	0.000608617258583678	0.0361762628887549	0.649947873860551
AT4G23200.1	5.57864947329221	-0.368650995217768	10.9847190852277	0.000175890752808858	0.0199156545484192	0.507855451742448
AT4G23250.1	1.71544491505798	4.69343755905074	8.28084122467156	0.000613442092539397	0.0363837839364182	0.207158290868693
AT4G23300.1	3.89717547276803	3.57509647202256	14.5092361322266	5.02658193586225e-05	0.0144413625208405	0.268599631107524
AT4G23810.1.DE	2.68180164289706	3.27223307751777	8.9873055795547	0.000428472844710809	0.0300917190656871	0.298398849261109
AT4G24130.1	-4.89664203803765	3.83195444936989	-18.7185914841417	1.5787253643626e-05	0.0140318754731911	0.261592440979658
AT4G24170.1	-4.91621721643377	-0.791803992283623	-9.67642267033872	0.000309223208879842	0.025584669443084	0.508061437984052
AT4G24265.1	-4.35463354727796	-1.32394790434471	-8.36381929017507	0.000587301897440056	0.0355285092413682	0.520651319235618
AT4G24350.1	2.68926821005479	4.99690031158264	12.8977375815335	8.55630752795136e-05	0.0163365507278109	0.208506972099136
AT4G24510.1	-1.7544671002085	5.9966220898792	-8.19387637817589	0.000642357809027051	0.0370516873228014	0.214119303151981
AT4G25850.1	-5.70729200663974	2.99153033720762	-16.5245969131433	2.78558139487471e-05	0.0140318754731911	0.34538161727263
AT4G26330.1	-6.27125177903329	-3.10832424641663	-8.8316860000396	0.000462678230189433	0.0312885331823238	0.710085455824082
AT4G26760.1.DE	-3.73105149901513	4.43936895525496	-13.7816911428182	6.34383026795311e-05	0.0147930530940654	0.270725229607212
AT4G26850.1.DE	1.88827387871478	9.42721072248093	7.54106224352042	0.000920981569468287	0.0446811644519852	0.250398924944196
AT4G26950.1	2.21723325073202	2.03405475030345	7.3598201992431	0.00102282373190407	0.0472091167467002	0.301261877424675
AT4G27310.1.DE	1.62624723887313	6.19190196662525	7.85994948477222	0.000769809497504796	0.0407819660590745	0.206903014074557
AT4G27420.1	-9.47780616238581	0.00649949807012407	-11.5175419786062	0.000142297309011689	0.0190850028151214	0.822901811861489
AT4G27595.1	-1.56722705685298	5.00809962929753	-7.89360595631711	0.000755662467676612	0.0407819660590745	0.198543867723566
AT4G27820.1	2.20555834196407	5.13250442180002	10.4402934557704	0.000220659569280222	0.0222149632054328	0.211254439476033
AT4G28050.1	-2.71448724063501	3.89916558270839	-7.38192265905802	0.00100970402987153	0.0468887022349209	0.367720899555103
AT4G28395.1	-11.16293397684	1.90693343194882	-21.3652850402784	8.62890166287927e-06	0.0140318754731911	0.522479992932242
AT4G28397.1	-10.4369463916032	-0.205536560156532	-16.7979197579202	2.58529131149267e-05	0.0140318754731911	0.621323743773824
AT4G28900.1	-2.00123265483373	2.36471306217246	-7.55417526924915	0.000914097484414022	0.0445411480568113	0.264917424272663
AT4G29110.1	4.21091846163032	3.25145487305454	13.3374438300683	7.35567101333818e-05	0.0156258334054861	0.315721551691721
AT4G29700.1.DE	-4.96222989892978	4.18110616770173	-11.103722687219	0.000167620230809431	0.0195854263210015	0.446897859277554
AT4G29730.1	-1.74793893798867	3.70333057517108	-7.45902463023079	0.000965493263851261	0.0457480885165266	0.234338807637721
AT4G29905.1	2.17664075623728	3.98460681593129	8.33439368881273	0.000596415239198682	0.0359200395820489	0.261163659590377
AT4G29980.1	-10.4202321196153	-1.03092420475299	-16.6496709797852	2.69167327566564e-05	0.0140318754731911	0.62585213439153
AT4G30090.1	-2.92575636491413	1.42728546746616	-8.65470060942114	0.000505670344501962	0.0330102377758773	0.338054023697743
AT4G30130.1	-4.20594453142129	3.32622241248312	-8.59349537806357	0.00052164863792251	0.0333305381462292	0.489433501315159
AT4G30140.1	-7.35175202544193	0.701084275418383	-15.0341990610311	4.27885365786575e-05	0.0144413625208405	0.489001907956494
AT4G31390.1	1.62086586640107	6.17136955925414	7.40215417719614	0.00099787179450124	0.0466180413859201	0.218972183988613
AT4G31500.1	2.68026705407887	7.088002559445	12.7971326097746	8.86361065447315e-05	0.0164507407813599	0.20944278189566
AT4G31700.1	-2.89722612200427	7.45712830022918	-7.65877180630589	0.000861345205125334	0.0431857353147096	0.378288607530886
AT4G32280.1.DE	5.90768585069457	1.26834380983896	14.9870793709229	4.3401875998592e-05	0.0144413625208405	0.394185264819263
AT4G32300.1	1.63214509159782	4.43682596697349	7.7738484182883	0.000807477143913292	0.0414885102022342	0.209953295173357
AT4G32500.1	-9.6486592165316	-0.597636729492191	-15.1861752940795	4.08806948896852e-05	0.0142993333163498	0.635358082577465
AT4G32780.1	-3.98531978612668	-0.914155655686835	-7.6259300551653	0.000877504651038218	0.043608304907606	0.522601145997568
AT4G33010.1.DE	2.81930870362048	11.0129719415012	7.34123662623858	0.00103401345083301	0.047333874125968	0.384037301500933
AT4G34510.1	-7.78902487915894	1.33370682497941	-12.5318272475194	9.74046827307969e-05	0.0167137859053103	0.621539439166839
AT4G34950.1.DE	3.57730628520989	4.66560669222473	15.2506618210393	4.0102430467745e-05	0.0142993333163498	0.234567281550678
AT4G35090.1.DE	2.84243958973398	9.85221107382118	8.30944547593532	0.000604275643597227	0.0359966209263388	0.342073318606622
AT4G35610.1	-7.6366843400799	-1.59506890304364	-10.4424058412671	0.000220460852738074	0.0222149632054328	0.731314646850887
AT4G35733.1	-5.97866691934549	-3.25265457027286	-8.63872214494156	0.00050978409548381	0.0330646148596346	0.692077696103043
AT4G37750.1	-5.14593461006807	3.37042903089384	-18.0267820550115	1.87447778410186e-05	0.0140318754731911	0.28546052170401
AT4G38660.1.DE	-5.00026659233706	3.89588181288485	-7.41400129171774	0.000991020456333169	0.0463773775474063	0.674435624650203
AT4G38860.1	2.32103438648013	5.06012830909682	9.03447591150535	0.000418712852247048	0.0298270045635933	0.256908580997411
AT4G39480.1	-8.16612337109294	2.50745627702126	-16.2111104343001	3.03900769422109e-05	0.0140318754731911	0.503736212530805
AT4G39630.1	-4.61839477433633	0.712597648422497	-11.8434349350021	0.000125561455101961	0.0181253607383428	0.38995399558342
AT5G01220.1.DE	1.98472318824455	5.73074307080794	9.8394818641086	0.000287152235729573	0.0248710299917776	0.20171013226664
AT5G01630.1	-3.46901889214736	2.28163959198541	-7.77652649134258	0.000806272567594523	0.0414885102022342	0.446088481278799
AT5G01740.1.Hnull	-2.34666463908662	-0.121299557604075	-7.55658355793187	0.000912839913002696	0.0445411480568113	0.310545714355718
AT5G02450.1	-2.71163754880011	6.37415631698034	-10.9931670457404	0.000175287588176709	0.0199156545484192	0.246665727675885
AT5G02540.1	-2.79245136642221	3.9378329124314	-8.82893061767971	0.000463312956993689	0.0312885331823238	0.316284212363204
AT5G02610.2	-1.94192511360815	5.78911931332754	-7.78165473913666	0.000803971949951785	0.0414645873545076	0.249551692886286
AT5G04180.1	-6.4946708886954	2.26667829026238	-16.7998973960999	2.5839070249594e-05	0.0140318754731911	0.386589913948113
AT5G04620.2	-3.05346604845343	3.19873024912742	-11.8104431614638	0.000127143091721197	0.0182570787969969	0.258539498197371
AT5G05190.1	2.52954724643512	2.37821162206416	7.63140240512555	0.00087478688487479	0.043608304907606	0.331465582883715
AT5G06070.1	-5.85785952705628	-3.31304753495189	-8.42118432458308	0.000570013138546932	0.0347912046062102	0.695609940511104
AT5G06300.1	2.8598117181484	1.89457514279227	7.84169659121382	0.000777615121067164	0.040956898355358	0.364692982555926
AT5G06590.1	-3.19157584256384	0.822638049409599	-8.31451187783341	0.000602669326230776	0.0359794906511034	0.383856068697505
AT5G07230.1	-12.3587567901146	-0.0614321210601558	-19.4222824207109	1.33403648713962e-05	0.0140318754731911	0.636318457450496
AT5G07440.1	-1.84979721061476	5.32072195819197	-8.98012711357467	0.000429982095095853	0.0300917190656871	0.205987864895424
AT5G07520.1	-8.12811337601989	1.68071054539503	-16.025339410137	3.20241689881925e-05	0.0140318754731911	0.507203820649089
AT5G07571.1	-5.26583871929402	-1.65088856823588	-8.22708130291773	0.000631127399095742	0.036747292729608	0.640061587506919
AT5G07810.1	-2.83747814791923	2.28792057164845	-7.81169419351574	0.000790653268732106	0.0410883678682248	0.363234668130575
AT5G08480.2	-4.19400483775829	1.05225031394946	-11.0984040228338	0.000167979685485993	0.0195854263210015	0.377892607723558
AT5G08640.1	-4.73762115440026	5.95524577621327	-14.2676786744927	5.42351840151093e-05	0.0144413625208405	0.33205269493979
AT5G09780.1	-8.19654294444472	-2.14401039321942	-12.5423765311106	9.70364912436152e-05	0.0167137859053103	0.653507963511832
AT5G09970.1	-4.60992779660081	0.721420482400353	-8.37165900433947	0.000584902243380936	0.0354619731248046	0.550658811379112
AT5G10180.1.DE	2.57308415272017	5.84040525479199	7.95594344181983	0.000730277167899745	0.0398340436898031	0.323416596854491
AT5G10200.1.DE	-2.48444050767443	4.06807246850388	-11.3670646495915	0.000150931230647596	0.0194334483040979	0.218564826035692
AT5G10240.1	-1.68835783003203	4.39507093214668	-8.00526039887546	0.000710918844550173	0.0392149052804624	0.210906047512109
AT5G10660.2	-5.04463156905802	0.785669437695416	-11.3429753437382	0.000152371624240303	0.0194334483040979	0.444736183953962
AT5G10920.1	-1.61040036400229	4.93851230058494	-7.67395734152782	0.000853994431693497	0.0431857353147096	0.20985266041128
AT5G11670.1.DE	2.40780651165538	7.76176536198274	10.4085980013109	0.000223667392252059	0.0222712316161055	0.231328610380777
AT5G13060.1	-4.72328711740171	1.14591636892283	-10.5711613223881	0.000208746840525286	0.0213304870788441	0.446808725489651
AT5G13380.1	-10.3490474204454	1.49376739956081	-18.4914631152131	1.66912409136016e-05	0.0140318754731911	0.559666228462534
AT5G13670.1	-9.23693827488162	-1.62258531253009	-14.7634839169972	4.64619574829227e-05	0.0144413625208405	0.625661146570364
AT5G13840.1	-4.5915025763556	3.0513594064868	-12.3766668101631	0.000103020690844902	0.0169320090862739	0.370980543209364
AT5G14000.1	-4.39749929387949	0.812914050227022	-11.1777487194726	0.000162712615694478	0.0195239563309477	0.393415472493012
AT5G14180.1	-5.19114518572856	0.655378655950621	-10.3390480819326	0.000230443090852667	0.0225346912105136	0.502091212323507
AT5G14380.1	-7.1208722628197	2.81757503148573	-15.5212044635568	3.70269476297778e-05	0.0140318754731911	0.458783484203127
AT5G14780.1.DE	2.33354068139305	7.30093488763809	7.21241214681804	0.00111576096656346	0.0499857248780804	0.323545109997985
AT5G14800.1	-1.44669587686579	5.63505182145709	-7.29824960227184	0.00106046587257233	0.0479812444467509	0.198225047882091
AT5G15150.1	-4.23619999406419	0.871251282545951	-9.78644790456284	0.000294115374985981	0.0251608327417706	0.432863898666348
AT5G15200.1	-2.47279304540616	8.24997618088079	-9.73721466668884	0.000300762848881529	0.0252483470954915	0.253952811974622
AT5G15480.1	-5.59768765965127	-1.87996265436334	-8.76350116662135	0.000478698450043312	0.0316808667849759	0.638750147141177
AT5G15850.1	1.61087045886561	4.61020635596928	7.52041273665148	0.000931948971613678	0.0446812277958018	0.214199740795459
AT5G17165.1	-4.2801977231015	0.96971863653115	-9.77899447211567	0.000295110251105793	0.0251608327417706	0.437693030229875
AT5G17340.1.DE	-10.8175715325803	-0.832076737350342	-17.5831056509426	2.09986744081177e-05	0.0140318754731911	0.615225304751577
AT5G18470.1.DE	2.62235789231325	2.78617207525793	9.54498361988765	0.000328519300265678	0.0264708283698862	0.274736761920616
AT5G20230.1.DE	-2.66867574979523	4.99723604334916	-9.07580955561875	0.000410380297683592	0.0295419674451225	0.294042722408501
AT5G20790.1.DE	-2.76808151295439	0.711174079538226	-7.3363412613782	0.00103698553290258	0.047390412553067	0.377310898489253
AT5G21080.1	-10.3716029329442	-1.05508697521613	-16.782496816841	2.59611784189705e-05	0.0140318754731911	0.618001185767331
AT5G22090.1	1.82928942369947	6.9816438737917	7.62618910541251	0.000877375768594648	0.043608304907606	0.239869402451766
AT5G22110.1	-2.86551796064937	1.6399874426825	-8.93770541311231	0.000439033241818977	0.0303845367909535	0.320610025526846
AT5G22420.1	-7.31443560470502	-2.58535644952284	-10.9661609178299	0.000177224603101229	0.0199705661957583	0.667000571988001
AT5G22440.1	-2.64662359693793	5.86473490119248	-9.65041871322035	0.000312929783463409	0.0257649651201728	0.274249612953296
AT5G22740.1	-2.86400728098721	6.34544237286146	-10.9572316251774	0.000177870746822904	0.0199705661957583	0.261380554775014
AT5G23010.1.DE	5.4339818128426	5.55155509140797	16.7093762274849	2.64820195799344e-05	0.0140318754731911	0.325205545608838
AT5G23060.1	1.75288576150674	8.37088667287832	7.6567643094254	0.000862322647498833	0.0431857353147096	0.228932965763221
AT5G23190.1	-6.45675514037724	-0.306473699731895	-11.253598089055	0.000157863305474145	0.0194334483040979	0.573750287621958
AT5G23820.1	-2.11388123330602	2.68547607703812	-7.49205344077263	0.000947268251184683	0.0452615055990748	0.282149780432962
AT5G23900.1	-2.22137366801472	6.0643967814427	-9.96100435547303	0.000271933580540059	0.0242388374386812	0.223006996959518
AT5G24160.1	3.58661922809336	2.45506058665657	9.9862157678913	0.000268899441393244	0.0241339660724306	0.359156993145033
AT5G25040.2	1.64790827374201	5.26657018354759	8.22270431804661	0.000632594151281718	0.036747292729608	0.200409525869159
AT5G25340.1	-5.56892476949795	0.291241628578953	-8.64968883636666	0.000506956332811369	0.0330102377758773	0.643829492002536
AT5G25550.1	-9.61099066560675	-1.43537148736888	-15.5245109461136	3.6991166196539e-05	0.0140318754731911	0.619084923123633
AT5G25580.1	-3.61760195281781	2.10660881016633	-11.5598043473003	0.000139980776734928	0.0190850028151214	0.312946642013252
AT5G25930.1	3.28397823953048	2.46019864568547	10.1916687995978	0.000245639763777544	0.0231895836510129	0.322221836688815
AT5G26700.1	-5.78452595397877	2.48409781657904	-15.8569798179359	3.35980530922774e-05	0.0140318754731911	0.364793675743717
AT5G26920.1	5.93696849801335	2.43120031723571	13.4023238051033	7.19629749957596e-05	0.0156258334054861	0.44298052967148
AT5G27850.1.DE	-2.39594060700582	7.7382880426306	-7.84255464453917	0.000777246057999998	0.040956898355358	0.305505121175551
AT5G28020.1	1.92890121504726	5.66015163671112	9.50208886559666	0.000335129143039832	0.0265794430510341	0.202997597931446
AT5G28210.1	-5.66692196777522	-3.41026175082139	-7.81832772007909	0.000787748024433125	0.0410883678682248	0.724825329746844
AT5G35450.1	2.43553474089273	4.00215478548342	10.0584390867562	0.000260431259686657	0.0239237241011147	0.242138439163942
AT5G35670.1	-2.87647019517893	3.9519291994511	-12.402357419704	0.000102064245921996	0.0169320090862739	0.231929309714054
AT5G35917.1	-6.10901098578485	-2.35682590831295	-8.63185038220548	0.000511565673361097	0.0330735693514474	0.707729016987893
AT5G36110.1	-5.80849135319589	-2.09402310176106	-7.47250030712528	0.00095800704289079	0.0456945911734081	0.777315639272345
AT5G36260.1	-6.95428524811382	0.706542016010105	-14.522337051225	5.00607924338054e-05	0.0144413625208405	0.47886818929927
AT5G37170.1	-6.87812581534177	-2.80179979214585	-10.4199909853234	0.000222580551749255	0.0222712316161055	0.660089420905415
AT5G37810.1	-9.21148896291753	-0.830258889340609	-10.7001564303545	0.000197757457850815	0.0206515038710689	0.860874233276264
AT5G38760.1	-9.85155400454958	2.12905399798738	-19.8475732678323	1.20840529504529e-05	0.0140318754731911	0.496360631680668
AT5G38970.1	-2.90177706331668	0.758762484093667	-7.66291975793668	0.000859329801486894	0.0431857353147096	0.378677730549277
AT5G39670.1.DE	4.20584228777879	1.80720389970465	12.4964477799492	9.8651916648665e-05	0.016746862366536	0.336563026696848
AT5G41120.1	-2.15773777074057	3.40271284013531	-7.20106508562996	0.0011233269991858	0.0499962977467965	0.299641475959777
AT5G41390.1	-3.82558567360823	-0.900189320564962	-7.38050441645884	0.0010105397835331	0.0468887022349209	0.51833661464615
AT5G41740.2	3.14306434466877	4.16366556476147	13.1057122523042	7.96096779446016e-05	0.0156258334054861	0.239824000722751
AT5G41780.1	-5.25394417406136	0.727760694760614	-12.3173542723666	0.000105270650774246	0.0169946696158209	0.426548109105569
AT5G42020.1	-1.81123496672716	7.79080333103632	-8.4610060046868	0.000558371623781361	0.0344788486384374	0.214068512151376
AT5G42930.1	-5.75793105324327	-2.53617048127449	-8.45364413224288	0.000560502055523252	0.0344788486384374	0.681118221109173
AT5G43080.1	-3.61136992229399	1.295528009511	-10.1188942409156	0.000253589671091504	0.0237755566886237	0.356893731302327
AT5G43090.1	-5.32383069416587	-3.57933010257398	-7.52186942128354	0.000931170165411409	0.0446812277958018	0.707780259931368
AT5G43250.1	-5.22576355104442	-1.09648251878629	-9.37687254770548	0.000355363806971379	0.0269316409600004	0.557303463863669
AT5G44110.1	-2.61727157788633	3.45099984270284	-7.25228344903191	0.00108965633786604	0.0491389981256186	0.360889311108724
AT5G44290.1	1.54837223068818	5.91765276828762	7.86158523980435	0.000769114601007133	0.0407819660590745	0.196954199879249
AT5G44568.1.DE	4.59008199309205	1.26870433364653	10.7247396962946	0.000195743273874287	0.0206515038710689	0.427990060651814
AT5G44630.1.DE	-10.1459522965069	1.57426670264547	-16.1919224811375	3.05540969635783e-05	0.0140318754731911	0.62660578497249
AT5G46260.1	3.74676587156465	3.25840269287232	12.4245938892987	0.00010124506871468	0.0169320090862739	0.301560429656516
AT5G46290.3.DE	-1.74173944784631	6.69331906498145	-7.97112558082097	0.000724250881133102	0.0396781863252097	0.218506085519095
AT5G46700.1	-3.96006526297454	3.62333349199789	-8.92850477610678	0.000441026530343329	0.0303851687559521	0.443530620442956
AT5G46970.1.DE	-8.2156348830946	-2.13759856214993	-11.7564260040675	0.000129785110670324	0.0184423290334294	0.69882078790375
AT5G47220.1.DE	3.70519113955315	3.34266574758784	14.2824252240744	5.39822104273457e-05	0.0144413625208405	0.259423107870201
AT5G50370.1	-2.51425761526364	4.10307846114234	-10.6039574563666	0.000205884299561502	0.0211170727253251	0.23710559247426
AT5G51910.1	-3.07360867520834	1.91221984842996	-9.6462051798008	0.000313535416676159	0.0257649651201728	0.318633972418966
AT5G52220.1	-5.41209218433255	-1.64502542691582	-7.64922434336447	0.000866005762289477	0.0432733245650986	0.707534769721771
AT5G52920.1	-1.71233713118009	7.38151318677248	-8.17695797553941	0.000648172390081723	0.0372296575128414	0.209410044212332
AT5G53510.1	-7.30196054742686	0.1613936361174	-12.6105092837602	9.46987036194848e-05	0.0167137859053103	0.579037720294952
AT5G54720.1	4.26770001673356	1.77279724023728	10.2989753488293	0.000234459774059464	0.0226034134829129	0.414381030363246
AT5G55400.1.DE	-2.22436726570077	4.29468851528384	-9.44605860165856	0.000344006706027056	0.0267462196145494	0.235480993661231
AT5G57123.1	-8.51419194838516	0.973175034487833	-16.2315504704991	3.0216527901163e-05	0.0140318754731911	0.52454581981307
AT5G57240.1	-6.70070802003048	1.23936030966027	-8.53332028212903	0.000537955110145583	0.0338180397928616	0.785240422073866
AT5G57290.1	-2.24663439018392	6.66338344291926	-7.73666811772893	0.000824426340073224	0.0421331849367165	0.290387846033573
AT5G57390.1	-2.91103061890037	1.56717249060951	-8.56506435556642	0.000529277611257439	0.0336603288296893	0.339872591501136
AT5G57420.1	-7.2203521234525	-2.640865721143	-9.69065414897675	0.00030721712454653	0.0255542829542773	0.745084079201703
AT5G57630.1	3.43846812995502	3.71054012722688	11.4987282505163	0.00014334346249604	0.0190850028151214	0.299030297528826
AT5G57810.1	-8.25932573722683	0.101928280688944	-15.7152405454527	3.49963526078853e-05	0.0140318754731911	0.525561521844901
AT5G58700.1	-2.78474873249365	3.06466728647363	-7.45434977060613	0.000968106730333197	0.0457480885165266	0.373573660773797
AT5G58770.1.DE	3.12386098553966	4.60279405837122	11.0357992078729	0.000172281654152658	0.0197494133203654	0.283066131115461
AT5G59230.1	-5.82223125943405	-2.53977644759411	-9.50895410811032	0.000334060525539248	0.0265719338725578	0.612289342575352
AT5G59970.1	-3.45212727252582	4.75602389021211	-16.1568658811305	3.08565468454477e-05	0.0140318754731911	0.213663175638386
AT5G60250.1	-4.26213546803183	1.00485094851436	-9.69268440421313	0.000306932220541722	0.0255542829542773	0.439727044674972
AT5G60660.1	-4.11033094561294	2.22091486555969	-7.8242451603379	0.000785167234014438	0.0410883678682248	0.525332586260044
AT5G60670.1	-2.98348611185627	4.98337436610443	-10.1106226361495	0.000254512812736847	0.0237803872256828	0.295084310751459
AT5G61110.1	-7.50237593565127	-2.49364936644742	-10.8720542884187	0.000184179879662544	0.0203440471936566	0.690060565981816
AT5G61160.1.DE	6.76046015517589	-2.01666460769789	7.38296576311128	0.00100908987100125	0.0468887022349209	0.915683530452529
AT5G61440.1	-5.41984681786642	2.1700522063413	-14.2587559747491	5.43889490000073e-05	0.0144413625208405	0.380106569427547
AT5G61690.1	-8.09462583055384	-1.36557056578349	-11.6699995816358	0.000134151976432892	0.0186561961900815	0.693626916944517
AT5G61940.1	-2.72712618748755	2.05392228771925	-9.00306251091642	0.000425182350194525	0.0300917190656871	0.302910946600764
AT5G61980.1	-4.57197460334852	1.59984839276484	-11.8830543210555	0.000123693451532485	0.0180466761398972	0.384747429391739
AT5G62360.1	-4.10262190939342	2.57722200164057	-13.2818564763465	7.49563156435406e-05	0.0156258334054861	0.30888919155991
AT5G62570.2	1.42710462138927	5.24088800351792	7.20151628104927	0.0011230249755213	0.0499962977467965	0.198167242243787
AT5G64080.1	-6.61841081902628	3.5904494192709	-17.5532191674018	2.11620167017213e-05	0.0140318754731911	0.377048264247585
AT5G64240.2	1.94326569505486	4.63755605200112	9.13428818128304	0.000398930531213808	0.0292528258920726	0.212744075563193
AT5G64770.1.DE	5.09971850745976	4.27050437088489	17.9248665527043	1.92354296560016e-05	0.0140318754731911	0.284505242617295
AT5G64790.1	-8.02567057081658	0.807031273166567	-12.7996626218333	8.85572026445377e-05	0.0164507407813599	0.627022040184608
AT5G65280.1	-2.72092494649237	3.96793613869116	-10.8178234942242	0.000188338028978724	0.0206515038710689	0.2515224017054
AT5G65350.1.DE	-4.22859462336509	0.487467854886741	-10.2021782290188	0.000244516758809032	0.0231637178145375	0.414479587441179
AT5G66170.2.DE	-3.00722670681287	3.27536796430543	-9.86569986455391	0.00028378354310532	0.0246575363265683	0.304816358504622
AT5G67260.1.DE	-2.79007254123273	5.36972497924166	-12.7209089341072	9.1053754002495e-05	0.0165614638030005	0.219329652911202
AT5G67270.1	-6.01742060729277	1.84209622025259	-16.3282428442864	2.94116670514895e-05	0.0140318754731911	0.368528363074806
