baseMean	log2FoldChange	lfcSE	stat	pvalue	padj	dispersion
AT1G12940.1	591.851568668659	1.48472327198049	0.32889017191396	4.51434368908081	6.3513146118935e-06	0.0158274760128386	0.651478390610744
AT1G35140.1	150.347731383107	-1.68578944081017	0.321613560021972	-5.24166157886813	1.59137038190813e-07	0.00118970849751452	0.0664588339497433
AT3G15310.1	497.665706669304	-1.49864520491819	0.31677722591268	-4.73091208056508	2.23513315186784e-06	0.00668394217734559	0.0722073633866087
AT3G41768.1	40094.0803706399	1.11231024490815	0.260998310810041	4.26175265830632	2.02829864605086e-05	0.0379089016946905	0.0180424516693213
AT3G45970.1	231.958726077954	-1.40390558418894	0.320108607314538	-4.38571644782254	1.15604636664186e-05	0.0246931503914701	0.300495592109479
AT4G37610.1	554.170693319681	-1.51786397115017	0.300748077783913	-5.04696150457444	4.48891751418604e-07	0.00223727648907032	0.166570900077578
AT5G06570.1	231.873592100604	1.57280472793199	0.326834996686856	4.81222862874416	1.4925646534006e-06	0.00557920667441145	0.320142040918579
AT5G15500.2	876.116613770173	1.3056992313338	0.311878620738079	4.18656215755921	2.83211400721554e-05	0.0470508540398741	0.0850787816539339
AT5G57560.1	981.152975960952	-1.55165491992938	0.290194317904088	-5.34695141909091	8.94480119910649e-08	0.00118970849751452	0.127186398390651
